Sample - Blank	600	595	590	585	580	575	570	565	560	555	550	545	540	535	530	525	520	515	510	505	500	495	490	485	480	475	470	465	460	455	450	445	440	435	430	425	420	415	410	405	400	395	390	385	380	375	370	365	360	355	350	345	340	335	330	325	320	315	310	305	300	295	290	285	280	275	270	265	260	255	250	245	240
nm																																																																									
213.328	0	0	0	0	0	0	0	0	0	0	0	0	0	0	0	0	0	0	0	0	0	0	0	0	0	0	0	0	0	0	0	0	0	0	0	0	0	0	0	0	0	0	0	0	0	0	0	0	0	0	0	0	0	0	0	0	0	0	0	0	0	0	0	0	0	0	0	0	0	0	0	0	0
216.504	0	0	0	0	0	0	0	0	0	0	0	0	0	0	0	0	0	0	0	0	0	0	0	0	0	0	0	0	0	0	0	0	0	0	0	0	0	0	0	0	0	0	0	0	0	0	0	0	0	0	0	0	0	0	0	0	0	0	0	0	0	0	0	0	0	0	0	0	0	0	0	0	0
219.682	0	0	0	0	0	0	0	0	0	0	0	0	0	0	0	0	0	0	0	0	0	0	0	0	0	0	0	0	0	0	0	0	0	0	0	0	0	0	0	0	0	0	0	0	0	0	0	0	0	0	0	0	0	0	0	0	0	0	0	0	0	0	0	0	0	0	0	0	0	0	0	0	0
222.862	0	0	0	0	0	0	0	0	0	0	0	0	0	0	0	0	0	0	0	0	0	0	0	0	0	0	0	0	0	0	0	0	0	0	0	0	0	0	0	0	0	0	0	0	0	0	0	0	0	0	0	0	0	0	0	0	0	0	0	0	0	0	0	0	0	0	0	0	0	0	0	0	0
226.045	0	0	0	0	0	0	0	0	0	0	0	0	0	0	0	0	0	0	0	0	0	0	0	0	0	0	0	0	0	0	0	0	0	0	0	0	0	0	0	0	0	0	0	0	0	0	0	0	0	0	0	0	0	0	0	0	0	0	0	0	0	0	0	0	0	0	0	0	0	0	0	0	0
229.23	0	0	0	0	0	0	0	0	0	0	0	0	0	0	0	0	0	0	0	0	0	0	0	0	0	0	0	0	0	0	0	0	0	0	0	0	0	0	0	0	0	0	0	0	0	0	0	0	0	0	0	0	0	0	0	0	0	0	0	0	0	0	0	0	0	0	0	0	0	0	0	0	0
232.417	0	0	0	0	0	0	0	0	0	0	0	0	0	0	0	0	0	0	0	0	0	0	0	0	0	0	0	0	0	0	0	0	0	0	0	0	0	0	0	0	0	0	0	0	0	0	0	0	0	0	0	0	0	0	0	0	0	0	0	0	0	0	0	0	0	0	0	0	0	0	0	0	0
235.607	0	0	0	0	0	0	0	0	0	0	0	0	0	0	0	0	0	0	0	0	0	0	0	0	0	0	0	0	0	0	0	0	0	0	0	0	0	0	0	0	0	0	0	0	0	0	0	0	0	0	0	0	0	0	0	0	0	0	0	0	0	0	0	0	0	0	0	0	0	0	0	0	0
238.799	0	0	0	0	0	0	0	0	0	0	0	0	0	0	0	0	0	0	0	0	0	0	0	0	0	0	0	0	0	0	0	0	0	0	0	0	0	0	0	0	0	0	0	0	0	0	0	0	0	0	0	0	0	0	0	0	0	0	0	0	0	0	0	0	0	0	0	0	0	0	0	0	0
241.993	0	0	0	0	0	0	0	0	0	0	0	0	0	0	0	0	0	0	0	0	0	0	0	0	0	0	0	0	0	0	0	0	0	0	0	0	0	0	0	0	0	0	0	0	0	0	0	0	0	0	0	0	0	0	0	0	0	0	0	0	0	0	0	0	0	0	0	0	0	0	0	0	0
245.19	0	0	0	0	0	0	0	0	0	0	0	0	0	0	0	0	0	0	0	0	0	0	0	0	0	0	0	0	0	0	0	0	0	0	0	0	0	0	0	0	0	0	0	0	0	0	0	0	0	0	0	0	0	0	0	0	0	0	0	0	0	0	0	0	0	0	0	0	0	0	0	0	0
248.388	0	0	0	0	0	0	0	0	0	0	0	0	0	0	0	0	0	0	0	0	0	0	0	0	0	0	0	0	0	0	0	0	0	0	0	0	0	0	0	0	0	0	0	0	0	0	0	0	0	0	0	0	0	0	0	0	0	0	0	0	0	0	0	0	0	0	0	0	0	0	0	0	0
251.589	0	0	0	0	0	0	0	0	0	0	0	0	0	0	0	0	0	0	0	0	0	0	0	0	0	0	0	0	0	0	0	0	0	0	0	0	0	0	0	0	0	0	0	0	0	0	0	0	0	0	0	0	0	0	0	0	0	0	0	0	0	0	0	0	0	0	0	0	0	0	0	0	-85131.7440225703
254.793	0	0	0	0	0	0	0	0	0	0	0	0	0	0	0	0	0	0	0	0	0	0	0	0	0	0	0	0	0	0	0	0	0	0	0	0	0	0	0	0	0	0	0	0	0	0	0	0	0	0	0	0	0	0	0	0	0	0	0	0	0	0	0	0	0	0	0	0	0	0	0	0	-7324.09321072988
257.998	0	0	0	0	0	0	0	0	0	0	0	0	0	0	0	0	0	0	0	0	0	0	0	0	0	0	0	0	0	0	0	0	0	0	0	0	0	0	0	0	0	0	0	0	0	0	0	0	0	0	0	0	0	0	0	0	0	0	0	0	0	0	0	0	0	0	0	0	0	0	0	-38633.4940819605	-25680.6715385042
261.205	0	0	0	0	0	0	0	0	0	0	0	0	0	0	0	0	0	0	0	0	0	0	0	0	0	0	0	0	0	0	0	0	0	0	0	0	0	0	0	0	0	0	0	0	0	0	0	0	0	0	0	0	0	0	0	0	0	0	0	0	0	0	0	0	0	0	0	0	0	0	-104295.782077329	-1755.40141347575	-42937.6541094756
264.415	0	0	0	0	0	0	0	0	0	0	0	0	0	0	0	0	0	0	0	0	0	0	0	0	0	0	0	0	0	0	0	0	0	0	0	0	0	0	0	0	0	0	0	0	0	0	0	0	0	0	0	0	0	0	0	0	0	0	0	0	0	0	0	0	0	0	0	0	0	0	-12955.4679247314	-14693.0760981586	-116846.665359079
267.627	0	0	0	0	0	0	0	0	0	0	0	0	0	0	0	0	0	0	0	0	0	0	0	0	0	0	0	0	0	0	0	0	0	0	0	0	0	0	0	0	0	0	0	0	0	0	0	0	0	0	0	0	0	0	0	0	0	0	0	0	0	0	0	0	0	0	0	0	0	-37821.4453978197	-5472.68408167959	-32438.732351326	-113813.644238445
270.841	0	0	0	0	0	0	0	0	0	0	0	0	0	0	0	0	0	0	0	0	0	0	0	0	0	0	0	0	0	0	0	0	0	0	0	0	0	0	0	0	0	0	0	0	0	0	0	0	0	0	0	0	0	0	0	0	0	0	0	0	0	0	0	0	0	0	0	0	-86382.514054109	-4102.87774964124	-6426.22118432525	-69772.9452416555	-53761.4607378858
274.057	0	0	0	0	0	0	0	0	0	0	0	0	0	0	0	0	0	0	0	0	0	0	0	0	0	0	0	0	0	0	0	0	0	0	0	0	0	0	0	0	0	0	0	0	0	0	0	0	0	0	0	0	0	0	0	0	0	0	0	0	0	0	0	0	0	0	0	0	-9570.57280775044	-5314.22463709593	-23632.4555911475	-77617.6070966547	-20645.0552366324
277.275	0	0	0	0	0	0	0	0	0	0	0	0	0	0	0	0	0	0	0	0	0	0	0	0	0	0	0	0	0	0	0	0	0	0	0	0	0	0	0	0	0	0	0	0	0	0	0	0	0	0	0	0	0	0	0	0	0	0	0	0	0	0	0	0	0	0	0	-26145.4544436273	-1956.15242075195	-2904.34962196562	-42546.5466476247	-36406.8854782651	10374.344121832
280.496	0	0	0	0	0	0	0	0	0	0	0	0	0	0	0	0	0	0	0	0	0	0	0	0	0	0	0	0	0	0	0	0	0	0	0	0	0	0	0	0	0	0	0	0	0	0	0	0	0	0	0	0	0	0	0	0	0	0	0	0	0	0	0	0	0	0	-49396.5908948731	-3705.35169790074	-2870.33626664207	-17804.5264639381	-52614.9685001714	-11584.0808943486	-8712.62876347744
283.718	0	0	0	0	0	0	0	0	0	0	0	0	0	0	0	0	0	0	0	0	0	0	0	0	0	0	0	0	0	0	0	0	0	0	0	0	0	0	0	0	0	0	0	0	0	0	0	0	0	0	0	0	0	0	0	0	0	0	0	0	0	0	0	0	0	0	-7025.34178064328	-1773.37580783131	-3329.83479629501	-34770.276894888	-25316.5073502934	767.765554918596	878.153891914177
286.942	0	0	0	0	0	0	0	0	0	0	0	0	0	0	0	0	0	0	0	0	0	0	0	0	0	0	0	0	0	0	0	0	0	0	0	0	0	0	0	0	0	0	0	0	0	0	0	0	0	0	0	0	0	0	0	0	0	0	0	0	0	0	0	0	0	-14487.8082697457	-2036.50477024867	-3134.15463093819	-12536.8723573611	-33520.065223686	-9400.58796164859	-984.040923592854	-6336.37821274314
290.169	0	0	0	0	0	0	0	0	0	0	0	0	0	0	0	0	0	0	0	0	0	0	0	0	0	0	0	0	0	0	0	0	0	0	0	0	0	0	0	0	0	0	0	0	0	0	0	0	0	0	0	0	0	0	0	0	0	0	0	0	0	0	0	0	-21688.8067558791	-1062.26072432481	-394.336010446391	-1550.89267769485	-23509.407347611	-16988.9139349167	501.241578564504	-574.602876550748	2564.57087116624
293.397	0	0	0	0	0	0	0	0	0	0	0	0	0	0	0	0	0	0	0	0	0	0	0	0	0	0	0	0	0	0	0	0	0	0	0	0	0	0	0	0	0	0	0	0	0	0	0	0	0	0	0	0	0	0	0	0	0	0	0	0	0	0	0	0	-3669.09656378202	-741.083165272212	-1002.20073375797	-8728.5642252888	-23452.8528087837	-6047.49893860375	-2700.65715086566	-2397.34105440724	-5245.24149829187
296.628	0	0	0	0	0	0	0	0	0	0	0	0	0	0	0	0	0	0	0	0	0	0	0	0	0	0	0	0	0	0	0	0	0	0	0	0	0	0	0	0	0	0	0	0	0	0	0	0	0	0	0	0	0	0	0	0	0	0	0	0	0	0	0	-7135.56151755197	-95.7725162852783	-233.042633374296	-1385.76063510105	-16919.5221376401	-11934.4516957912	-518.988993289189	779.800490733432	-1663.90145495628	-1670.48590081098
299.86	0	0	0	0	0	0	0	0	0	0	0	0	0	0	0	0	0	0	0	0	0	0	0	0	0	0	0	0	0	0	0	0	0	0	0	0	0	0	0	0	0	0	0	0	0	0	0	0	0	0	0	0	0	0	0	0	0	0	0	0	0	0	0	-824.275087834329	-152.378809995594	-240.662263608517	-5976.84458506158	-16648.9746577592	-2038.93736756565	1213.65446572004	92.8408845968269	1299.76201884526	2116.21857669887
303.095	0	0	0	0	0	0	0	0	0	0	0	0	0	0	0	0	0	0	0	0	0	0	0	0	0	0	0	0	0	0	0	0	0	0	0	0	0	0	0	0	0	0	0	0	0	0	0	0	0	0	0	0	0	0	0	0	0	0	0	0	0	0	-2385.69905740448	85.3201090888947	-50.1337756920236	-827.213192240857	-11291.0795006659	-8214.20195514275	464.544769101077	-624.728898530933	-2113.09088780926	-2087.31917516214	-5334.0436700457
306.331	0	0	0	0	0	0	0	0	0	0	0	0	0	0	0	0	0	0	0	0	0	0	0	0	0	0	0	0	0	0	0	0	0	0	0	0	0	0	0	0	0	0	0	0	0	0	0	0	0	0	0	0	0	0	0	0	0	0	0	0	0	-4578.51031427348	-95.6745098234246	0.413127924878821	741.006666608974	-4114.02963751066	-9293.92375438667	0.293296584027329	1665.88551540964	2484.1826938914	1771.94838132491	2127.10700308505	3571.14659067073
309.569	0	0	0	0	0	0	0	0	0	0	0	0	0	0	0	0	0	0	0	0	0	0	0	0	0	0	0	0	0	0	0	0	0	0	0	0	0	0	0	0	0	0	0	0	0	0	0	0	0	0	0	0	0	0	0	0	0	0	0	0	0	-741.173024400561	-36.6835117868233	271.861339978516	-361.415666866805	-7132.02895466646	-4165.0947900062	370.984705802961	812.35566565316	1181.288155739	649.759075277037	2530.63688917454	1111.24666726828
312.81	0	0	0	0	0	0	0	0	0	0	0	0	0	0	0	0	0	0	0	0	0	0	0	0	0	0	0	0	0	0	0	0	0	0	0	0	0	0	0	0	0	0	0	0	0	0	0	0	0	0	0	0	0	0	0	0	0	0	0	0	-1457.99834114589	-30.6726921664476	38.5894685273459	218.771602807581	-2957.55432375146	-6396.63968152185	-148.672444333138	1254.56077363583	582.933389750819	1848.92249480609	947.332048936623	-1756.27914900525	997.299220035576
316.052	0	0	0	0	0	0	0	0	0	0	0	0	0	0	0	0	0	0	0	0	0	0	0	0	0	0	0	0	0	0	0	0	0	0	0	0	0	0	0	0	0	0	0	0	0	0	0	0	0	0	0	0	0	0	0	0	0	0	0	-1353.93485522423	-140.332280097051	133.568761567625	258.477476399214	-152.038280376525	-5123.06917483376	-2096.96054627588	1133.60912478207	1222.65350969829	1438.16489280353	1774.72056070425	1153.97361401224	2861.15868418735	3698.58381778525
319.296	0	0	0	0	0	0	0	0	0	0	0	0	0	0	0	0	0	0	0	0	0	0	0	0	0	0	0	0	0	0	0	0	0	0	0	0	0	0	0	0	0	0	0	0	0	0	0	0	0	0	0	0	0	0	0	0	0	0	0	-257.295062397177	37.569319045159	333.63228331255	209.825697339512	-2326.86596807321	-4099.23325053642	301.549190984287	907.121176886112	1374.61468271538	634.536061830431	560.352400005126	-1354.83458161183	-1562.0670932776	-1117.05082539343
322.542	0	0	0	0	0	0	0	0	0	0	0	0	0	0	0	0	0	0	0	0	0	0	0	0	0	0	0	0	0	0	0	0	0	0	0	0	0	0	0	0	0	0	0	0	0	0	0	0	0	0	0	0	0	0	0	0	0	0	-600.503380071014	181.375440961634	343.800989469096	358.410535040898	34.4223564228138	-3390.8282959399	-905.24779084063	1387.39014034583	1620.63720417129	1663.19635325821	1308.45863698873	1840.42986693614	2408.20813566907	3251.88543440796	4499.36566401263
325.79	0	0	0	0	0	0	0	0	0	0	0	0	0	0	0	0	0	0	0	0	0	0	0	0	0	0	0	0	0	0	0	0	0	0	0	0	0	0	0	0	0	0	0	0	0	0	0	0	0	0	0	0	0	0	0	0	0	-261.980888014604	89.6545297529623	201.23962405284	372.43231805501	498.291248098889	-1340.93512299385	-2246.84401300158	1402.92983512265	1710.99826903548	1747.85309789369	1521.7440242178	1690.47687241995	2563.07756892234	1714.66983868244	4770.34226592681	2590.75459379027
329.039	0	0	0	0	0	0	0	0	0	0	0	0	0	0	0	0	0	0	0	0	0	0	0	0	0	0	0	0	0	0	0	0	0	0	0	0	0	0	0	0	0	0	0	0	0	0	0	0	0	0	0	0	0	0	0	0	0	-98.7058951144701	178.60408588551	228.110618246295	408.767763455379	193.148855059924	-2373.63070873779	-252.433837119974	1192.20471141466	1086.22499024194	1818.80197576307	1471.48093416249	1023.70632811711	1990.54261748156	2121.28424445372	2729.55250621404	83.1443020592573
332.291	0	0	0	0	0	0	0	0	0	0	0	0	0	0	0	0	0	0	0	0	0	0	0	0	0	0	0	0	0	0	0	0	0	0	0	0	0	0	0	0	0	0	0	0	0	0	0	0	0	0	0	0	0	0	0	0	188.671727352839	-24.109598919768	132.594617154993	402.0801061278	407.286432522364	-872.328912563666	-1549.95157418135	908.079511199013	1408.75391473999	1756.03169815305	1077.14183588749	990.696929006874	1166.06786873123	548.202582712322	-1230.17950997329	-257.228195960112	327.016315702891
335.544	0	0	0	0	0	0	0	0	0	0	0	0	0	0	0	0	0	0	0	0	0	0	0	0	0	0	0	0	0	0	0	0	0	0	0	0	0	0	0	0	0	0	0	0	0	0	0	0	0	0	0	0	0	0	0	809.642182141459	80.6859779387905	308.431368638758	374.747528196918	588.4217669134	386.296544855226	-1425.45336895375	155.181790434325	1387.7030365575	1527.53831827757	1720.45417867099	2008.27984167552	2177.88997465937	1589.38219227254	1726.33478205747	2843.66730941413	1276.18048329959	2661.87891270118
338.799	0	0	0	0	0	0	0	0	0	0	0	0	0	0	0	0	0	0	0	0	0	0	0	0	0	0	0	0	0	0	0	0	0	0	0	0	0	0	0	0	0	0	0	0	0	0	0	0	0	0	0	0	0	0	0	186.56528661812	326.571744640285	319.315770140325	637.077288792016	710.726090798695	-414.698380522369	-732.955132128329	1290.78382439183	1805.08083060829	2011.31802887978	2224.82467143712	1795.6860375585	2185.93391929971	2756.87563963635	2366.65572201664	3135.39188798334	4211.0099214244	5265.26835994897
342.056	0	0	0	0	0	0	0	0	0	0	0	0	0	0	0	0	0	0	0	0	0	0	0	0	0	0	0	0	0	0	0	0	0	0	0	0	0	0	0	0	0	0	0	0	0	0	0	0	0	0	0	0	0	0	581.308816509616	142.775819445015	254.070843999774	601.631902090539	681.97168065803	382.917811403351	-791.84811043681	474.598765842043	1437.45257215078	1603.9690845635	1701.41809589345	1581.8055984387	1624.6658538242	1961.85134031411	2309.95678471421	1982.78926816907	2468.91527393507	1306.11655325582	-213.211205342053
345.315	0	0	0	0	0	0	0	0	0	0	0	0	0	0	0	0	0	0	0	0	0	0	0	0	0	0	0	0	0	0	0	0	0	0	0	0	0	0	0	0	0	0	0	0	0	0	0	0	0	0	0	0	0	1771.4119186463	243.281281473218	390.366128981292	534.4095110214	653.724857713428	862.306974807436	-11.5438361187829	-68.2470359857565	1517.09787988625	1676.91095956471	1959.90825624257	1894.75687693725	1909.60907955834	1994.12769100128	2296.41029636965	2141.29786001016	2772.3923263064	2921.90983472758	3590.49096280965	1021.33123793805
348.575	0	0	0	0	0	0	0	0	0	0	0	0	0	0	0	0	0	0	0	0	0	0	0	0	0	0	0	0	0	0	0	0	0	0	0	0	0	0	0	0	0	0	0	0	0	0	0	0	0	0	0	0	0	517.981594069855	385.259649076215	448.012679351435	637.109562805941	873.361380220257	605.86527314085	-93.5334687507835	916.508131650726	1751.54583248358	1893.62066708211	2046.89791213027	2342.92756884471	2107.49979015646	2576.79657786121	2062.81236562313	2273.25252578819	1487.26161605097	1313.03811586808	1907.71835787063	4871.0018660009
351.838	0	0	0	0	0	0	0	0	0	0	0	0	0	0	0	0	0	0	0	0	0	0	0	0	0	0	0	0	0	0	0	0	0	0	0	0	0	0	0	0	0	0	0	0	0	0	0	0	0	0	0	0	1120.92703105447	343.432456899642	523.685318203228	627.562773126381	888.504907126804	956.744242162114	376.929949463466	410.048730017825	1742.11459486897	1945.72367661333	2099.3480809572	2141.42719523004	2049.71063673224	2166.30288104307	2065.46181094147	2352.76405289869	2778.16043849476	2802.01300409609	2837.42417700539	1147.30882015901	425.994774036979
355.101	0	0	0	0	0	0	0	0	0	0	0	0	0	0	0	0	0	0	0	0	0	0	0	0	0	0	0	0	0	0	0	0	0	0	0	0	0	0	0	0	0	0	0	0	0	0	0	0	0	0	0	2347.82763532429	367.347504207394	565.603501705061	715.833383621442	891.381743446455	1101.8947589396	980.772615071608	377.921538799743	1498.73629931983	2034.6449514919	2254.28886317342	2443.65804157375	2465.22496618155	2400.87344061937	2620.93998966523	2590.20512906455	2539.1821211112	2661.59107517487	3196.66907371874	2799.91186017838	4978.57958131343	4397.98916876694
358.367	0	0	0	0	0	0	0	0	0	0	0	0	0	0	0	0	0	0	0	0	0	0	0	0	0	0	0	0	0	0	0	0	0	0	0	0	0	0	0	0	0	0	0	0	0	0	0	0	0	0	0	699.943456147858	481.01196886788	652.860510670835	908.281971791652	1148.15583675682	1306.25163765671	779.985767822531	1047.4708637438	2076.6509048684	2262.28785813835	2335.4642524743	2386.85604208499	2461.08854716637	2541.76733031875	2388.43752775478	2282.70685585802	2820.63132613114	2540.66316139132	3167.75577381205	3115.07310939729	3074.48398163336	1239.32630331193
361.634	0	0	0	0	0	0	0	0	0	0	0	0	0	0	0	0	0	0	0	0	0	0	0	0	0	0	0	0	0	0	0	0	0	0	0	0	0	0	0	0	0	0	0	0	0	0	0	0	0	0	1868.64258786382	482.939812427261	700.935516355457	982.343472358932	1221.43778082362	1414.2852079266	1405.48220311392	1058.25400360485	1882.3183038969	2501.01590516216	2666.33466948455	2609.08011134961	2604.42265742776	2956.02147518891	2672.14751735493	2817.60221728765	3060.70795342327	3454.71835723678	2919.48170178675	2573.0116720273	4156.42194359112	5959.65395856857	5070.78003817572
364.903	0	0	0	0	0	0	0	0	0	0	0	0	0	0	0	0	0	0	0	0	0	0	0	0	0	0	0	0	0	0	0	0	0	0	0	0	0	0	0	0	0	0	0	0	0	0	0	0	0	0	510.611338193225	588.486586456158	858.494637194787	1198.26111008933	1475.57672526724	1653.74114665249	1358.65645869154	1669.04983574254	2323.5031115657	2728.51346629601	2970.91586659801	3018.17899054887	2918.89051815639	2817.02589306674	2866.56741764397	3073.80000465792	3074.17548595422	3332.02617743012	3699.18457654898	4098.54026795025	5136.69343397304	4575.65802296248	4857.99270410572
368.174	0	0	0	0	0	0	0	0	0	0	0	0	0	0	0	0	0	0	0	0	0	0	0	0	0	0	0	0	0	0	0	0	0	0	0	0	0	0	0	0	0	0	0	0	0	0	0	0	0	984.514517315395	557.870502608259	813.210453784612	1176.39549742804	1472.29179507342	1800.45457295444	1849.19702163642	1765.84345385578	2446.43783492765	3008.31751872035	2992.0264320674	3179.07435625901	3337.01443795404	3198.82310562941	3348.31288976802	3322.38965348484	3419.17769912445	3584.7279248473	3684.67771308015	4363.89995884094	4916.51450714119	5541.75967853398	6478.51285446722	7007.65091693892
371.446	0	0	0	0	0	0	0	0	0	0	0	0	0	0	0	0	0	0	0	0	0	0	0	0	0	0	0	0	0	0	0	0	0	0	0	0	0	0	0	0	0	0	0	0	0	0	0	0	2313.97241692041	447.164724998569	683.075403792674	994.490375963364	1324.93603695875	1727.78587944114	1981.19147596051	1840.66795466505	2266.34280510442	2974.67138733893	3141.15146065883	3442.24114070566	3610.16430384943	3546.26597206533	3503.3696392853	3466.13603653538	3437.57835539941	3302.1989813172	3397.4017567158	3355.31394066187	3970.56813993225	4490.3064808788	4015.89363830758	4052.68208287659	4859.71858620497
374.719	0	0	0	0	0	0	0	0	0	0	0	0	0	0	0	0	0	0	0	0	0	0	0	0	0	0	0	0	0	0	0	0	0	0	0	0	0	0	0	0	0	0	0	0	0	0	0	0	568.965872575653	623.427027871021	951.012936543595	1335.18289977191	1733.41451548492	2177.99897323386	2399.22825513486	2396.03685840726	3098.26114136359	3543.09468906784	3781.61654064761	3931.15413093732	4069.08897675216	4187.46688422984	4007.1341119624	4090.60850691807	3827.24977087294	3854.39235287421	4331.87020768794	5365.20062878208	5249.97997500364	5539.69798958149	6022.63857131054	7271.96333433757	6875.0657242743
377.995	0	0	0	0	0	0	0	0	0	0	0	0	0	0	0	0	0	0	0	0	0	0	0	0	0	0	0	0	0	0	0	0	0	0	0	0	0	0	0	0	0	0	0	0	0	0	0	1807.93409641172	543.863611253348	857.944193889625	1242.63995791694	1632.59525466347	2055.56645352659	2544.86848658531	2562.77774158719	2936.27990706584	3693.85435235165	3957.25679457326	4166.25301909136	4539.24604559537	4582.11206776749	4446.66073074116	4368.58287703099	4195.2442447679	4448.99389448497	4415.38551156599	4738.1588466175	5028.75140007867	5315.24413761071	5743.28625469724	6484.23285115181	7907.87084522847	8744.19196183071
381.272	0	0	0	0	0	0	0	0	0	0	0	0	0	0	0	0	0	0	0	0	0	0	0	0	0	0	0	0	0	0	0	0	0	0	0	0	0	0	0	0	0	0	0	0	0	0	3474.157954419	472.449608146562	746.562908039984	1049.90286696658	1542.55039889616	1979.93729167977	2506.57556414782	2752.80532408277	2990.6931461637	3701.70017087687	4119.68939716517	4510.17721048022	4762.40983068555	4994.30380520017	5030.52110324833	4947.28651156277	4958.23898349066	4802.44704546474	4691.55778941379	4540.63076364161	5255.64906449608	5573.7560894507	6334.13491466882	7734.22529437251	8918.71569104514	8866.25620812009	8444.79684578756
384.55	0	0	0	0	0	0	0	0	0	0	0	0	0	0	0	0	0	0	0	0	0	0	0	0	0	0	0	0	0	0	0	0	0	0	0	0	0	0	0	0	0	0	0	0	0	0	673.600484057498	581.606416271986	936.783348836185	1366.35089067692	1800.57041416723	2341.95490241632	2838.72948717105	3064.93760207989	3544.0654267844	4161.39484599597	4624.0503548074	4893.53185494789	5171.24989453668	5259.01443238518	5358.41643633463	5330.35944853381	5244.57570249015	5023.5753344565	5057.24985740661	5191.87812424132	5222.05873902271	6052.17154955763	6869.58957803937	7406.95968906598	8218.78174005397	9504.36799918034	10179.8152820348
387.83	0	0	0	0	0	0	0	0	0	0	0	0	0	0	0	0	0	0	0	0	0	0	0	0	0	0	0	0	0	0	0	0	0	0	0	0	0	0	0	0	0	0	0	0	0	1367.26449743468	495.336093691048	834.137435242493	1200.0037017887	1693.55920040191	2235.85907091826	2760.26217648772	3148.31687590694	3468.13615233502	4287.10522404756	4748.26837300333	5196.26825542653	5542.92953167174	5645.42941674566	5884.40825301014	5964.79920599976	5923.18002349969	5666.83246405752	5608.32127006157	5453.02546096014	5420.39176501232	5497.08947214195	6679.86335143131	7011.23488423928	8170.48536691292	8873.45246139541	8720.81173862064	8037.97757867669
391.112	0	0	0	0	0	0	0	0	0	0	0	0	0	0	0	0	0	0	0	0	0	0	0	0	0	0	0	0	0	0	0	0	0	0	0	0	0	0	0	0	0	0	0	0	2519.05479808394	481.009598572761	670.921299522421	1037.86207045605	1468.43865389829	2016.132394277	2614.12892632758	3156.83495345602	3506.12746627097	4096.98828137452	4827.61563250509	5257.97006119148	5667.29660495188	5784.38222670517	6247.29881811053	6371.81371451397	6443.51269799468	6266.5216179867	5960.34748537106	5780.0898002499	5668.42759043091	6124.17293152714	6405.66914388064	7043.02136759448	8126.34900648734	7964.36800796339	8896.53788129207	8980.80081441325	11643.4051820026
394.395	0	0	0	0	0	0	0	0	0	0	0	0	0	0	0	0	0	0	0	0	0	0	0	0	0	0	0	0	0	0	0	0	0	0	0	0	0	0	0	0	0	0	0	0	670.788322441154	573.455154419908	917.579085926854	1298.9554490468	1828.14706138172	2372.23241359168	3033.3229644242	3495.34741910947	3957.59892692114	4735.36927872797	5352.2568744516	5767.27848732791	6184.9125424355	6454.50538365131	6710.57072740133	6998.08968178546	6967.17479771747	6750.08608191346	6561.03591044446	6248.73210838527	6246.70792952608	6536.01089653459	6862.16578824108	7855.11242862633	8522.11246807032	9503.99564764105	10909.0582934314	10980.0430393155	12636.238762635
397.679	0	0	0	0	0	0	0	0	0	0	0	0	0	0	0	0	0	0	0	0	0	0	0	0	0	0	0	0	0	0	0	0	0	0	0	0	0	0	0	0	0	0	0	1230.2481792745	498.54625913856	702.23095737451	1080.31087769852	1539.32100209901	2161.87137564943	2817.16890176453	3353.06910546913	3825.19588714705	4580.25792558774	5256.98954104912	5765.39905019079	6298.37967749735	6640.11943998215	6913.20874393263	7195.53195560007	7236.88180269836	7407.04943133001	7160.55650908691	6783.89480298078	6649.07189448336	6679.77133108969	6652.96385916892	7118.45290149685	8174.71219600367	9132.96396615939	9945.51815739137	10753.1106906456	12313.711502115	9819.51563062578
400.965	0	0	0	0	0	0	0	0	0	0	0	0	0	0	0	0	0	0	0	0	0	0	0	0	0	0	0	0	0	0	0	0	0	0	0	0	0	0	0	0	0	0	1798.67721539622	452.56271036922	622.176617906306	952.090331529923	1372.08477571306	1882.71362032606	2490.73207974027	3184.04833842479	3776.21801383995	4260.03051629464	5128.68210197631	5761.52093926792	6262.40866786286	6747.09233497876	7195.9343472768	7513.45727317105	7711.23652865554	7875.08071946593	7822.1914063902	7558.94667969844	7286.79558943213	7096.8865161033	6854.95980408382	7254.74728553077	7622.0944230814	8449.6466913848	9306.35545075975	10213.5099974333	12394.1286246809	13537.2479958105	14549.808085742
404.253	0	0	0	0	0	0	0	0	0	0	0	0	0	0	0	0	0	0	0	0	0	0	0	0	0	0	0	0	0	0	0	0	0	0	0	0	0	0	0	0	0	0	559.421456095083	593.807264090868	826.488335237949	1175.88727027622	1605.60452368171	2167.84962306087	2937.88348484427	3612.21279398327	4138.8188710867	4832.11023365937	5663.80165178293	6269.48139578204	6833.56077150902	7338.73172346945	7706.03522778381	8012.03443104797	8323.14867075725	8344.43915729764	8344.70325881286	8060.16994280141	7561.92617004233	7559.30568178517	7305.72816874753	7609.50271242405	8362.40823151072	9335.60691086594	10589.1728385029	11683.5994561336	12622.648805898	13697.9120968919	15314.5051541824
407.542	0	0	0	0	0	0	0	0	0	0	0	0	0	0	0	0	0	0	0	0	0	0	0	0	0	0	0	0	0	0	0	0	0	0	0	0	0	0	0	0	0	1170.61172323626	462.649348393469	747.374905846743	1031.54866199841	1407.20038364896	1926.472628183	2512.39441646584	3299.78136268713	4002.43936792969	4621.55462581612	5391.18727103063	6249.68427327315	6780.26828403125	7325.26098380634	7860.22642624467	8200.72771274426	8436.7486216742	8684.53383431957	8782.4671278931	8730.35695840085	8399.02983915177	7893.98107838521	7747.99960924239	7705.93167846625	8181.79895743489	8793.87698087693	9884.00070784125	10851.6877432461	11858.9632564288	13488.8930752064	13994.7986016274	16266.3543656261
410.832	0	0	0	0	0	0	0	0	0	0	0	0	0	0	0	0	0	0	0	0	0	0	0	0	0	0	0	0	0	0	0	0	0	0	0	0	0	0	0	0	2313.3626101084	456.099026045129	615.986129816421	871.987176592564	1242.6429110209	1639.57405085126	2209.33272492123	2853.0118786542	3672.79776790268	4314.9136977038	5138.36920174438	5845.18141689161	6599.24156074942	7210.61417385829	7686.69322630029	8222.5961736398	8581.18955466571	9020.0854859333	9124.32559557083	9213.11956996808	9053.83458575955	8570.09720781611	8323.25076171423	8018.33881777117	7999.88736298174	8295.26999653962	8956.13211354725	10183.6789669241	11312.8814277391	13142.829256102	14017.4415018802	15065.4735260167	16236.948369423
414.124	0	0	0	0	0	0	0	0	0	0	0	0	0	0	0	0	0	0	0	0	0	0	0	0	0	0	0	0	0	0	0	0	0	0	0	0	0	0	0	0	603.627799318926	505.796344715928	748.499243175229	1060.63650528416	1453.94448299429	1900.44932618444	2477.96649908653	3170.80408511244	4008.48221083913	4745.63886324491	5550.57289364476	6336.84616359682	7101.20299854362	7747.66506719127	8230.17074302013	8575.77350522495	8941.04348234451	9156.80344343104	9353.84124123396	9412.83515304927	9205.04636967657	8959.91165833152	8538.37003225066	8254.83320212102	8185.68225462159	8609.15523070286	9464.38851977104	10836.7784003769	11808.690735295	12442.4818576238	14773.5400763571	16160.9988228268	17956.6635264262
417.417	0	0	0	0	0	0	0	0	0	0	0	0	0	0	0	0	0	0	0	0	0	0	0	0	0	0	0	0	0	0	0	0	0	0	0	0	0	0	0	1205.7240962238	417.26400652317	643.323038843756	906.331335819561	1232.01534237365	1676.64999480587	2178.62793602468	2795.62302939962	3589.77569219835	4324.81053740811	5198.77609446708	5889.2975650246	6690.12352474187	7443.00760998932	8088.54994871916	8591.96211405144	9006.73024276315	9406.2070940446	9660.09135628582	9714.97030453192	9738.14324691756	9410.18179228982	8997.84681679054	8615.45427500819	8476.29960893032	8406.69199269746	8783.5163750324	9771.4478256459	11104.7109185191	12159.7981791887	13997.9724894031	14819.4692403863	16750.6323986231	17542.163262885
420.711	0	0	0	0	0	0	0	0	0	0	0	0	0	0	0	0	0	0	0	0	0	0	0	0	0	0	0	0	0	0	0	0	0	0	0	0	0	0	2282.24981197989	383.686684967911	523.842624022951	790.082504314081	1083.65835114403	1482.44192179956	1907.02192727461	2472.39085863092	3075.98808649326	3792.47405873195	4672.90201785654	5597.62033081647	6378.83415982679	7122.80388482263	7779.07990708737	8421.24117040553	8940.85784623129	9322.4014118537	9666.3142370911	9941.63850785226	10054.6190337544	9924.4115648115	9682.21594548622	9152.18792679874	8846.59045360072	8745.91285004012	8686.27439002039	9004.92537244365	10023.6639593888	11483.9198423506	12710.0512027045	14534.5511085828	16089.2852197667	15591.4593826565	18033.584086057
424.007	0	0	0	0	0	0	0	0	0	0	0	0	0	0	0	0	0	0	0	0	0	0	0	0	0	0	0	0	0	0	0	0	0	0	0	0	0	0	612.240191003302	420.422017131623	640.213592492273	887.911364972999	1251.83146288721	1703.58658711975	2164.86348633903	2716.64553671278	3396.43005893133	4076.82578195467	5046.36382710643	5965.28510937195	6726.18372695898	7381.32761008337	8120.43675506099	8806.05445656458	9208.72708943098	9777.29315187849	10083.8247565268	10162.9352555923	10217.5762145311	10122.5084864431	9784.46577446372	9387.79848309952	8956.86665033062	8771.15208834709	8838.04758837449	9249.66414847652	10315.76956803	11459.9195768104	13419.6862798318	14440.8080125356	16454.8586414896	16389.5614765591	18300.5139584318
427.304	0	0	0	0	0	0	0	0	0	0	0	0	0	0	0	0	0	0	0	0	0	0	0	0	0	0	0	0	0	0	0	0	0	0	0	0	0	1102.6864653489	349.932499343318	509.853892933583	803.967356164655	1104.29421307446	1469.31179506488	1844.20636505963	2419.69420056779	2961.04574178907	3619.12617476791	4396.09296627334	5398.24615541309	6351.68728331476	7043.10456127524	7679.19903518172	8422.33303357779	9124.12050524784	9663.99665951855	9987.80060441662	10230.9565339076	10437.7455542651	10452.3825653606	10271.7007817381	10059.9733283598	9439.45856127377	9068.30140234141	8937.31613813041	8827.41360246161	9681.45198697109	10282.8220420204	11919.6748129555	13193.9253845418	14809.4955602903	15891.3831479743	16220.0098786506	15477.2354765147
430.602	0	0	0	0	0	0	0	0	0	0	0	0	0	0	0	0	0	0	0	0	0	0	0	0	0	0	0	0	0	0	0	0	0	0	0	0	2016.17893192917	343.313173557429	487.123805347371	676.140124485639	937.260914959645	1265.52485673281	1657.69534735227	2131.82844611994	2657.65511534376	3273.53080211397	3898.13975119039	4756.11816764693	5732.93771700496	6611.89234246868	7334.37636947102	8136.78620317051	8803.50986298396	9399.74211174016	9941.36754047896	10296.2559031363	10540.2146415716	10626.0329737952	10637.9218595443	10379.024168414	10084.6829877466	9684.40576368798	9229.88163082666	9198.2355943534	9066.24925351728	9697.02563301146	10891.9946386267	12405.3943237071	14027.6594768899	16144.6103800305	16902.5027298254	17910.1415582922	20628.8006178892
433.902	0	0	0	0	0	0	0	0	0	0	0	0	0	0	0	0	0	0	0	0	0	0	0	0	0	0	0	0	0	0	0	0	0	0	0	0	529.835907822406	368.013604614546	556.517879942371	746.818848816782	1086.73367236479	1447.74535791063	1862.24357219827	2353.47713309943	2844.19397399836	3464.78235124246	4160.30077738886	5099.5800392546	6037.96645666531	6945.17264672155	7681.0208570317	8276.7993476932	9045.63106611268	9655.70140513272	10265.2427648079	10482.655266792	10791.7743333649	10812.0006133088	10754.8143384771	10641.0603123452	10221.0157758538	9715.06703452986	9243.36875061117	9297.55175810398	9407.99817925203	10163.5423812267	11014.1113527773	12340.9470674541	13947.7409359306	15524.8946208852	15990.5853209608	17775.2362530523	17610.5048285289
437.202	0	0	0	0	0	0	0	0	0	0	0	0	0	0	0	0	0	0	0	0	0	0	0	0	0	0	0	0	0	0	0	0	0	0	0	1090.81100879484	340.396908488456	512.912668280071	686.68914918175	951.588843725022	1273.59490009247	1628.15101340977	2078.06631661756	2617.10048828681	3113.84377684693	3701.03532366199	4519.4356824418	5391.10503210577	6445.34941541005	7301.86917637805	8057.69509937475	8716.43653816167	9442.9902739014	10073.5488834981	10487.7499509023	10746.5134689301	11108.0744281605	11034.556666763	11037.3851621537	10784.3775075758	10384.8075186189	9953.92586987015	9586.28867656335	9497.58656096429	9772.76382064718	10200.2875661499	11538.3515529722	13024.1792497833	15107.7991777736	16377.2222339548	17815.4272626673	18607.3866542775	19877.5028823789
440.505	0	0	0	0	0	0	0	0	0	0	0	0	0	0	0	0	0	0	0	0	0	0	0	0	0	0	0	0	0	0	0	0	0	0	2914.83702276759	354.829363788342	427.191748453225	565.77902946959	804.225362149294	1069.18117329025	1461.93836326846	1841.32724025652	2300.51094739736	2784.57567464672	3359.51121992694	3970.46888738099	4730.62475026051	5667.99597861459	6693.25396623088	7499.32289062747	8261.38144997957	8873.82858065268	9682.73986329533	10289.070065591	10728.8129961804	11076.51721656	11108.5288773973	11133.3507839231	11081.8115171634	10816.9296036075	10511.3749283291	9980.2114277906	9668.30263667074	9707.36105111191	9690.05209291801	10436.5517449407	11740.5584216991	12790.6706898241	14716.7570299505	16701.2638921978	17048.099607596	19100.2828359622	19764.2011941764
443.808	0	0	0	0	0	0	0	0	0	0	0	0	0	0	0	0	0	0	0	0	0	0	0	0	0	0	0	0	0	0	0	0	0	0	549.90723209284	354.499570354609	504.771353543711	703.989559796852	900.048993563927	1205.74448829149	1586.91798999244	2026.27947604454	2454.47313641174	2996.19334970023	3566.15976770701	4172.26313479087	4975.63179327618	5845.29444154877	6862.1170154348	7680.78100758544	8410.25090884063	9055.93049286495	9861.36970182203	10400.3505867277	10893.7224647087	11046.0917229013	11264.6701103854	11228.4831135933	11099.7565230874	10755.7910003716	10334.2699085966	10057.0526016913	9561.63721192544	9685.09460725179	9799.70530127178	10391.6471777893	11609.5248635303	13671.6476123847	14919.3666733928	16371.5283745685	16245.079694608	17163.9014298743	17697.6034189936
447.112	0	0	0	0	0	0	0	0	0	0	0	0	0	0	0	0	0	0	0	0	0	0	0	0	0	0	0	0	0	0	0	0	0	1023.27698996368	312.084955481246	436.958446010602	581.829417947937	783.758471212249	1086.3613520185	1327.49092693238	1725.35320350291	2172.46793317128	2639.47798616219	3166.63243474195	3730.06260628499	4388.15266274331	5143.48551258145	6014.49706871628	7012.15404384759	7909.86745641057	8511.95612244169	9234.41712460678	9865.91036288359	10468.5400961334	10872.343411412	11146.4222721127	11322.5198605328	11099.966423047	11051.7544201696	10761.2440234747	10281.5671911489	9983.06418046652	9683.58137101344	9726.01041618477	9981.34253558522	10535.8821584159	11797.5904426037	12787.2602230009	14953.3636586188	16870.9820970804	17499.9536556182	18101.9639120358	20485.7543886307
450.418	0	0	0	0	0	0	0	0	0	0	0	0	0	0	0	0	0	0	0	0	0	0	0	0	0	0	0	0	0	0	0	0	3378.91767179891	319.995467775654	385.893104696755	527.870008799013	685.600164608891	908.590234735341	1197.36174118299	1506.16856676576	1907.15837380881	2366.63842824198	2778.65065033376	3296.83478199214	3921.95709309649	4593.0185878074	5295.25648939376	6109.01150726706	7118.22627618373	7944.56206540423	8726.55239917787	9290.31095354536	9971.39419272183	10523.0236468527	10884.9793811146	11101.0435621121	11272.2707143047	11162.5549808521	10965.0011410984	10760.9814442777	10380.148426155	9951.49672158265	9559.12152534479	9799.12711602267	9970.4200932531	10726.1996584826	11862.1768297009	13392.6612920053	15190.3085474742	16873.2436744512	17115.1872400488	17070.1605182646	18705.4791289832
453.725	0	0	0	0	0	0	0	0	0	0	0	0	0	0	0	0	0	0	0	0	0	0	0	0	0	0	0	0	0	0	0	0	1010.51389570027	337.394643321449	459.208932295213	632.040023480093	800.00101913247	1032.9101736185	1334.73913052642	1686.38519190616	2053.2129615449	2504.49040057864	2968.24679723699	3483.38248847251	4038.7894921867	4700.11394989568	5456.42061347333	6266.98121863444	7281.26569811715	8004.46292462173	8735.59057959671	9365.81163217038	10036.6069403002	10536.9663853123	10867.906377789	11117.2658065704	11187.6964230599	10920.4304024507	10921.5046555548	10550.425508108	10214.8659689755	9827.19513214189	9589.73503872391	9613.2282484591	10169.8093122211	10853.889678923	12405.9909544923	13504.6489159539	15590.2459347011	16953.7086985449	18349.3057448796	19647.7313418056	20491.9042519872
457.033	0	0	0	0	0	0	0	0	0	0	0	0	0	0	0	0	0	0	0	0	0	0	0	0	0	0	0	0	0	0	0	1187.90965788724	264.867176668051	377.23040459086	521.275354470587	692.415357294203	897.44750337696	1132.01928397196	1421.15517416845	1763.62212560112	2186.01078282602	2632.1601555274	3050.53274453151	3602.11549301757	4198.45323452854	4787.71257465505	5503.78599279371	6374.29224026016	7320.88859365248	8072.15734695383	8705.87921131251	9363.94899425212	9985.7752459174	10454.7976572928	10818.715474013	11038.808420328	10996.2341090792	10801.8864117463	10729.9981153222	10508.0211030421	10121.6258086651	9746.07567380306	9545.15788157885	9723.81242970842	9996.17318231397	10683.5466772792	11822.2905912217	13333.0054339313	14939.9248593867	16339.36222024	16325.1266801105	17746.9828516011	16445.095054953
460.342	0	0	0	0	0	0	0	0	0	0	0	0	0	0	0	0	0	0	0	0	0	0	0	0	0	0	0	0	0	0	1300.27316905151	301.212711267603	346.653128535686	470.186850255089	625.123554535867	790.799476624789	1014.65916876272	1285.45308977829	1541.16649880794	1923.48321368009	2325.0489304854	2736.43910240335	3242.60484554266	3765.40784114444	4321.46583468361	4943.14483255054	5631.45842709566	6438.86060890481	7321.47370328395	8119.61459126332	8727.50269362351	9302.79405561957	9981.65134493974	10396.9899035481	10762.7688442298	10915.9526193499	10929.9041250945	10706.4940172234	10755.7399958255	10283.3647985345	10102.5462803229	9608.19296585559	9547.1316602698	9515.06271469995	9995.10930289565	10799.8557278059	12000.2600993534	13963.6848252134	14825.9183529935	16530.1349850288	16988.8225575432	17572.6535012119	0
463.652	0	0	0	0	0	0	0	0	0	0	0	0	0	0	0	0	0	0	0	0	0	0	0	0	0	0	0	0	0	0	381.259175132014	322.839766777794	420.859015952189	566.895511071289	742.862283987682	926.587767207056	1143.3123315803	1384.55695024855	1723.25039257242	2040.15089677022	2429.73844259356	2855.61162454863	3369.85835180671	3922.38720781147	4448.09271471713	5031.32839452454	5687.23390569467	6481.25341127299	7338.30724638124	8088.09965583383	8704.20350386107	9324.80114527941	9816.27021683256	10362.008962285	10616.1432072528	10774.1769521671	10760.2049099638	10547.754786714	10465.4677754419	10164.9278648968	9836.19644839739	9532.66906510675	9626.60362183039	9625.03199206552	10206.169689247	11025.542668856	12262.4038593444	13863.6167657827	15274.5047152068	16758.5169033646	18245.7254857477	18651.9180830301	0
466.964	0	0	0	0	0	0	0	0	0	0	0	0	0	0	0	0	0	0	0	0	0	0	0	0	0	0	0	0	0	675.09064061122	270.83111326707	367.512529772358	472.911589299325	616.743419210392	805.990032828596	998.895158687005	1205.82620972799	1506.07385721486	1774.63638505966	2177.80339744302	2523.0144349653	2948.83957892754	3449.91860234929	3897.11820929164	4506.41439498184	4957.78661826906	5639.01215256118	6441.55080564854	7282.74318441832	8084.35057930976	8582.87324292581	9197.72855060711	9639.6492867855	10082.0674025011	10335.9819244176	10524.7162482213	10447.1856635227	10238.0179004135	10246.9692355736	9934.63886719462	9631.46753971708	9307.36676973452	9210.0494041144	9528.50955110695	9888.67699532059	10548.0717703037	11808.5196383839	13342.4483180637	15055.5219257926	15965.3291935438	16732.5922980095	18015.2246991949	0
470.276	0	0	0	0	0	0	0	0	0	0	0	0	0	0	0	0	0	0	0	0	0	0	0	0	0	0	0	0	1963.21749459014	250.795236794475	315.90654723392	422.478729863018	545.430383596909	704.135209386619	872.839407333225	1096.36066413013	1329.78941531041	1586.5948967619	1897.74287380985	2234.81383903312	2609.32689623242	3079.24463953883	3483.64604463425	4023.95748142699	4513.77129655107	4993.06551785063	5613.086030309	6379.46083533836	7226.95407844088	7900.5053618459	8449.31837796404	8981.62959701427	9471.00480237711	9892.79604712346	10177.1883209539	10194.727352879	10106.5112838157	10011.4595695658	9833.94535052832	9622.55350862262	9383.47409929989	9182.29431328404	9156.45747233764	9479.00268897774	9739.44011740756	10505.2261161907	11951.5986695972	13236.9601729578	14530.5007656437	16251.2143827552	16297.7307846806	0	0
473.59	0	0	0	0	0	0	0	0	0	0	0	0	0	0	0	0	0	0	0	0	0	0	0	0	0	0	0	0	498.73293475554	275.101110550572	381.234529749817	495.022232136879	633.798412174021	793.448257099504	992.303656086449	1204.69817422543	1440.63355185706	1697.14377651034	1991.1380998563	2293.83242297524	2713.8205680092	3169.59272705801	3619.78502830614	4084.44909468405	4593.89883952043	5023.98611501726	5633.32218775687	6408.59687155216	7218.20833528299	7835.24225681574	8371.28380939954	8851.79124276533	9302.09364664871	9704.26227283865	9929.58119590586	10002.565717329	9986.72473549424	9743.51900462643	9672.33234760598	9419.68894955703	9178.94804748013	8944.85562971394	8918.06747209703	9255.4761738274	9801.14025955228	10680.5871496716	11985.232563849	13207.4506573587	14539.5685277321	15603.3190548391	15238.4045292509	0	0
476.904	0	0	0	0	0	0	0	0	0	0	0	0	0	0	0	0	0	0	0	0	0	0	0	0	0	0	0	1029.77127662122	255.566393953101	335.197089581889	462.174464218083	566.157786998906	700.425454242399	884.350836693408	1080.29199537866	1266.51552793293	1542.20406095536	1761.50966913001	2110.40091809862	2448.59447583459	2791.90975538179	3253.19275892682	3676.58996513501	4090.56234342178	4600.70148647267	5064.42919678107	5627.8587356812	6354.04936488314	7134.18331663938	7733.97635201332	8263.62243262529	8701.15336385828	9132.69927932815	9504.28640207133	9616.112086511	9735.76434994609	9751.40104839575	9535.31893730985	9511.1651165038	9238.75685387509	9081.74276732654	9019.81834471099	8933.40721071163	9304.89263169504	9717.23949075721	10537.9093341185	11960.0389037426	13670.8709593078	14624.5680396652	15739.4702714491	16593.6582652685	0	0
480.22	0	0	0	0	0	0	0	0	0	0	0	0	0	0	0	0	0	0	0	0	0	0	0	0	0	0	1087.28383550305	270.606389443743	296.675118818096	387.926424069138	491.847285023841	622.340995228013	786.209739285582	925.02609285245	1142.18986429999	1339.98048797013	1589.02842477749	1838.88082607753	2146.56307121521	2445.44834342764	2828.81110017367	3252.46786599655	3695.34250644673	4123.23722912358	4538.49509153714	5023.9746609254	5551.00835427676	6256.76427965671	6960.84632224944	7607.97490405299	8019.32794490104	8429.65782303765	8884.02538932957	9131.90451426879	9331.07445722376	9334.28761619308	9368.5072526256	9177.1057808772	9078.59818876667	8933.29885115623	8761.7457191862	8670.13142805493	8670.55109225923	9008.1691946901	9764.57248186533	10261.023202535	11366.0289640768	12672.5053481224	14005.3786667195	15008.1900307869	0	0	0
483.536	0	0	0	0	0	0	0	0	0	0	0	0	0	0	0	0	0	0	0	0	0	0	0	0	0	0	338.093043897454	277.411380404087	349.930460721325	455.542783653042	581.136099974085	708.256571464469	848.054445594216	1039.46152887075	1217.5206967243	1468.80535546882	1669.55441364877	1951.84203246123	2233.30078098326	2570.86264476158	2929.89464232765	3389.1009021224	3721.93985430819	4163.34314587112	4585.30462001011	4976.38292277097	5555.70334553088	6135.47886317032	6891.51445401936	7497.20709152339	7924.04813726708	8299.7250617419	8695.15482865453	9037.98371641386	9170.10863756417	9287.89866204028	9130.29199926467	9067.89967739053	8953.23657649181	8684.42123723806	8642.80735125251	8607.29531592569	8628.75249259831	9042.61330682628	9442.79367774089	10338.678102511	11538.9664877096	13159.8705484492	14478.8375125709	15565.1194290852	0	0	0
486.853	0	0	0	0	0	0	0	0	0	0	0	0	0	0	0	0	0	0	0	0	0	0	0	0	0	525.106109310704	233.520894897954	312.477185192757	394.296186274844	501.340802939516	616.617009406274	751.601164237162	908.766381430215	1082.86065828982	1287.62024731874	1532.51475640328	1752.41870618017	1995.6995532927	2259.28936373484	2589.24086471801	3018.62991395322	3359.98287568699	3744.77426675909	4087.15444177777	4533.14990914212	4991.48110107936	5473.16914343872	6107.81701085173	6838.81099290621	7344.98529068277	7707.85081330631	8128.62390402279	8466.74970517207	8731.17149751084	8861.45142401786	8926.31373347475	8891.8169944397	8782.07937474136	8616.76439592845	8573.46043434789	8389.04215255749	8310.01524288076	8478.73117317032	8954.05459014767	9504.16618996328	10189.0680021681	11411.7408751863	12449.5639074239	13547.6561565828	14452.9531626472	0	0	0
490.172	0	0	0	0	0	0	0	0	0	0	0	0	0	0	0	0	0	0	0	0	0	0	0	0	899.670652008681	233.372010030133	277.82538300451	360.43837504691	448.609738425506	555.911428056041	677.686049575214	791.547170800525	997.707569265365	1157.59124898186	1329.12283319453	1548.87160527612	1802.83448991985	2080.79899428686	2328.08716003788	2685.65766769701	3027.60928196347	3394.99874085609	3797.22125636662	4146.34018831806	4552.16466332291	4979.34681491469	5422.86446364065	6037.61167525272	6666.75125894015	7211.25517785111	7635.63874178482	7907.48160441068	8243.74355234694	8512.03151732759	8648.17899871092	8628.51083521636	8626.67745852219	8441.62662705424	8365.17521558548	8294.80400814984	8179.24036569154	8226.32608025756	8326.37479368004	8713.27850989134	9393.9272137051	10081.7077810801	11351.2398682112	12548.732754935	13303.0020978526	0	0	0	0
493.491	0	0	0	0	0	0	0	0	0	0	0	0	0	0	0	0	0	0	0	0	0	0	0	0	304.285032092012	263.936086359927	332.345912405558	419.941355347208	503.599317913774	616.796307677498	732.633607905138	886.237114473079	1027.89765586017	1225.03022203077	1435.43276331974	1629.65415681558	1852.63884818872	2107.72565085794	2385.59795105876	2709.2735570946	3042.9713480202	3387.72794418726	3724.41159723386	4106.0837677261	4495.25173275199	4815.35202785467	5292.90037014038	5850.47631958755	6501.55673474706	6966.77772345202	7384.56333303608	7661.53803563562	7977.26908472823	8266.40545584918	8265.01820718817	8317.86194859133	8272.7164412645	8199.50325818235	8102.34320565237	8059.17022362197	7993.23935547911	8029.0844043585	8145.63067958097	8529.64148541224	9220.01780290378	9968.52522831686	10989.5120732451	12170.8341966763	13332.8476061159	0	0	0	0
496.811	0	0	0	0	0	0	0	0	0	0	0	0	0	0	0	0	0	0	0	0	0	0	0	589.468964759016	241.206983043603	327.16927079144	401.296009919988	476.499089111284	550.740318321857	666.252197687852	794.871381640543	927.011414237668	1089.59278327099	1244.70201323223	1453.39542873512	1681.36640790138	1908.26889157404	2170.44151880484	2414.05409149777	2704.57483047578	3086.21611638327	3411.79229404544	3759.65038786876	4085.22684917285	4445.00829258341	4762.57493315137	5205.97166027479	5802.43232549403	6347.3398612487	6794.7292021826	7167.87014574787	7448.84356541687	7718.93399317301	7918.90324097091	8068.9649189787	8055.55872515318	7956.18379125367	7927.84729532697	7876.16346482044	7798.29058927088	7799.49184833808	7957.50572717667	8020.37802545644	8452.75492256258	9124.98412149046	9637.4153089596	11040.1487040674	11759.1284513412	13213.7750419851	0	0	0	0
500.132	0	0	0	0	0	0	0	0	0	0	0	0	0	0	0	0	0	0	0	0	0	0	1062.6249333821	268.85733579494	317.105382303983	364.660860272859	432.600165669743	514.874593946623	597.931235608391	711.183374887942	841.261952922431	981.258297306894	1137.27556093072	1320.00141859381	1512.1616784193	1729.19210104233	1935.89601634249	2193.73680187771	2476.43201512857	2741.05007403819	3027.29908673192	3389.21104385539	3687.65948555546	4037.59283924568	4344.22715943913	4649.17183614533	5088.61176999798	5650.51768753638	6171.3800294407	6564.94422433357	6887.53459718552	7182.33606474913	7497.91619576769	7658.01967458154	7740.39550926622	7697.2597107798	7702.14229370003	7674.61569338926	7563.99977850837	7543.06371936823	7582.02382852388	7635.81644503088	7896.24822400585	8216.35629903981	8774.77178125592	9466.14977470008	10645.375354578	11654.7778164317	0	0	0	0	13780.8157372645
503.454	0	0	0	0	0	0	0	0	0	0	0	0	0	0	0	0	0	0	0	0	0	0	362.502077244121	295.155013555538	360.946859306996	394.679680567828	481.708792169337	556.740791953933	644.115340762668	748.304438295136	861.495989500034	1008.40758214771	1167.82245800201	1313.44600107101	1495.58241817393	1708.83474764174	1881.91125397668	2165.76998540401	2417.45522890699	2668.95828425701	2960.84463069113	3253.94211457317	3561.46107217959	3914.0270815188	4157.39305242104	4547.51861653705	4885.74290099954	5415.75000248673	5911.33225924546	6319.69527877548	6623.70728001653	6826.58800696772	7082.98558665486	7295.47727213112	7340.10005956229	7304.09981951414	7315.40024983376	7238.27073220036	7150.74719549778	7230.66766689831	7246.33293635156	7254.13259221011	7483.33032157979	7815.15592444569	8441.28157687882	9117.78171190063	10168.6345121427	10989.4464401308	0	0	0	0	12977.419439358
506.777	0	0	0	0	0	0	0	0	0	0	0	0	0	0	0	0	0	0	0	0	0	755.696596892236	292.871629046155	331.098419579893	418.803354568683	459.396976822491	529.328988509397	595.217713152978	688.742172511663	796.225404422759	905.597472571866	1031.42887622424	1153.76926711897	1333.59646430502	1519.00722976884	1723.20549534067	1927.6315940575	2145.73685083791	2388.05629672848	2610.69308772641	2867.60172084365	3218.79870405581	3478.51894512349	3741.33797366829	4032.49164159126	4357.68233399088	4707.23156673139	5149.00468497676	5678.39200260147	6043.3808559442	6312.61729340952	6550.09503471644	6752.49707604472	6908.88464558829	6944.02066992794	6976.73441005993	6967.19971895968	6868.46426232573	6841.25425478105	6827.51758444823	6887.44425967926	6983.47766289551	7149.49143543738	7558.87774889266	8183.64988720894	8739.56702443289	9703.26609056557	10990.7755219775	0	0	0	0	13461.1139299076
510.101	0	0	0	0	0	0	0	0	0	0	0	0	0	0	0	0	0	0	0	0	1403.8130876271	337.094544957277	366.593810883623	413.862047060833	464.326942727967	497.957106692086	571.704061258847	644.821060643444	728.511055767805	831.578743883763	948.181733782106	1087.72022173603	1213.61719023123	1355.30314814612	1515.03728298303	1726.8575838636	1924.13174509742	2125.35540065304	2382.604975093	2564.54065854217	2864.39424903223	3170.82768315345	3389.38415637614	3674.99668407164	3953.6345229138	4254.43214926362	4533.07908036391	5011.84688840201	5473.03333173643	5810.22036393187	6033.6870326615	6272.3800184074	6405.22357954074	6591.86404913908	6628.48637509575	6680.09040873512	6565.54930016673	6534.18945215649	6526.57484695428	6515.78136317244	6546.5106083676	6798.26866332476	6978.41785905683	7381.48988633296	8079.28933974722	8770.0051356418	9435.97653919594	0	0	0	0	12328.5144874246	12919.2370944241
513.425	0	0	0	0	0	0	0	0	0	0	0	0	0	0	0	0	0	0	0	0	421.557056239753	332.802174439344	405.688202674904	442.165309538567	489.980553542193	523.468097110601	612.98769256627	679.907775880324	758.12981887062	871.118358639135	983.668701826407	1096.95846077716	1196.77146438793	1391.55519941176	1535.80082007506	1726.10453247869	1920.49286719059	2144.86158315048	2318.93639861783	2599.29541039082	2813.67340327356	3080.42696204991	3344.42543205653	3590.03140260951	3879.32892020013	4080.62943629589	4363.93720702988	4828.12162252653	5265.59267335774	5569.71956834032	5786.81293566839	5988.10370962003	6213.49077736167	6235.0213309205	6354.62242994165	6304.53526432562	6306.05086766982	6317.13124269754	6290.47316906894	6280.68396677767	6304.6625639403	6522.25631880706	6821.014394939	7167.2982964439	7723.34039990938	8352.71229243682	8919.87015037739	0	0	0	0	11831.2065184883	11977.8360561042
516.751	0	0	0	0	0	0	0	0	0	0	0	0	0	0	0	0	0	0	0	676.90895514653	296.28325947894	365.967032188166	431.655449304577	492.752829096944	532.190524130161	557.216048908728	637.871072650171	714.273474117201	795.188442474687	889.072618303503	1017.27856770652	1106.13347911495	1245.91351292638	1397.00393918548	1542.27477267039	1721.96454947112	1919.1047666341	2113.66482602503	2344.00314227716	2534.09350529135	2760.24430715661	3021.70202629948	3292.30243607552	3491.5881512265	3755.97133472253	3989.57197318771	4281.4117534827	4639.07170864956	5085.81198915498	5438.5042962683	5608.05069277486	5831.25762399523	5957.95694319077	6079.86835246348	6149.36837968243	6195.64183184646	6170.22332799022	6080.6119679755	6065.72778457301	6039.03145672738	6201.19397935305	6319.21740256218	6630.87937449648	6992.71682741161	7633.70474096867	8247.80206768739	9101.50437188946	0	0	0	0	10777.7730807629	11341.3808079041
520.077	0	0	0	0	0	0	0	0	0	0	0	0	0	0	0	0	0	0	1048.48616080908	280.388769207208	321.114163283553	401.762684885965	462.882803491462	506.80705129413	545.118675972842	606.574228829746	678.374183054751	756.172880387583	819.050940156477	922.206426167891	1018.05720183485	1122.79297826485	1242.99161905865	1405.7187439306	1563.54253143141	1752.73958576518	1932.57159747112	2096.46807428018	2297.30532569334	2536.96345038801	2772.62385467033	2942.0432842487	3207.86514155065	3424.76495711924	3681.26702832072	3956.85619226688	4206.31295561187	4603.98973341057	4954.30580653653	5300.46749128928	5463.55984359903	5641.85917049652	5775.26659646775	5899.28594498161	5932.79493548851	5976.24169890551	5916.94093202842	5906.60841495494	5900.17050613766	5951.70866315252	6021.75358447501	6299.70119129795	6512.78044268275	6829.26282241794	7353.26494691981	7881.1948667719	0	0	0	0	10326.0385110668	10909.6032363232	11466.7717279707
523.403	0	0	0	0	0	0	0	0	0	0	0	0	0	0	0	0	0	0	317.619665680279	263.181823391186	340.381374643078	407.989217600844	482.591090843927	530.673907173361	576.019518033763	639.72463674518	697.256524026139	788.295972376339	849.012129538058	938.737308358692	1032.49467734798	1138.37061032209	1252.63351359895	1402.60321269158	1557.44500300247	1723.67204487961	1911.56836823264	2124.05678154405	2275.56753353877	2484.7798095367	2701.57236120584	2960.97625933897	3142.29063494657	3365.32036000669	3583.01681469954	3803.50849151841	4088.48139598385	4420.75107242812	4844.96827423702	5130.34279788203	5297.05786561412	5450.22275800344	5577.51660230965	5698.01214408311	5663.46857233769	5763.60938952666	5701.48362974513	5626.34666467387	5718.09548607226	5692.61814771643	5771.16102734747	6063.31216471302	6238.5316744369	6650.33139496924	7105.07465412911	7893.71648512971	0	0	0	0	10634.2953045569	10767.5035487185	10775.852771365
526.731	0	0	0	0	0	0	0	0	0	0	0	0	0	0	0	0	0	475.625535872001	179.837370798369	278.88157739341	336.882180425183	440.07958996155	500.371041486775	526.968682375716	569.552767324909	632.367024418369	705.063677426291	769.348919317559	836.347594714946	926.600814181064	1009.06980416481	1123.33170973469	1245.43629051048	1391.64205248946	1542.32015697157	1670.34314259556	1849.44316502631	2035.22537086053	2193.40605206283	2378.23412441496	2623.36134493284	2809.14717646657	3004.05558743005	3216.38195543123	3391.62856307864	3621.24194278128	3848.37829650094	4251.27264832454	4536.20707778723	4805.66281786928	4981.76891558899	5100.64770723487	5234.96256323105	5358.79155022525	5377.61261799532	5329.12008429285	5430.97472606189	5326.67928327119	5289.08597029577	5461.44229637251	5515.39707342697	5645.68247264771	5914.16348131618	6415.19258819963	6773.04859005853	7315.75403665865	0	0	0	0	9640.41911634798	10225.7957203798	9419.74797238919
530.059	0	0	0	0	0	0	0	0	0	0	0	0	0	0	0	0	845.853860609055	171.437495621405	243.632663043745	298.156600078609	366.283744820065	419.435968622372	490.507938894705	523.875584124104	592.673299566511	623.865742985271	704.758654129841	751.112771847756	823.529412175264	902.838647127364	1012.55248054764	1076.64554753653	1206.24719549093	1338.13545270884	1479.99586336738	1655.62624214886	1797.06935016452	1966.13578055305	2086.57850461104	2297.39094903198	2483.90494779359	2673.15470872882	2830.16106879949	3006.06905159712	3211.59842766413	3429.52709872956	3671.94893508	3977.58074391198	4338.86492076474	4527.5653264444	4677.86066042051	4851.59406835752	4948.67733756367	5031.18151473631	5079.39716932477	5079.33438185065	5071.52298047887	5104.63149187428	5109.32077487831	5083.60040523324	5249.59332919966	5386.37576210634	5655.11076794757	6029.15218351146	6513.07518350646	0	0	0	0	8593.29935659198	9496.11491946533	9327.00536730593	7902.16231861751
533.388	0	0	0	0	0	0	0	0	0	0	0	0	0	0	0	0	280.87074165235	219.050494664358	278.411377132113	318.627331850291	389.1576325356	451.32147327731	520.142742981255	563.701816170774	606.651628115642	636.30831482276	719.365948663963	763.824597417107	828.546181666948	912.358939612433	995.192477711703	1091.98412707907	1197.16453972968	1323.6254500875	1460.23143601619	1591.42952619904	1751.70924614544	1926.58468032387	2063.39565335704	2249.03759820498	2412.25911443763	2573.18096298664	2781.60395980283	2929.2941392735	3080.94551932172	3320.95433114581	3511.87255232155	3751.14371906517	4082.66205017532	4311.47953698016	4449.7482550034	4562.52933370747	4697.64810559663	4786.92197722466	4781.3883342585	4810.77082141935	4816.05000792916	4799.5318165565	4789.90263018559	4891.16355860006	5066.1242623922	5201.35704017951	5389.95551185003	5861.07901260796	6313.65754667048	0	0	0	0	8683.33179032868	10114.2704414506	9778.23704287734	10944.7930566501
536.717	0	0	0	0	0	0	0	0	0	0	0	0	0	0	0	538.944215326138	163.220723849487	203.221791667428	265.483527462104	322.299739901647	374.358795139137	413.971268060586	489.427641572769	525.117680217028	587.596226668693	646.182438170544	691.912620630267	763.031808516699	820.134214886636	885.71229320269	970.915639289975	1049.25609790211	1130.51680148271	1272.16799993939	1399.86163735968	1534.77512407294	1683.9884576779	1816.54522242371	1962.678080849	2120.37571116873	2277.73974857304	2466.98483372878	2644.82011777268	2774.33122869478	2988.22124346539	3100.28346461076	3364.07621725997	3638.38985148796	3886.43427648178	4082.66697916367	4218.40008336126	4351.6042778879	4397.25335100864	4505.03813271369	4505.2963578699	4511.50662507587	4521.02902567512	4566.33924050837	4543.9606141828	4608.90566850287	4780.94432404709	4879.23110272666	5129.8209868061	5450.03933690941	5840.01349148886	0	0	0	0	8201.18625411755	8583.51156588018	8526.62901441789	9011.2512234023
540.048	0	0	0	0	0	0	0	0	0	0	0	0	0	0	971.722485026711	144.972248015503	163.071318210647	214.431658509076	258.556962815047	317.01633772714	388.501022841147	448.976158000018	510.257013373953	561.880633519433	591.43816520232	643.307001896886	708.108995779143	763.265671117718	816.954326191035	890.800392549884	961.172490210932	1046.27766080042	1150.17217434046	1283.68669042702	1390.3944554409	1533.831755471	1660.07763811794	1803.79992871904	1940.94804974282	2094.41687578044	2273.91771721589	2457.21015665726	2562.20243467838	2742.37192718728	2887.9578306951	3020.04348607845	3242.63383646132	3490.82745331712	3777.60618862308	4007.44156414909	4056.4053867335	4175.67653753496	4289.68593271782	4327.86976305462	4345.91790832551	4380.47941218928	4410.70602896187	4348.93160992709	4437.81351018492	4427.68932887593	4622.16668053192	4770.29839556896	4947.36227855128	5286.21333699794	0	0	0	0	7783.03899559121	8010.77350955869	8623.30813536012	8108.4261687642	7567.78136568169
543.378	0	0	0	0	0	0	0	0	0	0	0	0	0	0	199.033715648942	124.455536513483	165.080491715946	231.055620833351	265.002849358835	344.452115370428	387.699902188002	435.071739746749	514.408703700113	552.180299855233	599.014722570242	637.682362850784	690.732240715671	751.011895467258	800.439103426123	866.976982957254	974.942331775637	1051.02992078707	1146.82319047718	1263.00718788583	1361.89538850639	1522.69895195185	1615.48341331391	1766.32915345172	1870.16823187221	2053.67529011831	2173.44110124314	2343.0158593544	2518.69421686735	2637.46234361823	2772.99560993754	2901.09628740347	3171.09995890384	3427.36656697342	3699.13227826558	3827.70931565422	3952.70406833042	4016.1667816102	4127.59855515698	4191.5862126676	4207.02933004065	4198.28778328274	4241.30355157681	4210.6571704356	4303.58032570108	4357.37477018422	4511.6468453936	4666.95381059656	4847.37099228603	5143.76277803934	0	0	0	0	7345.40664364901	7999.90745347516	7697.08489504741	7885.02105022996	7070.81552336788
546.71	0	0	0	0	0	0	0	0	0	0	0	0	0	377.681074887398	114.857111201203	144.670863762613	215.394669210493	246.72418475457	290.210879495396	348.134345759674	410.214275904452	451.586369283311	520.55209258584	555.979428547621	602.753882166136	636.566290796657	701.354890520031	744.43363302604	816.342700423281	873.886739706133	962.737975383714	1072.69016791458	1153.4346516238	1260.98844210358	1358.26596599936	1485.72670265225	1618.42099522424	1718.42712085915	1867.08665798021	2020.7523885512	2170.73163454245	2285.2004634535	2470.76666051222	2595.39821219796	2678.03181736339	2881.56341633323	3042.61566538495	3287.18754886324	3525.10591537574	3645.09807646141	3799.62719815053	3845.59445965561	3984.09598784747	4012.55921042919	4125.6318536716	4003.08752618691	4079.66595156299	4144.07351818341	4125.84281105351	4243.00121016478	4337.01976022052	4474.57355512268	4667.77456073468	5117.77963072611	0	0	0	0	7454.67830123424	7593.61652205981	8024.20011553068	6890.16734938891	7190.7829797901
550.042	0	0	0	0	0	0	0	0	0	0	0	0	822.871595734443	113.699736283323	125.388613468186	173.047910658651	213.252461692211	257.153732088039	312.701170598224	360.555750286874	419.590582942269	469.093279305337	539.847839925824	560.565255932689	600.254376328003	627.77863400194	717.70952012902	742.723485474997	796.484166288453	867.171161797346	948.088942484202	1018.58469978027	1119.79409147696	1214.81679244865	1317.26257173715	1426.9270029566	1562.47400567954	1707.76529100774	1797.46205524929	1907.89883102282	2078.75167841615	2189.27208814422	2343.16300392167	2487.52846127327	2612.13095334682	2732.89718665296	2912.79619615048	3139.05062191391	3369.96917796092	3539.81303180379	3612.78266766252	3686.23777237777	3760.52526607034	3891.07517339597	3852.34417143627	3898.63192473916	3911.60566231184	3949.04178744888	3963.76749286996	4039.79115352708	4234.13751003633	4342.41913281216	4512.10056684365	0	0	0	0	6441.37236977866	7655.49571752136	7161.88032661138	7800.94792975201	7207.53074881745	7992.56837435905
553.374	0	0	0	0	0	0	0	0	0	0	0	0	187.101560863717	118.696412080219	149.573845242989	172.013812983906	207.016509639306	255.154143035211	309.016937805876	346.140976133407	436.984183471684	445.707092037612	497.461674360769	540.004972573602	596.12826936636	637.591955906307	678.800338577443	713.419930887042	771.744474523438	838.946760433147	923.984290424537	975.90639692273	1072.32630023938	1174.67041834342	1267.69217760473	1378.23701097229	1456.03638930879	1604.08180342211	1702.53958065107	1858.16902897623	1962.52534745089	2098.12481452719	2230.17922453727	2359.77465265768	2484.42564243494	2579.79793046892	2695.41086493154	2952.82476668387	3170.59995277139	3326.04776407094	3405.32610006649	3496.09475499486	3578.0591953784	3670.60871676022	3638.33791476107	3657.25677781026	3634.72924308906	3719.1401640122	3791.97897168788	3856.8694886879	3948.46843748188	4090.48486874325	4380.0539778582	0	0	0	0	6490.82274386553	7036.00652210279	6992.14447948183	7906.36814852204	7369.25509584283	7091.43207748778
556.707	0	0	0	0	0	0	0	0	0	0	0	348.507028876646	81.8644927386956	113.218177183729	144.044446538277	175.236932491617	187.555228620181	251.169122310177	296.508452354299	350.684111924039	382.042134698902	459.781670854814	495.080019483778	522.764249973195	556.715588625773	599.427948125784	656.270196157878	690.531862102875	736.463671203017	805.747086175379	882.753221311976	945.361308149742	1026.86592476638	1113.29985822146	1223.36112816137	1322.29673223043	1427.94048923872	1533.64900504939	1613.33198390173	1742.20006728242	1869.22792571416	1982.3904494209	2098.62814259265	2219.22852969973	2300.62792751567	2443.04057787789	2593.1270551286	2787.85978133871	2986.28659232389	3131.12521446823	3194.23976764358	3227.72519277873	3301.63175830807	3396.94467271644	3393.65113447572	3416.50772716061	3449.41636184617	3428.85409228387	3537.21209686315	3572.16228243671	3759.26187166143	3883.5030757724	4112.23938451041	0	0	0	0	6062.30941324245	6747.66976917852	6419.9182060906	6472.80958187376	7573.42038953751	6563.83568934686
560.041	0	0	0	0	0	0	0	0	0	0	757.062375245801	62.5566828437	93.9925431401265	94.3944221171539	137.248984942616	143.514847821582	180.222686064497	226.990861629623	270.44736927324	319.460453320068	366.740801062674	413.607684394796	454.415043520593	480.344550685104	529.567197826275	578.219174127487	625.740443860635	660.991997905681	712.517731568715	776.602931803278	850.524857721061	880.681525241313	969.275443775803	1069.3074137688	1126.98383836747	1245.1414382617	1340.86094152736	1455.15823347883	1523.83348591358	1643.71591949342	1751.22816708904	1872.52510789007	1990.81176732364	2064.29439877312	2178.50831279834	2290.27069703145	2408.10641326087	2593.58845745969	2769.07889314212	2932.56299043884	2982.66480370704	3070.5631663756	3114.85783908365	3187.1839239004	3162.72815510292	3200.46327367169	3235.95929598608	3259.01407004016	3281.28355052327	3386.16719070665	3400.20794154195	3585.95135494682	0	0	0	0	4956.65432395952	5618.65261695593	6191.29611845809	5832.18342506211	5787.5469512941	5605.26113973822	5198.68829508877
563.375	0	0	0	0	0	0	0	0	0	0	156.895428076989	78.0511997293179	59.5150356266476	105.882394441025	129.516785591352	180.859507100561	208.705597600441	256.324981264167	288.315917864416	299.842276720682	374.183145615414	422.69443765355	462.912672925092	492.806782911783	548.498131918867	567.181643359961	610.747050954468	637.682243596484	707.566638751325	745.588851983606	819.192380881886	884.572165378133	940.518458075343	1047.77983379098	1122.88476602531	1199.84024917513	1311.79726188892	1380.42500538864	1500.29390355189	1588.20813739044	1681.10856068501	1786.12395765656	1891.84408281598	2020.19996555305	2063.5013337268	2152.17873155087	2321.56709135456	2478.33817718513	2663.28839144923	2786.8852543003	2882.85692005691	2901.00193874678	2943.29851975412	3012.56319394785	2999.37722786302	3064.38788722065	3085.43269909559	3095.73332153753	3187.59833256961	3250.73125145209	3306.6073907513	3438.05130276023	0	0	0	0	4760.09190011817	5697.17367902544	5500.40437267667	5428.40286333221	5883.34655652563	5375.09787641184	7125.46361792994
566.709	0	0	0	0	0	0	0	0	0	311.578714611722	38.3506708907116	69.859270719633	81.3090072048121	112.033147632333	129.80718248026	165.818450875805	186.342193345847	220.378921090956	259.045752116316	307.811097074189	362.24807772962	394.54566054767	441.038674561654	458.962947720539	511.963983026769	553.785721154053	595.956663573734	626.296537272746	668.734808885181	719.457483512123	773.121495187167	831.315061892468	892.894936858649	988.674439549881	1082.37669888921	1147.77767988337	1214.83766060237	1323.90903319323	1397.97905932582	1486.66854656735	1584.55609800622	1694.44724058196	1798.23776594107	1886.37544860869	1989.88345511326	2097.18265560088	2182.01970994314	2359.29741540626	2551.37099302026	2652.957528762	2675.1172409384	2776.90033964361	2805.03340417477	2864.82799649926	2874.20848391676	2842.623716659	2875.34189967629	2982.5877038438	3001.18554230554	3051.04288341688	3148.48307027895	3228.46488301547	0	0	0	0	4583.4447310937	4805.54143909041	5303.71045924402	5607.78743458892	5651.79600785097	6155.3078413905	5607.15252499141
570.044	0	0	0	0	0	0	0	0	686.624512828275	54.0631989999231	67.2655715612669	77.2380654379379	62.5095717190003	104.98172074487	146.663094685572	179.918503725519	195.673823308435	260.088047560237	276.855398656858	304.286143294301	356.166153738401	400.36359120557	437.430880893168	473.584019507968	485.998259927089	553.342146709116	567.41124541598	615.876865009181	651.117892286234	704.616229590403	772.972962215079	824.395837262851	871.913212461628	951.482512931545	1013.03997508602	1135.57106375282	1216.92874503099	1312.98320166893	1370.82284063701	1458.13898672225	1565.95925206072	1638.57600275668	1723.54883643224	1799.70963903879	1914.69880109325	1972.28735511117	2087.47022432976	2246.42872431512	2451.12075316788	2509.07114972366	2573.31533690631	2673.66020647489	2730.59302182387	2727.80476903799	2759.89532428936	2790.97096451605	2776.06646421321	2852.03393899286	2878.9371288047	2930.74989901815	2997.50695625291	0	0	0	0	3973.17242548942	4491.17308745694	5010.70591104205	5604.45062563701	5280.44510276067	5326.37422285371	5388.67346800194	3592.7671392724
573.38	0	0	0	0	0	0	0	0	96.3500019878036	38.5279402152482	81.5318052410563	67.4488119030276	101.176679348526	101.443633342388	149.089704122667	177.119483572409	193.141505507564	238.467459469346	272.184630162182	317.53119763236	329.948971952621	385.256888207478	426.458799224042	436.588902703359	494.609568743148	496.442704794833	556.468935362872	584.406216219039	627.462713845778	686.462807661217	731.391205136163	791.678071762782	828.02294041931	911.805641763981	998.346246656883	1070.11560155322	1150.10861335191	1209.42942846665	1312.18892167781	1381.18742751219	1478.3272265587	1572.7277214904	1655.60507240701	1751.74192873409	1787.77233899584	1912.41841187001	2007.72071913813	2190.82392993535	2300.99105453432	2434.8720839906	2422.88880777662	2504.96055027471	2540.29437361438	2585.90069549363	2579.13586353208	2629.35545219757	2655.36263798138	2697.07100807002	2719.37731013225	2794.50212219735	2906.76259525114	0	0	0	0	3949.46151016434	4362.52439296084	4575.2044488974	4723.20098315233	4714.69919615077	4730.84210085487	5308.05444804183	5556.39450405652
576.716	0	0	0	0	0	0	0	319.456011484179	52.6620516470055	86.4649926896929	61.4871820348843	99.6665390263285	118.550664766382	141.296167906992	148.698524755266	190.976944832196	219.071283350395	230.039969978966	278.474087566768	314.908455825991	349.008918423221	360.356339026695	417.282933240969	424.096914518487	457.680180309324	503.497292359432	539.932843073526	571.467496005019	611.157824626283	676.451062386078	697.001424470735	760.137977501942	831.961624605882	904.230142853708	945.589596502254	1022.7077465835	1086.43031735475	1177.64620742012	1241.8636809795	1334.9327870127	1420.49351129213	1504.25118895687	1564.27682261434	1649.6900079196	1709.06379963524	1774.77681199663	1923.24562929493	2046.74000519257	2170.68523740024	2273.84025514774	2316.73452447599	2350.22986486926	2392.5212731484	2449.19210640704	2476.88662663559	2450.88634173399	2549.75346871287	2539.30060777201	2583.48222444816	2632.16904039779	2806.14953894746	0	0	0	0	3789.41473467313	4233.21629870893	4933.53887377932	4748.24527919109	4571.92353418954	4520.36538812891	4478.42114275438	4669.28010704744
580.052	0	0	0	0	0	0	812.971265811735	57.587998542549	31.1000400166338	47.6841844582174	85.3119973612653	76.2217757683513	85.1051484592527	105.629135557385	139.33999931844	184.831793060761	209.386359666178	244.308700399034	253.640967628881	279.202440693297	327.073130510154	385.357873548906	384.121784804669	408.464447939621	437.344013704922	480.325043786524	528.961234462738	535.432566782194	580.650929138215	631.525556285589	670.281822384919	723.454351379444	770.035340637769	840.509643704084	902.787388434764	958.312001584711	1017.04372212776	1102.63110375068	1173.62500882294	1270.71285575274	1340.77553947485	1379.09875017895	1471.53650070748	1591.03859134487	1625.3047016662	1659.19220925742	1790.53874100863	1916.87072950352	2028.51278803549	2169.25180877587	2161.05764191463	2222.65330338866	2233.75488235327	2242.76156470264	2284.70581512176	2321.81374968462	2349.08563786891	2368.62468204081	2456.8959121155	2491.85387250245	0	0	0	0	3123.74067497055	3585.30629333446	3826.28330776693	4167.33253874374	4314.34610368752	4428.76726257979	5202.63364603868	6068.27532611348	5658.13683876715
583.389	0	0	0	0	0	0	90.3019842334205	14.4429743403226	40.5776222789488	16.1793070088126	45.5125597594959	81.7520340505493	93.2564536786187	98.3461145775475	122.755721287894	160.666995113768	156.917342157055	202.718112677074	225.984136414902	270.412810482927	303.152732364981	321.064945494518	346.207911171416	381.087519039287	415.861417646274	437.514284053345	477.641270007893	514.07378882777	534.308878288992	578.227874755722	628.472275950876	653.561747065079	714.972346466737	781.950114696518	817.474635477427	873.070516526884	957.219232998614	1024.68234027029	1065.8956733129	1138.61415193312	1235.74728068041	1315.43374388213	1374.51414044483	1446.67397128448	1511.98828028303	1551.31240676675	1634.73743873434	1766.06487085143	1925.797305665	1944.04676700594	2023.84358203733	2006.11096238578	2080.90215330319	2130.8785597733	2120.14057989321	2127.40473550137	2137.50134684812	2227.7112501125	2261.88433292228	2383.16469522989	0	0	0	0	2993.01366828177	3178.8643655417	3361.38745205947	3603.9372760547	3644.69089815123	3815.33066557889	4361.82500039147	3306.87531683283	2680.01762877676
586.726	0	0	0	0	0	419.453968601256	31.0862843123084	24.3588592116559	45.8060256632014	76.9952703606626	85.7804387809789	89.1637458677382	68.8567062516363	108.344407908113	140.192049549438	151.63851538642	192.389994279593	222.515914410654	238.7901192977	252.072565830481	280.078950841571	323.96534336375	348.2443689528	368.870342079023	401.846184453262	408.055929899135	465.106278978582	485.907023706957	513.31437204575	556.778202100777	604.769466630117	641.456819623405	688.955481182877	750.464283431822	795.225589534046	856.3428758732	908.301174414949	971.0128064658	1035.19630874043	1104.51870853643	1146.37012189743	1239.92420519151	1293.90387580287	1360.33753635616	1428.79181566124	1437.90195864375	1557.70968708054	1663.70948229241	1765.91677639526	1859.38596807669	1880.0619324514	1923.05426580888	1940.34976721216	1978.09887631688	2013.23724708758	2026.23181935741	2039.49204944147	2103.48137383291	2151.36291550283	2143.82773405183	0	0	0	0	2866.48473121537	3013.9078447123	3330.19505471401	3580.99165511483	3717.61940002878	4088.57489186251	4134.6062707299	3976.75737901086	4993.96982841094
590.063	0	0	0	0	796.357610090418	46.8233369037107	37.1640277784781	80.4809699972077	35.4677591195662	56.4140225123306	62.1025021935472	73.3271878910897	105.264869549579	107.526398222144	133.012870372881	149.501288705647	179.087977056235	195.525633594311	227.589264686864	262.450428616254	295.448621931983	315.967453224365	351.370430436295	370.622733427405	387.463279908077	390.105974025036	427.283230343531	459.027481389903	494.782290801538	525.271143808238	574.813540294216	603.048756607499	650.84468842791	699.417106007255	776.00444876752	812.410760954674	871.871024224412	893.068035034076	997.806441938712	1040.96191273251	1121.74373945312	1153.82180837719	1228.27929841421	1291.11707798197	1322.48758856962	1389.09824678047	1463.12564846282	1568.26048229804	1682.33743290217	1731.73338245283	1787.0699155979	1775.85850707716	1847.73707457697	1911.77339097153	1870.92736571493	1909.98316134712	1911.69797224291	1948.93570593297	2058.82090687457	0	0	0	0	2482.980477575	2776.5190790476	2986.17076441865	3282.24876224928	3223.8280783103	3749.64951838353	3757.55367588763	4050.62100198972	4130.33120503286	5196.7845556829
593.4	0	0	0	0	145.044357394238	2.33430105549055	41.2626202419916	23.2305834750405	45.0330080792433	46.793050885226	57.5135744842903	89.7221595055657	83.5636321338942	95.9933866321337	129.987625142818	151.019637977565	181.864522426303	213.906448915862	221.147106940054	241.695020605027	271.220082874351	291.276515996573	302.500095921346	339.215902642767	354.208215510028	394.089971107119	398.735997695975	438.137582634749	469.567072453274	504.980180732089	541.09304440726	596.034993213547	613.683167375155	663.669275279996	711.787570853626	769.222150320546	811.434856305003	868.983244824034	927.411836976354	979.397861657447	1035.89213623744	1075.27538557444	1155.79878172151	1228.8364170606	1262.41368124106	1304.8006055896	1362.62096111053	1500.61299777676	1583.85080783639	1660.96432753159	1687.32728998131	1720.3308897877	1747.1971482173	1740.94144341004	1774.82235333956	1796.18267742972	1841.07594381092	1895.20248551157	1914.04304198722	0	0	0	0	2337.81291469753	2569.01322364083	2844.88179984113	3050.36876590344	3450.97714177864	3502.26784993244	3270.58431593682	3518.84620043842	3324.87315981782	4038.23986765495
596.738	0	0	0	253.612382182104	13.8570700040349	52.0513843645163	29.0090199853096	42.0809112995273	45.0619147004946	36.5519924855978	67.1298061779906	73.362750765696	89.8305608697365	118.074504047231	119.364770079578	169.599793297752	154.291866844893	191.570916696273	214.549043431106	233.584885813466	263.462660358505	289.012080179511	301.378645295007	321.883421608128	356.138522256489	371.349155832947	407.953995812023	425.191678984083	450.430267263258	479.694187386484	513.38583634909	566.265376647727	595.127996284047	627.60734597196	692.030690668487	739.4001857015	788.157111850831	825.884204489274	910.206456384264	943.308200993768	998.76658624159	1054.0576848029	1083.7792413856	1139.99215718412	1209.93206144121	1245.50221885536	1303.04109388397	1382.87722944124	1521.38407697409	1589.73190921966	1628.80877697517	1617.19849523083	1681.57916202645	1669.76912242459	1729.62733946355	1715.57780018331	1766.5659681431	1784.88398591129	1880.46387171335	0	0	0	0	2293.50512647368	2504.28094560181	2608.58562166921	2979.33288206855	2753.54167653756	3373.93066864004	3648.72128983256	3706.80857928846	4013.12218518793	3777.28171078275
600.076	0	0	709.127921631952	17.2672298460565	16.523135759108	11.1992898234803	43.3328696508515	16.4690961733397	70.3414085767906	48.9623085397321	70.0889763372997	73.7642513914677	91.7213268564788	109.649090098679	110.8518582656	138.962314156731	155.419309547403	192.26086456176	209.432082233289	230.46289738834	245.097097019851	271.138062152445	275.00125053676	317.721144877157	331.883892745622	359.483485499469	386.899223060963	407.507329340126	433.422766372798	470.416022690135	500.985629125625	532.463024411097	559.000166784975	622.037041561244	646.458734870823	709.645526730899	765.225559440637	808.283679251326	827.5021870044	894.914872354321	944.125880057131	1027.74711123421	1077.47358722352	1111.03223614614	1164.06370464751	1173.08913828208	1248.75628998302	1336.18744758393	1440.62437926503	1503.48554821165	1523.17307041404	1502.42813222999	1536.85539459849	1609.20689045847	1610.93820787924	1675.12484254262	1684.70394111752	1730.55251941559	0	0	0	0	1980.38091125543	2284.69822136561	2257.73145754659	2546.43858872045	2704.31819808647	2952.15801841847	3254.1298323769	3433.98242084191	2649.6187484263	2401.46471287736	697.59715195221
603.415	0	0	117.055730028724	17.3185499066722	40.764006797961	48.3231459039598	43.6591394681772	54.2886532536556	25.5695859375804	59.9027421770796	120.820265911898	96.4840152467832	94.2471912390665	134.316880704282	132.734104161072	135.091727612142	189.475698865722	185.649325855894	197.007899805204	218.30784096336	246.442278170744	263.293704956012	312.150028888344	307.123532192567	323.28589891417	339.815317932235	378.735675053583	390.439611502896	420.71268392383	434.204296656956	484.31702744722	523.598380269284	551.225505135822	588.466207387947	620.151186049307	679.429857625686	718.286209798297	755.856486043232	834.40379921738	849.973698028939	870.209060199271	935.875882172834	993.619204699877	1045.52804006696	1093.72187689566	1121.74486157323	1215.60038382203	1255.66501545564	1343.93312868066	1449.07503161976	1439.49806457878	1472.11899131886	1505.34924381021	1489.27315538192	1550.03688129236	1563.66195681082	1572.23524828957	1612.55451729729	0	0	0	0	1951.82847154461	2096.13422786861	2213.89617638894	2303.03064331847	2555.06384562112	2823.73916825168	3048.33959444617	3150.10289985515	3133.23580152975	3752.80299579256	4853.61677184348
606.753	0	312.347976513891	19.4028279032498	67.8227956392579	35.013135164828	45.1867614337856	51.5299451001149	52.1139108619075	57.8150417300074	74.1094279981392	52.3581481341088	89.4329847199862	87.5442669035163	92.699365275461	134.096927112055	148.936215282339	124.396586969974	168.417596418966	200.233170413503	212.24024579153	237.694035338047	235.899280527982	269.592378209962	287.221609462837	298.807395489494	325.861738096033	352.624285719843	371.625872233589	392.111710324396	429.882027704151	454.665803488575	463.257672300112	507.302718292978	543.712223054743	594.644473752361	636.245981692571	652.632473686896	696.742956967777	767.031373377414	793.605397257449	860.467374174918	897.004006966871	924.596295899371	976.933692972973	1012.36424649959	1070.07917672946	1091.09457809093	1160.71066003475	1252.6512239195	1362.53019939476	1336.19229975139	1364.60209475742	1390.75092285415	1425.54462413329	1433.36836765089	1473.38494274014	1515.87866086845	1505.28809277273	0	0	0	0	1851.90669446095	1970.76303699139	2143.11950076475	2326.03689526699	2395.44128330081	2678.40279316387	2862.45547088469	3000.63260074706	2832.94354612273	3285.50759873611	3334.00311775531
610.092	630.949108109014	36.4134585141948	20.3392545103435	-12.190522385916	25.895070960957	-7.27090149971015	27.3690000649233	3.78442211568391	12.455709922699	50.2151808420173	59.9543631029569	58.8595525020244	87.0900379588014	92.2772675936811	106.919051389555	127.924986328373	136.695330946292	161.719636134867	172.182563226519	169.210403670553	191.407862610249	231.845762536503	221.624228942433	266.047652830959	273.132349786271	304.689671607957	325.531211044023	343.707142817275	375.377595302207	387.829867822581	427.639443359415	448.206607562014	471.925344597622	508.494250552249	547.220340101878	595.853669517357	625.749660868428	669.465315910649	730.775181326345	739.696297981492	777.549568182703	839.600196633417	854.654505591212	952.338302952662	948.55323857528	962.152405003753	1029.19482955762	1118.21842116191	1192.93999593652	1233.59019705641	1266.14918041703	1291.51252022463	1310.63673449309	1299.7376563111	1354.65194960672	1372.08144456152	1364.95687732984	0	0	0	0	1578.88504382707	1672.88500201294	1761.43149908409	1942.23758504268	1985.02134561846	2343.39906204242	2325.1380776741	2546.25895950555	2531.35018839259	2867.92693083285	3031.54858481593	2538.43325206035
613.431	101.145350153004	5.89368123184052	35.0905916872702	29.566170020132	7.50362542409466	50.01571965285	2.33082438611411	34.7366074058849	62.9183857383931	40.2159701469333	71.3821942127456	65.9153160678602	97.5113759039797	124.357338599167	98.131983165635	126.006813686079	129.07979894685	135.311121732856	149.688430523102	182.211505425985	201.894745999358	228.878926959936	238.025430300662	263.212442326568	269.557238690504	283.062810819787	300.588268552761	320.720439741752	346.850017279654	371.124386960079	398.85471695298	425.878096924742	442.003576929962	492.153934615763	496.773919288475	560.676562808365	586.489626788365	627.908713337591	672.419067423059	696.687379155208	766.192325553736	812.54195782983	812.903438681549	832.746142749668	892.631165389457	925.738639562563	971.325101373288	1026.37987812039	1129.22230841647	1178.26259762318	1165.98795229001	1179.29279496957	1183.59189992701	1237.62951350619	1264.12874882171	1287.7168340468	1277.25839743828	0	0	0	0	1505.90286954021	1696.49121364859	1746.31766549529	1952.48217031327	2098.60091289603	2114.2094442491	1973.83395392287	2639.70335337345	3051.69583344622	2106.15192616694	2550.1211535896	2498.31060992552
616.77	26.1228021509007	-17.9170941659076	5.60863916316169	-13.1957356912594	27.0348958490372	-17.1717719213771	43.5130555225081	9.18576811893639	22.2468766417275	48.6392367507449	37.900819949735	55.5649831330056	73.5147255672496	98.7911376882544	80.9679141367032	120.002449942418	119.210973924084	138.686935857319	157.086561095532	191.232169310164	178.137203895447	210.835925666379	225.304265017451	228.085395674743	248.497767432957	274.132490663928	280.638396867233	314.039200106904	327.579928272868	339.877309641776	375.173400751743	398.425961926734	428.152160040133	447.877325100404	490.900747004755	518.775419591537	566.423179793116	580.538804333888	611.031800765709	668.156862981701	668.898761720125	719.738624843848	747.525682621021	781.656854581449	832.99967346904	888.299078360551	886.720368379717	969.560993404035	1035.83460188959	1056.02908758614	1079.00903331459	1130.5208031989	1145.35706132982	1113.94259970168	1156.15057858851	1179.25649993276	1221.11194552437	0	0	0	0	1501.56839991165	1456.72844489411	1560.03678387367	1669.28885005941	1819.15752206939	1993.80196001045	2199.74761395141	2156.64596052385	2173.76677749051	1648.96760449283	878.729172735387	342.726978878256
620.109	42.4010680124047	47.7151080618101	75.9430304520561	79.0095194644615	86.1712597723995	81.4149358424922	65.1918478240807	104.436809977582	64.7247722627631	96.7339731409822	101.638990330141	116.32880677216	112.900122581041	114.725674158529	159.941893509098	160.408812638534	168.701582523678	188.574170521319	206.871532890855	220.14501270337	269.486083124986	240.781956975565	276.968172207227	293.696313643447	299.489800474267	293.739905820975	333.744258675834	360.761587883419	378.349052216928	405.446630243406	439.055471402386	478.601745989572	504.106891001662	522.003295097874	561.859069776043	597.844550037493	640.865954123169	643.301954819324	749.949705634541	749.274736849546	779.062008029615	802.878473555011	867.309036460935	928.972626510186	937.917301862004	1013.72860884699	1025.77284722896	1076.17518857967	1195.84277599894	1229.901395769	1257.08626393948	1252.53575474262	1342.29787414357	1309.67721437345	1318.07533858283	1381.11153610187	0	0	0	0	1598.02605399485	1707.65980607782	1810.82645066563	1843.01446431623	2090.59017113902	2239.84483928109	2363.96999639014	2761.32384928314	2536.3100758027	3185.74228202337	3475.63623995489	4413.33689900582	5806.82700492931
