Sample - Blank	600	595	590	585	580	575	570	565	560	555	550	545	540	535	530	525	520	515	510	505	500	495	490	485	480	475	470	465	460	455	450	445	440	435	430	425	420	415	410	405	400	395	390	385	380	375	370	365	360	355	350	345	340	335	330	325	320	315	310	305	300	295	290	285	280	275	270	265	260	255	250	245	240
nm																																																																									
213.328	0	0	0	0	0	0	0	0	0	0	0	0	0	0	0	0	0	0	0	0	0	0	0	0	0	0	0	0	0	0	0	0	0	0	0	0	0	0	0	0	0	0	0	0	0	0	0	0	0	0	0	0	0	0	0	0	0	0	0	0	0	0	0	0	0	0	0	0	0	0	0	0	0
216.504	0	0	0	0	0	0	0	0	0	0	0	0	0	0	0	0	0	0	0	0	0	0	0	0	0	0	0	0	0	0	0	0	0	0	0	0	0	0	0	0	0	0	0	0	0	0	0	0	0	0	0	0	0	0	0	0	0	0	0	0	0	0	0	0	0	0	0	0	0	0	0	0	0
219.682	0	0	0	0	0	0	0	0	0	0	0	0	0	0	0	0	0	0	0	0	0	0	0	0	0	0	0	0	0	0	0	0	0	0	0	0	0	0	0	0	0	0	0	0	0	0	0	0	0	0	0	0	0	0	0	0	0	0	0	0	0	0	0	0	0	0	0	0	0	0	0	0	0
222.862	0	0	0	0	0	0	0	0	0	0	0	0	0	0	0	0	0	0	0	0	0	0	0	0	0	0	0	0	0	0	0	0	0	0	0	0	0	0	0	0	0	0	0	0	0	0	0	0	0	0	0	0	0	0	0	0	0	0	0	0	0	0	0	0	0	0	0	0	0	0	0	0	0
226.045	0	0	0	0	0	0	0	0	0	0	0	0	0	0	0	0	0	0	0	0	0	0	0	0	0	0	0	0	0	0	0	0	0	0	0	0	0	0	0	0	0	0	0	0	0	0	0	0	0	0	0	0	0	0	0	0	0	0	0	0	0	0	0	0	0	0	0	0	0	0	0	0	0
229.23	0	0	0	0	0	0	0	0	0	0	0	0	0	0	0	0	0	0	0	0	0	0	0	0	0	0	0	0	0	0	0	0	0	0	0	0	0	0	0	0	0	0	0	0	0	0	0	0	0	0	0	0	0	0	0	0	0	0	0	0	0	0	0	0	0	0	0	0	0	0	0	0	0
232.417	0	0	0	0	0	0	0	0	0	0	0	0	0	0	0	0	0	0	0	0	0	0	0	0	0	0	0	0	0	0	0	0	0	0	0	0	0	0	0	0	0	0	0	0	0	0	0	0	0	0	0	0	0	0	0	0	0	0	0	0	0	0	0	0	0	0	0	0	0	0	0	0	0
235.607	0	0	0	0	0	0	0	0	0	0	0	0	0	0	0	0	0	0	0	0	0	0	0	0	0	0	0	0	0	0	0	0	0	0	0	0	0	0	0	0	0	0	0	0	0	0	0	0	0	0	0	0	0	0	0	0	0	0	0	0	0	0	0	0	0	0	0	0	0	0	0	0	0
238.799	0	0	0	0	0	0	0	0	0	0	0	0	0	0	0	0	0	0	0	0	0	0	0	0	0	0	0	0	0	0	0	0	0	0	0	0	0	0	0	0	0	0	0	0	0	0	0	0	0	0	0	0	0	0	0	0	0	0	0	0	0	0	0	0	0	0	0	0	0	0	0	0	0
241.993	0	0	0	0	0	0	0	0	0	0	0	0	0	0	0	0	0	0	0	0	0	0	0	0	0	0	0	0	0	0	0	0	0	0	0	0	0	0	0	0	0	0	0	0	0	0	0	0	0	0	0	0	0	0	0	0	0	0	0	0	0	0	0	0	0	0	0	0	0	0	0	0	0
245.19	0	0	0	0	0	0	0	0	0	0	0	0	0	0	0	0	0	0	0	0	0	0	0	0	0	0	0	0	0	0	0	0	0	0	0	0	0	0	0	0	0	0	0	0	0	0	0	0	0	0	0	0	0	0	0	0	0	0	0	0	0	0	0	0	0	0	0	0	0	0	0	0	0
248.388	0	0	0	0	0	0	0	0	0	0	0	0	0	0	0	0	0	0	0	0	0	0	0	0	0	0	0	0	0	0	0	0	0	0	0	0	0	0	0	0	0	0	0	0	0	0	0	0	0	0	0	0	0	0	0	0	0	0	0	0	0	0	0	0	0	0	0	0	0	0	0	0	0
251.589	0	0	0	0	0	0	0	0	0	0	0	0	0	0	0	0	0	0	0	0	0	0	0	0	0	0	0	0	0	0	0	0	0	0	0	0	0	0	0	0	0	0	0	0	0	0	0	0	0	0	0	0	0	0	0	0	0	0	0	0	0	0	0	0	0	0	0	0	0	0	0	0	-1596.39775451177
254.793	0	0	0	0	0	0	0	0	0	0	0	0	0	0	0	0	0	0	0	0	0	0	0	0	0	0	0	0	0	0	0	0	0	0	0	0	0	0	0	0	0	0	0	0	0	0	0	0	0	0	0	0	0	0	0	0	0	0	0	0	0	0	0	0	0	0	0	0	0	0	0	0	336.091133815808
257.998	0	0	0	0	0	0	0	0	0	0	0	0	0	0	0	0	0	0	0	0	0	0	0	0	0	0	0	0	0	0	0	0	0	0	0	0	0	0	0	0	0	0	0	0	0	0	0	0	0	0	0	0	0	0	0	0	0	0	0	0	0	0	0	0	0	0	0	0	0	0	0	-649.996603196242	-469.583047383506
261.205	0	0	0	0	0	0	0	0	0	0	0	0	0	0	0	0	0	0	0	0	0	0	0	0	0	0	0	0	0	0	0	0	0	0	0	0	0	0	0	0	0	0	0	0	0	0	0	0	0	0	0	0	0	0	0	0	0	0	0	0	0	0	0	0	0	0	0	0	0	0	-1365.95480974446	34.064655520681	-1837.21484722626
264.415	0	0	0	0	0	0	0	0	0	0	0	0	0	0	0	0	0	0	0	0	0	0	0	0	0	0	0	0	0	0	0	0	0	0	0	0	0	0	0	0	0	0	0	0	0	0	0	0	0	0	0	0	0	0	0	0	0	0	0	0	0	0	0	0	0	0	0	0	0	0	-267.436657060295	-571.535134666961	-3782.99176011702
267.627	0	0	0	0	0	0	0	0	0	0	0	0	0	0	0	0	0	0	0	0	0	0	0	0	0	0	0	0	0	0	0	0	0	0	0	0	0	0	0	0	0	0	0	0	0	0	0	0	0	0	0	0	0	0	0	0	0	0	0	0	0	0	0	0	0	0	0	0	0	-453.681662230228	-42.8124490264297	-1003.74822462254	-3697.28320110563
270.841	0	0	0	0	0	0	0	0	0	0	0	0	0	0	0	0	0	0	0	0	0	0	0	0	0	0	0	0	0	0	0	0	0	0	0	0	0	0	0	0	0	0	0	0	0	0	0	0	0	0	0	0	0	0	0	0	0	0	0	0	0	0	0	0	0	0	0	0	-166.631283926317	-142.6483944882	-254.321183563407	-2785.48574298753	-1699.04782765139
274.057	0	0	0	0	0	0	0	0	0	0	0	0	0	0	0	0	0	0	0	0	0	0	0	0	0	0	0	0	0	0	0	0	0	0	0	0	0	0	0	0	0	0	0	0	0	0	0	0	0	0	0	0	0	0	0	0	0	0	0	0	0	0	0	0	0	0	0	0	-210.576296336143	-140.149043435851	-1045.10315120146	-3178.14654515969	-770.129861228701
277.275	0	0	0	0	0	0	0	0	0	0	0	0	0	0	0	0	0	0	0	0	0	0	0	0	0	0	0	0	0	0	0	0	0	0	0	0	0	0	0	0	0	0	0	0	0	0	0	0	0	0	0	0	0	0	0	0	0	0	0	0	0	0	0	0	0	0	0	44.295897901265	-112.939695347285	-65.7563382957261	-1886.06090727509	-1522.2383921806	-137.266511397697
280.496	0	0	0	0	0	0	0	0	0	0	0	0	0	0	0	0	0	0	0	0	0	0	0	0	0	0	0	0	0	0	0	0	0	0	0	0	0	0	0	0	0	0	0	0	0	0	0	0	0	0	0	0	0	0	0	0	0	0	0	0	0	0	0	0	0	0	1015.43908190688	65.7058415642225	54.8131029374641	-729.313667504773	-2315.74944495244	-517.643788972565	177.298131857453
283.718	0	0	0	0	0	0	0	0	0	0	0	0	0	0	0	0	0	0	0	0	0	0	0	0	0	0	0	0	0	0	0	0	0	0	0	0	0	0	0	0	0	0	0	0	0	0	0	0	0	0	0	0	0	0	0	0	0	0	0	0	0	0	0	0	0	0	188.877639387363	176.885085792391	-115.420687321806	-1537.28134765177	-1148.24433655181	202.715978035329	529.093662397805
286.942	0	0	0	0	0	0	0	0	0	0	0	0	0	0	0	0	0	0	0	0	0	0	0	0	0	0	0	0	0	0	0	0	0	0	0	0	0	0	0	0	0	0	0	0	0	0	0	0	0	0	0	0	0	0	0	0	0	0	0	0	0	0	0	0	0	874.820519242912	79.2230971224532	49.9102456009104	-348.150343869576	-1575.78093253148	-153.728682014159	154.585868559314	60.0605863187297
290.169	0	0	0	0	0	0	0	0	0	0	0	0	0	0	0	0	0	0	0	0	0	0	0	0	0	0	0	0	0	0	0	0	0	0	0	0	0	0	0	0	0	0	0	0	0	0	0	0	0	0	0	0	0	0	0	0	0	0	0	0	0	0	0	0	1824.92927791827	300.579291767093	342.58901833	206.148900690718	-1171.94869340475	-763.510924392888	-98.3909557778249	-81.0737518377791	66.8208061642167
293.397	0	0	0	0	0	0	0	0	0	0	0	0	0	0	0	0	0	0	0	0	0	0	0	0	0	0	0	0	0	0	0	0	0	0	0	0	0	0	0	0	0	0	0	0	0	0	0	0	0	0	0	0	0	0	0	0	0	0	0	0	0	0	0	0	517.945430137972	510.351860787953	551.490859681387	35.4697367125722	-799.195772672369	-47.2783643769518	309.034341907875	137.520808955081	119.729370904
296.628	0	0	0	0	0	0	0	0	0	0	0	0	0	0	0	0	0	0	0	0	0	0	0	0	0	0	0	0	0	0	0	0	0	0	0	0	0	0	0	0	0	0	0	0	0	0	0	0	0	0	0	0	0	0	0	0	0	0	0	0	0	0	0	1135.72880014731	471.963446428744	727.377355224252	640.228821921609	-407.007106445728	-232.870990464499	455.630339120491	347.231421604506	-50.9391994740396	350.251606434398
299.86	0	0	0	0	0	0	0	0	0	0	0	0	0	0	0	0	0	0	0	0	0	0	0	0	0	0	0	0	0	0	0	0	0	0	0	0	0	0	0	0	0	0	0	0	0	0	0	0	0	0	0	0	0	0	0	0	0	0	0	0	0	0	0	270.645014826999	589.50834219031	757.593034403238	463.429031448098	-358.196715672729	462.662442169374	561.559297208236	496.628516304968	351.418437541149	485.417663346067
303.095	0	0	0	0	0	0	0	0	0	0	0	0	0	0	0	0	0	0	0	0	0	0	0	0	0	0	0	0	0	0	0	0	0	0	0	0	0	0	0	0	0	0	0	0	0	0	0	0	0	0	0	0	0	0	0	0	0	0	0	0	0	0	502.052837645757	372.978030654016	666.364419477389	842.157837269725	166.855171836006	296.32603527224	691.518824345138	455.348314183394	228.757725295576	241.593088028981	96.498263910104
306.331	0	0	0	0	0	0	0	0	0	0	0	0	0	0	0	0	0	0	0	0	0	0	0	0	0	0	0	0	0	0	0	0	0	0	0	0	0	0	0	0	0	0	0	0	0	0	0	0	0	0	0	0	0	0	0	0	0	0	0	0	0	1354.47620397966	174.833111055236	398.947629277963	767.693971334996	597.239206529578	321.698801993581	909.009698442067	706.47259991907	709.274497711903	494.139562679885	582.457404937061	499.809782913375
309.569	0	0	0	0	0	0	0	0	0	0	0	0	0	0	0	0	0	0	0	0	0	0	0	0	0	0	0	0	0	0	0	0	0	0	0	0	0	0	0	0	0	0	0	0	0	0	0	0	0	0	0	0	0	0	0	0	0	0	0	0	0	186.635522637451	272.499604416479	499.121017709308	803.200249433811	565.140661870439	747.599203552322	1115.0318247266	966.463153742604	791.332958042739	818.520817547004	835.205516309173	977.216187652185
312.81	0	0	0	0	0	0	0	0	0	0	0	0	0	0	0	0	0	0	0	0	0	0	0	0	0	0	0	0	0	0	0	0	0	0	0	0	0	0	0	0	0	0	0	0	0	0	0	0	0	0	0	0	0	0	0	0	0	0	0	0	684.46295713429	137.777214158446	276.983540240252	520.548977481965	626.228736617129	502.777968806493	1044.0795371288	1008.68964227862	822.531366189455	845.788781914799	611.452024330661	397.136703627446	712.828272741882
316.052	0	0	0	0	0	0	0	0	0	0	0	0	0	0	0	0	0	0	0	0	0	0	0	0	0	0	0	0	0	0	0	0	0	0	0	0	0	0	0	0	0	0	0	0	0	0	0	0	0	0	0	0	0	0	0	0	0	0	0	1615.95703783535	104.614966259331	166.062607222366	303.856638541357	482.996048018364	405.863756426579	785.90874916798	1201.24545818235	1000.54510974815	880.300398405001	811.436363743209	675.260719227081	563.324219969044	619.51788906873
319.296	0	0	0	0	0	0	0	0	0	0	0	0	0	0	0	0	0	0	0	0	0	0	0	0	0	0	0	0	0	0	0	0	0	0	0	0	0	0	0	0	0	0	0	0	0	0	0	0	0	0	0	0	0	0	0	0	0	0	0	241.228222876616	132.458396100891	231.692451049873	374.257695599015	423.601066769543	549.503713124895	997.6931924214	1128.65315804958	1054.83179127597	857.497050005796	673.742833245249	396.800329116314	455.197055655727	458.538257477529
322.542	0	0	0	0	0	0	0	0	0	0	0	0	0	0	0	0	0	0	0	0	0	0	0	0	0	0	0	0	0	0	0	0	0	0	0	0	0	0	0	0	0	0	0	0	0	0	0	0	0	0	0	0	0	0	0	0	0	0	801.003203253867	129.57614907373	187.052681093306	298.269144212488	400.171246283837	326.889454835855	787.45877849393	1179.3428795529	1124.44266566913	1087.90800076445	925.781818403733	667.373310896985	680.831774283098	584.124174485344	690.004878030588
325.79	0	0	0	0	0	0	0	0	0	0	0	0	0	0	0	0	0	0	0	0	0	0	0	0	0	0	0	0	0	0	0	0	0	0	0	0	0	0	0	0	0	0	0	0	0	0	0	0	0	0	0	0	0	0	0	0	0	1965.20200250903	187.59014137641	203.724989508873	262.035318504948	389.152403518644	377.35125189702	526.631161441712	1101.83655967434	1279.80845617892	1290.03554023931	1149.25068886423	1184.32127527151	1026.17589210574	1060.47293935663	1091.26702606389	1446.41319557451
329.039	0	0	0	0	0	0	0	0	0	0	0	0	0	0	0	0	0	0	0	0	0	0	0	0	0	0	0	0	0	0	0	0	0	0	0	0	0	0	0	0	0	0	0	0	0	0	0	0	0	0	0	0	0	0	0	0	0	306.924191397319	127.374347182636	180.563279456779	270.248591164023	345.93694498919	231.239913068779	742.76535037178	1042.04775629307	1106.39659008186	1195.52246329875	997.174869266861	913.696632655813	894.727032729322	694.054067769068	690.625472515533	588.0385575059
332.291	0	0	0	0	0	0	0	0	0	0	0	0	0	0	0	0	0	0	0	0	0	0	0	0	0	0	0	0	0	0	0	0	0	0	0	0	0	0	0	0	0	0	0	0	0	0	0	0	0	0	0	0	0	0	0	0	890.171541095325	73.7601729234521	154.074212350394	259.674390096516	326.715248721027	300.562474996666	410.502276321452	852.159330320495	1032.02207633024	1155.03826456056	1149.00222433178	1011.2131534385	1032.2553364513	822.433843819688	685.018296840215	500.964806683442	749.083863305799
335.544	0	0	0	0	0	0	0	0	0	0	0	0	0	0	0	0	0	0	0	0	0	0	0	0	0	0	0	0	0	0	0	0	0	0	0	0	0	0	0	0	0	0	0	0	0	0	0	0	0	0	0	0	0	0	0	1838.74008041418	150.571426736848	175.907047805008	220.481273199715	331.772887717405	400.146803931067	283.638839910849	602.947574630886	979.527349101446	1077.16773183668	1210.8229841775	1189.78081020859	1241.08599639209	998.54157340948	1001.41318820981	960.47895264565	836.172395318519	1656.04896579056
338.799	0	0	0	0	0	0	0	0	0	0	0	0	0	0	0	0	0	0	0	0	0	0	0	0	0	0	0	0	0	0	0	0	0	0	0	0	0	0	0	0	0	0	0	0	0	0	0	0	0	0	0	0	0	0	0	367.033285687043	152.026802881877	186.62821922556	313.609130375519	405.080992117852	373.443881468281	433.077533492774	803.765960803896	961.918074055911	1221.92002037201	1240.60952430868	1253.73440291775	1242.66806335541	1155.41320679058	997.421753713879	1167.31050682522	1160.44652871041	1613.56970696862
342.056	0	0	0	0	0	0	0	0	0	0	0	0	0	0	0	0	0	0	0	0	0	0	0	0	0	0	0	0	0	0	0	0	0	0	0	0	0	0	0	0	0	0	0	0	0	0	0	0	0	0	0	0	0	0	915.14165791465	97.3917087211448	150.494814057622	250.172975247391	360.90600031267	392.640577975212	357.787785911263	580.073863914485	832.847750631176	1038.95298456132	1135.70203446858	1178.54642815409	1175.41097604426	1056.04499919458	1140.51419680482	1041.87653422885	1112.7844500367	930.353976588001	1167.4301843613
345.315	0	0	0	0	0	0	0	0	0	0	0	0	0	0	0	0	0	0	0	0	0	0	0	0	0	0	0	0	0	0	0	0	0	0	0	0	0	0	0	0	0	0	0	0	0	0	0	0	0	0	0	0	0	1990.78750798677	160.872636210755	161.842094635453	210.116347794128	283.676629643898	385.306451823192	376.997414575987	426.402484908294	758.550421097777	900.487170485235	1032.87582487849	1131.81078160249	1156.47598598362	1146.08871657352	1080.12187726362	1039.48612772721	976.471139020645	989.375707525183	936.275647852556	919.062452169158
348.575	0	0	0	0	0	0	0	0	0	0	0	0	0	0	0	0	0	0	0	0	0	0	0	0	0	0	0	0	0	0	0	0	0	0	0	0	0	0	0	0	0	0	0	0	0	0	0	0	0	0	0	0	0	467.86645540492	164.333575604547	211.826671908117	297.927976257342	392.874780482374	443.955059064874	445.067203192061	695.929998318605	832.30776484153	1011.77002990075	1123.12399916662	1171.82826685427	1242.07853267641	1267.44112668902	1227.74400460167	1215.68274413491	1196.24135230488	1087.053111702	1150.77339063053	1599.85571894582
351.838	0	0	0	0	0	0	0	0	0	0	0	0	0	0	0	0	0	0	0	0	0	0	0	0	0	0	0	0	0	0	0	0	0	0	0	0	0	0	0	0	0	0	0	0	0	0	0	0	0	0	0	0	1015.50341009838	154.869195294535	205.354043820676	254.980463352441	378.507490382052	474.674423557179	483.387185325426	550.151249346454	842.067990830476	933.774863106419	1067.49466537305	1155.69002330849	1250.19574350698	1363.60392138042	1177.97730438348	1200.49200073403	1136.16042796213	1260.55472543577	1205.87184900766	1318.22091531783	1567.22125584671
355.101	0	0	0	0	0	0	0	0	0	0	0	0	0	0	0	0	0	0	0	0	0	0	0	0	0	0	0	0	0	0	0	0	0	0	0	0	0	0	0	0	0	0	0	0	0	0	0	0	0	0	0	2571.59209655063	216.417320419805	204.540981552552	295.372797993685	378.430792636128	448.222647252765	519.737794459995	563.968847180585	791.794703718861	904.002911127278	1027.72377332388	1124.30558113527	1212.74631151859	1275.05824401567	1310.45453065169	1312.01829491557	1347.85821911688	1286.36995399734	1395.68496056675	1591.93541135348	1642.31092937539	1705.0171378015
358.367	0	0	0	0	0	0	0	0	0	0	0	0	0	0	0	0	0	0	0	0	0	0	0	0	0	0	0	0	0	0	0	0	0	0	0	0	0	0	0	0	0	0	0	0	0	0	0	0	0	0	0	557.922816963513	160.907751415192	243.578059003098	308.88780900708	431.289453051628	526.39905075723	571.300752921714	693.011393824604	901.160723736275	1001.84989999795	1091.05345183154	1167.33208647524	1236.15462362753	1291.79912538476	1285.75594232523	1209.73239165492	1200.31480871997	1291.15065142096	1337.82318449984	1280.08995540356	1571.23017954048	1711.62183144786
361.634	0	0	0	0	0	0	0	0	0	0	0	0	0	0	0	0	0	0	0	0	0	0	0	0	0	0	0	0	0	0	0	0	0	0	0	0	0	0	0	0	0	0	0	0	0	0	0	0	0	0	1021.68805452928	165.461428001156	221.643264437212	303.589728275383	421.10486950881	536.266223454233	603.061206671591	646.262838183301	865.643710364974	1014.00548464482	1110.2498034366	1159.32513017436	1210.41457660192	1258.72109981713	1328.0355955684	1308.77647637293	1305.80634520981	1429.88261382538	1306.10794754195	1341.37715938124	1766.60025420051	1866.23246683875	1616.41972087645
364.903	0	0	0	0	0	0	0	0	0	0	0	0	0	0	0	0	0	0	0	0	0	0	0	0	0	0	0	0	0	0	0	0	0	0	0	0	0	0	0	0	0	0	0	0	0	0	0	0	0	0	219.584622086755	204.713215823199	312.264237759439	396.442930235411	501.287965208318	617.750003953194	693.256478389817	820.684583079042	980.848119395994	1168.8270640899	1272.50937085241	1333.57704810898	1342.8072718981	1412.04537719346	1359.57480841337	1468.68553787074	1365.38586774849	1491.22111246844	1576.19306059322	1564.32040274121	1738.72013551924	1942.94776589776	2303.9946146921
368.174	0	0	0	0	0	0	0	0	0	0	0	0	0	0	0	0	0	0	0	0	0	0	0	0	0	0	0	0	0	0	0	0	0	0	0	0	0	0	0	0	0	0	0	0	0	0	0	0	0	469.727594949166	166.799567627805	260.849191247644	364.157545368549	486.166102451652	631.325286343786	686.397402488803	775.211351466475	971.223774425962	1149.61121107857	1242.10333610762	1347.04947004017	1388.27279129901	1410.12736182822	1414.61467721897	1452.99031792065	1450.12003896624	1539.85685598781	1446.49701597812	1629.23925940442	1739.79783121184	1844.61910943727	2118.75608653054	2139.80917113169
371.446	0	0	0	0	0	0	0	0	0	0	0	0	0	0	0	0	0	0	0	0	0	0	0	0	0	0	0	0	0	0	0	0	0	0	0	0	0	0	0	0	0	0	0	0	0	0	0	0	1039.2112318956	151.250914605828	211.355210000179	320.116422325631	435.934271903587	594.618141458866	701.495165484409	762.619332856102	990.867514471915	1130.48354103705	1294.04175519702	1406.88340317991	1473.59510733708	1489.03545354198	1509.45834815457	1571.6339304876	1497.56707635504	1524.84508410833	1532.25215321101	1563.35804241232	1732.60523575862	1859.32928235818	1985.79371880031	2064.04638880029	2563.01995508168
374.719	0	0	0	0	0	0	0	0	0	0	0	0	0	0	0	0	0	0	0	0	0	0	0	0	0	0	0	0	0	0	0	0	0	0	0	0	0	0	0	0	0	0	0	0	0	0	0	0	228.059444899812	196.020676066792	303.773969540531	444.593244628332	546.852611857586	718.725654892236	826.265235353477	921.619830490105	1164.04994577669	1301.08992397067	1466.82187880295	1589.64393629738	1668.24622688062	1759.53386531003	1686.68914973787	1688.68886823367	1657.67451345329	1696.92574923868	1751.9774539215	1881.8152817702	1955.75460204076	2134.36515181363	2403.4692898886	2831.34433088794	2796.58668143867
377.995	0	0	0	0	0	0	0	0	0	0	0	0	0	0	0	0	0	0	0	0	0	0	0	0	0	0	0	0	0	0	0	0	0	0	0	0	0	0	0	0	0	0	0	0	0	0	0	469.80674808863	137.998231562928	269.355348197571	380.893071573198	509.950424062299	673.423802770212	824.732915270653	970.16966122863	1084.41217214222	1299.58056203299	1481.68069175945	1590.45397140689	1766.18531818219	1851.27517394397	1861.18123151362	1882.7488619386	1805.33932124689	1869.31967205949	1827.93935355882	1928.64567477181	2100.02552547267	2124.94003399452	2301.76295359771	2771.96303706077	3110.6564496684	3072.18973332373
381.272	0	0	0	0	0	0	0	0	0	0	0	0	0	0	0	0	0	0	0	0	0	0	0	0	0	0	0	0	0	0	0	0	0	0	0	0	0	0	0	0	0	0	0	0	0	0	1104.8785095135	166.735002207317	245.265462370942	329.148564526792	467.353739285278	614.888833134389	805.038344730544	928.666443197192	1068.029761842	1278.83219748676	1485.20018241448	1668.63414963933	1813.40287466496	1943.12014197814	2015.26946188683	2010.62798063906	2011.99966836789	2017.90294707135	1956.84517528448	1952.7213353056	2069.54295801144	2065.26903854245	2460.57574015292	2732.31353071247	2929.79604348058	3390.92713334414	3960.75125232998
384.55	0	0	0	0	0	0	0	0	0	0	0	0	0	0	0	0	0	0	0	0	0	0	0	0	0	0	0	0	0	0	0	0	0	0	0	0	0	0	0	0	0	0	0	0	0	0	210.97124156118	139.305609982181	278.343087129412	387.747382735212	543.826735713728	712.757973975089	861.687081796388	1019.90870679086	1265.27843021687	1430.55545401682	1598.12917081056	1741.65481683991	1940.18189018872	2052.56920625291	2154.74294125483	2149.2072568438	2112.37713373327	2113.00736590946	2088.40418302366	2065.7805871723	2174.61756243494	2315.1776334882	2436.6619622681	2830.00064767971	3111.89624929133	3464.47840785669	3571.18878637184
387.83	0	0	0	0	0	0	0	0	0	0	0	0	0	0	0	0	0	0	0	0	0	0	0	0	0	0	0	0	0	0	0	0	0	0	0	0	0	0	0	0	0	0	0	0	0	619.936990398728	157.6965521954	241.380959032088	343.985250516726	513.995976223873	686.579758450319	847.455952050653	981.562726302699	1134.34214175765	1368.29946602702	1607.25679813618	1815.96288477341	1978.90638354906	2106.79279654611	2352.97601989926	2397.64986053386	2359.51803145396	2307.4399596349	2303.62330874046	2190.06623031415	2210.53267951345	2290.74758046418	2493.92186257931	2893.4094116683	3117.23864712991	3561.44864530306	3759.56813025022	4174.20092214225
391.112	0	0	0	0	0	0	0	0	0	0	0	0	0	0	0	0	0	0	0	0	0	0	0	0	0	0	0	0	0	0	0	0	0	0	0	0	0	0	0	0	0	0	0	0	1796.1147284965	136.081370420484	186.091253950684	285.490452993659	426.853554967991	582.084688789756	778.480533930254	970.777686907681	1104.78300808962	1303.33560630736	1540.55222675038	1744.41572391573	1891.61478475172	2048.97564031387	2291.04914152387	2398.35667024194	2474.9842403917	2455.774155426	2352.50986056512	2342.76244934575	2323.04993061137	2332.46755034177	2482.25413912205	2714.68497558618	2880.91507630961	3337.43253402181	3564.99145665585	3969.16859746	4024.88658686353
394.395	0	0	0	0	0	0	0	0	0	0	0	0	0	0	0	0	0	0	0	0	0	0	0	0	0	0	0	0	0	0	0	0	0	0	0	0	0	0	0	0	0	0	0	0	307.596400837682	170.876644275876	240.170671176971	361.794915590017	502.213138009402	689.807805913687	875.388158241075	1028.15381831877	1227.04897524668	1479.85167886617	1695.57527545193	1869.50107841048	2072.87820497921	2282.68458985066	2448.91877661704	2585.54329113091	2636.81894097768	2622.6578006383	2560.47629812006	2497.0182406129	2460.90936423449	2456.51147164314	2522.51395849159	2794.75896400549	3307.44727494552	3471.20614161946	3896.65675120009	4407.58426120464	4859.12411970162
397.679	0	0	0	0	0	0	0	0	0	0	0	0	0	0	0	0	0	0	0	0	0	0	0	0	0	0	0	0	0	0	0	0	0	0	0	0	0	0	0	0	0	0	0	861.112807650062	149.408940856784	194.307556414542	280.524492251467	423.235355014716	613.053979100223	805.465434168203	958.718091536512	1141.65915253941	1403.05502431866	1616.67441186544	1804.16038625642	2030.51551713288	2218.10375702735	2390.03052970786	2568.50685747499	2721.74919678561	2799.9872176161	2753.0647011194	2622.93233048189	2578.03612283425	2564.93438508908	2596.68824385447	2749.58924969269	2944.42357592281	3272.90221776214	3837.96865291714	4044.89263045316	4629.77615271031	4315.65383481707
400.965	0	0	0	0	0	0	0	0	0	0	0	0	0	0	0	0	0	0	0	0	0	0	0	0	0	0	0	0	0	0	0	0	0	0	0	0	0	0	0	0	0	0	1250.78375912783	143.853341144421	154.998419141735	240.42750679671	360.037605938658	488.037621773606	707.583936065511	900.882690723012	1084.77654682095	1261.93641112305	1489.67049377577	1741.50095085155	1955.41370076295	2136.80142997656	2342.89552183072	2551.95610211688	2679.74203056212	2840.93914075779	2908.03883661956	2860.6620049201	2753.02266706779	2644.65275750452	2637.66611466026	2658.94693895437	2761.92804478023	3050.15253857064	3445.25277223712	3903.71255438239	4363.76752074965	4720.26114177211	4840.35063876989
404.253	0	0	0	0	0	0	0	0	0	0	0	0	0	0	0	0	0	0	0	0	0	0	0	0	0	0	0	0	0	0	0	0	0	0	0	0	0	0	0	0	0	0	239.656400947445	162.72079536102	236.292375627253	292.605382200454	435.903055656046	598.462165347918	791.107631064086	1022.23967724964	1183.22140377366	1405.49157016359	1645.03019856871	1894.8553139115	2096.632519893	2270.82444736232	2541.50606096237	2686.71765957173	2862.16051436834	2989.84451022616	3053.71839165676	2956.99204362756	2840.40361864126	2844.55541242152	2682.28461697467	2814.16231858375	2916.46119525773	3286.45766213424	3732.1708907827	4163.52330442311	4490.55716753323	4967.36976327241	5031.47539417728
407.542	0	0	0	0	0	0	0	0	0	0	0	0	0	0	0	0	0	0	0	0	0	0	0	0	0	0	0	0	0	0	0	0	0	0	0	0	0	0	0	0	0	664.530806507191	115.713667491772	188.921690276505	267.070109001311	371.203360851646	504.577553112472	687.463602150855	908.158633695463	1109.73796819598	1293.97560109299	1549.29525475475	1760.06411915834	1999.27754574231	2236.99719835533	2399.97603368471	2589.39679925293	2796.33057268752	2948.04438814693	3090.10236660579	3072.72151700264	3067.30534652392	2939.98772299839	2841.42541694565	2875.95738998005	2845.62019428027	3060.93226330751	3374.46506565607	3717.53066591431	4209.06172733811	4675.64879460913	5117.75412767066	5525.90499652752
410.832	0	0	0	0	0	0	0	0	0	0	0	0	0	0	0	0	0	0	0	0	0	0	0	0	0	0	0	0	0	0	0	0	0	0	0	0	0	0	0	0	1517.22226572997	138.632430407345	164.134230707704	240.190388371519	336.163706635435	427.701416140588	583.417926412536	792.983373206219	991.075491740412	1181.5044314297	1421.04317917552	1685.68523007746	1903.34203524525	2117.1262406073	2288.66552960353	2520.33557288225	2719.80949968605	2924.63383228077	3066.49495713632	3182.41882884407	3170.61935333481	3099.78803924994	2976.21107755226	2861.63624485639	2886.86347210461	2976.93805461501	3088.31069671775	3516.20446804107	3982.61025423811	4410.46563756264	4817.20685191006	5370.94980221682	5924.87845700015
414.124	0	0	0	0	0	0	0	0	0	0	0	0	0	0	0	0	0	0	0	0	0	0	0	0	0	0	0	0	0	0	0	0	0	0	0	0	0	0	0	0	279.863152956974	123.00617453801	175.282473187326	262.194631878082	371.560198159441	473.644403659514	647.556336603832	821.36213785774	1101.08857050403	1315.83625096564	1510.40735583003	1765.12360301749	1996.70737714974	2218.63259503643	2407.73936398296	2595.7989248775	2800.57319562369	2957.19710784372	3085.26431865371	3203.11365791755	3232.68000901348	3090.16872994488	2973.34438548382	2954.57476347426	2930.11173739337	2880.63432213016	3263.99005554776	3499.10443348959	3941.34524068987	4540.71050421344	4914.28998866424	5456.6729003193	5758.4971984091
417.417	0	0	0	0	0	0	0	0	0	0	0	0	0	0	0	0	0	0	0	0	0	0	0	0	0	0	0	0	0	0	0	0	0	0	0	0	0	0	0	1080.60667335985	117.228097898496	166.354248484949	241.428381242662	330.633980355915	431.530892047965	553.809992040469	735.626715343863	949.657067551968	1169.47969317044	1423.93664283013	1655.51958233405	1892.44563162306	2103.32074139397	2360.95226143732	2538.10388142431	2711.18017874829	2909.76352740846	3090.74871709538	3202.61380584094	3319.82367994421	3286.33698480591	3184.71790067419	3084.23037019391	3029.3466346249	2931.03401843785	3071.89716117287	3340.63671483498	3740.73407900666	4239.27308604533	4791.90192696599	5230.88099166866	5737.57549386042	5697.58658249897
420.711	0	0	0	0	0	0	0	0	0	0	0	0	0	0	0	0	0	0	0	0	0	0	0	0	0	0	0	0	0	0	0	0	0	0	0	0	0	0	3608.97753954019	118.787498760452	122.657763831139	186.647881146869	270.41961299289	359.011597834727	475.123454727938	628.987921091899	787.549230475967	1012.3300648816	1248.98606758387	1530.47768707201	1734.85930966707	1954.49300089454	2176.30318496859	2400.70105525898	2594.57581071966	2769.81255331593	2922.23896354684	3079.25322917791	3210.82829742964	3299.17212401301	3296.45964326645	3192.39764645525	3034.24790948927	2979.66410251763	2986.27395147676	3080.44053395643	3344.51868239539	3663.44813181954	4209.13056830276	4683.65557330603	5219.68223373582	5560.27530704317	5875.87936366082
424.007	0	0	0	0	0	0	0	0	0	0	0	0	0	0	0	0	0	0	0	0	0	0	0	0	0	0	0	0	0	0	0	0	0	0	0	0	0	0	461.376168850707	112.594073931737	169.785834821916	216.18494273559	316.573713730043	423.011558012918	575.004406271594	697.97686924803	867.622468315887	1078.56798063196	1356.30857132644	1611.4424707379	1842.70186822437	2062.02356212499	2298.00070673789	2506.3677183631	2706.12825980483	2877.31483660052	2999.35640762852	3149.69726149059	3291.93784044399	3328.23615010718	3310.08612279521	3176.24863608035	3057.50859726432	2989.22650523446	3063.56926385084	3138.18960103695	3479.92118004334	3837.72088780073	4336.33356609977	4867.11526555518	5316.538341846	5728.65328111579	6435.32938904253
427.304	0	0	0	0	0	0	0	0	0	0	0	0	0	0	0	0	0	0	0	0	0	0	0	0	0	0	0	0	0	0	0	0	0	0	0	0	0	955.758204297331	90.8819503739688	126.59130080015	190.502533990668	257.955266487397	372.633043021779	465.943183371483	600.004413436282	754.907931515073	929.563791274749	1144.20023181504	1442.78478788022	1697.12480405553	1873.16666772173	2141.66681575032	2340.361048414	2543.96247766672	2744.86985525962	2900.90459204086	3025.73953830056	3171.02758896948	3297.79529889337	3321.95690848303	3270.30546338312	3159.72614935423	3035.89494680882	2967.99442174299	2972.67355503495	3069.18258106083	3404.23994644816	3904.1923363205	4416.18548046789	4841.86628638436	5259.67099115239	5609.55780471104	5757.74485804952
430.602	0	0	0	0	0	0	0	0	0	0	0	0	0	0	0	0	0	0	0	0	0	0	0	0	0	0	0	0	0	0	0	0	0	0	0	0	11350.7689799055	129.11880283158	133.716238638253	167.138280611411	229.367481154284	316.659571269347	424.561794207725	552.804780706584	680.65409486952	824.254845502107	999.627577802713	1236.81626560025	1531.94232950166	1789.23672793909	1997.64099846743	2239.62134509089	2413.23366476566	2619.60188602071	2806.65403526075	3021.46535095306	3092.81791103836	3227.28242017013	3259.57689601057	3311.4231761614	3266.78431747087	3179.73630273731	3010.0768461213	3023.18176582401	3046.18030557209	3113.85275120016	3488.23473690293	3994.16856384252	4387.42407392246	5076.9899745695	5423.8116444314	5780.81115735366	6130.13308117535
433.902	0	0	0	0	0	0	0	0	0	0	0	0	0	0	0	0	0	0	0	0	0	0	0	0	0	0	0	0	0	0	0	0	0	0	0	0	1497.86925487183	85.361216418334	126.448862505732	158.304211131861	246.760943755454	336.279339679277	442.281229829614	558.663507190072	701.097337101744	850.478998954583	1056.05176007751	1307.78010764683	1566.62949299315	1807.18949503074	2068.09042394252	2283.558455858	2487.05095082797	2681.73135149602	2846.25320641639	2982.81967730427	3127.98686954989	3192.09134491096	3296.93551502993	3310.22856213319	3262.59278922287	3108.16537548145	3059.87991566203	2999.99654574737	2998.01875370301	3146.96473687633	3461.78192000749	3965.60077391537	4575.6928235339	4898.92511455682	5194.77970322105	5407.33138124816	5996.71350537376
437.202	0	0	0	0	0	0	0	0	0	0	0	0	0	0	0	0	0	0	0	0	0	0	0	0	0	0	0	0	0	0	0	0	0	0	0	3512.80319648578	124.555174392552	135.405661128139	179.641629995987	225.546183132032	306.720838382711	412.991684674616	499.876089369792	647.181466920945	804.433554672454	936.053724907142	1130.9465373841	1374.76095244846	1672.06284051012	1922.25375882359	2136.75340499566	2360.39170330682	2599.9615581317	2768.40669252747	2910.07309059282	3048.65066348897	3182.91968117821	3257.35632245042	3329.56934180554	3343.16670294465	3233.68602868963	3149.01394787651	3075.32739286875	2989.71574234618	3118.32359442422	3273.15537962767	3705.50854828775	4063.60591099671	4626.92129788194	5263.94667495661	5601.84268327555	5872.86009271076	6317.0270882332
440.505	0	0	0	0	0	0	0	0	0	0	0	0	0	0	0	0	0	0	0	0	0	0	0	0	0	0	0	0	0	0	0	0	0	0	2129.6744403835	164.335012332336	127.454793070684	123.019012980056	183.271340599825	241.08642464147	342.108441710602	424.585744423139	529.252976357343	699.120422164342	813.606707650599	979.027199478905	1161.17300539124	1428.46989345476	1704.4767317462	1952.60499976283	2220.91816250519	2376.65342479431	2608.60292804569	2781.6952958076	2967.11296365645	3053.01352351496	3205.78453006859	3184.55369974025	3291.29302640553	3293.05785731137	3212.98368445032	3113.92184010466	3010.97435520031	2997.02306141176	3062.1996467641	3231.53257287109	3494.98751453044	3980.89509136615	4632.01007925509	4997.58741451063	5442.96640401423	5587.39899319518	5699.53617404293
443.808	0	0	0	0	0	0	0	0	0	0	0	0	0	0	0	0	0	0	0	0	0	0	0	0	0	0	0	0	0	0	0	0	0	0	290.210625159751	107.523687575104	143.513529907645	166.966488933398	224.074692383869	271.460633499374	381.085456223552	489.201770183441	608.191072395634	743.911454452595	891.429507337252	1043.74655726296	1214.52533156276	1482.40502673145	1767.90596864511	2012.46176036718	2201.49412270089	2440.22506925739	2646.96759468132	2844.00124234156	2992.98395457649	3087.9583815991	3181.61311675846	3233.5494752157	3275.59893173518	3230.42884138504	3128.3436419776	3104.39562541552	2994.90152288983	3036.07722668804	3075.20698903766	3213.74815178429	3588.58913227978	4209.55636906068	4633.87182180586	5207.78455026165	5404.06863886606	5531.55694751576	5803.08654692723
447.112	0	0	0	0	0	0	0	0	0	0	0	0	0	0	0	0	0	0	0	0	0	0	0	0	0	0	0	0	0	0	0	0	0	445.795428984475	115.838039105534	122.696596166541	154.219245650621	181.678604481292	261.808557245722	323.56959324634	411.164287370044	509.718464615341	625.857459893131	769.557868637702	906.293731586452	1086.42244087794	1294.76114399566	1515.57158664065	1805.04421946582	2045.58026105357	2240.32953310862	2464.79590800901	2628.95977019585	2820.71755479853	2963.49355175094	3082.81935306677	3166.57084383237	3216.08922380482	3197.68371005923	3250.71245368607	3115.65987235784	3039.47020595888	2955.38621060434	2957.94822709968	3029.22924730844	3227.35017960441	3564.88998558644	4125.41073472721	4755.79880746541	5058.14553942532	5509.65177941865	5657.18736916734	6147.36502564771
450.418	0	0	0	0	0	0	0	0	0	0	0	0	0	0	0	0	0	0	0	0	0	0	0	0	0	0	0	0	0	0	0	0	796.287804067476	107.246865466874	130.882767668399	134.880824463742	168.074737271142	234.335038769962	278.138061725932	352.71467666572	443.525506672086	565.32023788031	680.94173926478	802.524152437152	972.842651144219	1106.28639644921	1318.61499340095	1566.19153010723	1840.12168626353	2057.83284056457	2266.22720873259	2454.63278093273	2657.98624847798	2814.65376958424	2949.86142962491	3047.89101546924	3078.51083817229	3159.39417313158	3182.39570115659	3170.45655607426	3060.71648599921	2980.76011492163	2910.61285830171	2891.46262422942	3007.51314361333	3167.54234151925	3630.14385087377	4067.16232575389	4565.02147598713	5086.33361494175	5450.24488106179	5510.35459129928	5964.9590934121
453.725	0	0	0	0	0	0	0	0	0	0	0	0	0	0	0	0	0	0	0	0	0	0	0	0	0	0	0	0	0	0	0	0	185.677367758289	83.9645535646389	116.734848706032	157.70437624074	187.711606596095	238.253232701632	320.491455009346	404.039308692493	497.328217339444	613.098922543732	696.278384780165	837.210240977739	990.586913982795	1152.18503738241	1359.12286002508	1597.01203880155	1859.23256066203	2060.22450957876	2265.46512038147	2459.46322611418	2651.94950888783	2805.0740263853	2931.47445519364	3045.66310750213	3078.55533114045	3073.80314279443	3095.3310345598	3087.18260880415	2995.48633154367	2891.04790150437	2869.67798253517	2889.218189819	2988.35115434343	3223.61223970767	3637.25180958769	4100.13471356612	4649.17988999873	4982.25466679313	5386.53515727518	5496.40033967158	6102.48370620117
457.033	0	0	0	0	0	0	0	0	0	0	0	0	0	0	0	0	0	0	0	0	0	0	0	0	0	0	0	0	0	0	0	364.035086637869	57.0179871707214	87.5733057812494	129.517306485694	162.71279442491	224.259144652364	267.655985412452	321.959633966339	408.546758204725	518.840681943307	633.74067207039	745.424894241772	881.4048900438	1029.68183750749	1167.11265087629	1369.12857578365	1598.7723818029	1858.57259209355	2081.98418726326	2285.38048372579	2452.79847271723	2614.22241077958	2788.75719411431	2890.48953710379	2948.76341927018	2995.51834886888	3038.57992100269	3035.75922777867	3006.96786392304	2918.85298757025	2881.18053084694	2785.12426541673	2837.071174581	2965.97151280865	3222.98715634243	3552.01219127067	4047.66854281789	4624.93630203956	4912.43069192591	5025.02135559466	5316.55961521073	5284.61128586331
460.342	0	0	0	0	0	0	0	0	0	0	0	0	0	0	0	0	0	0	0	0	0	0	0	0	0	0	0	0	0	0	613.176374378758	80.8211360963692	98.1138532798716	108.352526787716	151.965991471306	194.526325831519	241.715270815102	312.127654968715	377.011650603751	448.27750411634	547.59070465789	651.963380805284	775.914701907619	923.142963569741	1050.06903252356	1233.41181089049	1400.28941688738	1624.41119247445	1859.08292747374	2104.23875562919	2263.20011022232	2465.59144534432	2592.45843980186	2699.65290118708	2851.00249589529	2900.11424853994	2969.97658611328	2970.00864324087	2955.98821349234	2934.35959787684	2857.33645633555	2807.3822110885	2734.08153600549	2799.74944330128	2934.21271296552	3180.88598922811	3609.7292250227	4078.93516760792	4485.61512046237	4967.4783509195	4892.89273967208	5238.41773042429	0
463.652	0	0	0	0	0	0	0	0	0	0	0	0	0	0	0	0	0	0	0	0	0	0	0	0	0	0	0	0	0	0	136.148426877187	74.9010105048456	87.1423553940171	135.525175347361	199.866131261192	231.965452236545	289.330935486884	323.984319520597	393.02330665236	490.271104839014	579.063352351672	686.349564516603	803.604788998507	946.378132245911	1085.42988584884	1240.61708961079	1423.62816387451	1631.24950793272	1853.15676721673	2070.59700000736	2235.04854533816	2442.93697307854	2587.0819857711	2691.61767499179	2796.40505652755	2854.08598553901	2887.09776518614	2906.69964617871	2892.80871357949	2883.36787322458	2830.00992172473	2763.35832611335	2731.96661263707	2782.03802872989	2900.61221255972	3174.48031078755	3515.94454700402	4032.42537693389	4588.01356239817	4883.29696025996	5172.42327035376	5335.03826756423	0
466.964	0	0	0	0	0	0	0	0	0	0	0	0	0	0	0	0	0	0	0	0	0	0	0	0	0	0	0	0	0	283.155085280412	63.0599456298508	85.6310996617803	105.730467340342	135.954402159653	185.802328606329	245.585663356676	265.377218025029	368.377943699433	415.564139953799	505.406622742623	607.561143229342	702.156414871772	820.297556238158	940.825594928023	1087.47445154763	1229.51761462251	1395.85369899486	1619.46712939546	1830.2411681385	2053.50489151592	2195.03223870448	2376.93840327194	2525.15968976267	2681.87780477183	2725.98687440238	2740.76680696963	2802.97485283248	2791.68272077683	2804.69760197962	2751.35250690939	2723.74637131305	2652.3220663986	2597.06340466403	2731.53786834199	2845.3901315314	3088.80933658948	3457.91235562601	3931.71138324198	4524.24226088576	4715.04329094059	4998.94732118735	5049.20312660216	0
470.276	0	0	0	0	0	0	0	0	0	0	0	0	0	0	0	0	0	0	0	0	0	0	0	0	0	0	0	0	489.022833251309	56.3272990171824	74.6004731660083	85.3345168128179	118.540464160264	144.996280821179	199.187484031616	259.178262445248	294.978899462503	364.184232506179	440.868078921928	534.984906417598	626.710125303756	733.694548665286	822.044807133581	955.401117474529	1081.38590102917	1210.2555566625	1402.88705392144	1596.82823485455	1828.08629438991	2017.22079681622	2177.92306844227	2300.63228580324	2425.47449195347	2553.38134883374	2630.33034026054	2689.77567861219	2723.31169984739	2708.15085736511	2706.38241885363	2660.97193369606	2590.41320193006	2556.57434388994	2549.97747313874	2604.21802199941	2724.3976996448	2971.05244417451	3394.92694999501	3860.30802917098	4357.60668621407	4653.82072263587	4771.44828185413	0	0
473.59	0	0	0	0	0	0	0	0	0	0	0	0	0	0	0	0	0	0	0	0	0	0	0	0	0	0	0	0	102.261210890225	60.3694216692841	92.5013968448843	113.116415275592	146.277601876826	192.041552301572	223.794566968865	273.860723012604	339.084681634754	408.267224450047	460.522016472375	561.823126527664	670.477509920569	760.903269042141	874.907963682731	983.008224738314	1117.52971248068	1243.11952618104	1419.97917362971	1611.80025514643	1836.45999572633	2022.97811599475	2152.93109946285	2296.26868425327	2424.09084495197	2542.79873190218	2624.675046623	2651.07990579184	2642.74550938135	2677.89171381382	2668.55514367354	2618.95763624774	2574.95183065048	2541.67465944358	2522.39626574796	2603.30165477849	2772.86315041321	3099.06592574277	3413.58889236959	3897.42590133984	4319.11693103998	4621.83667664973	4730.67243905685	0	0
476.904	0	0	0	0	0	0	0	0	0	0	0	0	0	0	0	0	0	0	0	0	0	0	0	0	0	0	0	218.67630931904	49.3141258971561	72.8686698903987	100.879787970137	123.267035427596	163.384028814302	207.417074079482	254.749904647834	288.715641966889	360.89370137479	416.560443813524	494.172829022919	565.230370151336	670.096553788907	761.082739871756	886.207012961161	973.482191744439	1115.77834235094	1238.17016570003	1394.2689488689	1602.50052962227	1795.47795146778	1983.51126072455	2112.92288064493	2247.16467161997	2379.11890319743	2450.07739560702	2482.33335108361	2532.48648093292	2597.19793351489	2579.53322711131	2530.39041260133	2543.19409138215	2490.31828351038	2436.98041423083	2464.69339768632	2582.64609431735	2692.29786735985	3001.53748782952	3371.58324220606	3846.08299067667	4198.89116366508	4397.31878435412	4609.05631147455	0	0
480.22	0	0	0	0	0	0	0	0	0	0	0	0	0	0	0	0	0	0	0	0	0	0	0	0	0	0	399.812089654984	54.078766256361	64.7279847981274	87.9749420473462	102.876051703974	145.52868207768	171.429865503983	219.400352558847	254.971358849314	314.654088481121	378.061332118283	444.155995312275	498.259372174506	576.446577393556	669.390940643283	764.6246841831	881.405278990521	993.85169740085	1102.48229510878	1231.08926079749	1392.1037548625	1555.26894303897	1755.95757836418	1908.93127903707	2026.91425421951	2179.73057270899	2277.26761309536	2382.28630642525	2432.43883793176	2468.89729855974	2437.54833527293	2467.15446338048	2447.7484959176	2421.26380960701	2427.94761491338	2372.70159364496	2378.45228378336	2479.67919987711	2675.52504287851	2873.02498732002	3282.01169067745	3713.25897673891	4106.07284912042	4318.99493615672	0	0	0
483.536	0	0	0	0	0	0	0	0	0	0	0	0	0	0	0	0	0	0	0	0	0	0	0	0	0	0	93.8211456912871	62.2223453575719	69.9414423630822	102.672467551295	119.773028037633	157.341808910817	187.52541857101	239.518314755367	271.94024362252	343.562366288737	391.070608427253	451.795698661456	532.972607844194	615.838876812571	689.531985903661	812.609466647244	889.203862929263	1021.75764906041	1093.110958378	1220.36124525477	1358.7625293103	1549.54975123431	1736.38803742963	1915.39740632837	2041.55808290567	2154.99649101885	2240.90096777032	2313.61128244267	2375.88052585022	2394.53359436338	2421.07539415791	2407.35764047268	2401.46713919768	2385.28302616798	2328.39376253859	2323.51241271031	2383.79223476619	2473.81773306766	2637.15876788455	2892.71220976941	3185.64588614758	3712.43590135657	4078.0457478875	4337.32862434141	0	0	0
486.853	0	0	0	0	0	0	0	0	0	0	0	0	0	0	0	0	0	0	0	0	0	0	0	0	0	196.97623858038	51.9123431724133	60.6336879512609	82.6023213183339	103.332223318527	140.979155930865	164.479336969275	217.626601917295	244.746498895465	292.089896913939	362.26954281568	416.828431104691	467.415626910128	539.824835117731	605.76006322386	713.315879477294	786.120806031212	896.842097223846	993.135806889462	1096.98658784932	1224.39797418045	1346.60337993691	1532.3296746586	1710.69318201981	1866.55286535494	1971.85619349699	2061.69639798273	2161.54833676313	2265.8451818198	2324.64776203804	2318.31126041829	2306.83049837915	2334.54062514972	2289.92882725096	2274.19836203258	2257.80651581997	2274.92813442178	2280.43577177508	2445.97617506376	2557.75678146085	2836.41211835395	3211.60157915739	3602.33978828043	3984.46127808109	4249.20657345154	0	0	0
490.172	0	0	0	0	0	0	0	0	0	0	0	0	0	0	0	0	0	0	0	0	0	0	0	0	393.110709674512	47.587326598141	45.5297141349953	78.2811769539278	88.2901074494408	111.936979806148	142.68305774147	180.616500443658	238.801696980897	267.715639481377	315.229632963095	359.823447264143	408.256786093729	484.114546152611	560.415925466355	623.885393530834	710.79598050701	807.89337274347	929.20550722478	988.589866318368	1113.67294539862	1220.76594822146	1355.11898913292	1513.15335658143	1682.44919325398	1814.94640376416	1946.83774128655	2030.00391085515	2126.4269008878	2200.76847392708	2248.41710652397	2233.6198036694	2261.39392294781	2255.51143306023	2226.56734345353	2247.62898800336	2206.38001246167	2224.68687858223	2264.01081451377	2400.46384898986	2487.00904427069	2796.73222767337	3123.35772056866	3542.88692788998	3943.80595476867	0	0	0	0
493.491	0	0	0	0	0	0	0	0	0	0	0	0	0	0	0	0	0	0	0	0	0	0	0	0	86.9880794115162	38.1317750516704	58.9677794301638	88.331877565463	100.053900293351	135.183556304109	159.480479478831	192.633598663449	233.161242710494	265.641785691767	337.626757899089	369.958563412956	428.272725595728	477.838274559086	548.313872491816	625.261213510693	709.397243822624	776.353233051122	877.302256652281	984.193391838028	1102.39055734799	1181.48974642298	1323.70327092694	1458.24319540498	1637.89789736529	1770.19608862299	1880.70988500548	1990.49673606481	2070.58110672462	2120.02746550329	2134.87101856964	2158.20782087036	2176.47784770506	2136.76046858088	2153.31532450883	2125.43459542461	2127.81140091041	2114.72345396456	2193.06655540043	2266.3349097281	2488.14801669192	2685.46635369697	3041.14610175619	3460.99818077655	3639.63349316849	0	0	0	0
496.811	0	0	0	0	0	0	0	0	0	0	0	0	0	0	0	0	0	0	0	0	0	0	0	233.263486052325	38.531345442205	62.9912348205772	82.3918976629177	98.6599647372861	115.809362129097	148.755403154407	162.533004367173	213.32290244334	240.945812654201	286.620161373256	338.06281996583	378.154694479615	448.916075785689	507.030181722255	558.092831897312	646.483091062537	723.004636187097	828.295320531589	896.433515328601	983.404815946244	1077.02961030849	1175.55654898784	1309.67484977247	1464.50876928091	1610.31671436105	1741.01154224548	1855.44699343699	1901.32800024117	2000.40208830063	2075.07212701351	2081.33691245401	2082.47989891467	2096.59358638315	2079.43403783684	2115.28482662891	2118.07814008535	2094.26398455819	2115.72558453898	2134.95127057337	2281.6533939958	2470.35633812662	2678.65926302441	2994.21607297504	3378.81034169919	3720.81315632639	0	0	0	0
500.132	0	0	0	0	0	0	0	0	0	0	0	0	0	0	0	0	0	0	0	0	0	0	429.490287365243	41.5092084283981	47.3996080822117	68.6924391303422	80.9081580739718	100.326021067345	120.169857774553	146.541225088475	186.331252902231	211.47285858961	241.245764540071	292.833185176704	340.208309327876	398.261019035455	450.506155635657	498.246217140578	586.431151226194	639.405437020456	707.488182965778	796.05004298804	883.591792858014	961.326398529051	1045.6996090098	1134.82021458151	1279.93078920644	1393.00970999947	1588.83566821746	1660.18847241515	1739.87559451571	1839.48422805291	1907.83507684586	1943.8918256264	2012.29844478722	1999.98753170313	2011.94855522019	1988.36934622761	2001.92390179788	1986.16014749747	2004.09392984031	2020.32154050097	2059.67111129037	2181.08099275244	2317.76728195293	2572.77924895183	2902.75236687071	3244.64491736869	0	0	0	0	3613.41397773589
503.454	0	0	0	0	0	0	0	0	0	0	0	0	0	0	0	0	0	0	0	0	0	0	97.2077441191531	43.4505298129971	57.0657663675448	68.5050685337138	97.6218356782796	111.943141900356	134.75436237976	158.555363909698	200.606960802008	241.282093719	271.818460453052	317.053387503364	359.527040617617	403.343624551701	457.347852027758	506.812213205574	562.688820639828	645.658306383076	689.046915371791	795.757888648752	875.280588388254	916.122149023941	1008.33678281371	1121.49855456847	1230.2270033646	1355.30239521579	1496.26217334358	1612.23420497741	1696.04448277897	1758.45655723769	1831.03313574099	1891.20280429622	1901.20804511779	1902.07417289674	1947.66544110794	1911.95111882389	1927.69010112602	1901.81613639996	1940.05550196626	1938.47806526338	2008.50165944669	2135.05978387899	2300.60560044512	2509.89934141071	2867.3588813139	3185.35898734286	0	0	0	0	3686.24650255188
506.777	0	0	0	0	0	0	0	0	0	0	0	0	0	0	0	0	0	0	0	0	0	198.476470058556	35.527477019362	40.9539862578483	78.235770360007	83.9941612100771	105.519279938897	122.757768557245	132.719839601287	170.401048418417	191.960746840357	226.646724282028	285.184616056583	306.893846047456	355.39364352029	413.70668610761	443.372341951235	501.583224699723	566.611351874161	635.560828288325	672.29222842998	753.322193081168	852.035960688217	916.627836466449	1001.80836629044	1085.77449160451	1185.418678552	1299.67582144168	1429.38245460858	1564.30920339117	1606.01198782979	1690.69480747715	1722.15735584138	1785.30601445823	1800.6666802499	1818.34034421626	1808.12362323796	1819.47771398563	1808.44115908585	1827.99473434441	1865.89206511161	1805.87326633462	1921.200865554	1983.05594452837	2181.43247975918	2422.14264908496	2705.64557838532	3010.60023405039	0	0	0	0	3690.71008974931
510.101	0	0	0	0	0	0	0	0	0	0	0	0	0	0	0	0	0	0	0	0	425.01422000829	44.3288295757399	54.9674063645282	67.4256918347665	82.246758346764	86.5752051137768	103.937753514412	126.3833102424	142.890543912693	179.893939852162	200.473546714625	236.036573537798	275.5814435678	310.053037361408	360.584055794832	397.17867701982	467.804295130563	486.068026650448	559.345112601829	626.725445051862	690.889212888293	751.156833377825	809.407287946468	892.974163946892	969.62745018431	1040.66034783219	1140.66147233819	1250.07852003657	1384.26514979816	1471.96124122265	1522.46214325345	1597.89301196066	1664.59292799794	1675.26813312145	1690.70039713193	1719.11514490606	1704.18744917189	1728.1351647081	1722.44243214206	1734.15280196661	1734.01433053439	1778.25871856468	1852.64034388405	1982.79165975831	2116.25611771747	2314.13723015115	2577.57753909741	0	0	0	0	3469.77781715898	3467.61032367019
513.425	0	0	0	0	0	0	0	0	0	0	0	0	0	0	0	0	0	0	0	0	88.383973236203	52.444266094181	49.6454236389631	56.220743205104	82.7267137251275	93.1587264285696	117.961824500645	130.073809934806	160.025969719968	186.824683069844	210.17847812641	247.912332516497	278.184678480057	333.034971151055	365.257699504959	419.208510187758	451.17517432022	505.292733728137	545.288559665255	600.616144066244	687.473024133113	733.936326156928	786.755318692342	868.324381296332	946.228048292514	1015.47828462619	1086.72469482531	1244.50441934489	1331.22567482913	1422.98364692549	1479.54225716582	1542.76841301462	1568.89225251194	1603.69954983797	1648.09452003529	1649.66999612093	1651.81861466282	1662.87558440223	1647.77003153659	1691.67760339282	1692.47996229101	1713.6404697873	1756.57724237989	1881.05775711656	2048.89163276338	2217.51448543305	2518.78439078105	0	0	0	0	3375.3091094234	3279.80368513021
516.751	0	0	0	0	0	0	0	0	0	0	0	0	0	0	0	0	0	0	0	198.661756015044	29.342336838074	42.8363177864415	37.9934635426129	66.3908996531994	76.8678289713611	93.4632262027005	117.825636120249	137.937470925296	155.195897946713	178.078081543718	228.816589840213	241.343683094131	274.04510750473	313.648749268251	345.436554366696	383.210277327827	445.232371894923	482.798080981717	545.909675131502	581.201722237012	639.706653324711	713.789543300451	786.468807305367	847.436370001959	901.671131303298	978.004911561941	1067.15818574206	1173.04312203819	1297.80651275387	1376.212318551	1415.20886428909	1483.39934346091	1509.73686848452	1560.21786610975	1574.65025901821	1591.52410944092	1603.20264469459	1576.93041548397	1602.9689189792	1574.48868902737	1620.18443236409	1627.4673881144	1709.05597353603	1822.52234470714	1964.97602459224	2117.33761777176	2426.75254637816	0	0	0	0	3120.85705192757	3004.0233319889
520.077	0	0	0	0	0	0	0	0	0	0	0	0	0	0	0	0	0	0	436.288770432483	49.3223806784993	43.2079216718885	39.3351425028491	63.8254524929925	73.193486759135	94.3988951580152	105.561186896077	134.541053572341	152.202945681022	170.629205975874	193.395843124363	230.041504872057	249.318584191714	288.583672972441	338.266167407632	374.279687295459	413.184349799887	455.16992446628	492.580672582201	555.885555501912	607.618413781382	659.376258754021	709.280463267421	768.981139666822	831.035533699003	904.572378203207	976.122671186008	1051.19698652846	1179.70013006678	1244.8229037877	1338.51706245285	1385.4553335935	1451.46399582317	1475.66900156842	1545.28140538574	1537.07770524743	1559.43065520699	1543.01512186293	1552.53745125036	1541.91163640681	1591.28359898548	1580.75630195671	1629.90632275816	1690.17028829192	1835.71273999414	1928.35872008175	2189.62614633101	0	0	0	0	3203.96303540764	2907.84840330085	3470.64198278514
523.403	0	0	0	0	0	0	0	0	0	0	0	0	0	0	0	0	0	0	90.1179717623239	15.1329746423967	36.0239040675815	39.2636153811349	65.494794412432	88.070894901727	102.145975179885	114.502888002411	134.227580727381	153.780107318142	165.135063914446	196.963339793098	219.676739622153	259.472388362729	292.739044007968	307.207996234578	360.118001561612	401.278014646787	441.203670465847	492.944827616852	529.48337948478	593.422681417513	631.626527420009	702.211843937189	759.563155891339	809.377061166095	893.535120768394	942.778601751591	1021.24277745227	1110.22716586429	1235.47725984141	1300.88505415742	1350.00100121748	1383.84168620454	1439.84564407543	1471.56260495126	1490.61152246028	1483.10948569447	1493.59652031551	1476.27773096166	1496.34849098367	1477.06205157985	1506.61962942485	1551.76354247225	1622.87561235976	1755.35600679715	1869.3813569795	2034.39993947631	0	0	0	0	2819.97973923919	3013.7342245689	2804.42973429249
526.731	0	0	0	0	0	0	0	0	0	0	0	0	0	0	0	0	0	213.6108873194	18.8896107135766	36.9411338913613	40.4503348036425	63.4152520275587	77.1604134966557	87.8724438528731	101.222514655693	118.137854487046	140.391838212429	152.013498327077	176.659273436625	203.397762927954	221.175190207295	274.12815167249	276.484424903353	334.948238376441	349.642699818933	397.888141879781	442.857638787274	479.571142864558	528.836750198454	566.874177654475	624.7528194175	665.741270861929	723.530539359576	778.372787947307	832.896528504316	898.740636799509	975.013611027169	1070.48188980199	1160.13808584183	1241.89901190698	1278.02358036967	1304.33942047325	1345.28662344661	1366.96196245523	1404.5715334164	1400.24865281283	1379.30746669569	1425.97643784268	1455.45920691306	1426.02188700589	1458.06974955938	1493.46655350654	1540.89924728846	1691.2357400806	1785.81726690785	2019.2870169156	0	0	0	0	2808.00602820538	2690.07451294274	2811.81185318422
530.059	0	0	0	0	0	0	0	0	0	0	0	0	0	0	0	0	418.530103008374	9.71112858784581	26.6408371066538	44.8075328392694	41.5770432666538	50.0929179575848	65.7721426391859	78.8934613986057	95.1145492300399	117.942927165952	132.935793159525	149.322136314565	167.363115410825	191.461070436503	219.365045991377	235.380161583819	268.35553365076	314.948004376298	330.743588955183	392.771324402769	410.914959470416	449.15021191977	489.237811653242	548.461751903751	586.979511898757	649.895932269168	690.147553475348	742.722784528422	779.602943992913	846.822602306511	923.370521527251	998.984241179295	1117.31247460909	1142.04559472257	1193.05529363878	1220.98989345045	1251.54414897701	1298.50393535491	1284.9560926628	1311.83613739182	1321.29875569961	1321.98907265836	1335.67191108134	1339.03087982771	1379.41707371442	1409.87247825022	1466.17660012147	1583.99251090759	1659.79313334955	0	0	0	0	2453.70855792328	2520.69537055988	2601.89719318958	2243.33202775221
533.388	0	0	0	0	0	0	0	0	0	0	0	0	0	0	0	0	104.702578549875	42.1895781820004	54.7711194257688	55.0866193612011	70.7927164894689	79.3334805795479	107.056644805332	110.877715340403	123.689572923583	127.36660747177	154.630241018231	166.081607527624	180.813022843105	205.469322245014	229.564802658777	256.443429983518	300.025839692397	328.742147189954	360.674092417941	379.594958885714	426.695615006626	473.217392238636	510.609065237536	540.168760402508	585.976387472583	624.557593928016	671.422490676693	720.687813284472	774.911242134136	826.128139718392	888.074472418418	970.03680944846	1049.19687730395	1121.92282504804	1153.36177076489	1199.54041281899	1201.54912676941	1227.83118553305	1245.96746250054	1274.62854198149	1253.6723113899	1254.06164649658	1284.89792110724	1286.80150585033	1321.83328801697	1372.80457240041	1414.29812524299	1543.35780172924	1686.53908495738	0	0	0	0	2452.42906898359	2542.8621341558	2835.52546226202	2738.65358278328
536.717	0	0	0	0	0	0	0	0	0	0	0	0	0	0	0	218.396605413344	30.5844974412667	43.1187886286097	51.2784033437342	52.1524554392455	44.1680476710541	57.1651308685702	83.2716291913645	90.0326136605804	111.001571561121	131.129412973558	145.983475819983	167.370545178653	178.747284595007	202.974480690726	213.566634758004	254.401535235673	275.450821434726	309.327522797504	341.286214680568	372.285962754008	396.320383873306	429.576826065208	471.003897228045	518.358608037631	548.764819975898	606.799678357755	627.655726800183	692.169318159297	746.667684567691	770.544499478314	827.264726992277	924.089635744559	998.328265473225	1053.7843140964	1097.19744588364	1125.83019677434	1136.0689398075	1180.93045095256	1161.69534442497	1191.59332842529	1190.13793086265	1217.21192690395	1218.00022055273	1230.21310497325	1247.2930818108	1275.3175344832	1339.04734830172	1485.25634455392	1521.98045857602	0	0	0	0	2376.01214509552	2527.67800020258	2496.38146191372	2639.78341025104
540.048	0	0	0	0	0	0	0	0	0	0	0	0	0	0	455.445074983502	25.5647238347534	13.2718529564283	26.7810428818113	10.5869188115502	31.5527379204806	56.2355301170984	78.6359774118445	82.7507363826145	103.841354270691	110.211017923648	119.295945656816	145.310435586717	152.267792820451	172.429169419334	203.510496280162	206.235693328542	237.195557854086	268.365996563492	291.580049078113	315.025264511303	353.124745476355	390.577804936918	434.268091605929	461.616204827598	473.35222027213	529.886483042194	573.073894254783	625.398183778926	650.439824010698	705.134434609529	730.100895848549	799.842285400974	870.812467423852	981.013441903019	1006.50781354944	1037.11988570918	1056.67965128178	1100.16274921655	1112.88597045761	1119.34378297729	1121.81388915091	1124.20593712945	1138.08769159245	1161.6822601651	1142.23376183527	1202.99673443335	1226.42190650823	1254.64260582048	1383.24479035436	0	0	0	0	2157.23505247906	2238.44692764381	2251.41944817441	2148.53756048477	1846.68555397376
543.378	0	0	0	0	0	0	0	0	0	0	0	0	0	0	88.9304490248576	47.3628690178045	67.8545410313203	56.7236353237538	54.2931067885412	68.2158057517771	77.5263395064383	74.8824518769888	95.9511373317833	112.705872439649	125.429293771383	124.972449146327	144.708455012088	161.822432971207	184.07262362363	209.575738194628	231.946060071762	254.021672678148	276.492804678904	305.789105043462	321.322953227759	369.092627276141	397.022270255839	430.067960290263	455.603966777228	513.009206161752	554.599091110315	593.030936024364	628.086594001833	654.455101162561	706.493315636869	747.147437564639	811.027215646083	883.602918943939	949.733021281713	990.711994014348	1019.44071937864	1040.20439166682	1054.59218149706	1099.92513279399	1088.26471667207	1105.54841305339	1100.76662655355	1148.14537734641	1132.67368759675	1166.0637374284	1174.52825901591	1218.60540151607	1302.27188309817	1385.23251919279	0	0	0	0	2108.58831170057	2276.8145581851	2306.05963690369	2335.15047234432	2388.71171797495
546.71	0	0	0	0	0	0	0	0	0	0	0	0	0	181.705826017501	8.07715104691591	11.0348220653988	26.5599078802918	23.6924783488651	48.6993189833989	49.4244617871136	66.3730559784001	73.0135644132151	94.72224182506	90.4319562559304	112.989517563268	125.435700368438	147.641784600749	159.527284024393	174.590463424794	191.45751277397	224.518867850025	232.634998524799	267.811802401481	298.161439865998	327.337734909257	351.368553741456	389.362241007044	413.542161474	440.950568072288	472.885921775575	500.510507956628	563.239355802036	598.970096988398	622.024688830288	673.916863197992	706.490304246107	762.907408104984	829.341992476417	888.503587271567	941.079855804738	975.803377375227	1014.72592183707	1018.00399750152	1033.63021324848	1049.94475202195	1055.64141497405	1061.05263826962	1057.91597140483	1088.96791332986	1111.43229668733	1115.30114686617	1155.0057770712	1174.23957511877	1299.92301102201	0	0	0	0	2073.5328427968	2068.74811624431	2013.92845542334	2164.3389212834	2033.0206542939
550.042	0	0	0	0	0	0	0	0	0	0	0	0	383.307507356869	21.7128221741826	16.638016484008	23.5659831047939	41.3513951304772	54.0790721087199	66.9091563908981	62.8288882207798	71.4821145894147	87.4096744191996	105.514837583895	110.53760990725	126.342867690152	127.134973442891	157.625592133002	160.604377212637	178.088971737714	197.613804930959	223.876579929415	245.190113434779	273.098997342914	290.731274699215	338.399580770763	343.17208917974	377.856930852098	408.257479558883	441.014517003586	476.340228618327	493.949980768893	538.600521078412	568.163169989501	618.634559638939	650.117099341238	691.887604566681	751.567385183203	818.379604744573	855.521730166388	904.424204726419	933.635840873454	954.242371348108	990.54750349393	992.360996328016	1006.6829942682	1018.34989269483	1009.97732519902	1052.72501349336	1045.17287861083	1052.11830386426	1099.38912213754	1116.41266645767	1194.17151369869	0	0	0	0	1843.41947572601	2078.63935047665	1986.37261632899	2132.69391088768	2120.18387074385	2020.23882946768
553.374	0	0	0	0	0	0	0	0	0	0	0	0	75.3839813783671	35.7793160975527	28.0878585317052	35.8875777329186	54.8410436364798	62.1213494289939	73.6855502991297	64.1037325825709	81.7008037234411	81.3083160566421	87.350324784995	104.95652351091	123.658885911526	138.193616547829	155.333995452182	156.253684810891	176.845762725634	200.841019778171	217.17516919758	232.033599830202	246.93785252375	289.572145706727	315.085510851943	342.357459548189	365.799901916596	388.556332564349	413.405122128551	461.595693161962	489.096124823755	515.282562356018	566.336254632704	579.276637223792	636.991413690861	645.212945919392	691.171177007111	771.172956255023	807.129280433424	859.056142522682	874.436428639042	892.873894622925	920.497588792236	920.281821130082	943.424767257244	962.000320127548	939.927920973671	1000.43723478581	987.811474737114	1005.15087919545	1031.85575758632	1081.23191439569	1116.91515724522	0	0	0	0	1736.90576755579	1887.14910973317	1920.50568766099	2074.23155023599	1957.77449296866	1969.72797204079
556.707	0	0	0	0	0	0	0	0	0	0	0	183.679829772321	21.8426116427468	10.9728776864219	20.9097466457349	46.5490696783166	23.1042085220932	39.0879651084312	56.108044847708	67.2161946011038	61.6136100081602	87.7327763544309	101.749534377602	104.469628067848	112.63172061725	128.752957397302	143.440433683945	150.771612817235	172.535545708774	193.769559822098	208.866658796004	241.108275192908	243.324877904485	272.262378756928	277.897288133763	318.210631690874	356.302112802026	368.85368012632	395.219166817247	413.070167731063	478.957464947785	492.598039114035	522.499453053927	557.600784232121	574.951204315194	611.000187745543	654.947404437372	712.767014123431	780.815561209902	813.280880247521	818.356616014393	849.061511385352	873.032386122293	868.685297959217	886.96291968974	908.670436593443	887.351889210493	903.482010553486	931.383007885073	935.641497648864	952.457891884693	995.762694328835	1075.0561390725	0	0	0	0	1685.39043450819	1781.83695936012	1922.01195906404	1876.14030009588	1866.22702544996	1732.52168586493
560.041	0	0	0	0	0	0	0	0	0	0	602.103592163296	14.8540841651523	15.8096919117012	20.8786820064353	18.3910144020469	33.6748377481775	30.7840332303355	43.7966653862205	52.2915962135959	67.9090600972543	76.1224952103972	80.2417577961158	87.2041105792306	76.4256343921311	109.681859490894	124.690412988409	134.166749128481	140.041130551904	161.715461887487	176.687720258444	192.252299274922	200.351850070745	229.015844485304	251.726297368849	263.407019480795	297.35017959864	324.335265493557	338.981449654519	383.593557624038	403.57991747825	426.93934190278	469.939330851123	482.071776868189	502.759932253414	538.228200516321	575.234044618394	597.898530443933	675.621801517411	714.00089983999	757.981018774673	770.010070869742	789.92840293231	794.051002448561	826.638671358624	808.139008647858	849.396886395317	866.141744269926	851.351313044055	874.744265323206	907.854929220862	946.976725597278	928.98393290618	0	0	0	0	1393.59986912842	1575.17288802453	1719.35999503202	1618.04568378836	1578.70000376108	1692.93244087616	1861.03589094359
563.375	0	0	0	0	0	0	0	0	0	0	83.1482049811143	0.575210486152507	-8.7356815193873	16.7586573480982	3.53236325897903	23.3147757530251	32.2422770293748	33.0626751862893	53.7102787059281	30.7171537636836	59.0752842489696	82.9631163969923	75.8111746863642	96.6229180939638	116.883013469306	116.420989184047	132.909754647166	140.495250651365	153.493935023922	167.034292744376	196.240753203604	213.899893066109	231.284970328705	255.639383896214	267.948834679428	285.612638127841	296.468119953438	336.013961796417	357.887728935838	378.553573567388	393.886876509685	432.050491914735	484.696928664385	487.259826171018	513.744730222039	551.357790473665	608.280440082734	634.700676199891	681.15146639921	730.76058823718	733.385912479828	750.503623535683	772.491107754092	779.026125168406	787.566512931445	793.994393858795	804.026798307087	798.503312754733	830.321873912981	841.268057612626	875.79751450717	903.161221898405	0	0	0	0	1351.19210927262	1489.4822088081	1509.87910155249	1561.00670558473	1642.90484519436	1617.01767363721	1551.9923408193
566.709	0	0	0	0	0	0	0	0	0	194.523312819882	4.89894984772689	6.40566806796288	17.7933846249788	17.5587271386103	26.353456925073	27.0650635431521	43.8345398862847	38.8866931296813	49.0642432861942	53.0315411728087	58.0824296040409	63.9147973173621	94.4832000289902	84.6355696888755	111.767544069574	116.16458856395	128.775061786078	136.4183586539	157.097383767563	166.19773819978	176.851864415159	200.958471982398	202.805769125964	240.724010342126	266.24794364226	281.293626024448	296.836891380171	315.557231081743	349.8421302476	360.404405020525	385.145439295954	418.824194805633	442.189184636196	483.203367399149	490.404141298251	526.133307383484	548.02351542753	620.385675128524	637.306306632773	681.637239240931	695.951822209741	709.62286035788	740.042516177214	738.583892232476	740.890172941589	750.224289238853	751.851377165209	769.219331624915	797.028671679151	800.75828986093	845.908397045304	847.368733777575	0	0	0	0	1182.4002923691	1350.54621896434	1526.35709353959	1474.98634645024	1632.81178834531	1592.64582922886	1448.46816734269
570.044	0	0	0	0	0	0	0	0	465.457471637797	16.6107322365193	38.8460132466666	21.2837422713868	5.66286647871668	34.0188211116169	45.7959977370674	76.072926737761	43.1029476209002	49.8114979411598	46.8146213432756	59.1906443474992	70.2525701043299	88.4764026224862	82.9402004362463	108.225388376731	103.041943626533	116.790392515278	124.451951054792	146.126274421025	151.385038538777	168.777543433943	184.309549623489	205.705973700932	216.616655811201	232.614000704618	247.914117494339	280.547938649428	286.020777196994	344.33684612407	331.738423165353	368.674496198378	393.119601413754	394.434797227995	430.375367989761	447.079987855902	486.567122346445	496.274681477277	540.091309500835	581.007731433589	627.103371557087	636.585820830051	663.824792514598	676.372895129753	702.076533616357	703.353214495367	730.487440880356	730.803863822213	732.700504680949	756.29404098708	758.969314391577	776.680067123621	802.065739827469	0	0	0	0	1153.58954123767	1247.71631729212	1303.13086770777	1433.58991784167	1527.74475097356	1551.4363680378	1562.89460843061	1394.59785393736
573.38	0	0	0	0	0	0	0	0	109.024475012333	1.28263871887109	33.4796765386348	-3.56826569795714	43.7048922766075	40.1977328979989	37.2388207079437	31.1083551288373	33.4857434272327	46.9506325213234	53.1475798755876	80.2018123680728	61.2987775121396	79.1646125674707	94.0079844119305	99.695786746464	102.616494831418	108.500709307268	125.431786808221	128.96497163504	144.979309229819	148.99622805508	185.686772096924	199.863306554115	200.911568237332	225.970580031143	237.982521090416	265.219098967181	277.625280043807	285.065716991345	313.706442578078	357.094669697602	373.832452447457	395.270427522782	405.353714648613	439.641692456251	451.153845435687	488.09136520895	514.536402075028	543.724523730233	582.827327902431	626.231593070421	635.04120844807	667.037537383135	665.914611176844	666.517284934641	697.294271327604	700.042118555485	696.126663944131	707.253810142313	724.2738378293	759.253769617239	778.332435309237	0	0	0	0	1084.78735750427	1195.79589393587	1279.6736989542	1400.23556461493	1338.87409145992	1432.13080315641	1424.26961024227	1224.29368328426
576.716	0	0	0	0	0	0	0	184.200950328458	11.3492160373986	22.4846002382088	19.2053653454744	33.2488094630448	27.7636395964719	29.81815325913	37.729361773371	47.8120148779332	48.9715219702972	58.1350353933714	50.8924199311509	61.4946558360083	68.9821732411114	71.3770156328732	81.4030550999905	87.4714918481375	99.5459413112694	120.131973088178	127.178831870533	139.131640780409	141.587375140436	158.702787522301	173.147748774771	178.244545093212	212.833535018525	237.502508618214	234.380296108631	257.366200830974	264.024244797305	286.507008023448	312.78744478754	322.243302443482	345.110839197845	374.549933486587	400.216915228751	417.85900114826	454.880839044179	464.505218804832	483.844802688603	536.563850875289	554.303431239976	586.112675783332	597.286328146411	611.804640288327	622.134179335452	660.135243077263	635.833962697146	635.369384424622	670.053731701165	686.650599223466	704.836783130971	681.016722719772	724.890986393672	0	0	0	0	1068.28419242557	1143.97083266708	1243.06032299912	1291.82104654334	1315.82505344525	1282.55858238636	1206.82701284036	1376.65192294478
580.052	0	0	0	0	0	0	336.284951482356	25.3578929146674	10.6273685261598	23.6173473107402	28.2847858923149	29.4947508610884	21.9606978319133	20.488377823896	40.0304763729161	41.1328116961823	45.8470454785451	53.2750320019367	72.4073755250843	60.6931162676701	68.5248882155693	86.4657416402614	100.480094219799	100.287463909559	104.373926529127	106.18905881044	116.778881637804	129.269903763178	142.905119079389	153.536363844589	163.105460812931	171.395371860646	202.683001839349	212.591438430783	235.703354217649	244.523879781708	262.272545870515	284.633862365769	299.740961506065	325.112828932214	336.877698578992	358.448337302212	371.280341631469	385.621057392339	405.182572540385	425.164379228633	477.465136442378	497.752552157105	534.55971705719	569.796922961981	568.556120767227	579.521692111655	580.168283898896	594.986360474862	622.911145302866	619.406176906931	621.241926604805	621.742318031818	668.779879581025	663.383202588732	0	0	0	0	876.044762712863	1001.5599864725	1114.77645975864	1160.79574022511	1245.24559780289	1309.53013151868	1411.20404084027	1412.4061144761	1608.68904080755
583.389	0	0	0	0	0	0	60.4811612668688	-2.03692683894516	19.7147729274413	-18.3726781797726	9.78951999521229	17.5428337451548	37.9463568568595	3.21307578141401	45.2853110107881	52.9108057732338	32.4395404493894	63.4667899693756	42.4809178803006	50.0097285734252	57.1862499876586	64.9135630434633	73.2675687731029	79.9214342654164	103.72455988058	98.9773284229717	116.625779491934	113.12987387381	137.206508517649	142.995053184661	143.526571637	164.267489925122	171.453449319938	189.514083083256	215.805015780447	210.792554239212	229.166994857836	262.047409633409	269.6107316643	287.093665002124	309.474815360018	317.048222721984	332.92125989512	356.956838338425	367.707879650773	399.415217925401	414.660871117004	468.385595919228	485.549271016484	500.375660642407	494.647556990513	532.277636627322	541.387546525173	554.845423699364	536.889180960402	565.311609881756	566.196766853736	581.039437581738	590.219243443213	600.612058470824	0	0	0	0	827.38496978928	862.115884664878	870.158354400581	1012.58763459682	1139.07679356475	1159.85347486441	1145.61614019009	1072.05442456693	905.932009166953
586.726	0	0	0	0	0	131.656865840734	-5.59409391549719	4.04785865920388	34.5817766473672	25.7665722394003	30.8691204844584	18.5784314200841	-18.8160658229829	24.3791364957442	35.8643670463594	55.9078230021836	44.6547578017507	45.8253488202349	56.9311410452645	61.3418507590281	74.3005639418752	82.9671030585492	78.6570798074999	90.8498043208201	93.7403074791965	100.81543667578	105.949213820898	113.679578058817	128.563274147337	140.758193060954	151.037514325135	163.362513887248	175.480174035549	196.335434378319	187.573798122361	217.45079107139	238.0524168751	251.942811767881	255.459808116615	267.787012869598	303.742842646524	312.875780392799	334.863377037751	338.833382825091	365.764189189609	374.043401194583	396.198775154691	421.059994216812	474.6732627362	486.470711846647	487.31693272251	510.661952730437	530.625074117937	520.655614370879	535.026866307256	552.139314390888	558.381670215044	548.552935485093	576.529017148472	573.428967273088	0	0	0	0	810.701480988399	882.479737713462	930.197209386933	1084.14884714048	1054.14133097697	1185.52184240501	1167.42948457617	1138.60150082998	1183.26479122956
590.063	0	0	0	0	298.763814371534	34.8098819778749	32.9587768647783	49.4285242051854	24.8585181173303	12.6271988793264	29.7690200088357	41.9583367844944	41.14429357385	61.168489958433	46.6258127272391	41.6080075865028	49.4921240939957	72.9757692063443	68.576038639271	80.986675866527	70.7515151892392	89.7193430982079	85.8576300804311	90.6454179261992	98.7402944501866	103.059428439667	113.449028310377	111.395331073431	125.635874870959	131.512504176212	154.312934934838	155.167033914171	165.032225687911	180.048522538211	208.260258689113	198.128915113892	229.030347488323	214.736194056617	259.275717886478	278.632575772515	287.60361807778	302.523295410215	328.188597029888	326.981078606532	357.589089247698	363.206294151683	395.524257334723	399.957731635346	441.071998746275	466.929339576646	481.849253802735	488.453465591415	476.055010013795	498.975158016848	509.500739231266	501.81347061136	504.224034495706	547.909297016544	552.23371915599	0	0	0	0	698.560495992837	742.055552890194	786.872006247251	920.605048552332	990.16659348654	1120.80526394526	1022.99005841154	1145.00239131558	1233.93259940606	1309.86318760859
593.4	0	0	0	0	31.1341777633052	1.49901746731087	17.003673155006	1.37021506082904	11.9325473540474	21.6507915118463	35.6524556808017	40.6502434595306	18.5660324028593	24.2262171699132	45.6435485185655	30.3228591440305	44.3614010341689	56.3382422013708	68.0441917373683	51.6202405279688	64.1942105109271	65.0402364931167	57.9841910926075	85.927260868985	77.6617653264243	97.374287671134	92.5240089194046	107.619250190379	119.404540354665	126.756696118467	140.652787140074	152.522808205853	163.373153383538	166.974289414821	187.806648886239	198.366739743638	211.173945575545	226.712674865106	251.054639453865	226.732596549844	262.880954091186	280.080437807269	287.249441058489	319.400786474052	322.09171801537	315.531655045336	364.145243600465	385.543987882858	420.531698006819	445.098236456745	438.848617301315	444.571165092252	460.265661236131	473.72055713643	482.825482129917	479.937796246405	480.153132023248	495.893867453003	514.249132687707	0	0	0	0	626.730190220067	721.297070865301	811.820908166298	880.204978734827	907.645918888354	910.166215859744	951.736871506114	990.097166436463	1008.97618406934	1012.65050076102
596.738	0	0	0	107.963396202162	16.2213839170535	26.1146055788027	16.5914099319303	5.57240985147143	39.7621143834516	-3.91021941704861	17.5157128722549	23.9838556787684	41.7644786473573	33.9283223752981	31.2986975998316	47.2825431486161	29.4561726523708	55.0582318969303	50.519361778676	66.2519168164841	57.0601896069938	69.132474736793	83.1503277241765	77.3171510558233	89.1130821803987	86.4410488057373	99.2467224781517	100.950413666444	113.952742449711	113.058039045538	125.28077903432	136.507072197526	151.008874521246	154.00723931785	178.320694385869	190.861298192558	203.688380713257	206.506378543717	245.038206676549	243.565203708658	260.248050830483	273.149928593147	270.041715924147	308.593615333685	313.004839647126	327.103399231447	331.378028071357	363.401502340915	402.918838016952	427.941575092678	429.572802372392	419.497450890571	437.665457849524	450.195121886907	456.833496405313	469.544220784228	485.958904694133	472.955031044494	486.276507615628	0	0	0	0	593.155406810276	672.142820920288	715.57269992823	814.95811840392	843.882199142974	979.657078575456	1003.5489831406	958.332473074369	1009.64795230336	1012.23708329586
600.076	0	0	255.176702172837	31.0561261158413	8.61511470091414	21.2269794244865	-2.19518262765944	16.2591245189809	21.8686034028713	7.23624506626548	3.17522473939038	27.3771750103365	25.5481465760024	34.4347162054088	46.5880226682615	33.8402575115092	39.0635654181868	49.4099361280772	51.2631199744907	55.4024387259477	73.0767413685452	60.4503750877439	57.9522630234368	71.113375569942	82.3534720344977	92.561358082627	87.4755760770803	101.373640805016	108.137141922788	123.451871593175	118.194454595472	134.330888364782	136.459976564506	159.602990684774	150.986283739913	186.112524705085	193.205036167167	201.913964923224	204.968392584193	216.850554964057	255.050390967097	259.482410749529	271.002304878715	271.223954647291	293.002753903835	318.769450571168	332.618028882739	345.376150077698	364.399190964318	387.165414933761	371.468409463295	396.189470438392	410.317712951775	413.128911554706	426.830102928426	455.152830576022	454.716308774179	456.822790027011	0	0	0	0	532.412552355246	572.635652665135	624.091166056849	707.214810254214	717.796953584692	830.293897364249	889.252275524151	909.94844898404	893.967552925563	847.50220466325	626.551480869062
603.415	0	0	39.3839101572749	20.5694573540755	12.6084390771557	28.2176379605046	5.90670454210393	12.1124746866811	8.96018285242274	4.00345407180119	27.4435607781747	49.6730190827824	21.0643515317076	41.9516403148327	26.6579306188972	30.036662318259	32.1404554457492	42.8174308479138	49.4443099798157	55.8368946205088	60.3684567762286	70.3396474596549	86.0926969579564	74.9539743070628	75.4184507801844	78.1615508591156	94.2847369760639	94.6716307879298	101.807747910082	113.072336709722	122.237591436882	130.909476909604	141.794641428238	143.904251158796	161.083349758847	171.698116638893	182.929505099186	189.81236001478	220.332804671051	222.982394420864	232.674418026548	231.557853753764	254.557024977677	271.522668694758	273.763608402079	289.709491931376	322.263293793076	334.676434646445	363.585457420502	367.058208289681	391.846623436679	392.765613901153	378.189654998002	400.291630997929	411.707060143675	412.872029158364	444.115984387431	425.138118412357	0	0	0	0	531.295728861985	569.184114274393	644.500898260538	693.878416075813	688.402737329348	810.734269290766	862.397685131087	857.865683061093	800.070929420736	976.068598952238	979.996381845033
606.753	0	109.387443883705	83.4075353247871	29.706255397525	3.16752930889671	3.83054815099772	31.7992975488039	4.28594785384764	8.98198679364966	35.261882689926	26.9436648278218	32.583024761147	28.1656322204538	28.1015878479321	64.7187442886125	28.5809073996419	26.3090755005889	49.4640091127718	46.8880340781223	42.3227531763749	57.7146010260736	46.0026698161349	56.9359007629798	72.4578245395288	67.9882979384191	80.5557070647703	90.6601213605502	90.9554295369617	105.125972554213	109.691019834042	114.014716397669	121.626829604508	128.110062856252	149.27440569923	160.475615571593	164.139810736776	173.634360522437	178.862596056149	190.103110316174	200.827874406801	205.018508227871	222.35524665334	243.000739825501	250.448337169708	270.834831916705	275.755077685995	284.830843418155	319.972832424554	331.519423217704	349.810650596285	346.817808251455	358.952911496946	364.883386812701	384.744122183268	381.560841711738	396.499372206776	383.111120449161	424.910754361389	0	0	0	0	512.189122412197	555.058862192977	563.10656216916	631.323281659041	658.792753784456	724.669659688405	841.853286100844	824.121395995983	827.190933185767	843.14801312082	798.65078114611
610.092	259.330494904442	39.3800656759768	1.72871127392978	4.9731140791554	27.7871006356075	1.55889538061152	3.70323641124036	3.58249838227071	53.3573256960382	18.6870427901765	41.1500765669915	28.3586452807376	41.7753966067579	21.3907283253443	46.6532295879086	41.4528496690713	40.0709071351906	54.7389014583782	51.0503461583579	36.4415470152722	42.1088602713595	63.8997529132767	49.1608908851445	65.5079572910915	71.1753308967695	72.4300473782658	84.5464873921656	92.2856955594279	95.1086588847326	113.660150699332	109.1572567984	119.418171289062	124.213462953053	130.968008862701	142.781621257459	148.934223583151	161.532100112184	180.031905215687	193.222693688209	197.801601738652	204.333193803353	216.454801223322	216.182471503587	251.127498713797	256.742335787971	257.715789209178	253.019351062807	299.531409158225	323.868936709991	319.54326294522	332.626005681113	330.390203699528	350.232730374125	350.637910690605	368.54415330728	362.941732951354	375.03681714102	0	0	0	0	452.067331017734	472.007736581811	466.681744600619	576.885301228396	540.547811571207	717.130551779402	743.714378983407	684.854130951248	761.935273770014	753.293851948387	779.723404524014	819.284198129986
613.431	26.5892149080768	-5.61968821476439	25.5143283812992	-4.1377732807255	0.796639405585492	16.0878105335382	-39.9910589156222	5.51419578355658E-4	4.14176842218484	1.32377520472356	8.98723017154018	-10.4654023390808	32.894557460337	42.1323405786284	-4.27466226494067	31.1740911895511	13.1697843832954	35.9789372856342	29.966395856715	44.9405472802813	43.6620000829345	51.3498139597246	55.7242085890461	62.1483743966903	70.5302242346112	60.5596401865398	68.994565162768	74.012372054432	78.5443512584858	86.5792055813517	100.219347886343	111.338436798652	102.166333373003	127.793251094031	132.372847575258	144.400063321462	154.313899174921	145.165813928054	170.325424923685	173.634510768761	188.257418896248	199.465632052505	206.328443986094	194.4798210433	219.204978684056	241.313945250142	243.944134499635	261.934682461993	296.97868578199	302.642380578034	287.784828087062	305.390574695319	292.315257939132	325.842809822519	322.066727973468	328.970880989938	336.469667637018	0	0	0	0	413.112500297801	426.867443035889	440.45011271282	489.707038375817	543.745175921693	551.663566771519	635.926656182517	776.639152689146	760.945531663625	580.757444558335	651.807314094427	528.884601802363
616.77	34.9440395169358	33.2431020337059	-10.7121979752277	10.9154944231861	24.1236949894725	22.5630227513421	4.50458128229612	-6.53038561520229	35.100493072515	4.72893622672939	17.5768047707624	13.7401841937702	25.0343539009648	33.0697471829043	33.1591638882285	52.8802674872498	39.6209919979458	46.9248377265051	43.5502354708151	56.8593200898314	47.1511891091569	61.6679429063566	56.8747094397154	60.6319743675333	43.0970922578248	78.597596021662	65.8470974599699	87.2931431745675	77.1171640631382	86.739275279429	98.5278114110262	102.627766044573	109.614656152427	125.911874850859	129.947050130165	143.113508470462	150.505643001554	160.903538326097	157.330768946605	170.485825337498	178.331680766892	197.804297821422	206.992252159109	194.620658912974	222.371956029462	231.995999951031	235.559244979636	267.434236834597	277.578610199587	290.327664510853	291.274486810037	310.816493836741	311.337666636563	302.133652602752	301.478871471759	311.897912451651	324.051152926425	0	0	0	0	390.328009352999	392.7959695033	453.684834210266	478.608841599102	554.658988072208	572.316717129429	601.157708186368	561.184701589104	725.896906626346	524.721214770586	585.959552300223	474.758108931656
620.109	-30.7207315677949	1.17355686940644	68.0662503337688	51.5392933943559	19.742851347572	5.71608715095115	10.1770928256877	15.1706718777144	2.58286791848742	13.3357178926734	30.4013823056758	53.7708111566895	49.8338877014762	15.427515356432	34.0472157547583	14.0286959229412	29.2859422496152	41.9741546204993	50.2212490301481	36.865380323719	64.5071233532883	48.0582673343256	71.2362135635764	58.6417209907593	73.4009209896705	53.8486290549211	79.8674831698381	91.686079780271	88.0971125181902	100.78488598848	116.37071564642	114.612943833548	127.105875853729	115.324747865365	148.772505026214	159.435764275866	159.864652449716	160.185396683122	185.714164597381	193.33783079153	196.549433495191	187.44457607481	224.150816719243	236.110709960389	244.229158139418	258.970097656549	279.309591806643	274.563551645954	307.632131964484	317.789521632487	325.109274784074	328.954731920159	332.800374995107	341.705360420381	343.64436485951	361.29446994735	0	0	0	0	450.724970343041	407.426915181896	461.112804096397	473.922802082013	516.496065834726	540.529503318638	683.50961529073	662.22906923235	735.206950667169	622.147086959019	831.99363760012	704.018632390295	828.333388863838
