Sample - Blank	600	595	590	585	580	575	570	565	560	555	550	545	540	535	530	525	520	515	510	505	500	495	490	485	480	475	470	465	460	455	450	445	440	435	430	425	420	415	410	405	400	395	390	385	380	375	370	365	360	355	350	345	340	335	330	325	320	315	310	305	300	295	290	285	280	275	270	265	260	255	250	245	240
nm																																																																									
213.328	0	0	0	0	0	0	0	0	0	0	0	0	0	0	0	0	0	0	0	0	0	0	0	0	0	0	0	0	0	0	0	0	0	0	0	0	0	0	0	0	0	0	0	0	0	0	0	0	0	0	0	0	0	0	0	0	0	0	0	0	0	0	0	0	0	0	0	0	0	0	0	0	0
216.504	0	0	0	0	0	0	0	0	0	0	0	0	0	0	0	0	0	0	0	0	0	0	0	0	0	0	0	0	0	0	0	0	0	0	0	0	0	0	0	0	0	0	0	0	0	0	0	0	0	0	0	0	0	0	0	0	0	0	0	0	0	0	0	0	0	0	0	0	0	0	0	0	0
219.682	0	0	0	0	0	0	0	0	0	0	0	0	0	0	0	0	0	0	0	0	0	0	0	0	0	0	0	0	0	0	0	0	0	0	0	0	0	0	0	0	0	0	0	0	0	0	0	0	0	0	0	0	0	0	0	0	0	0	0	0	0	0	0	0	0	0	0	0	0	0	0	0	0
222.862	0	0	0	0	0	0	0	0	0	0	0	0	0	0	0	0	0	0	0	0	0	0	0	0	0	0	0	0	0	0	0	0	0	0	0	0	0	0	0	0	0	0	0	0	0	0	0	0	0	0	0	0	0	0	0	0	0	0	0	0	0	0	0	0	0	0	0	0	0	0	0	0	0
226.045	0	0	0	0	0	0	0	0	0	0	0	0	0	0	0	0	0	0	0	0	0	0	0	0	0	0	0	0	0	0	0	0	0	0	0	0	0	0	0	0	0	0	0	0	0	0	0	0	0	0	0	0	0	0	0	0	0	0	0	0	0	0	0	0	0	0	0	0	0	0	0	0	0
229.23	0	0	0	0	0	0	0	0	0	0	0	0	0	0	0	0	0	0	0	0	0	0	0	0	0	0	0	0	0	0	0	0	0	0	0	0	0	0	0	0	0	0	0	0	0	0	0	0	0	0	0	0	0	0	0	0	0	0	0	0	0	0	0	0	0	0	0	0	0	0	0	0	0
232.417	0	0	0	0	0	0	0	0	0	0	0	0	0	0	0	0	0	0	0	0	0	0	0	0	0	0	0	0	0	0	0	0	0	0	0	0	0	0	0	0	0	0	0	0	0	0	0	0	0	0	0	0	0	0	0	0	0	0	0	0	0	0	0	0	0	0	0	0	0	0	0	0	0
235.607	0	0	0	0	0	0	0	0	0	0	0	0	0	0	0	0	0	0	0	0	0	0	0	0	0	0	0	0	0	0	0	0	0	0	0	0	0	0	0	0	0	0	0	0	0	0	0	0	0	0	0	0	0	0	0	0	0	0	0	0	0	0	0	0	0	0	0	0	0	0	0	0	0
238.799	0	0	0	0	0	0	0	0	0	0	0	0	0	0	0	0	0	0	0	0	0	0	0	0	0	0	0	0	0	0	0	0	0	0	0	0	0	0	0	0	0	0	0	0	0	0	0	0	0	0	0	0	0	0	0	0	0	0	0	0	0	0	0	0	0	0	0	0	0	0	0	0	0
241.993	0	0	0	0	0	0	0	0	0	0	0	0	0	0	0	0	0	0	0	0	0	0	0	0	0	0	0	0	0	0	0	0	0	0	0	0	0	0	0	0	0	0	0	0	0	0	0	0	0	0	0	0	0	0	0	0	0	0	0	0	0	0	0	0	0	0	0	0	0	0	0	0	0
245.19	0	0	0	0	0	0	0	0	0	0	0	0	0	0	0	0	0	0	0	0	0	0	0	0	0	0	0	0	0	0	0	0	0	0	0	0	0	0	0	0	0	0	0	0	0	0	0	0	0	0	0	0	0	0	0	0	0	0	0	0	0	0	0	0	0	0	0	0	0	0	0	0	0
248.388	0	0	0	0	0	0	0	0	0	0	0	0	0	0	0	0	0	0	0	0	0	0	0	0	0	0	0	0	0	0	0	0	0	0	0	0	0	0	0	0	0	0	0	0	0	0	0	0	0	0	0	0	0	0	0	0	0	0	0	0	0	0	0	0	0	0	0	0	0	0	0	0	0
251.589	0	0	0	0	0	0	0	0	0	0	0	0	0	0	0	0	0	0	0	0	0	0	0	0	0	0	0	0	0	0	0	0	0	0	0	0	0	0	0	0	0	0	0	0	0	0	0	0	0	0	0	0	0	0	0	0	0	0	0	0	0	0	0	0	0	0	0	0	0	0	0	0	-108495.899937619
254.793	0	0	0	0	0	0	0	0	0	0	0	0	0	0	0	0	0	0	0	0	0	0	0	0	0	0	0	0	0	0	0	0	0	0	0	0	0	0	0	0	0	0	0	0	0	0	0	0	0	0	0	0	0	0	0	0	0	0	0	0	0	0	0	0	0	0	0	0	0	0	0	0	-5188.24711630171
257.998	0	0	0	0	0	0	0	0	0	0	0	0	0	0	0	0	0	0	0	0	0	0	0	0	0	0	0	0	0	0	0	0	0	0	0	0	0	0	0	0	0	0	0	0	0	0	0	0	0	0	0	0	0	0	0	0	0	0	0	0	0	0	0	0	0	0	0	0	0	0	0	-35659.8031031029	-28143.1921820299
261.205	0	0	0	0	0	0	0	0	0	0	0	0	0	0	0	0	0	0	0	0	0	0	0	0	0	0	0	0	0	0	0	0	0	0	0	0	0	0	0	0	0	0	0	0	0	0	0	0	0	0	0	0	0	0	0	0	0	0	0	0	0	0	0	0	0	0	0	0	0	0	-128815.695984086	-11099.5176165684	-70022.5193857782
264.415	0	0	0	0	0	0	0	0	0	0	0	0	0	0	0	0	0	0	0	0	0	0	0	0	0	0	0	0	0	0	0	0	0	0	0	0	0	0	0	0	0	0	0	0	0	0	0	0	0	0	0	0	0	0	0	0	0	0	0	0	0	0	0	0	0	0	0	0	0	0	-12189.9337518283	-17994.2900009968	-138033.924391263
267.627	0	0	0	0	0	0	0	0	0	0	0	0	0	0	0	0	0	0	0	0	0	0	0	0	0	0	0	0	0	0	0	0	0	0	0	0	0	0	0	0	0	0	0	0	0	0	0	0	0	0	0	0	0	0	0	0	0	0	0	0	0	0	0	0	0	0	0	0	0	-47102.9236388026	-8115.09978499442	-46692.3115111047	-143621.912395615
270.841	0	0	0	0	0	0	0	0	0	0	0	0	0	0	0	0	0	0	0	0	0	0	0	0	0	0	0	0	0	0	0	0	0	0	0	0	0	0	0	0	0	0	0	0	0	0	0	0	0	0	0	0	0	0	0	0	0	0	0	0	0	0	0	0	0	0	0	0	-103052.061536633	-5572.73922136135	-5461.949668799	-82813.7441299649	-59992.7585359045
274.057	0	0	0	0	0	0	0	0	0	0	0	0	0	0	0	0	0	0	0	0	0	0	0	0	0	0	0	0	0	0	0	0	0	0	0	0	0	0	0	0	0	0	0	0	0	0	0	0	0	0	0	0	0	0	0	0	0	0	0	0	0	0	0	0	0	0	0	0	-13827.8285653002	-8621.36049308765	-33083.2658108234	-92422.5536541978	-30572.5130758794
277.275	0	0	0	0	0	0	0	0	0	0	0	0	0	0	0	0	0	0	0	0	0	0	0	0	0	0	0	0	0	0	0	0	0	0	0	0	0	0	0	0	0	0	0	0	0	0	0	0	0	0	0	0	0	0	0	0	0	0	0	0	0	0	0	0	0	0	0	-31089.7259293188	-2608.50548929933	-4293.61970753681	-52315.5029613571	-45042.1857238654	2872.20607992707
280.496	0	0	0	0	0	0	0	0	0	0	0	0	0	0	0	0	0	0	0	0	0	0	0	0	0	0	0	0	0	0	0	0	0	0	0	0	0	0	0	0	0	0	0	0	0	0	0	0	0	0	0	0	0	0	0	0	0	0	0	0	0	0	0	0	0	0	-56438.2547598666	-3513.98968152028	-2153.97473656852	-19778.6355438148	-62446.646048529	-11530.936494275	-6237.86063962046
283.718	0	0	0	0	0	0	0	0	0	0	0	0	0	0	0	0	0	0	0	0	0	0	0	0	0	0	0	0	0	0	0	0	0	0	0	0	0	0	0	0	0	0	0	0	0	0	0	0	0	0	0	0	0	0	0	0	0	0	0	0	0	0	0	0	0	0	-8513.07558946956	-1764.2059641208	-6209.21373379871	-43629.2336974672	-30239.0472210797	819.543641904557	1807.3936296131
286.942	0	0	0	0	0	0	0	0	0	0	0	0	0	0	0	0	0	0	0	0	0	0	0	0	0	0	0	0	0	0	0	0	0	0	0	0	0	0	0	0	0	0	0	0	0	0	0	0	0	0	0	0	0	0	0	0	0	0	0	0	0	0	0	0	0	-15414.4058325209	-2506.17524770561	-3048.0855564403	-13623.776765168	-39328.4725478894	-7148.3718428245	-1415.54533313315	-4884.4369453374
290.169	0	0	0	0	0	0	0	0	0	0	0	0	0	0	0	0	0	0	0	0	0	0	0	0	0	0	0	0	0	0	0	0	0	0	0	0	0	0	0	0	0	0	0	0	0	0	0	0	0	0	0	0	0	0	0	0	0	0	0	0	0	0	0	0	-22135.452820712	-2000.51601646702	-1643.32688947041	-3215.79764446326	-31745.3722193909	-23779.0474866479	-3678.47561029634	-5836.00246005542	-9853.23587442147
293.397	0	0	0	0	0	0	0	0	0	0	0	0	0	0	0	0	0	0	0	0	0	0	0	0	0	0	0	0	0	0	0	0	0	0	0	0	0	0	0	0	0	0	0	0	0	0	0	0	0	0	0	0	0	0	0	0	0	0	0	0	0	0	0	0	-3570.58752036414	-202.050607589275	-789.861735626771	-9626.88213957749	-27649.1488556678	-6387.0812541896	569.083055503251	-1591.80950234315	-582.071344068011
296.628	0	0	0	0	0	0	0	0	0	0	0	0	0	0	0	0	0	0	0	0	0	0	0	0	0	0	0	0	0	0	0	0	0	0	0	0	0	0	0	0	0	0	0	0	0	0	0	0	0	0	0	0	0	0	0	0	0	0	0	0	0	0	0	-8551.89316295582	-408.61801561834	-252.247426928431	-1856.30385806483	-20541.1770329463	-14408.9460446216	-249.568848570526	296.15210890908	-872.282087271674	-1215.59369572684
299.86	0	0	0	0	0	0	0	0	0	0	0	0	0	0	0	0	0	0	0	0	0	0	0	0	0	0	0	0	0	0	0	0	0	0	0	0	0	0	0	0	0	0	0	0	0	0	0	0	0	0	0	0	0	0	0	0	0	0	0	0	0	0	0	-1025.32470190596	-70.4858946997088	-93.6647229189939	-7212.83915150256	-19058.543927518	-1735.87293248918	3375.93919971965	1905.02206889263	4053.48109709348	4885.4562905147
303.095	0	0	0	0	0	0	0	0	0	0	0	0	0	0	0	0	0	0	0	0	0	0	0	0	0	0	0	0	0	0	0	0	0	0	0	0	0	0	0	0	0	0	0	0	0	0	0	0	0	0	0	0	0	0	0	0	0	0	0	0	0	0	-2880.2566449977	166.079001891251	165.510766093522	-1047.4252713361	-13593.0720754338	-9713.80567560123	609.92857928449	-224.401349805626	-744.14808706995	-1252.15916381162	-5723.72479956798
306.331	0	0	0	0	0	0	0	0	0	0	0	0	0	0	0	0	0	0	0	0	0	0	0	0	0	0	0	0	0	0	0	0	0	0	0	0	0	0	0	0	0	0	0	0	0	0	0	0	0	0	0	0	0	0	0	0	0	0	0	0	0	-5195.29225984617	-157.926636152502	-44.0976892758212	468.985576791533	-5637.42492052713	-11501.6285093272	-852.042342955012	396.238949461973	1141.6936846964	-51.7187386826966	-1509.25878168203	-1646.91810064243
309.569	0	0	0	0	0	0	0	0	0	0	0	0	0	0	0	0	0	0	0	0	0	0	0	0	0	0	0	0	0	0	0	0	0	0	0	0	0	0	0	0	0	0	0	0	0	0	0	0	0	0	0	0	0	0	0	0	0	0	0	0	0	-731.239399302819	-42.947711395776	219.464881252217	-792.583088901896	-8303.51628462917	-4952.36793986781	477.697335037107	1953.95660602684	1369.07746513447	2247.42898476571	3317.39844926702	1338.47830724745
312.81	0	0	0	0	0	0	0	0	0	0	0	0	0	0	0	0	0	0	0	0	0	0	0	0	0	0	0	0	0	0	0	0	0	0	0	0	0	0	0	0	0	0	0	0	0	0	0	0	0	0	0	0	0	0	0	0	0	0	0	0	-1615.80107250424	-197.495373851013	-113.448081426952	-46.8832345886528	-3653.21319807133	-8045.29892981708	-713.041768491718	1167.02130571002	518.33270416316	99.8138788365613	-711.0126892497	-1746.91266594296	-3591.29045944286
316.052	0	0	0	0	0	0	0	0	0	0	0	0	0	0	0	0	0	0	0	0	0	0	0	0	0	0	0	0	0	0	0	0	0	0	0	0	0	0	0	0	0	0	0	0	0	0	0	0	0	0	0	0	0	0	0	0	0	0	0	-1872.92972877438	-116.795620281798	172.58044628326	121.948952790221	-326.467926181437	-5725.16650044646	-2634.66634993462	1626.93928717575	1945.09580268439	1650.82535990389	2873.40658596153	1060.03161469878	1498.56143470866	5070.30321549519
319.296	0	0	0	0	0	0	0	0	0	0	0	0	0	0	0	0	0	0	0	0	0	0	0	0	0	0	0	0	0	0	0	0	0	0	0	0	0	0	0	0	0	0	0	0	0	0	0	0	0	0	0	0	0	0	0	0	0	0	0	-384.22985522327	-0.325183182981008	191.273637277411	5.88605146370376	-2663.87076803498	-5180.17993014057	176.328132460313	853.24261500999	457.421524192207	888.491890451868	125.429571859852	-1662.52540064462	-1591.0716253879	-4847.27367485188
322.542	0	0	0	0	0	0	0	0	0	0	0	0	0	0	0	0	0	0	0	0	0	0	0	0	0	0	0	0	0	0	0	0	0	0	0	0	0	0	0	0	0	0	0	0	0	0	0	0	0	0	0	0	0	0	0	0	0	0	-357.438341586792	32.2640898307023	91.5386557360816	161.710292160406	-237.614391401601	-4087.17286392115	-1369.28717287251	1167.99320173142	1353.27063060021	1709.27821846178	414.677433808584	897.211635915927	1369.65528240372	-261.290591641062	1108.95490114184
325.79	0	0	0	0	0	0	0	0	0	0	0	0	0	0	0	0	0	0	0	0	0	0	0	0	0	0	0	0	0	0	0	0	0	0	0	0	0	0	0	0	0	0	0	0	0	0	0	0	0	0	0	0	0	0	0	0	0	513.498036757337	101.025306467932	171.997406147048	312.198125077546	428.42634935683	-1958.56328638689	-2998.85231680011	1262.92211793842	1930.4218186056	1570.17535029566	1255.64399570467	2614.76693917271	2371.83756548401	2430.62652896016	5642.25589394425	4880.54842420656
329.039	0	0	0	0	0	0	0	0	0	0	0	0	0	0	0	0	0	0	0	0	0	0	0	0	0	0	0	0	0	0	0	0	0	0	0	0	0	0	0	0	0	0	0	0	0	0	0	0	0	0	0	0	0	0	0	0	0	13.4340444329318	181.026213772481	293.127411759686	405.101864685293	-112.372395428456	-3141.17515632618	-674.302606766837	1166.11942187775	1028.19517942563	1655.6280081647	2035.7741287928	999.36829247536	1375.530145829	-298.730317257566	695.324408528341	981.318835707831
332.291	0	0	0	0	0	0	0	0	0	0	0	0	0	0	0	0	0	0	0	0	0	0	0	0	0	0	0	0	0	0	0	0	0	0	0	0	0	0	0	0	0	0	0	0	0	0	0	0	0	0	0	0	0	0	0	0	504.696413597107	29.2761922748998	119.203861740222	288.336906966453	345.221715609683	-1092.9325386468	-2043.12833199983	922.849161825679	1290.50785045476	1456.96661470745	1056.50119640482	1756.0224239341	1362.23896168965	960.812798346247	-2037.40693628949	-980.371365050289	-1618.35502586287
335.544	0	0	0	0	0	0	0	0	0	0	0	0	0	0	0	0	0	0	0	0	0	0	0	0	0	0	0	0	0	0	0	0	0	0	0	0	0	0	0	0	0	0	0	0	0	0	0	0	0	0	0	0	0	0	0	1617.61309560521	123.818911497939	219.901703132752	290.181839378965	475.604400861619	47.1056920221173	-2107.07734214094	-40.5500552367155	1246.01177910072	1451.94517647269	1209.12128227508	1711.82274153166	1297.09469862128	590.74862015828	-142.081906941106	809.656337360598	659.976945958796	2404.02912532921
338.799	0	0	0	0	0	0	0	0	0	0	0	0	0	0	0	0	0	0	0	0	0	0	0	0	0	0	0	0	0	0	0	0	0	0	0	0	0	0	0	0	0	0	0	0	0	0	0	0	0	0	0	0	0	0	0	341.719643244539	253.412247744606	288.286696581574	641.143037272544	612.271384759849	-716.861034820302	-1133.17584915169	1214.87276523657	1474.39929327704	1885.03685628325	2043.7219903022	1971.536896841	2272.95594608176	2346.54976979559	2147.64584491171	3812.63552029323	2261.35689874762	5941.84669110021
342.056	0	0	0	0	0	0	0	0	0	0	0	0	0	0	0	0	0	0	0	0	0	0	0	0	0	0	0	0	0	0	0	0	0	0	0	0	0	0	0	0	0	0	0	0	0	0	0	0	0	0	0	0	0	0	1083.52682075753	180.263876037858	184.447096700535	479.480162680231	627.668223749181	356.198611390963	-1111.521086322	380.575984316913	1304.14176358538	1647.25010301866	1759.09280097812	1568.44187337016	1683.57858816281	1478.68131689522	1765.88308302082	2060.58905571046	1528.31901321556	2768.75735144179	-2268.86568741161
345.315	0	0	0	0	0	0	0	0	0	0	0	0	0	0	0	0	0	0	0	0	0	0	0	0	0	0	0	0	0	0	0	0	0	0	0	0	0	0	0	0	0	0	0	0	0	0	0	0	0	0	0	0	0	2810.53540203603	291.941929760336	372.00055696826	465.82485703123	698.470400686735	785.858330410515	-222.120215769022	-356.243194872468	1401.38559760159	1790.49477845675	1959.4638189046	2082.53374250032	1857.73087298244	1989.1325321803	2388.27137122746	1993.68402957079	2192.58659541742	1863.24937115358	1597.31248130077	3082.99531248084
348.575	0	0	0	0	0	0	0	0	0	0	0	0	0	0	0	0	0	0	0	0	0	0	0	0	0	0	0	0	0	0	0	0	0	0	0	0	0	0	0	0	0	0	0	0	0	0	0	0	0	0	0	0	0	646.114948386803	396.857592262724	486.045928577796	697.449146516385	829.661062362967	570.840325729398	-466.662393008826	909.306087102828	1673.12036727655	1885.33226490811	2130.97547840236	2034.65757549535	2195.09291648705	2529.5550191171	2003.67390326419	2472.25931190301	2205.84889256304	220.206800325452	811.983645995956	2091.63393345653
351.838	0	0	0	0	0	0	0	0	0	0	0	0	0	0	0	0	0	0	0	0	0	0	0	0	0	0	0	0	0	0	0	0	0	0	0	0	0	0	0	0	0	0	0	0	0	0	0	0	0	0	0	0	1776.94051363001	401.620032352103	476.198742223885	677.968619144606	897.34113242758	1031.77311899104	236.450873220501	255.992828720272	1630.89926730664	1913.19022190801	2233.45878460265	1993.75959390164	1850.95216288382	2423.22569913462	1871.5129801949	2478.84458820793	2377.20804962546	2953.7616301105	3279.70060036414	2131.23014237145	2485.08815533458
355.101	0	0	0	0	0	0	0	0	0	0	0	0	0	0	0	0	0	0	0	0	0	0	0	0	0	0	0	0	0	0	0	0	0	0	0	0	0	0	0	0	0	0	0	0	0	0	0	0	0	0	0	4380.37211510846	474.345011534731	523.270011986455	798.893138897587	913.061862309619	1107.25233352487	954.184771238703	309.065865089315	1374.98604500697	2101.18554721654	2228.23243379809	2353.34174723936	2339.28207417059	2321.66432670867	2295.36689074088	2391.21107278601	2538.24664302297	3005.52219736334	3057.3580972808	3229.59032783486	3670.9266558774	2932.98190501273
358.367	0	0	0	0	0	0	0	0	0	0	0	0	0	0	0	0	0	0	0	0	0	0	0	0	0	0	0	0	0	0	0	0	0	0	0	0	0	0	0	0	0	0	0	0	0	0	0	0	0	0	0	973.108575016102	479.357645299326	716.029094539507	887.441306744802	1169.14978582418	1278.29607247268	761.011609523242	834.904656970312	2102.52324207484	2302.24136524262	2402.5871182045	2439.0135580245	2432.78032978458	2489.00525069896	2202.57081567188	2289.04358427599	2657.46179567978	2354.63358278424	2784.15646163603	2963.79828176156	4019.87517439111	-77.4597040516374
361.634	0	0	0	0	0	0	0	0	0	0	0	0	0	0	0	0	0	0	0	0	0	0	0	0	0	0	0	0	0	0	0	0	0	0	0	0	0	0	0	0	0	0	0	0	0	0	0	0	0	0	2353.15964666813	540.522782783479	735.006993721683	944.827303809455	1200.85501109153	1426.27330822424	1388.96987732397	940.90426681258	1933.24380197508	2426.54081013162	2561.10603566735	2590.05761176407	2803.44376593231	2974.03783537748	2782.19470405863	2568.04721169726	3095.55958222851	3265.16729112243	2882.32218483604	2613.84320953358	4520.31361013393	4350.09065804961	5661.3185653082
364.903	0	0	0	0	0	0	0	0	0	0	0	0	0	0	0	0	0	0	0	0	0	0	0	0	0	0	0	0	0	0	0	0	0	0	0	0	0	0	0	0	0	0	0	0	0	0	0	0	0	0	532.377535273541	654.035016592493	951.323186558657	1231.01096666991	1454.11572654027	1706.68165189311	1473.21249050653	1665.379282316	2529.33077917756	2815.46411452683	3013.99785455115	3166.71453594471	3149.04033628111	3078.014775933	2865.10697824121	3232.08866832663	3199.91289480546	3366.9491852443	4475.15200607664	4360.81479435026	4711.68681918265	5820.58986463398	4789.45714856208
368.174	0	0	0	0	0	0	0	0	0	0	0	0	0	0	0	0	0	0	0	0	0	0	0	0	0	0	0	0	0	0	0	0	0	0	0	0	0	0	0	0	0	0	0	0	0	0	0	0	0	1001.94986853856	553.424451709024	840.821975692822	1211.21749827913	1459.93635877214	1801.81677166574	1860.07836838996	1645.76250069075	2464.92687640318	3045.06959558647	3069.10260001622	3315.37506909087	3319.79880192169	3317.51558349886	3218.34652335823	3468.57743364402	3193.61027895229	3323.17136341736	4029.88980515845	4233.78358650759	4287.63487795319	4124.99445229868	4888.19301054523	7520.37075814056
371.446	0	0	0	0	0	0	0	0	0	0	0	0	0	0	0	0	0	0	0	0	0	0	0	0	0	0	0	0	0	0	0	0	0	0	0	0	0	0	0	0	0	0	0	0	0	0	0	0	2168.29645072232	495.122701516892	725.097520881736	1053.1267889937	1415.10550109858	1795.85584441211	2058.10398404866	1881.75175838352	2321.00530802618	2952.24035816698	3305.26688876635	3637.57877651276	3890.23442903664	3697.88836474586	3674.91324988173	3672.65539493385	3641.46837898157	3511.8146618082	3849.02915679002	4212.93437513886	4591.84728642353	5188.75428293999	5024.28263182303	7333.87252798003	7083.88628190336
374.719	0	0	0	0	0	0	0	0	0	0	0	0	0	0	0	0	0	0	0	0	0	0	0	0	0	0	0	0	0	0	0	0	0	0	0	0	0	0	0	0	0	0	0	0	0	0	0	0	591.262994288366	639.100982444838	1003.5452854122	1444.11099283449	1787.2927630053	2260.46841785909	2355.80111500974	2392.17463618076	3052.41832771252	3666.29692797111	3958.91591464898	4139.60175316288	4255.24052406046	4462.93750627479	4184.3702908735	4136.16807945542	4088.41430132486	4312.90678341427	4809.02888670042	4847.55301707663	5505.1275783167	6047.39268449738	5766.76054276501	6634.67447945659	9589.21155172192
377.995	0	0	0	0	0	0	0	0	0	0	0	0	0	0	0	0	0	0	0	0	0	0	0	0	0	0	0	0	0	0	0	0	0	0	0	0	0	0	0	0	0	0	0	0	0	0	0	1131.9412753282	492.84559591756	897.15279974856	1262.88959131632	1643.64684576193	2186.86250270699	2548.78901796031	2654.16978413473	3071.26979223852	3759.70147590829	4112.17692616075	4489.68262156824	4800.28009511962	4750.8220104414	4727.75125755519	4851.51602834729	4674.50739894489	4379.18321501451	4418.73931602726	5020.764377026	5256.6060518318	5544.01542346866	6092.51408705144	6845.76788245777	8350.07720382176	9676.24573403039
381.272	0	0	0	0	0	0	0	0	0	0	0	0	0	0	0	0	0	0	0	0	0	0	0	0	0	0	0	0	0	0	0	0	0	0	0	0	0	0	0	0	0	0	0	0	0	0	4455.41508746609	545.518404747076	823.977947802247	1114.21104204025	1566.90335889741	2076.53368895271	2651.46721617143	2940.78697629207	3044.77427911503	3847.23151130068	4409.72027386656	4806.26560859696	5100.71721120463	5318.99999259953	5425.52622408509	5399.29609581548	5296.86081709823	5238.27787149601	5248.7847888762	5253.61423182874	5735.62297810086	6096.35595872631	7249.05250422198	8058.30864385211	9976.84283967682	12230.5608678422	12776.6135904002
384.55	0	0	0	0	0	0	0	0	0	0	0	0	0	0	0	0	0	0	0	0	0	0	0	0	0	0	0	0	0	0	0	0	0	0	0	0	0	0	0	0	0	0	0	0	0	0	738.54323629584	619.02274120157	1014.92418167974	1391.52387701194	1917.37922658336	2387.65087921503	2964.65067901076	3164.78900850711	3727.66441451264	4408.9021140936	4830.23281341185	5137.51175848167	5526.83210097933	5657.53981148245	5842.21038349491	5619.43297196875	5517.81478554206	5351.03469013663	5446.47249660039	5286.49087943481	5722.02358109213	6410.46912281468	7225.89475296833	7509.712124343	8340.11412161121	9340.25694466822	9996.07836929862
387.83	0	0	0	0	0	0	0	0	0	0	0	0	0	0	0	0	0	0	0	0	0	0	0	0	0	0	0	0	0	0	0	0	0	0	0	0	0	0	0	0	0	0	0	0	0	3871.07258280307	583.47686914796	880.789908230919	1280.78097779579	1757.12481561389	2333.30541099593	2903.80626171687	3244.95910218848	3605.08654318138	4475.78047369515	5023.40305418812	5445.63873963661	5829.24480133651	6062.36492877576	6282.69848940886	6536.45619724189	6473.10011249435	6058.92040674363	6099.75146174524	5707.68352023478	6342.07837660378	6412.77166963687	7239.92546828675	8439.03010670391	8844.38304127286	10724.3944864171	11455.0376101054	11763.1555429242
391.112	0	0	0	0	0	0	0	0	0	0	0	0	0	0	0	0	0	0	0	0	0	0	0	0	0	0	0	0	0	0	0	0	0	0	0	0	0	0	0	0	0	0	0	0	3552.03984005544	585.738726888784	691.631442944203	1060.84842490604	1517.51481333427	2058.59973680555	2672.09738074238	3252.35276008051	3662.14534668496	4263.47437045864	4998.55477360269	5514.97861787308	5893.37350635871	6204.82376354033	6652.97181731414	6895.51510494589	7029.92790170484	6841.70584971236	6616.58510266448	6458.78525406492	6327.08345144603	6361.58492146134	6930.68271187141	7453.77831295793	7978.32614893015	8492.60534028768	9793.56621140937	10498.8856946662	12777.7442211429
394.395	0	0	0	0	0	0	0	0	0	0	0	0	0	0	0	0	0	0	0	0	0	0	0	0	0	0	0	0	0	0	0	0	0	0	0	0	0	0	0	0	0	0	0	0	804.431692813845	663.919196231037	936.837956944236	1380.54938785937	1865.92961979195	2550.18925561718	3144.1740710327	3589.80153447308	4175.72047944238	5003.71365845429	5649.8447623183	6123.83399859056	6589.88398453073	7063.35337214121	7307.99093625364	7584.91178666035	7591.71102726418	7484.74494030724	7273.51556927374	7086.35497424987	6720.47658758968	7085.04772718103	7188.41262644835	8704.92662906823	9834.19752959453	10587.1688776769	13370.4099301912	13236.9687254595	14318.8575089387
397.679	0	0	0	0	0	0	0	0	0	0	0	0	0	0	0	0	0	0	0	0	0	0	0	0	0	0	0	0	0	0	0	0	0	0	0	0	0	0	0	0	0	0	0	1518.41432737445	543.080833217025	756.367712926469	1157.6069017504	1612.08031520943	2326.00996064415	2902.63901475071	3526.11464003267	4046.51653051826	4776.47214130836	5568.95729555511	6154.09619754219	6621.95455042109	7156.77165470037	7441.36594248289	7828.0938869456	8034.37109425738	8149.18091499015	7905.7419625209	7528.79762831217	7349.88574069745	7379.81857685962	7349.56725779375	7737.28041465962	8568.02667690267	9954.34687966117	10892.8278759122	11991.8705435882	14074.3439970748	13419.9527913344
400.965	0	0	0	0	0	0	0	0	0	0	0	0	0	0	0	0	0	0	0	0	0	0	0	0	0	0	0	0	0	0	0	0	0	0	0	0	0	0	0	0	0	0	2522.82111233923	483.148158034052	687.987526133303	983.353586260643	1426.24685954251	2020.09763512413	2656.99640855507	3363.18345863801	3971.30288433682	4518.69111024478	5356.4192538802	6051.44230971099	6750.64960090577	7241.89071773592	7785.12848761667	8037.01194683961	8387.68093276574	8641.65495257634	8584.94122035897	8223.96197289939	8020.63686912497	7842.17369167619	7474.41343682296	7863.88013615577	8074.09665680949	9309.0837742934	10455.490293149	11951.5556775902	13863.6454109124	14578.5357042082	14488.9604766558
404.253	0	0	0	0	0	0	0	0	0	0	0	0	0	0	0	0	0	0	0	0	0	0	0	0	0	0	0	0	0	0	0	0	0	0	0	0	0	0	0	0	0	0	671.266968163415	599.146097106452	883.82392727063	1194.30933903478	1709.74806653467	2341.18656359067	3083.4640767106	3791.15979130717	4228.97499461365	5126.17570963571	5991.53563617131	6670.22114972814	7234.81852303419	7806.56986039534	8323.98445218926	8768.05556439987	9077.83864499013	9035.95829862653	9115.9515502246	8890.29772771774	8367.44778374429	8320.9483256378	8058.00505736798	8360.36906957726	8818.65229600726	9904.5625631003	11413.3967004628	12911.3051776368	13154.9569886681	13814.1547104418	14292.7287440208
407.542	0	0	0	0	0	0	0	0	0	0	0	0	0	0	0	0	0	0	0	0	0	0	0	0	0	0	0	0	0	0	0	0	0	0	0	0	0	0	0	0	0	1531.41083453347	491.440313216087	799.900564082364	1076.22872135888	1540.11297307137	2003.6463229621	2715.50312169109	3422.48189697684	4118.53584805919	4798.43416095709	5678.77603208303	6522.42601866362	7236.9757460647	7797.79447365328	8335.17403863485	8761.14342039044	9123.24314351794	9503.39320666862	9810.50740297177	9403.7292819859	9145.45903261066	8914.83778672036	8419.69518667739	8424.86339845645	8563.96658708242	9155.34970656347	10375.7354565632	11210.1753995406	13149.7474621186	15124.0568781752	15138.5881224103	16779.3647975882
410.832	0	0	0	0	0	0	0	0	0	0	0	0	0	0	0	0	0	0	0	0	0	0	0	0	0	0	0	0	0	0	0	0	0	0	0	0	0	0	0	0	3373.09143078476	532.755493648062	638.898291010068	964.752091188653	1325.15409663136	1751.10151942492	2364.68765561413	3031.53787036181	3874.07082451667	4576.47945548532	5376.60782732099	6224.93058738655	6929.66678295012	7663.96853075711	8306.16288378209	8972.81626420468	9276.64668408592	9848.13343163379	9916.03103834365	10108.5387243746	9979.11078666873	9589.03291337339	9173.42699546843	8910.27305615543	8895.67201238639	9291.59972089967	9747.69201444369	11369.0747075077	12718.3674293902	14025.2691566699	16611.7020185939	17227.7600703738	16682.7591830694
414.124	0	0	0	0	0	0	0	0	0	0	0	0	0	0	0	0	0	0	0	0	0	0	0	0	0	0	0	0	0	0	0	0	0	0	0	0	0	0	0	0	731.808356994206	519.996190511033	811.713637373083	1119.22955265244	1573.72014306276	2052.95934868842	2670.26612988014	3399.94509371211	4255.97226827151	5014.97372626369	5896.83073530834	6620.16533924093	7497.56280469871	8144.7973291222	8847.04254692857	9391.49937552802	9794.8868083593	10006.6002024686	10326.433945174	10244.6308001361	9976.21871346871	9790.92790451742	9326.67683659231	9035.42764505201	9279.17102650813	9210.99552072263	9879.33544983756	11429.0361015918	12504.2726798811	13793.0121435169	15323.126981347	17350.3569544559	17745.648824524
417.417	0	0	0	0	0	0	0	0	0	0	0	0	0	0	0	0	0	0	0	0	0	0	0	0	0	0	0	0	0	0	0	0	0	0	0	0	0	0	0	1591.83505491837	450.381131387055	664.070600762714	988.749002343352	1355.28048527619	1801.61964055154	2350.5399556779	2958.00434461897	3781.60213531831	4618.25553116619	5559.69257440086	6360.22796292411	7156.60569423034	7877.07837997993	8550.38879802819	9282.15038462461	9839.67301090256	10290.2180127482	10479.1212709587	10657.3348905603	10652.2662948314	10540.9705859333	10016.8710759881	9466.29236835242	9480.78674220369	9228.46994433419	9504.44440868651	10683.7032372285	11834.4441103479	13690.7675921215	15158.4511806801	16599.334506609	17233.8518104701	19274.9341103904
420.711	0	0	0	0	0	0	0	0	0	0	0	0	0	0	0	0	0	0	0	0	0	0	0	0	0	0	0	0	0	0	0	0	0	0	0	0	0	0	2849.12645843333	418.149454364267	568.244935495371	862.980646923784	1191.58762778543	1575.01514547947	2064.61078631412	2622.83814048904	3308.39266242978	4064.3538489981	4944.39069811935	5949.68119277778	6771.38113209266	7615.42680503273	8361.254618904	8977.62290702898	9694.04161759239	10206.1239402555	10557.5635630875	10788.543681653	10880.6830851736	10833.8614321851	10651.178807949	10116.8017143189	9692.73466950591	9556.90853588783	9488.61886024527	9822.95359803549	10997.6522474793	12493.3007783093	14109.0177195283	14959.9289839391	16890.9563900372	16757.0475839884	18959.8329073015
424.007	0	0	0	0	0	0	0	0	0	0	0	0	0	0	0	0	0	0	0	0	0	0	0	0	0	0	0	0	0	0	0	0	0	0	0	0	0	0	776.677651328548	497.055606221217	748.414585049699	1002.60003323009	1401.45549092512	1902.87748888402	2389.0011343377	2929.08189863974	3635.56620731632	4401.34931648924	5371.64117147044	6389.85383199531	7238.97462703633	7990.08807550954	8773.14110304425	9566.72990339807	10111.833992938	10662.070080465	10906.1892469692	11123.4925052129	11370.4035318777	11279.9194222113	10870.0345254098	10432.8974443532	10006.0830010461	9864.34470491433	9843.40665603368	10450.4585252761	11283.3734290446	12618.3881024788	14598.6286938993	16776.8557894595	18721.2392450767	19092.4763906571	22589.1012555941
427.304	0	0	0	0	0	0	0	0	0	0	0	0	0	0	0	0	0	0	0	0	0	0	0	0	0	0	0	0	0	0	0	0	0	0	0	0	0	1478.29769154932	393.289412458912	588.634429215214	889.133032687135	1192.12551642344	1617.51954707139	2016.41587564658	2575.91331849626	3182.97667474696	3856.51910939112	4775.84361311212	5781.60051833361	6710.90119746833	7474.94577045937	8319.03102525482	9089.65639009023	9806.60576597862	10447.1379655454	10930.5658814082	11162.340929117	11378.7094431678	11568.811661187	11339.6289673454	11100.0856662339	10534.6554095857	10001.9454732545	9958.46023475727	10035.078088659	10407.109803663	11637.0540788574	12923.5954066945	14746.1758201114	16002.96846499	17720.9617058715	17875.2254510562	15868.5871582782
430.602	0	0	0	0	0	0	0	0	0	0	0	0	0	0	0	0	0	0	0	0	0	0	0	0	0	0	0	0	0	0	0	0	0	0	0	0	2259.21339054443	416.409785668863	502.972998317836	719.469729956838	1035.06586493712	1410.1556735018	1836.89408599123	2318.30465384608	2886.27700222721	3480.21252484903	4157.72508727484	5160.48077350324	6165.20738453351	7142.26625354943	7908.64314586446	8705.38823400769	9493.51673211613	10161.0849632921	10814.3891783554	11217.7371250422	11613.6122407361	11728.5442423603	11676.4396009893	11551.7855256875	11127.6098611677	10833.2768633651	10270.0776681117	10170.1852633553	10250.2300859949	10541.077084282	11949.7126752935	13795.9115269013	15286.0530594825	17406.146231466	18540.0404028783	20057.7870283447	21481.5451562533
433.902	0	0	0	0	0	0	0	0	0	0	0	0	0	0	0	0	0	0	0	0	0	0	0	0	0	0	0	0	0	0	0	0	0	0	0	0	612.418303780031	436.396511270184	639.548676276023	854.105692390832	1237.2530556641	1605.68984249708	2071.59902854088	2551.35177037887	3158.62051103209	3715.9101076772	4463.20968500586	5453.65061061118	6613.97776103593	7503.45610769606	8327.97042748462	9025.89909255082	9820.43993751958	10550.0084659917	11103.9177432881	11580.0428801149	11859.0736232793	11867.6533205185	11981.9762775854	11745.2738249166	11333.4491929909	10738.8449416605	10299.0246670174	10323.5311512014	10609.9477833375	11181.5902964461	12227.2901853266	14080.8498916215	16519.2902027325	17415.4936763646	19740.3446094844	19729.4768634149	21920.8046119228
437.202	0	0	0	0	0	0	0	0	0	0	0	0	0	0	0	0	0	0	0	0	0	0	0	0	0	0	0	0	0	0	0	0	0	0	0	1175.27884016564	372.441135122409	527.101554992208	748.994945615343	1022.5471181096	1357.493569067	1815.00637586543	2227.20385684422	2883.75349923452	3450.30344992998	4014.361964204	4803.75712943846	5800.62360342988	6898.55085857572	7860.22633482406	8632.32272508588	9400.60465729246	10199.7086155336	10972.7019566671	11497.8415001099	11805.805457524	12078.4242295745	12164.9816495984	12139.6126174047	11886.3812778153	11515.8671444537	11073.7145497868	10615.7129981698	10491.9172567972	10753.5637325355	11108.3945914617	12564.977018544	13835.2718532455	16119.0953754976	17348.9505241169	19750.4983545234	19892.4578321752	20687.9449144226
440.505	0	0	0	0	0	0	0	0	0	0	0	0	0	0	0	0	0	0	0	0	0	0	0	0	0	0	0	0	0	0	0	0	0	0	2069.04501971567	383.324694534272	474.852646416091	663.402052644587	903.594758804893	1187.08690755693	1588.11445731978	2002.47989212886	2540.95049989791	3109.49198523948	3640.69266767664	4271.958701009	5158.2482917605	6121.09006879437	7175.4251837661	8167.08669521261	8979.51956161845	9711.6047268379	10543.5093413911	11185.6807152175	11846.0617860469	12134.1895341294	12312.0946040278	12431.9269368067	12271.1336950041	11989.2891918633	11594.9414899165	11016.6807670612	10719.4897823971	10678.4821854989	10788.6634751112	11517.0872721628	12752.0079838572	14758.3465090493	16315.1487924489	18157.0533375145	20097.1534398325	20850.0478771103	21487.4309644379
443.808	0	0	0	0	0	0	0	0	0	0	0	0	0	0	0	0	0	0	0	0	0	0	0	0	0	0	0	0	0	0	0	0	0	0	540.889748193552	379.84810750201	568.106459372579	783.946377865104	1009.77085099641	1348.16865431232	1756.09437658644	2159.83723752129	2726.79771394879	3272.04830616201	3801.45101945204	4515.35342328929	5377.5948828158	6347.67828319339	7391.54970233889	8346.58334723911	9139.01523452425	9952.77410380944	10644.2622556449	11386.733217584	11898.9083962572	12108.3176636297	12335.4962930932	12290.025367076	12286.8288801355	11935.9255148067	11442.7786385177	11058.0678679837	10672.5962503759	10710.5387889196	10748.6953340633	11665.9432837794	12881.9213831608	14354.1070390025	16161.6343699198	18051.4888052578	18626.0362648374	19067.8785169676	18489.0492054493
447.112	0	0	0	0	0	0	0	0	0	0	0	0	0	0	0	0	0	0	0	0	0	0	0	0	0	0	0	0	0	0	0	0	0	1077.83524249549	371.676344171097	513.487098078613	697.499670525988	901.739937958757	1154.92759525389	1541.14152321022	1910.83951125675	2401.5503559901	2912.45111780015	3465.45667477229	4087.99065624498	4773.27707966176	5592.99472983752	6570.55963548243	7620.33511305559	8544.16314076481	9310.06840222261	10079.548141693	10856.7811518266	11494.9975701419	11962.3537191858	12236.875781459	12393.4293291771	12449.6658195269	12206.7112963547	11969.5634397227	11479.8435223657	11206.2342270888	10671.7909893398	10896.099389587	11169.5533586814	11945.5618518441	13367.1993397041	15448.8237944168	17070.6370708855	19495.0934931596	20420.7292527995	20718.3811053195	22105.6933016909
450.418	0	0	0	0	0	0	0	0	0	0	0	0	0	0	0	0	0	0	0	0	0	0	0	0	0	0	0	0	0	0	0	0	2006.60093130044	363.426525671424	437.253130516566	587.559314168225	780.056435237897	1024.50378484983	1302.35602789416	1656.18790988238	2064.36430700614	2571.09962336256	3078.1469736076	3634.49469361035	4241.6722545488	4935.81459704592	5755.75602358471	6714.92983212888	7746.37471235104	8663.40163501843	9442.09704505191	10184.6436693389	10934.6116369468	11616.7991351396	11977.1007985958	12184.4989740342	12302.5328101418	12330.7952134959	12168.0282107765	11801.4336247392	11389.3292518891	10983.7728135562	10649.6979556299	10743.2799269736	11101.1885806792	11971.8327056677	13224.1128285807	14802.529457894	16370.8256944139	17929.1646981316	18678.3729743498	19309.6341469473	19657.8702250289
453.725	0	0	0	0	0	0	0	0	0	0	0	0	0	0	0	0	0	0	0	0	0	0	0	0	0	0	0	0	0	0	0	0	570.021318633234	382.512813270612	546.698353188792	716.030839475819	929.288870658464	1149.96405692704	1477.14861259356	1835.59049731474	2241.76462021278	2747.52582956137	3214.26069515391	3864.19711844741	4484.23407654777	5098.59235199981	5873.71641166297	6907.39761709112	7958.67775451408	8810.6654012491	9500.65140443473	10249.0283191976	10944.924033319	11511.0414454141	11973.7518894157	12207.8793301828	12207.4799619189	12208.8602667251	11975.3076980342	11799.5423604343	11221.6582781595	10903.638128763	10874.11613607	10695.5884104127	11017.4266823963	11828.7804972502	13523.8890820685	15270.8011189772	16958.3229678435	18839.8623029737	19521.2671985705	21306.0488114632	21765.4495727015
457.033	0	0	0	0	0	0	0	0	0	0	0	0	0	0	0	0	0	0	0	0	0	0	0	0	0	0	0	0	0	0	0	1588.52283213586	334.176369535537	448.888379706333	602.801777197494	816.122567561943	1042.049808209	1299.26184872088	1633.1078995832	1986.96637051994	2478.11847788064	2911.8829591054	3374.19652929078	4031.27927074894	4652.97125908737	5269.20154914433	6027.54010074615	7004.19322705397	7987.93534416028	8832.15508956167	9576.68457951005	10348.3562605999	10961.3878688122	11552.4884399543	11930.0722181643	12227.968121483	12290.2077401581	12047.2766035847	11912.7612027853	11527.3787323829	11164.1638117952	10887.6989513437	10549.0719997998	10723.6567507726	11288.9351502086	12132.1563409276	13167.0648554944	15045.6747043456	17240.72187123	18230.5733523751	18737.3500476935	19898.8731769085	20326.812580654
460.342	0	0	0	0	0	0	0	0	0	0	0	0	0	0	0	0	0	0	0	0	0	0	0	0	0	0	0	0	0	0	2107.95487542468	357.154668654732	403.018655705785	538.129862495119	716.082448524594	910.179465218649	1159.64503896115	1430.40339100653	1755.41106714572	2148.82411052518	2560.6093374999	3096.68184485671	3574.90826463026	4113.37614275805	4766.17438355692	5400.21391709206	6059.08435145651	7006.28751133373	7987.77489431007	8908.1966788049	9594.21576119574	10243.7781854148	10947.2600245078	11430.7652497388	11880.3047906751	11944.118200356	11957.5380302856	12014.2711740066	11697.2054347496	11400.7439053659	11089.0892775818	10667.2124621556	10526.582421326	10706.8033009397	11220.0685343868	12037.3107965987	13692.8694039032	15010.170379055	16328.0134233074	18056.5436753526	18748.7610255348	19895.0511614935	0
463.652	0	0	0	0	0	0	0	0	0	0	0	0	0	0	0	0	0	0	0	0	0	0	0	0	0	0	0	0	0	0	492.093878626017	380.864598525541	465.872873829748	648.349222249327	834.032766031466	1049.61896009039	1290.23897234046	1599.00609324275	1895.85311585009	2309.68765270745	2713.20062065301	3154.99636483325	3704.50998864068	4292.4035334422	4896.64707520429	5489.87271691552	6192.94782900271	7143.36888680061	8047.16497940539	8959.34632674554	9533.11873904025	10198.581082955	10819.7087588956	11358.4147189623	11647.043563477	11906.4950646014	11823.7663321315	11735.5136314223	11534.3434053811	11287.2593224756	10859.4536994555	10649.6754096938	10473.3200419887	10697.0904527542	11256.7906359607	12247.9470878683	13554.2877748003	15728.1814539911	17239.4907153285	18578.0807874557	20215.5469781787	20505.5809867779	0
466.964	0	0	0	0	0	0	0	0	0	0	0	0	0	0	0	0	0	0	0	0	0	0	0	0	0	0	0	0	0	892.87922379971	322.119626135445	429.964217611446	555.847111105707	739.336997624246	943.509348364408	1156.17916987942	1383.82111756031	1698.34045338012	2029.25406804629	2414.61239537954	2862.59790596425	3298.55043287202	3816.11418546927	4345.23000669999	4896.98990277014	5505.39249198816	6197.97294332444	7127.78790844163	8000.84948787954	8778.09688560603	9397.91688350808	10132.6549286329	10707.0325112817	11148.126452948	11418.3721958748	11616.8140530323	11543.8939253038	11451.6215532499	11103.199894763	11048.2722365069	10708.4790894587	10484.4939213971	10327.0200426744	10468.8319368555	11119.0089219718	12013.7226131907	13509.1463208736	14953.7721130263	16550.9219714639	17631.9897821576	19033.9253723244	19716.5457872423	0
470.276	0	0	0	0	0	0	0	0	0	0	0	0	0	0	0	0	0	0	0	0	0	0	0	0	0	0	0	0	1366.80019462866	295.857978183634	382.753106442175	487.476304527256	637.340939617416	822.210152715523	1003.20599093631	1263.8499854755	1497.21263025221	1825.60340885737	2136.62954495665	2490.98345596776	2928.93412222643	3447.8621725063	3876.8230091302	4385.3478731443	4947.93727068424	5531.96042174835	6207.62401030469	7039.13372020801	7967.86051866196	8731.08540520453	9365.03573621256	9911.98537561621	10466.5141730208	10930.8829489391	11265.058497658	11281.8231003929	11287.5094343863	11123.7934751032	10907.0339928351	10664.4532668525	10411.7033808763	10154.1884967776	10142.0980051777	10370.359139907	10938.1319136385	11734.3436860095	13027.0141613614	14824.5723365878	16158.629081459	17673.4632365634	18031.782058383	0	0
473.59	0	0	0	0	0	0	0	0	0	0	0	0	0	0	0	0	0	0	0	0	0	0	0	0	0	0	0	0	387.85947309745	336.529510506457	465.603426805939	572.877879314809	736.680629779133	926.771381683941	1117.35710600176	1377.14069687765	1622.8643452499	1916.99786610001	2254.04811593308	2615.84314534069	3029.68184432683	3477.38257798413	4013.78134510094	4488.28821658075	5007.36823504545	5575.28961385777	6243.05581060287	7011.34185319739	7913.618466432	8679.74666737029	9176.6312222143	9810.13070567073	10369.9003519299	10804.3067631498	10950.0412110212	11023.8863380686	11013.7795363	10926.6605079993	10776.8494767828	10445.2523677209	10317.9577906878	10110.2119000216	10144.5254685815	10300.3423445051	10894.5924967957	12065.5701906381	13085.3634685312	14666.3937170372	16222.8706195451	18104.2475539879	17335.8079142467	0	0
476.904	0	0	0	0	0	0	0	0	0	0	0	0	0	0	0	0	0	0	0	0	0	0	0	0	0	0	0	612.323572611181	304.932794931383	402.243665459335	520.580520096647	643.599003501288	818.420670236738	1013.20992538334	1230.61104996636	1430.97264092462	1734.50781235872	1988.95972164499	2350.20108485923	2700.47263267464	3101.9352623104	3561.45408294523	4078.49805271951	4529.4764721524	5047.21792691714	5560.15444326878	6192.3791305436	6929.29032961164	7812.85653513399	8617.75884179217	9113.29270582338	9584.27653084044	10123.2698625696	10482.2106230981	10722.0536959597	10739.3143447791	10736.6666689183	10578.7570002892	10342.4212198701	10212.267527979	10020.3347823152	9892.31393066068	9784.7670926584	10258.3204334705	10845.0449877921	11675.7269737681	13302.9496884622	14656.6926246431	15946.6494553132	17313.6945003622	17494.996481752	0	0
480.22	0	0	0	0	0	0	0	0	0	0	0	0	0	0	0	0	0	0	0	0	0	0	0	0	0	0	1038.52176560177	286.141822383868	354.619059514588	463.926754292818	593.146532484046	738.790809164002	893.792402660523	1103.05847902838	1300.9743554476	1566.36574081655	1809.55994498853	2093.46186035041	2448.26359525853	2763.76509209888	3199.6396995078	3633.84768244677	4045.34213040499	4565.57681357993	5088.9456630304	5528.81543683526	6143.71484109214	6899.26992853621	7696.11582211874	8366.86887563816	8876.85613455566	9313.54452267517	9850.19249555612	10213.9926947581	10376.696040729	10523.8036608241	10334.117327089	10303.9708648946	10209.8166578216	9966.23684313891	9725.52869725921	9603.22019790935	9793.79102016711	10089.0049949171	10803.0156068623	11544.7989387476	12851.0018241128	14388.3693050452	15958.143726659	16708.4547687388	0	0	0
483.536	0	0	0	0	0	0	0	0	0	0	0	0	0	0	0	0	0	0	0	0	0	0	0	0	0	0	362.644401382625	329.924059397855	410.819459524322	535.489581532365	666.39422337027	806.537602554247	986.582841505773	1194.18349199983	1399.24783157745	1659.64486438321	1934.21626726184	2220.49156468925	2505.89988685566	2875.43345699738	3283.31298520135	3739.91096044973	4159.09124069582	4632.10502925947	5066.42212221603	5553.47371132937	6092.62994781507	6849.25923910272	7599.94330351173	8281.29901078435	8742.70595260604	9230.34238110074	9680.05866998864	10017.8628026993	10118.4469936238	10191.5754159353	10198.4620237491	10093.1789536434	9931.11739049645	9821.85446925402	9718.54977061621	9619.29028410699	9731.19389653559	10055.7447573587	10704.7009241857	11638.7442901913	13114.4278255384	14434.3279942337	15770.1587194239	17369.2581728765	0	0	0
486.853	0	0	0	0	0	0	0	0	0	0	0	0	0	0	0	0	0	0	0	0	0	0	0	0	0	596.698382647901	296.107672266078	374.886685392929	482.757661573838	584.097697389885	731.3781792403	897.765920417381	1062.86772655294	1254.43490465463	1488.19093342364	1755.88987572402	2001.15037788103	2254.38652918874	2603.4170921824	2930.2493838629	3380.29365300014	3770.52849968911	4156.17037527417	4603.11890134038	5036.59365658338	5533.63166945243	6095.73771933678	6773.83015509873	7535.8633070968	8151.85679763882	8622.08375711641	9029.54740645871	9397.29857128891	9765.84560886742	9926.39326820454	9902.56040180985	9863.77140522057	9776.07116116222	9613.13162353076	9528.16053346157	9332.92523645636	9400.00579251439	9521.78243082433	9930.86071226793	10607.4222184986	11419.9818877886	12914.6183734767	14594.0327026929	15063.6566315038	16362.266323703	0	0	0
490.172	0	0	0	0	0	0	0	0	0	0	0	0	0	0	0	0	0	0	0	0	0	0	0	0	1315.10635804993	261.922664179685	338.493596326514	422.23555023009	518.198660908295	641.233635497172	813.832604963722	934.379515788116	1142.57485099713	1340.77445849735	1532.03746871631	1808.54059414817	2035.96940970123	2328.60812258947	2625.22993421913	2972.23461834294	3369.76766349243	3780.20212777837	4153.35206329792	4597.60175711723	5034.27783750421	5474.72539357455	5982.37148050543	6697.13946095286	7423.60686453907	8069.7244298648	8391.48588088844	8785.31860300984	9168.94920597561	9520.86047332058	9600.30576763078	9568.0057431407	9552.48678052567	9523.05771372147	9330.35669225337	9267.77874167932	9146.49313527959	9139.63121364531	9204.182716055	9617.0723545409	10313.1595791391	11174.15867022	12540.3423247756	13622.0261382325	14872.1746188728	0	0	0	0
493.491	0	0	0	0	0	0	0	0	0	0	0	0	0	0	0	0	0	0	0	0	0	0	0	0	359.714291511109	300.08803737677	388.886414428102	490.346274049418	592.677009161103	718.573214770089	865.360036168998	1012.71851112019	1199.53333297987	1406.15468548811	1613.71996785921	1848.50182615807	2115.52246556916	2397.27497063942	2707.53207957275	3042.35120372556	3375.90679852032	3754.15121236737	4137.74548438613	4638.37166590151	4949.50719384028	5375.47266883148	5929.6125702904	6495.48134703656	7262.97771484903	7778.13436558136	8163.9537377115	8610.64355034064	8900.86539282906	9173.69981692283	9239.56799164429	9279.10608073494	9241.74701781557	9121.27374604313	9027.38791249479	8873.6206565296	8839.89748891664	8890.39953738376	9157.75089141371	9495.8793516083	10391.7987906067	11000.3911327022	12356.3820317697	13481.1948623466	14409.6245666064	0	0	0	0
496.811	0	0	0	0	0	0	0	0	0	0	0	0	0	0	0	0	0	0	0	0	0	0	0	714.606071286389	289.331305220988	360.904487167685	465.73330304958	551.080587394433	647.352699143046	798.205375110706	933.964022571533	1084.37976518243	1258.72527649393	1458.05118184044	1654.10278261793	1953.24090982021	2110.05438046218	2437.74345923447	2732.26275418493	3069.9792573687	3409.32879841221	3781.89315680089	4166.65857849515	4554.89597746677	4911.82274517408	5260.26441823405	5787.59570932647	6445.17007688894	7026.24645648957	7572.8529215238	7970.92667884768	8235.49013695471	8594.68833320243	8912.28116942521	9020.17191353459	8979.31331142999	8952.9132474942	8858.9868123414	8812.17334083883	8598.9877009303	8706.03839019797	8686.18684608269	8923.68911012782	9545.73631368282	9961.23242538721	10780.4662485304	12197.8936678112	13276.0090299552	14694.0299400066	0	0	0	0
500.132	0	0	0	0	0	0	0	0	0	0	0	0	0	0	0	0	0	0	0	0	0	0	1063.81129289184	304.988482942637	361.315195217519	424.992374111538	515.355013325011	617.556578943206	721.109856320087	853.328078971336	991.428774507048	1149.39144835941	1321.43773019127	1517.44679007328	1751.50787153629	1978.30439607044	2229.40668940888	2512.45094076954	2775.87565117233	3069.55943761171	3413.07238295177	3808.18505599364	4121.46069965355	4497.4907260755	4829.27907436478	5274.78403677481	5693.01224062627	6229.34976041535	6894.32181803766	7373.2157976598	7744.26441416964	8035.9043199364	8297.4131705384	8503.69657550409	8636.77132885791	8646.25978166675	8564.43160899363	8593.11601413257	8487.74980559636	8498.75833813917	8392.93604225664	8427.61649226361	8791.36617562057	9216.51525004193	9931.37625077344	10694.7633225291	11948.0614765023	13366.4580498951	0	0	0	0	13798.4840944723
503.454	0	0	0	0	0	0	0	0	0	0	0	0	0	0	0	0	0	0	0	0	0	0	400.676531166069	354.292975003593	421.92548909788	485.544741221216	582.040912810513	668.399611378486	765.68319553719	900.340850300107	1065.76590239866	1200.81444805652	1364.49274228274	1538.26316043602	1746.90967443253	1990.83526800944	2209.38096249452	2468.51725372104	2759.28287558778	3074.52058826139	3365.74877002985	3648.95579704555	4041.40870345217	4379.69419789765	4656.4967326256	5069.86960705126	5502.77658985129	6051.24273388453	6620.69276038565	7111.55614619847	7418.468595845	7636.40645259612	7953.15748652561	8087.86149155676	8228.66178730185	8183.18817336216	8157.18351935814	8188.85348192253	8149.89368708916	8009.15834420335	8177.28682826541	8301.96761276742	8452.71022701708	8980.863700486	9414.03622187338	10456.6184161564	11539.5409059967	12730.1751230215	0	0	0	0	15091.8576791674
506.777	0	0	0	0	0	0	0	0	0	0	0	0	0	0	0	0	0	0	0	0	0	885.180330348432	336.29284019998	403.08966856884	480.093209807302	533.203943854173	618.176400672499	709.251750743589	805.91087572795	938.707652972268	1077.37657369445	1216.46278832681	1358.42806740731	1559.74331387368	1727.28541849786	1977.0351124041	2216.01156819335	2437.25004937028	2673.45232304335	2983.64663050522	3275.06889378022	3576.69242509126	3933.80108081196	4253.81485485502	4524.00904253921	4893.40464382487	5290.01746468863	5795.44199889013	6332.84729169426	6766.62634813471	7012.67581100615	7359.85187093124	7531.65287314507	7742.19696482199	7732.59525147656	7792.25289123003	7731.82276823998	7697.98458937613	7654.61775130255	7610.94141764818	7849.1159522688	7792.98211940093	8139.38827072372	8626.36888334963	9234.03130081984	9868.66262578156	10984.0168801862	11890.8456625475	0	0	0	0	13274.8569959563
510.101	0	0	0	0	0	0	0	0	0	0	0	0	0	0	0	0	0	0	0	0	1344.63782311384	344.321594891161	413.942446961772	462.111145322557	521.622505339697	591.153358049289	663.265855140038	757.660589997875	851.773454419393	976.021525437748	1111.18461972215	1237.59449566001	1408.59914682162	1558.86599841285	1771.11068683927	1998.7997216194	2191.69140686078	2426.75225031472	2739.57477145163	2930.41997773299	3225.30522597299	3536.0147369971	3763.55998724379	4099.6757556712	4403.32816500087	4750.21514968385	5066.80823551381	5569.17121871758	6059.63302292947	6491.1907983424	6759.4684045896	6967.45310260932	7231.12618392263	7414.1002120594	7429.67299352817	7407.6103250684	7426.799957364	7372.7906961674	7349.82431587253	7325.97940377378	7408.95576798764	7507.98832138407	7865.68310322812	8335.00343525828	8876.3226484782	9599.26777307024	10706.4477027209	0	0	0	0	13255.1399818602	15495.1171405529
513.425	0	0	0	0	0	0	0	0	0	0	0	0	0	0	0	0	0	0	0	0	433.778679296896	378.588261692248	443.094111481635	499.089822842229	563.740508058985	626.54825606314	725.807061460137	806.526562336815	893.173308061618	1024.90181761023	1154.04364213288	1271.73462858972	1429.45164341245	1613.07639338791	1759.12422147015	1974.11549567678	2189.75005144169	2405.48276266522	2612.15558359663	2881.58900881833	3181.47768606088	3452.10138031659	3706.43316185727	3999.76297218014	4269.62774815133	4592.26260566452	4889.35647473608	5364.87426769661	5907.79791509595	6227.16655467809	6506.94435553732	6640.70771385609	6914.23472374535	7042.59522676135	7101.85177436277	7141.31392087644	7048.02014733832	7119.6303137603	7025.80985534412	7108.56784842932	7168.06824594234	7415.34294813296	7567.33066159899	8158.47139135695	8602.02014399294	9263.41386299129	10351.113297154	0	0	0	0	13545.4276070942	13150.9026825434
516.751	0	0	0	0	0	0	0	0	0	0	0	0	0	0	0	0	0	0	0	629.862191737066	363.646462063889	437.999818512421	481.557736334593	549.839706053016	611.569712658584	672.869673640747	755.501338110369	850.243850042268	944.042362749335	1067.82480996146	1196.68492081817	1321.68463273933	1461.24898706917	1619.03201898194	1821.02920244456	1982.19191673129	2212.13135257984	2452.87149181535	2664.69113187736	2929.59641690024	3171.00142855651	3431.99279669737	3698.79331091021	3943.92107127714	4195.0171430928	4549.32773139995	4870.30646287693	5261.54133329675	5765.78402418768	6126.80154265578	6347.81268116051	6476.11152892883	6767.75593746536	6822.1335345159	6933.45935252605	6933.25839753222	6893.54010938659	6943.24564050925	6890.18719602285	6939.43691220778	7071.36863868521	7212.45569421776	7383.53128536329	7958.07181899722	8480.01577651295	9273.02071103603	10463.2421156719	0	0	0	0	12639.9861029796	13094.3573293509
520.077	0	0	0	0	0	0	0	0	0	0	0	0	0	0	0	0	0	0	1153.36113317626	311.149430766408	379.140711416544	455.486215821602	547.494001707522	584.662681423224	631.54392689801	719.16911330695	811.050287505972	898.737533357407	988.520049140117	1094.20103330842	1212.28954521247	1333.15964958428	1463.26711156079	1659.79442476885	1817.62712336802	2029.51995136095	2241.20404420763	2402.07448079476	2642.16875381146	2852.29154657754	3080.70270849761	3384.30132839774	3649.58529849457	3900.33091733542	4101.67611644617	4424.89725305182	4723.98915873247	5161.2382250032	5614.58797441803	5961.5372461907	6211.76348426539	6345.50939890025	6548.88285098112	6652.06373977601	6712.75755195432	6660.94516330908	6751.07779277575	6742.86305288023	6633.39552841995	6817.64866741158	6835.74272839517	7020.27889653143	7324.47430237452	7834.15485453818	8388.16415279789	8989.39126807571	0	0	0	0	12349.897125345	12087.1708373333	12742.1527930217
523.403	0	0	0	0	0	0	0	0	0	0	0	0	0	0	0	0	0	0	356.214170778292	303.736287116298	403.348306693207	458.887367807793	560.857831690031	611.786481263209	699.88355683617	760.488830166623	852.16532734592	925.515381782486	1011.04843859312	1113.33155891885	1247.76026407855	1353.27611274751	1481.2108586959	1650.63202694961	1791.28818447032	1992.53966595087	2200.53638568167	2421.90397103099	2628.16571295974	2843.44536164628	3063.31006303066	3317.95497240661	3533.11675166649	3769.10723839107	4029.7917154806	4304.80977221915	4584.27166493068	4996.50310113172	5442.17892068546	5723.19919447737	5911.18479062105	6079.70567655409	6277.16176569243	6462.60317349246	6449.39473032351	6473.47661573363	6434.72127087934	6479.84024037261	6484.60387829081	6490.48698174528	6667.14025201301	6847.44099491766	7207.86167521025	7584.49800684936	8149.91319797603	8707.02973735682	0	0	0	0	12187.1783958872	12087.5187372036	13425.9284118439
526.731	0	0	0	0	0	0	0	0	0	0	0	0	0	0	0	0	0	843.043319413127	263.386222801106	353.693145550775	408.448190166483	512.349177438272	575.936941877198	623.748809389435	705.205616206137	770.249844815074	849.243746657105	930.33585574765	992.214730675044	1111.55073005047	1217.53064317228	1358.52648584886	1443.98660032683	1625.92008841258	1788.44024498216	1987.47887585695	2136.23857804123	2337.97144542158	2550.16618877862	2704.58076422803	3003.58453955531	3218.85244239852	3390.08154381569	3638.56221602063	3845.43673541	4072.58710898215	4359.63547082932	4771.17337808903	5129.96327754468	5423.7951266539	5626.56894701919	5742.00992446248	5920.64618575757	6045.3251313982	6102.9030793728	6127.88914526365	6094.00002992603	6104.9904894115	6062.28557675429	6186.57623338127	6319.80640038596	6535.12396594032	6751.48596381124	7194.74330793673	7926.28419009216	8423.75114359768	0	0	0	0	11800.7117838087	11955.7724660547	11633.4972944877
530.059	0	0	0	0	0	0	0	0	0	0	0	0	0	0	0	0	3927.93899548253	225.374309020053	281.752050937229	360.544175564818	436.1804884553	509.220258779492	569.59077151313	633.208045566824	709.066333363033	762.399995724571	850.654626109531	910.693161286636	993.923096413546	1092.5042808332	1210.735303392	1286.50056424854	1401.54064578387	1575.87752653969	1729.19642029938	1878.52555055125	2044.56625294809	2223.30434472909	2391.31015941529	2604.18106685437	2833.06668662999	3052.41481479885	3242.31171378158	3399.97549059967	3678.25017980347	3888.06782023739	4127.70049670924	4470.60290431187	4869.11803550264	5093.71934091167	5218.21327210457	5459.67827566302	5510.51281427476	5690.62884699466	5699.21823652287	5732.50597084498	5726.59823729916	5763.74894269322	5805.86081869882	5838.9510722832	5991.74637028355	6093.49376715181	6491.90890261747	6894.73498360875	7219.60920329331	0	0	0	0	9931.2679690523	11046.3926816689	11518.554346527	9592.46716655813
533.388	0	0	0	0	0	0	0	0	0	0	0	0	0	0	0	0	715.10640295488	261.498236841604	329.809487618174	369.85323967581	469.135437697105	538.737936967151	598.447124036309	656.882584241539	716.954702589284	760.628530818765	853.9450650184	914.692318458224	998.102006254731	1094.80534876299	1194.42418704463	1281.03809781141	1402.64444221539	1573.54832181606	1693.14213457914	1828.77084564643	2029.64831394091	2167.50106844645	2347.64206175228	2528.90052056349	2716.07961109301	2907.0145341833	3126.58299802393	3336.38888229397	3519.00350297921	3681.07542144809	3941.31007792061	4290.22007784463	4596.02836944766	4908.2361237404	5079.42522934618	5149.36982548865	5286.36001369052	5369.5024446144	5373.74507693857	5434.66996715791	5472.56493473696	5499.65847343536	5520.99742201255	5569.61635506036	5656.20071813418	6011.09123659653	6227.05836741317	6585.15682045828	7177.6456123011	0	0	0	0	10434.2672095519	10916.2204270086	11527.3013479894	11983.1739450881
536.717	0	0	0	0	0	0	0	0	0	0	0	0	0	0	0	1130.97920229234	188.965102774912	265.382803163137	341.98211774067	397.673584622639	466.739752369721	510.732556643731	592.959867802478	626.552323538518	711.816802178995	749.183632443388	850.065445044313	895.768966731546	964.897189451814	1072.98728484499	1152.81715892617	1275.93832561795	1345.81415701642	1509.19210187482	1633.74862648919	1794.3451397495	1934.80752740311	2086.64033460816	2264.59896392454	2438.53000275313	2649.75286908943	2818.67172383701	2970.90102258377	3126.59870290107	3349.53167037066	3521.91553334455	3746.90019443994	4100.1505792357	4452.33310853335	4657.0636317417	4759.0261495604	4852.60378156731	5003.92414832558	5109.1023557171	5064.22456545827	5148.78392651144	5142.26957474491	5177.42265358012	5178.6971806478	5333.02113727609	5431.62263457069	5670.71716318496	6003.38988392584	6345.21730158648	6779.15716939943	0	0	0	0	9491.6668430888	10418.1927661802	10480.424606757	10388.1499793436
540.048	0	0	0	0	0	0	0	0	0	0	0	0	0	0	1389.69118023719	209.026482245102	204.220816805078	265.855476882346	327.179767110725	392.569471738145	468.030752188825	526.636803966956	594.648356743936	664.51900592282	711.578337958593	766.198465534815	842.027038590466	898.555614315259	976.947147676224	1079.31157352667	1145.24658735056	1260.86850219282	1361.93766923493	1478.08442960783	1613.14278269126	1769.71787188793	1899.96264982243	2063.76838444796	2215.24686727778	2376.73338693395	2597.1871449996	2727.63456426206	2896.65467329584	3113.54442644742	3212.33626065533	3446.75912854262	3635.89579983537	3945.45880499391	4266.67836082619	4490.16316383569	4642.79744625065	4740.18145386616	4822.05988275215	4933.01543740574	4964.68101136509	4925.14423538612	4951.55777947869	4973.81396207115	5057.91658742153	5099.38627306325	5292.253101681	5351.18949886752	5846.3912200811	5983.63423341288	0	0	0	0	8595.56485040921	8999.28684973011	9565.54886882952	8929.15024148773	9704.77985692987
543.378	0	0	0	0	0	0	0	0	0	0	0	0	0	0	362.262063902533	189.084285164679	231.124480162593	305.640312558624	367.102189803926	407.857805829594	484.267165795966	550.413395766434	616.180163734863	667.272315830911	723.519303255316	786.573277749218	855.022860975639	922.778861468217	987.264332431731	1070.65932387605	1158.67377298487	1262.94897714199	1357.17008825802	1506.08986315098	1608.96555725951	1774.70445224829	1883.8212707046	2021.18712649454	2169.04473885624	2392.67508962706	2527.53297067329	2704.33286698687	2878.30476411126	3020.59989703016	3166.4587470586	3329.57410175772	3586.03230165783	3856.24415007461	4186.72850470399	4402.37347180753	4438.31315178835	4626.92683010497	4676.33133651499	4746.40239436774	4865.82746011051	4833.12063260818	4841.86361003514	4937.61393045608	4903.00547771413	4973.42650278367	5186.14409047004	5265.09624906231	5682.15505199586	5975.85348603752	0	0	0	0	8836.55941139505	9668.49576437653	10184.0419188343	10681.4030185912	9306.92345935619
546.71	0	0	0	0	0	0	0	0	0	0	0	0	0	1237.54542713263	111.289513980796	185.592618667371	225.862512041479	279.108823670157	340.663809939649	392.85934464721	475.830043964877	536.967274829734	649.882941187051	667.443720143339	720.430006189935	761.932960221815	837.903460883113	904.983665905427	985.157736988398	1065.38058416188	1148.79873000776	1215.80700968929	1339.78565207187	1485.50226802173	1587.61198970672	1713.23709351398	1848.63190983886	1980.31721603483	2122.37779618316	2277.83914065222	2421.10068915945	2627.4287784541	2757.44238817649	2901.59084503539	3058.62037598717	3221.97476575945	3435.6939975897	3706.8016328628	3995.02741350236	4162.2484579284	4286.5389152952	4435.81510647782	4510.42019469698	4607.71507121665	4652.4380430994	4610.57235747486	4586.38864030266	4696.39879678776	4721.8585376919	4820.58192210393	4977.0431799426	5075.60823959869	5427.2462610703	5938.00322749193	0	0	0	0	8438.92530243044	8287.16212451136	8340.83576706544	7746.28136666895	7416.69599263474
550.042	0	0	0	0	0	0	0	0	0	0	0	0	2692.00776394813	189.622835283297	154.585532191708	202.059231551588	250.234283721335	309.730301839582	371.998263227095	427.4662504846	524.153052106928	561.295301262022	637.136194362051	675.597802692778	716.66158636367	771.062777781803	861.441172821698	900.233451869696	959.67127665107	1031.139289607	1139.93906614517	1209.34943294223	1319.66113596939	1415.38688149812	1538.51726983356	1668.15270870018	1827.31606930893	1924.46798671323	2088.20937827833	2206.01079503655	2357.33917851925	2525.1246256938	2671.95665015294	2815.71077063749	2949.91216267855	3131.06554034754	3277.50320996476	3571.21894626489	3801.51354907468	4036.29426047151	4124.18705013071	4181.28756466763	4325.51655016775	4353.09572884137	4413.59379023319	4422.75837119256	4421.89801931064	4457.43911847972	4553.56779629733	4649.55993665361	4852.48975138646	5038.02938865872	5271.24197603263	0	0	0	0	7450.48132610861	8774.82951023787	8594.72085226669	9180.44434368884	8470.9433474858	9895.76929600581
553.374	0	0	0	0	0	0	0	0	0	0	0	0	407.395874026938	157.826837080099	168.845021257918	211.725912546413	262.139971321682	329.292830061178	392.616750820829	433.202511569352	515.151377307762	552.048499344281	597.42261868806	642.189190289797	714.573638127848	748.439813625717	822.630963397776	868.23401708876	931.451473278841	1008.78162947424	1088.45483226787	1177.3184412441	1260.92133702115	1369.95143158399	1508.10026551358	1595.85511607397	1711.45418806809	1845.15473993188	1986.77844215622	2113.1835084559	2283.96495596042	2420.35309984193	2518.63897567336	2689.28367342739	2790.44061925178	2924.55838133365	3124.9036710076	3366.37364915996	3626.05022736484	3779.1397370811	3818.38141028579	3972.32334798791	4037.45840892432	4172.22290308694	4141.33850181043	4202.5188688343	4202.63391121297	4257.50935571215	4371.99966359351	4382.77871278484	4487.91565203115	4742.05055745213	5059.10311514086	0	0	0	0	7380.34719676196	8181.64854987315	8303.54251207521	8503.98383123074	9313.4578437821	8090.39223762929
556.707	0	0	0	0	0	0	0	0	0	0	0	632.923298522159	103.50964968242	129.492900119461	157.218943931871	213.583557570538	241.704807808703	302.469387591541	358.063525233401	408.273685584259	446.276353380343	537.813660201972	592.511228879494	627.106074876188	683.930839131461	737.936078453401	795.522110510794	830.994490663262	879.151627202563	967.158416810907	1035.82180479593	1127.10065445499	1211.80778841652	1300.01703787434	1412.13324718114	1532.40157752469	1605.08056879521	1749.58882430915	1864.5965310245	1987.02201692153	2115.25864622128	2281.58860522417	2387.78095637488	2542.43720461036	2620.17053626576	2781.25002118231	2939.88701964924	3165.715107581	3407.69412859131	3565.1644642061	3673.23008636818	3727.30902026841	3783.90293954784	3865.75592597799	3898.91679447812	3917.31681773855	3930.10491247217	3968.1567248721	4030.63422182221	4163.82662888944	4253.26896799854	4348.06139278366	4750.11496542252	0	0	0	0	6964.50352508625	7666.6613601209	7577.4623247	7571.95335433972	8053.50322036992	7990.22330144278
560.041	0	0	0	0	0	0	0	0	0	0	909.850347619662	112.494149201998	117.923148165778	137.596335027624	196.04159460954	228.968761490182	252.436152289304	283.339931133242	373.943059791629	411.183079112068	455.027168721549	519.13249541363	578.224375153397	598.083368101887	672.997085269253	700.635851519486	765.065263038281	805.519308091039	862.024487842983	941.149374534628	1029.44593588234	1070.37187271996	1191.99010699948	1257.48348829791	1332.51696877913	1465.30355533131	1571.63984389293	1681.04663627593	1775.59487253129	1936.65528449866	2012.70030407339	2200.54399191471	2291.97517579744	2387.8345804257	2508.71209888419	2645.00213992796	2784.06722554987	2961.54894413793	3224.9100754704	3426.41109225725	3457.29818387303	3492.51060088813	3574.8806485498	3661.88537302487	3652.66908486921	3713.12275269595	3798.07302665998	3755.7341397891	3791.44478298197	3919.61903535083	4135.7824216766	4261.63750822695	0	0	0	0	6005.62072332019	6551.61074682802	7352.61400720853	7236.22890007844	7461.3526309574	7988.74979576873	7580.5488540091
563.375	0	0	0	0	0	0	0	0	0	0	123.689957747334	57.9254018271737	83.4897666741379	144.665005226427	142.690038977103	204.281410476181	231.308284714834	288.711253115695	337.134525919511	371.242894571829	435.488957653145	483.988121299466	536.250658828608	593.062673902647	633.21794263374	667.935135017386	721.237038657517	770.8965852982	816.148755652358	901.144756539352	956.328760490385	1038.37647508981	1094.82576383234	1200.64823131547	1285.90522255913	1364.44066745623	1490.03721845821	1606.84755625919	1685.30562940514	1796.00916901919	1924.09714389914	2023.82937471675	2159.43084916923	2293.70439671128	2358.13673948315	2486.35213282502	2600.02855437707	2795.0286696029	3075.84840397795	3173.11809810669	3198.9813057005	3270.10403973426	3406.56900257151	3425.72578987941	3468.3427258124	3481.37828552589	3506.17586606606	3459.99571651933	3594.18625912777	3755.9951547734	3725.0659826225	3941.47804731158	0	0	0	0	5704.26308298645	6295.48631964963	6147.74846857634	6530.4813340445	5878.11054897368	6460.84965668193	6430.65335863474
566.709	0	0	0	0	0	0	0	0	0	318.250478243715	72.1998468135494	90.6718519008399	135.453566322196	150.237449089273	184.662294509938	221.93202604237	256.267220360454	294.913519698257	349.522597713062	388.206153973491	458.654990879601	501.369510038562	542.514243856585	579.506762734732	633.770788517931	686.354625666319	718.042323953153	755.062261929585	820.92421567636	872.458789172198	940.163563409314	1012.69731485151	1087.51646497932	1152.74333760412	1254.58850474705	1344.10779433152	1445.81784881678	1542.65790677969	1676.84099313063	1715.16860160432	1841.2227684399	1987.95115271963	2059.17310477767	2180.61330511048	2291.8524949472	2380.82779787526	2508.72594956912	2726.30661139905	2904.26355156374	3021.08810645494	3108.02746284114	3175.64904221176	3226.02807868628	3282.89215207734	3294.75173165979	3338.4393045987	3389.18398187329	3490.14503536839	3502.9248987779	3535.62413379268	3708.53379063986	3775.45864934074	0	0	0	0	5324.8997220944	5913.52698299493	6529.97879520409	6430.44756867055	8182.59070661467	7270.44187635724	7997.36388003921
570.044	0	0	0	0	0	0	0	0	509.583398910479	50.6277404166727	83.1415457110515	105.957176843302	91.4247592622595	146.656560116175	164.093379977229	210.368487399253	237.182249440148	298.769167963317	333.163045876622	374.170160347422	409.887543381031	476.909395069516	518.785028383114	547.749073795962	604.315164079683	643.349392666711	702.110042461133	752.428860152611	786.883488120995	848.92803662769	921.7913003448	975.029820216942	1039.78635240042	1154.82741660446	1212.62632681303	1311.38868977593	1376.56450484731	1486.184295188	1567.34288043535	1657.90630027403	1791.94245982319	1857.50410614657	1944.76768593404	2077.72463269587	2173.56227492426	2273.19176020021	2397.80498089926	2579.44639008659	2782.00022346608	2893.32824592167	2933.4439700373	3063.88772813092	3045.13461198286	3147.66788185127	3149.97303020862	3177.48380735333	3125.67020664513	3189.44382606898	3348.1406258461	3330.55449813302	3499.77821656071	0	0	0	0	4542.03529031322	5319.46658606987	5517.33014237396	6082.62101931717	6092.48360186434	5720.30192935899	5809.87371933021	5500.16752445779
573.38	0	0	0	0	0	0	0	0	121.83789133676	86.6852649865074	111.437557908362	101.420577607089	161.320252277377	159.09197405465	209.524229932905	222.136881682621	253.259588835822	297.420628826915	348.551532407221	385.135099122812	429.530748165705	473.017961707526	526.148523188604	559.846446564309	606.656924344061	625.199397203937	692.896367415764	728.214305371402	775.145689525374	816.185792984248	907.940336608013	963.008996521786	1028.92418203539	1082.68770333949	1172.14239509317	1256.06479092183	1323.44271675035	1402.71664164273	1551.16939531131	1634.29355665849	1709.51124084156	1787.61041714727	1912.49662326793	2016.37174045495	2065.28362763075	2195.83152339252	2298.38232840831	2452.99160228335	2652.40469117769	2803.2998231195	2808.34193140099	2872.89804168179	2932.82144211357	2989.26730758348	3022.97196591215	3012.07615251069	3114.00299336921	3154.46972442252	3136.58478896526	3297.75660736687	3421.50500946634	0	0	0	0	4637.60722727673	4924.69207065786	5403.42525246618	5841.96087075959	5912.89137773007	6101.07095832999	6850.70180884628	8084.59242868424
576.716	0	0	0	0	0	0	0	231.114743181351	61.1192305704026	85.7819322959698	79.4051891899483	125.963412710254	112.332703195073	162.757924317951	176.222778493928	222.635464836543	255.676480479516	281.538232510923	335.003953820635	377.874125620188	399.109746103213	446.678793489429	495.440024850243	537.26840248577	565.929138809216	602.358709460403	650.907116162874	693.753116565105	733.585047275539	784.221256611608	841.873133380107	882.562808864561	984.179745984557	1029.54357804918	1115.26742125318	1156.63162418942	1255.42612665206	1322.86947121443	1424.47326048216	1518.38578583834	1618.49584045625	1716.01422550856	1811.19739161758	1868.2340602279	1956.98182901852	2028.00026009643	2169.1339544207	2335.5803588448	2519.14102802073	2602.33894103073	2644.64820325846	2656.18286907207	2743.15965502088	2797.63155682975	2779.94698551074	2807.20234337876	2882.49327806805	2904.72850435005	2955.84351489297	3081.83052932007	3217.09120710042	0	0	0	0	4342.27641710656	4824.01142829368	5079.02073606056	5340.61309173438	5118.93349369705	5275.36161377161	5074.98311877297	4892.20206103228
580.052	0	0	0	0	0	0	978.539859138388	90.3390586349262	59.2618588709834	72.2143180543159	86.040594625219	94.1092193219487	151.892496853763	162.137583071659	200.305832026364	228.921312244384	264.426499284749	301.277694736699	331.613365046413	351.464350664104	408.849405662108	443.796475729098	471.743820548523	517.66983480584	546.523646326601	572.695536203826	624.861021540125	653.240709287769	714.593401044752	767.51161838928	798.311100059121	856.917005230305	917.8649489994	986.023725565214	1058.82270478058	1132.01805615486	1193.1878829005	1279.80597406129	1365.5249048397	1476.13610857307	1503.13114973105	1623.99647958332	1676.64295721185	1800.94495052184	1858.14133997084	1942.35458698938	2081.53019349232	2179.2625909013	2344.88222243607	2452.83855925402	2485.50677614672	2539.78125505656	2583.15876127362	2600.31932181942	2662.38401236942	2682.36049573385	2702.33906606554	2774.68020625843	2844.74432843842	2952.12797168403	0	0	0	0	3712.38276926809	4056.2889621023	4558.52664493766	5041.92334569163	5227.8770182405	5578.71463254005	5741.22841367982	6596.49489834955	7203.77083958056
583.389	0	0	0	0	0	0	198.199650597297	63.4889665995803	64.292168695025	51.9403853918821	95.6578638374717	133.256460090678	154.043162528673	150.31973407356	196.776390898135	231.460124593912	234.370456898714	282.597605834008	305.012632604973	348.597105731301	384.507861910501	412.93192828567	449.739062507738	468.378232044875	518.244245983025	540.7118367463	584.437379726488	625.69635969036	661.405727754028	717.02079501565	748.133026561396	807.711645351045	862.054296365633	935.938211614542	995.061710483193	1054.62645354135	1131.36779587131	1200.79104018358	1273.12047054257	1358.37839630476	1460.6736054184	1537.28514766177	1600.25115758254	1673.37424709327	1730.45707571029	1800.88105035828	1897.4996021284	2029.17398650232	2179.1293484719	2302.39323479199	2320.9500709626	2350.55547041775	2360.96575243174	2487.54358909917	2462.58971189883	2495.62566003094	2526.16305261195	2563.41932477331	2645.17290179404	2726.34915215655	0	0	0	0	3560.98932910172	3924.2781685226	3960.77845004251	4481.73426003929	4951.54278002767	5131.88845918444	5921.46737939971	5312.43901074024	5098.97742998765
586.726	0	0	0	0	0	264.871566860953	-2.20510092583397	35.7907003587247	87.3571973889298	87.710733641794	82.6188896299144	115.443567267748	98.9105082580233	137.231963138614	173.528675135831	193.866729058826	227.063575530681	257.51815813382	293.442605363064	315.97416144976	352.444228819416	386.294504439864	436.996008883117	442.200327287949	479.328880095054	513.1529215064	541.294618005179	580.811935638695	624.245064563742	644.574965264883	701.042035269721	745.030680338	816.629689795059	867.313920616869	945.17228583528	979.413362976501	1047.16823697982	1119.19002723381	1182.97443008162	1298.94474144873	1342.9718195252	1383.09306032972	1461.87295879211	1545.38964108695	1635.55012134767	1689.83142091716	1745.96535518828	1918.20112513541	2038.56166944612	2138.38358222384	2158.0748855109	2181.1207067804	2241.75273516121	2292.9832469197	2336.31485492241	2350.06169753181	2377.28957308006	2389.92270156657	2487.25431892071	2506.43316477941	0	0	0	0	3317.20299317792	3686.62091247811	3951.29539031979	4197.76566944556	4397.10451496188	4722.62146391946	4851.60672159291	5040.36493377086	5159.55545744093
590.063	0	0	0	0	546.335735459607	83.8211764767282	74.3914086110534	102.73093672114	76.496648368507	85.2950026510435	98.4094879121227	121.38033177701	125.374868073575	168.944924498417	196.33936604051	182.499909489085	249.704764827275	267.852171831576	280.571431840526	320.833209079145	346.029554716153	395.261901016615	412.057902167269	440.789602633534	474.265960008759	502.90966267236	543.671371436249	574.79213480742	599.483968476159	636.642698983416	690.706413704707	733.570793705318	787.849120996269	835.621032459479	912.079916013238	928.657907177459	1017.31897682322	1062.89691008112	1155.40726923776	1207.51725222288	1278.49064616399	1360.39332640003	1390.64156421753	1486.00115206626	1566.87566759205	1604.58607088567	1699.96578236582	1781.18818608695	1924.41824386715	2016.29427622343	2082.16912933054	2038.00994214506	2126.45148232358	2174.62085965542	2148.70367463283	2209.6612185893	2275.89182329997	2352.46166880238	2373.17153920562	0	0	0	0	2983.33842124581	3183.93161707915	3510.59172569442	3772.33107903914	4082.86436514123	4198.78568955328	4443.02999648468	5425.92456449235	5191.66448493211	5386.50055210058
593.4	0	0	0	0	89.078677678802	29.6235197210383	52.6432226333807	40.6162423155427	64.6406774503561	53.5820805484199	77.1963347821138	116.991459472658	107.447777437421	135.616437178045	164.331082051445	196.9898316123	213.486473839895	261.938242390672	279.320459998375	295.791525386588	326.082944904557	348.873109902747	376.168518840354	421.915459194608	445.876503795484	464.792351885829	497.458491018392	540.834459375414	571.019995647662	620.440025030928	657.498826300829	696.73706657107	729.929883181383	777.379766299532	834.751724809058	894.039450072787	963.9328750119	1019.74586339081	1089.15135148663	1154.64790130425	1201.5934613945	1229.94619980258	1325.27526812653	1402.03156787612	1439.77970352731	1472.55352543741	1572.73934217245	1717.98712868733	1833.52126581059	1892.37045092668	1937.01246792329	1965.15504502128	2010.72258335642	2032.69800457632	2092.00091022578	2093.3407245212	2119.3525024358	2153.15797226619	2181.83963675413	0	0	0	0	2730.38887633668	3009.2034988837	3229.90887223313	3514.24129002456	3812.11947605929	3607.67394504795	4059.52258077394	3895.89895421535	3855.43519585143	4799.80441485582
596.738	0	0	0	218.569006246165	57.1220472930374	62.434016488532	84.1092600637456	99.6266979145106	73.6054382863762	74.5115036466609	96.477436111761	95.9670795364724	167.904762137782	164.246855405884	159.298387644354	198.223936379297	213.546158294248	241.390210834306	279.378705657538	309.376000810862	324.812460414592	362.048884129781	379.499793434936	413.580711433669	438.032234471585	477.21622550609	489.050013794254	517.875069093279	542.731115123991	583.969932776679	635.963406929909	672.563642672364	703.689144626991	756.10212179002	834.843559559717	860.948297758868	920.612825406732	967.154645962271	1049.36117679984	1079.21645709464	1155.73039044105	1226.81851793711	1259.10560645809	1337.50297103855	1398.61336856121	1452.60081850499	1516.27551044235	1610.11696974489	1764.8253193997	1838.14598169942	1873.22425016214	1873.47347076456	1906.66764542487	1949.34078341589	1969.38679005326	2049.60993203404	2009.34491981862	2090.12537313363	2137.99532273982	0	0	0	0	2671.51598150876	2975.25247889265	3116.89378918585	3378.18454306852	3359.43775759889	4132.81138282679	4039.59145376953	4904.79279990968	5100.50479693736	5464.59011029867
600.076	0	0	3708.66973855981	36.2166512374839	26.4720414504193	32.1078036000729	58.1608645038117	53.8685582542838	78.2631134777705	74.8694351218061	93.1096674724774	138.824059937863	116.396954912953	148.77226178272	154.169229770434	172.287025868272	198.894889950912	233.837773255113	265.625387467041	288.064443586854	305.10784640115	338.655895535506	368.777611594198	390.43071654521	427.022988407589	448.076976084436	472.303549169315	494.87849210486	522.777981759764	570.10652906014	614.275209228018	631.755958529011	676.919020468219	730.96467664852	768.851077206622	844.46148847648	875.350796486276	936.873659775643	979.432085782136	1044.44136985097	1113.90728310506	1153.24442931675	1207.67533712663	1269.95799555614	1335.7423876277	1359.29021488068	1463.40899106235	1567.5544369979	1645.31637298205	1736.7573124729	1751.13604937519	1795.76655155293	1781.20317009813	1863.07537561244	1898.00301664307	1911.00149670239	1961.03738107919	1979.55426653425	0	0	0	0	2289.76433460071	2606.0439793683	2698.00704346229	3087.41630160548	3147.51460213271	3273.31999655672	4140.3405278641	3846.79342689986	3904.55701555088	3522.37933734269	3018.67928375507
603.415	0	0	532.662511813466	11.2588025385396	23.303099255554	45.9501343360829	29.6705856098329	23.380656538462	51.0990285366876	60.6373760199267	108.039870804852	98.6616584085038	120.373737244663	145.103501822783	145.580312169104	167.012051262771	197.242848381975	223.026132087657	238.212404730094	261.513962323636	298.177455927881	307.930609142865	347.914555555944	373.544314166347	389.027115266438	425.770334293794	457.252131379364	462.035562140942	491.985857070385	532.978724776353	570.186327716986	592.821913190737	646.455114228776	658.019982042909	740.575402962818	764.280751300308	820.298963734193	878.268818192761	940.461282923844	1004.24997664172	1013.90993908604	1094.89455202018	1134.16836233582	1210.5467686085	1234.4006572376	1274.41077194255	1347.90250399681	1484.00114921133	1555.2362910275	1638.85478754102	1660.74373732213	1717.92514105972	1720.44846743607	1700.39293790964	1801.42388700655	1766.51145098534	1828.46259232176	1875.29405313959	0	0	0	0	2230.3986295325	2377.10282470241	2583.08881042801	2805.07116371572	2889.0448535322	3239.68923388618	3178.4927345723	3532.16966624243	3671.95338281988	3255.39658296305	3892.00118919714
606.753	0	2391.08624265117	60.0438814495516	33.9024885480166	34.2321483626993	47.754178449976	59.4706262314414	50.5915469134557	56.3074041132279	69.9126868033174	96.0037621468459	108.668365308824	94.3402371942378	111.834989518862	161.85479825797	162.923599204423	177.647477649472	215.886905647401	246.832840555368	243.501959843313	286.901408726333	283.025630409415	330.130704473269	355.346969074856	377.459341110929	391.423245338878	426.943426288386	443.082387712656	472.091609416236	519.155725593043	542.60740463704	547.630890810669	594.153109614076	644.214443262913	688.697084804771	707.133092579717	788.692394171329	842.783360180406	893.105144905476	926.252781903717	975.255975936871	1024.18486763817	1081.64204526824	1128.97027502112	1182.33133986945	1192.46691347349	1266.85918716124	1365.82356800068	1479.17816087755	1535.1070866548	1549.4410145731	1592.25425454292	1566.39207184116	1642.06364317792	1641.53484691577	1703.79564094445	1744.82853658925	1802.18244291071	0	0	0	0	2178.31110489011	2330.35960824158	2316.02391373353	2672.97024641582	2846.98376472196	3015.71236061864	3150.72650337339	3206.09914431095	3090.12673124915	3383.59571483243	3192.2491463069
610.092	5597.03994505581	185.146827914851	4.591240818695	23.5437978178594	24.264475014598	0.86643146352553	32.1638491144611	34.0378822124192	58.6226293774701	63.6916749778767	81.8694035802395	85.9388939807309	113.944744566425	139.048665513503	154.738855300939	163.266154935573	184.32030485678	196.713279897192	213.533346615768	225.456774437807	262.523449027305	293.476377958597	298.046510927483	329.06266815477	356.399874941747	362.750819504997	409.98269034921	419.590713900027	457.913644850188	470.510471087032	501.662033214455	518.211619082949	558.315907500116	609.334140978742	654.48944185865	696.111297736985	740.215789704562	775.159062108253	825.141745819343	886.989533886501	887.424739479805	976.27869453077	986.436143297479	1082.5292468773	1116.86901294201	1136.97523966681	1199.69717423341	1271.25080379534	1382.79479331172	1446.87405221743	1433.34851368311	1473.18495735336	1500.10859149864	1556.6541971684	1555.82211684961	1603.37145458109	1622.69623184909	0	0	0	0	1806.31308567209	1972.78160704366	2012.75507853218	2241.29376907116	2161.51377273963	2766.21659353779	2682.67206088194	2995.91391562413	2971.85323497823	3211.05518603932	2711.9908405376	2445.65749734997
613.431	1047.51792327433	44.2216548444231	76.6563630771288	46.9676710015841	59.2825794277819	46.9101197048814	59.4868574255748	83.0567920210593	92.8697755492282	64.2504729428179	99.4022193012276	102.124084118555	141.201260847814	159.105118284992	150.441802954552	147.616418735197	168.214072806384	212.872499830223	217.442223693977	250.430556389599	261.975363109252	285.870761765961	305.373472957364	312.793670343697	347.300583684354	370.903908154932	383.541429979187	395.353020822018	420.05758546843	456.714689419608	492.161147413652	527.726058103807	537.349320169649	595.398386576508	630.18229049835	659.578738689973	711.796777619979	731.290494565069	804.554877272223	828.87389861004	910.953760057932	945.93435536465	944.090032280309	976.867976032735	1036.10196149672	1071.08893781016	1124.71918684647	1236.6929301757	1293.99318306895	1376.49088140961	1346.86038484033	1376.79781995964	1390.37021004423	1444.77791758777	1524.28246441593	1537.67279692126	1515.55102922898	0	0	0	0	1766.38522682828	1900.92191274131	2051.2865446131	2202.31519556327	2588.72989267811	2294.0680963548	2651.66555899645	3303.05192852224	2862.76254325299	3302.62382527566	2803.51655540935	4166.41725301035
616.77	37.6609165614754	-15.9434896994261	42.1009284052051	-8.80108220353702	21.1562891533389	0.0193454547628738	37.2939019841369	34.4472235343082	71.9092668402905	82.3216425461444	63.4957354933419	106.852018704659	79.1718350645543	103.687046576423	116.555160615164	157.9681154103	163.103021088787	191.88305000615	189.631864599936	198.005011593058	224.346778675277	275.221322342591	277.177329377078	297.341216827799	296.071948240568	332.50102521299	333.127591623099	381.162899172021	394.363916307212	417.61428148357	454.60578331992	466.331106314838	511.035187603355	529.166161212392	571.80236520924	624.797754268407	654.951493597545	686.279477376625	730.403466962916	758.446263293358	791.589499757355	842.545446762142	878.417350184894	912.016723618384	966.936600192266	1014.76310293	1025.90450661226	1128.80703300231	1199.65571901366	1248.63315915299	1270.38432539081	1313.93345307603	1344.98393851112	1304.70110875576	1351.23704271163	1361.23996869578	1413.2888650517	0	0	0	0	1699.05348250522	1627.92052240365	1862.69091121517	1903.41125303188	2157.84288341516	2330.01381149675	2539.02130440101	2531.51070690918	2774.35445448904	2237.71289449498	1839.63537962189	881.363226333253
620.109	18.001560608156	56.34554959346	100.171008249778	68.2307788994746	116.478597335361	63.4800629965107	80.906493474697	107.310430522477	84.7495381926655	105.622823435647	139.976233745695	132.139610602438	160.397893095664	142.36217710771	181.013954110056	198.950148826363	215.53151833846	221.482264958952	232.502034345586	257.877964250061	308.459639547201	293.272245289487	347.48345087211	340.037777890832	366.934883768843	373.069650367497	414.198777883228	433.702451190941	446.059035649305	480.143078610671	505.054549140748	554.844322329206	567.187059000416	586.763571077935	672.903929932051	680.115032772795	741.740106590657	775.902756504894	811.652635089812	904.883247498388	926.504736420002	949.722404126177	1014.29158177326	1049.99123789109	1086.04736315327	1127.2111657326	1204.4433390625	1230.96496093098	1384.32744757384	1443.04986632726	1460.23825698018	1414.12689746389	1515.41419093353	1558.32510584062	1545.8834137124	1570.07676613696	0	0	0	0	1829.01078256598	1972.43059581079	2072.63380862152	2249.08103009717	2339.3047167683	2678.69228329084	2910.99607897191	3335.87911320576	2688.32817975775	3496.1456725621	4115.11181260125	4063.70193320253	3922.10932929907
