Sample - Blank	600	595	590	585	580	575	570	565	560	555	550	545	540	535	530	525	520	515	510	505	500	495	490	485	480	475	470	465	460	455	450	445	440	435	430	425	420	415	410	405	400	395	390	385	380	375	370	365	360	355	350	345	340	335	330	325	320	315	310	305	300	295	290	285	280	275	270	265	260	255	250	245	240
nm																																																																									
213.328	0	0	0	0	0	0	0	0	0	0	0	0	0	0	0	0	0	0	0	0	0	0	0	0	0	0	0	0	0	0	0	0	0	0	0	0	0	0	0	0	0	0	0	0	0	0	0	0	0	0	0	0	0	0	0	0	0	0	0	0	0	0	0	0	0	0	0	0	0	0	0	0	0
216.504	0	0	0	0	0	0	0	0	0	0	0	0	0	0	0	0	0	0	0	0	0	0	0	0	0	0	0	0	0	0	0	0	0	0	0	0	0	0	0	0	0	0	0	0	0	0	0	0	0	0	0	0	0	0	0	0	0	0	0	0	0	0	0	0	0	0	0	0	0	0	0	0	0
219.682	0	0	0	0	0	0	0	0	0	0	0	0	0	0	0	0	0	0	0	0	0	0	0	0	0	0	0	0	0	0	0	0	0	0	0	0	0	0	0	0	0	0	0	0	0	0	0	0	0	0	0	0	0	0	0	0	0	0	0	0	0	0	0	0	0	0	0	0	0	0	0	0	0
222.862	0	0	0	0	0	0	0	0	0	0	0	0	0	0	0	0	0	0	0	0	0	0	0	0	0	0	0	0	0	0	0	0	0	0	0	0	0	0	0	0	0	0	0	0	0	0	0	0	0	0	0	0	0	0	0	0	0	0	0	0	0	0	0	0	0	0	0	0	0	0	0	0	0
226.045	0	0	0	0	0	0	0	0	0	0	0	0	0	0	0	0	0	0	0	0	0	0	0	0	0	0	0	0	0	0	0	0	0	0	0	0	0	0	0	0	0	0	0	0	0	0	0	0	0	0	0	0	0	0	0	0	0	0	0	0	0	0	0	0	0	0	0	0	0	0	0	0	0
229.23	0	0	0	0	0	0	0	0	0	0	0	0	0	0	0	0	0	0	0	0	0	0	0	0	0	0	0	0	0	0	0	0	0	0	0	0	0	0	0	0	0	0	0	0	0	0	0	0	0	0	0	0	0	0	0	0	0	0	0	0	0	0	0	0	0	0	0	0	0	0	0	0	0
232.417	0	0	0	0	0	0	0	0	0	0	0	0	0	0	0	0	0	0	0	0	0	0	0	0	0	0	0	0	0	0	0	0	0	0	0	0	0	0	0	0	0	0	0	0	0	0	0	0	0	0	0	0	0	0	0	0	0	0	0	0	0	0	0	0	0	0	0	0	0	0	0	0	0
235.607	0	0	0	0	0	0	0	0	0	0	0	0	0	0	0	0	0	0	0	0	0	0	0	0	0	0	0	0	0	0	0	0	0	0	0	0	0	0	0	0	0	0	0	0	0	0	0	0	0	0	0	0	0	0	0	0	0	0	0	0	0	0	0	0	0	0	0	0	0	0	0	0	0
238.799	0	0	0	0	0	0	0	0	0	0	0	0	0	0	0	0	0	0	0	0	0	0	0	0	0	0	0	0	0	0	0	0	0	0	0	0	0	0	0	0	0	0	0	0	0	0	0	0	0	0	0	0	0	0	0	0	0	0	0	0	0	0	0	0	0	0	0	0	0	0	0	0	0
241.993	0	0	0	0	0	0	0	0	0	0	0	0	0	0	0	0	0	0	0	0	0	0	0	0	0	0	0	0	0	0	0	0	0	0	0	0	0	0	0	0	0	0	0	0	0	0	0	0	0	0	0	0	0	0	0	0	0	0	0	0	0	0	0	0	0	0	0	0	0	0	0	0	0
245.19	0	0	0	0	0	0	0	0	0	0	0	0	0	0	0	0	0	0	0	0	0	0	0	0	0	0	0	0	0	0	0	0	0	0	0	0	0	0	0	0	0	0	0	0	0	0	0	0	0	0	0	0	0	0	0	0	0	0	0	0	0	0	0	0	0	0	0	0	0	0	0	0	0
248.388	0	0	0	0	0	0	0	0	0	0	0	0	0	0	0	0	0	0	0	0	0	0	0	0	0	0	0	0	0	0	0	0	0	0	0	0	0	0	0	0	0	0	0	0	0	0	0	0	0	0	0	0	0	0	0	0	0	0	0	0	0	0	0	0	0	0	0	0	0	0	0	0	0
251.589	0	0	0	0	0	0	0	0	0	0	0	0	0	0	0	0	0	0	0	0	0	0	0	0	0	0	0	0	0	0	0	0	0	0	0	0	0	0	0	0	0	0	0	0	0	0	0	0	0	0	0	0	0	0	0	0	0	0	0	0	0	0	0	0	0	0	0	0	0	0	0	0	-127278.180204984
254.793	0	0	0	0	0	0	0	0	0	0	0	0	0	0	0	0	0	0	0	0	0	0	0	0	0	0	0	0	0	0	0	0	0	0	0	0	0	0	0	0	0	0	0	0	0	0	0	0	0	0	0	0	0	0	0	0	0	0	0	0	0	0	0	0	0	0	0	0	0	0	0	0	1176.76456409823
257.998	0	0	0	0	0	0	0	0	0	0	0	0	0	0	0	0	0	0	0	0	0	0	0	0	0	0	0	0	0	0	0	0	0	0	0	0	0	0	0	0	0	0	0	0	0	0	0	0	0	0	0	0	0	0	0	0	0	0	0	0	0	0	0	0	0	0	0	0	0	0	0	-42099.8350119283	-36005.8576290349
261.205	0	0	0	0	0	0	0	0	0	0	0	0	0	0	0	0	0	0	0	0	0	0	0	0	0	0	0	0	0	0	0	0	0	0	0	0	0	0	0	0	0	0	0	0	0	0	0	0	0	0	0	0	0	0	0	0	0	0	0	0	0	0	0	0	0	0	0	0	0	0	-149871.056349868	-6698.13822151882	-67557.4911430277
264.415	0	0	0	0	0	0	0	0	0	0	0	0	0	0	0	0	0	0	0	0	0	0	0	0	0	0	0	0	0	0	0	0	0	0	0	0	0	0	0	0	0	0	0	0	0	0	0	0	0	0	0	0	0	0	0	0	0	0	0	0	0	0	0	0	0	0	0	0	0	0	-18064.5274868415	-19047.7984478163	-170893.369208832
267.627	0	0	0	0	0	0	0	0	0	0	0	0	0	0	0	0	0	0	0	0	0	0	0	0	0	0	0	0	0	0	0	0	0	0	0	0	0	0	0	0	0	0	0	0	0	0	0	0	0	0	0	0	0	0	0	0	0	0	0	0	0	0	0	0	0	0	0	0	0	-49938.54538148	-10540.1310057979	-54759.6520986611	-175125.804260472
270.841	0	0	0	0	0	0	0	0	0	0	0	0	0	0	0	0	0	0	0	0	0	0	0	0	0	0	0	0	0	0	0	0	0	0	0	0	0	0	0	0	0	0	0	0	0	0	0	0	0	0	0	0	0	0	0	0	0	0	0	0	0	0	0	0	0	0	0	0	-115448.606695167	-7576.54653999206	-8459.39899875789	-87629.1756930477	-75981.4854419568
274.057	0	0	0	0	0	0	0	0	0	0	0	0	0	0	0	0	0	0	0	0	0	0	0	0	0	0	0	0	0	0	0	0	0	0	0	0	0	0	0	0	0	0	0	0	0	0	0	0	0	0	0	0	0	0	0	0	0	0	0	0	0	0	0	0	0	0	0	0	-13817.241920132	-8714.9356629812	-37488.9985535291	-109990.418672646	-31216.7058783133
277.275	0	0	0	0	0	0	0	0	0	0	0	0	0	0	0	0	0	0	0	0	0	0	0	0	0	0	0	0	0	0	0	0	0	0	0	0	0	0	0	0	0	0	0	0	0	0	0	0	0	0	0	0	0	0	0	0	0	0	0	0	0	0	0	0	0	0	0	-34504.5775633579	-4309.73621545259	-6777.12118753535	-60052.0432592482	-51942.3901883284	9819.35524082223
280.496	0	0	0	0	0	0	0	0	0	0	0	0	0	0	0	0	0	0	0	0	0	0	0	0	0	0	0	0	0	0	0	0	0	0	0	0	0	0	0	0	0	0	0	0	0	0	0	0	0	0	0	0	0	0	0	0	0	0	0	0	0	0	0	0	0	0	-63883.6175389351	-5094.46546725754	-4764.59942657222	-24788.3390415076	-74503.2026936581	-19063.4297988439	-11976.7667396247
283.718	0	0	0	0	0	0	0	0	0	0	0	0	0	0	0	0	0	0	0	0	0	0	0	0	0	0	0	0	0	0	0	0	0	0	0	0	0	0	0	0	0	0	0	0	0	0	0	0	0	0	0	0	0	0	0	0	0	0	0	0	0	0	0	0	0	0	-9129.33311809094	-2461.28240561917	-6167.40945083417	-46088.3634258892	-34221.7466810696	3234.13087298088	8840.01382764139
286.942	0	0	0	0	0	0	0	0	0	0	0	0	0	0	0	0	0	0	0	0	0	0	0	0	0	0	0	0	0	0	0	0	0	0	0	0	0	0	0	0	0	0	0	0	0	0	0	0	0	0	0	0	0	0	0	0	0	0	0	0	0	0	0	0	0	-19047.1819273713	-3177.47478200029	-4662.72977833535	-16802.7432710108	-48291.4901350965	-13469.5948982074	1376.1669408739	-9940.97606691401
290.169	0	0	0	0	0	0	0	0	0	0	0	0	0	0	0	0	0	0	0	0	0	0	0	0	0	0	0	0	0	0	0	0	0	0	0	0	0	0	0	0	0	0	0	0	0	0	0	0	0	0	0	0	0	0	0	0	0	0	0	0	0	0	0	0	-30213.3355056681	-1742.63079414072	-1564.69102846398	-2221.8554611296	-34104.9171568232	-24458.675180182	-851.621292910061	-3913.09722648933	545.668837446678
293.397	0	0	0	0	0	0	0	0	0	0	0	0	0	0	0	0	0	0	0	0	0	0	0	0	0	0	0	0	0	0	0	0	0	0	0	0	0	0	0	0	0	0	0	0	0	0	0	0	0	0	0	0	0	0	0	0	0	0	0	0	0	0	0	0	-4591.34738331215	-716.62727325548	-391.141850835701	-11819.189630895	-32663.1937486467	-7879.15813801361	-1084.63393256321	-963.097732252381	-6349.85513635749
296.628	0	0	0	0	0	0	0	0	0	0	0	0	0	0	0	0	0	0	0	0	0	0	0	0	0	0	0	0	0	0	0	0	0	0	0	0	0	0	0	0	0	0	0	0	0	0	0	0	0	0	0	0	0	0	0	0	0	0	0	0	0	0	0	-10367.6514053457	-146.063925857949	46.3343658853457	-1797.60535979672	-23147.818722468	-16949.494953526	798.976834448579	-404.312134537509	-96.498148258295	-4674.58769892614
299.86	0	0	0	0	0	0	0	0	0	0	0	0	0	0	0	0	0	0	0	0	0	0	0	0	0	0	0	0	0	0	0	0	0	0	0	0	0	0	0	0	0	0	0	0	0	0	0	0	0	0	0	0	0	0	0	0	0	0	0	0	0	0	0	-1297.63756760088	-169.339792342428	-806.059868053818	-8615.17311675919	-23230.24726341	-2938.15239267168	1372.31678374519	-383.48998275795	654.004605401238	-889.187556127902
303.095	0	0	0	0	0	0	0	0	0	0	0	0	0	0	0	0	0	0	0	0	0	0	0	0	0	0	0	0	0	0	0	0	0	0	0	0	0	0	0	0	0	0	0	0	0	0	0	0	0	0	0	0	0	0	0	0	0	0	0	0	0	0	-3259.48975435667	-449.545464186799	-620.911750383516	-1682.59420758733	-16562.4081729724	-11908.0643984421	-867.505737872678	-2098.44364490195	-6023.43603337102	-5264.88170576502	-11156.1930969023
306.331	0	0	0	0	0	0	0	0	0	0	0	0	0	0	0	0	0	0	0	0	0	0	0	0	0	0	0	0	0	0	0	0	0	0	0	0	0	0	0	0	0	0	0	0	0	0	0	0	0	0	0	0	0	0	0	0	0	0	0	0	0	-5305.13075232963	-49.60631271801	296.827459022213	1091.21736635868	-5242.97400284957	-12223.6216177812	70.2315256211544	1272.65005569436	4805.76160026003	4942.19621333846	4427.91497176216	4522.01907001155
309.569	0	0	0	0	0	0	0	0	0	0	0	0	0	0	0	0	0	0	0	0	0	0	0	0	0	0	0	0	0	0	0	0	0	0	0	0	0	0	0	0	0	0	0	0	0	0	0	0	0	0	0	0	0	0	0	0	0	0	0	0	0	-808.4209555447	-129.036924374949	-12.5679985912135	-862.830391433411	-9484.88843763425	-5467.63821812089	448.873855247477	1475.07912760457	883.047013131853	1046.4686464065	2773.28217290595	-1029.28865085117
312.81	0	0	0	0	0	0	0	0	0	0	0	0	0	0	0	0	0	0	0	0	0	0	0	0	0	0	0	0	0	0	0	0	0	0	0	0	0	0	0	0	0	0	0	0	0	0	0	0	0	0	0	0	0	0	0	0	0	0	0	0	-1746.62870595369	-181.243571392711	-109.131379588934	86.1593696809017	-3721.16326334618	-8912.3370664586	-779.485617249425	475.685554047117	440.348628375692	2416.98903431504	800.568021577236	-1498.61340426247	-1483.23808398843
316.052	0	0	0	0	0	0	0	0	0	0	0	0	0	0	0	0	0	0	0	0	0	0	0	0	0	0	0	0	0	0	0	0	0	0	0	0	0	0	0	0	0	0	0	0	0	0	0	0	0	0	0	0	0	0	0	0	0	0	0	-1947.76001630939	-235.832786481398	-98.420207463407	6.3847013901356	-524.17749709308	-6793.25799344768	-3737.15171530828	1092.315341989	1203.98547807107	1358.96665246422	612.360971392755	-466.194237491515	1074.6999903334	2631.73947520339
319.296	0	0	0	0	0	0	0	0	0	0	0	0	0	0	0	0	0	0	0	0	0	0	0	0	0	0	0	0	0	0	0	0	0	0	0	0	0	0	0	0	0	0	0	0	0	0	0	0	0	0	0	0	0	0	0	0	0	0	0	-408.383456316705	76.8026055991256	80.3181102183689	101.445860652243	-3267.75133993135	-5717.11965096949	249.953178976266	1005.78083076908	801.785159975551	1012.97774524932	-947.839060298284	-1760.73892938961	-3061.2677113633	-2800.02423046908
322.542	0	0	0	0	0	0	0	0	0	0	0	0	0	0	0	0	0	0	0	0	0	0	0	0	0	0	0	0	0	0	0	0	0	0	0	0	0	0	0	0	0	0	0	0	0	0	0	0	0	0	0	0	0	0	0	0	0	0	-361.994150873463	19.3232290136456	257.912690106832	153.188118546921	-495.123905540495	-4748.63645868465	-1580.43758117016	1324.24283336543	1285.84943398355	1724.88459535173	688.576886505543	1103.82515403052	1038.39117775742	1393.63628678344	337.581355893273
325.79	0	0	0	0	0	0	0	0	0	0	0	0	0	0	0	0	0	0	0	0	0	0	0	0	0	0	0	0	0	0	0	0	0	0	0	0	0	0	0	0	0	0	0	0	0	0	0	0	0	0	0	0	0	0	0	0	0	1074.38981556865	-67.2240715683543	205.481352919069	277.470820512569	481.467952428155	-2172.80397547592	-3743.02604518041	1045.00991961935	1225.97379871206	1289.27081050829	113.208747697612	1123.24062739041	1892.4953657576	-49.7918812189831	4095.53730564376	-903.902213291252
329.039	0	0	0	0	0	0	0	0	0	0	0	0	0	0	0	0	0	0	0	0	0	0	0	0	0	0	0	0	0	0	0	0	0	0	0	0	0	0	0	0	0	0	0	0	0	0	0	0	0	0	0	0	0	0	0	0	0	96.7186520630541	182.01750887505	177.420051941543	334.536781274308	-168.222287306862	-3466.13550288797	-545.044616728689	1079.10098876185	1225.50765085666	1457.77571844334	923.45419618854	1128.89906200693	1626.26155791483	1382.48154062078	142.357340204777	884.028893042959
332.291	0	0	0	0	0	0	0	0	0	0	0	0	0	0	0	0	0	0	0	0	0	0	0	0	0	0	0	0	0	0	0	0	0	0	0	0	0	0	0	0	0	0	0	0	0	0	0	0	0	0	0	0	0	0	0	0	830.740136340998	-63.3273336213481	80.5750946460932	243.826601213016	261.80382240925	-1421.86511454134	-2380.44656536926	602.994862270859	1041.96327769426	974.65104360265	1205.50326507018	1131.68731535566	1694.28389403833	33.3646246245972	-1942.50017521288	-1989.08641176785	-961.72274691141
335.544	0	0	0	0	0	0	0	0	0	0	0	0	0	0	0	0	0	0	0	0	0	0	0	0	0	0	0	0	0	0	0	0	0	0	0	0	0	0	0	0	0	0	0	0	0	0	0	0	0	0	0	0	0	0	0	2471.99829585746	185.586802885206	231.340673071524	333.665172192303	522.633269721725	228.616316247941	-2098.95764116662	-230.607261063475	1335.74921951963	1700.96169931903	2104.02906754589	1976.20640431419	2529.61377934886	1531.10986535365	1569.69631716257	3963.98569669396	1737.40321720955	4163.46579185576
338.799	0	0	0	0	0	0	0	0	0	0	0	0	0	0	0	0	0	0	0	0	0	0	0	0	0	0	0	0	0	0	0	0	0	0	0	0	0	0	0	0	0	0	0	0	0	0	0	0	0	0	0	0	0	0	0	454.491581471117	278.979191128877	304.425299570883	505.372945408007	646.641251767406	-858.176806052742	-1385.91625407862	1166.87525467415	1525.05290600855	1946.72367632043	1779.7968968714	2344.36219921075	2198.19902601568	2695.67941834218	1338.70421383036	3402.81834622223	4655.55779988243	4943.67768670934
342.056	0	0	0	0	0	0	0	0	0	0	0	0	0	0	0	0	0	0	0	0	0	0	0	0	0	0	0	0	0	0	0	0	0	0	0	0	0	0	0	0	0	0	0	0	0	0	0	0	0	0	0	0	0	0	1427.05956082187	122.760034282863	174.571571411847	424.302958012222	559.159118636429	259.124256776173	-1433.29714753024	288.750657912988	1350.28564550798	1583.88118932787	1573.39246775105	1386.40194420978	1248.8820070219	1346.65890038328	1351.82372396851	1653.474499234	550.742546303857	126.619746153932	-5881.58863490142
345.315	0	0	0	0	0	0	0	0	0	0	0	0	0	0	0	0	0	0	0	0	0	0	0	0	0	0	0	0	0	0	0	0	0	0	0	0	0	0	0	0	0	0	0	0	0	0	0	0	0	0	0	0	0	3786.279447006	317.08964648963	483.929538554949	628.913806575862	729.119271716118	788.160798910161	-423.339889280396	-494.46247052313	1364.68867682167	1820.40829670035	1997.34951287326	2176.09432443989	2112.09702447079	2037.60917003813	2605.78590388596	2293.80642251861	1984.05928023042	3012.61154627933	2569.07457018113	4879.21217458372
348.575	0	0	0	0	0	0	0	0	0	0	0	0	0	0	0	0	0	0	0	0	0	0	0	0	0	0	0	0	0	0	0	0	0	0	0	0	0	0	0	0	0	0	0	0	0	0	0	0	0	0	0	0	0	786.347318847294	354.592390510322	440.624141978555	615.22801493373	874.722396607391	497.108007409189	-547.039090438854	809.233070356568	1794.00889792503	1730.38567982288	2103.98695101363	2180.45020048411	2149.43611795004	2839.15600650978	2023.79846360435	2625.64250170348	2398.67251238952	1420.27424053742	1800.83626040233	3932.30650624443
351.838	0	0	0	0	0	0	0	0	0	0	0	0	0	0	0	0	0	0	0	0	0	0	0	0	0	0	0	0	0	0	0	0	0	0	0	0	0	0	0	0	0	0	0	0	0	0	0	0	0	0	0	0	2191.56888502238	408.664051573187	514.983568421188	635.737033343878	920.882565975517	1009.65186117776	212.422956516923	150.26265575924	1785.19478167872	1964.78094831993	2089.71780446427	2140.58364989857	2288.41658018801	2568.08369931754	1700.93031310007	2559.04659706706	1883.92516603774	2854.95407835413	2985.41097395052	1828.71979969369	647.007651985306
355.101	0	0	0	0	0	0	0	0	0	0	0	0	0	0	0	0	0	0	0	0	0	0	0	0	0	0	0	0	0	0	0	0	0	0	0	0	0	0	0	0	0	0	0	0	0	0	0	0	0	0	0	4804.49579323431	447.36429342574	526.500281753623	742.240867184301	899.296152791414	1025.87555910695	859.196337140103	193.18644439916	1440.00910184225	2021.40687480742	2221.92318003333	2418.39697319696	2335.05166634472	2225.52124494051	2276.73466153556	2169.1387325711	2425.42560031313	3484.16105558345	2644.60108224981	1760.72350215127	2840.45348748959	1812.21811440747
358.367	0	0	0	0	0	0	0	0	0	0	0	0	0	0	0	0	0	0	0	0	0	0	0	0	0	0	0	0	0	0	0	0	0	0	0	0	0	0	0	0	0	0	0	0	0	0	0	0	0	0	0	1075.22185015184	497.662334224842	719.145411089674	949.430834485868	1166.15328609409	1335.47385699432	766.223223599852	860.269025770442	2059.24973442377	2263.93429009361	2410.09980091727	2324.01360280911	2455.70386772009	2452.51546058448	2568.17203834003	1940.88674467389	2335.60525176312	2667.56697955888	3343.25345304194	2995.98417849771	3129.60912011851	980.964098514315
361.634	0	0	0	0	0	0	0	0	0	0	0	0	0	0	0	0	0	0	0	0	0	0	0	0	0	0	0	0	0	0	0	0	0	0	0	0	0	0	0	0	0	0	0	0	0	0	0	0	0	0	2589.43207257419	475.588451553278	718.735513732979	950.804240691811	1182.94658538204	1438.32209521273	1369.02233413491	903.577521275286	1872.21492960417	2442.2457729175	2580.58298230368	2527.48095200857	2693.13159191992	2828.70027395801	2615.88962142635	2727.15520196723	2967.64131207072	2698.71719183622	2539.44142466369	1733.00986501507	3690.20192443278	3736.82970026086	4536.84512545502
364.903	0	0	0	0	0	0	0	0	0	0	0	0	0	0	0	0	0	0	0	0	0	0	0	0	0	0	0	0	0	0	0	0	0	0	0	0	0	0	0	0	0	0	0	0	0	0	0	0	0	0	627.497328879606	656.354674306392	1001.22839190368	1198.91563726579	1476.19964857322	1672.62625596225	1373.68912941881	1503.34988695328	2483.44434557885	2880.20301321993	3102.45289301467	3252.72899525761	2983.08381701851	3188.70847833544	3009.70816064383	3421.8089511542	3532.41542442667	3579.80638564855	4204.07688305584	3889.28583489398	7614.98925930708	4108.93747239954	7193.20894955633
368.174	0	0	0	0	0	0	0	0	0	0	0	0	0	0	0	0	0	0	0	0	0	0	0	0	0	0	0	0	0	0	0	0	0	0	0	0	0	0	0	0	0	0	0	0	0	0	0	0	0	1281.11405769287	518.651027252206	858.663439088615	1228.82924752532	1530.96854610601	1843.69294586621	1857.44994757105	1630.3467562184	2477.54061874158	2969.56478744424	3166.46542656989	3336.32837714734	3319.05470903062	3374.08901035163	3230.02819346621	3667.18512447325	3165.00471951452	3235.42527371204	4117.87591675854	4564.82912511065	5555.06269174408	4957.17431287012	5855.92493340475	6825.51711664682
371.446	0	0	0	0	0	0	0	0	0	0	0	0	0	0	0	0	0	0	0	0	0	0	0	0	0	0	0	0	0	0	0	0	0	0	0	0	0	0	0	0	0	0	0	0	0	0	0	0	2769.72422723261	488.20125211549	767.819366925859	1085.39917453131	1432.55413096304	1834.39691479428	2033.61965734106	1831.07123729616	2325.10876972399	2975.4591772313	3413.20659237842	3585.40028089277	3758.55824266813	3802.99757764666	3666.32613275735	3731.17421865491	3535.91547342481	3425.61142102355	3571.29194788811	3766.11833942832	4966.9064038453	4078.77987300385	4775.29297470158	6043.29298635866	5409.39243635582
374.719	0	0	0	0	0	0	0	0	0	0	0	0	0	0	0	0	0	0	0	0	0	0	0	0	0	0	0	0	0	0	0	0	0	0	0	0	0	0	0	0	0	0	0	0	0	0	0	0	635.877442397789	639.490512792577	985.3745649676	1409.45583932963	1797.90915265894	2180.34103437707	2383.08160628457	2362.52895244782	3115.9982103655	3668.35739611996	3991.61737159209	4044.12475858315	4336.92016268436	4271.75711607094	4089.17236303078	4213.48442837807	4038.65226825713	4194.1448181331	4471.49707283373	5153.48542833433	5109.23288267426	5276.88762198825	5835.47128292647	5966.48084468099	6795.54936506668
377.995	0	0	0	0	0	0	0	0	0	0	0	0	0	0	0	0	0	0	0	0	0	0	0	0	0	0	0	0	0	0	0	0	0	0	0	0	0	0	0	0	0	0	0	0	0	0	0	1346.43642176743	555.01265644034	943.096985199735	1322.01625668526	1697.02356562221	2219.09756068621	2585.35013413864	2650.99096494454	3051.34582279723	3840.41989766193	4187.82381969889	4472.78109878763	4785.30504684497	4887.94549894786	4710.34365887507	4725.29867222803	4493.37631486998	4587.03349538973	4788.27496144246	5405.60218359038	5659.02655437302	5567.89299085279	6126.31073589194	7322.37647397171	8282.37206826456	10902.883585127
381.272	0	0	0	0	0	0	0	0	0	0	0	0	0	0	0	0	0	0	0	0	0	0	0	0	0	0	0	0	0	0	0	0	0	0	0	0	0	0	0	0	0	0	0	0	0	0	2990.14999034299	503.524787587642	800.631722291734	1134.3010674151	1584.07078164482	2071.40252233746	2609.82447230813	2907.43974987895	3135.15289769251	3884.10759539109	4331.19135026858	4722.45223066958	5048.23254395543	5341.89674412831	5368.75127131955	5333.43464580404	5310.49902824748	5344.77987836731	4967.17950349813	4955.3199704081	5583.09220296207	5953.96505805036	6110.39573200598	7921.75359798632	9102.00315071713	10174.1338927551	9118.65023901276
384.55	0	0	0	0	0	0	0	0	0	0	0	0	0	0	0	0	0	0	0	0	0	0	0	0	0	0	0	0	0	0	0	0	0	0	0	0	0	0	0	0	0	0	0	0	0	0	633.824760454559	610.85790692402	995.729141082039	1400.19271054478	1917.67900698751	2466.30906292427	2900.57341284808	3144.6519596715	3765.38203399661	4441.32252308416	4970.68219356431	5200.89789258677	5581.16024014412	5767.73567256734	5795.05749875334	5641.5347944544	5723.45907269206	5368.43357488342	5318.05135477507	5361.06601960224	5596.25677829094	6337.10865600845	7142.92572257112	7500.41964875247	8619.49876814218	8651.34676266637	9953.95616421082
387.83	0	0	0	0	0	0	0	0	0	0	0	0	0	0	0	0	0	0	0	0	0	0	0	0	0	0	0	0	0	0	0	0	0	0	0	0	0	0	0	0	0	0	0	0	0	1553.81528655561	585.872801009775	863.674096557983	1264.07764558249	1828.2473541542	2398.89906456774	2953.52249219642	3278.00605640275	3588.2846377522	4471.34513942537	5018.30539409989	5533.97544062205	5962.36374374008	6364.21164006799	6586.49594467162	6559.44787510126	6535.35478444159	6392.65119958669	6304.5372230206	5840.88475163141	6114.4320016673	6263.77305520523	7225.61400788878	8214.77113273829	8453.61036425884	10117.197305669	11918.1083468031	9892.99316342518
391.112	0	0	0	0	0	0	0	0	0	0	0	0	0	0	0	0	0	0	0	0	0	0	0	0	0	0	0	0	0	0	0	0	0	0	0	0	0	0	0	0	0	0	0	0	3454.01763109141	506.616299331933	715.163458417871	1109.01296367994	1539.60357524124	2135.75065441895	2746.2182828183	3315.39151858881	3648.83131662653	4243.44692628952	5074.59629461304	5585.19639152562	6002.88999672452	6407.27453681619	6860.11290062178	7054.18938728028	7112.42895581186	6886.51069838298	6655.4037521034	6356.37503742737	6510.83539896387	6559.8172478617	6814.37321796984	7585.78129592235	7979.93295695869	9654.59698263776	9948.24648149457	10021.609208342	10422.8265651219
394.395	0	0	0	0	0	0	0	0	0	0	0	0	0	0	0	0	0	0	0	0	0	0	0	0	0	0	0	0	0	0	0	0	0	0	0	0	0	0	0	0	0	0	0	0	802.544284908807	657.471758235406	1012.29707000664	1417.19658347109	1969.54786066439	2630.73487276589	3277.95686993914	3669.96795877052	4211.55712102524	5091.10820835353	5774.44551819762	6248.25426606724	6661.62642062319	7069.80917721533	7510.75418656268	7754.77385971359	7766.1163453708	7688.16515970527	7340.61410866776	6968.70131679748	6957.77317583067	7162.34970596385	7418.43519530009	8690.36338786434	10385.2839708036	10124.8653480213	12549.3114832848	13847.915683281	16613.0191854833
397.679	0	0	0	0	0	0	0	0	0	0	0	0	0	0	0	0	0	0	0	0	0	0	0	0	0	0	0	0	0	0	0	0	0	0	0	0	0	0	0	0	0	0	0	2207.76182824137	548.573772533554	786.077636406594	1197.32095144413	1657.35176185775	2365.5719789253	2996.26176205559	3596.65683808849	4014.55368151535	4784.10128722867	5646.54791134778	6229.73833931819	6787.39741425605	7213.68880064962	7610.38399350459	8027.58792206236	8149.6146536511	8250.49617586607	8062.99900915094	7737.39079708032	7638.65527646663	7336.58559183803	7198.04476733635	8090.32308962149	9190.4224903863	10595.306237429	11864.8046023433	12576.4350788782	13402.0005891653	12959.0711824835
400.965	0	0	0	0	0	0	0	0	0	0	0	0	0	0	0	0	0	0	0	0	0	0	0	0	0	0	0	0	0	0	0	0	0	0	0	0	0	0	0	0	0	0	3829.59799643921	523.99298806901	734.389071619406	1031.25916285025	1471.77898107636	2026.48900395024	2740.10918299499	3411.2082170366	4087.70064355837	4588.90781632381	5523.24715496151	6224.15800522411	6856.99015592562	7316.90253840652	7862.10790578977	8217.70784784298	8606.50077110278	8797.2540126607	8737.25830738894	8485.58258929466	8026.91491106152	7906.52523284542	7649.86146179294	7831.45549444525	8292.21591353573	9221.52961128231	10802.6385921451	11610.5925922765	14053.1046591827	15668.4195618294	17973.1772061743
404.253	0	0	0	0	0	0	0	0	0	0	0	0	0	0	0	0	0	0	0	0	0	0	0	0	0	0	0	0	0	0	0	0	0	0	0	0	0	0	0	0	0	0	831.668712929741	657.294750238702	893.805964895813	1255.07294122615	1797.9279435818	2397.58254112997	3117.75935617831	3876.44245802881	4444.06605845259	5144.18960446174	6097.84724589587	6838.40579509448	7440.91728798537	7913.49756300356	8530.46758486065	8928.76696966027	9268.6975201791	9429.17338110989	9311.2109778	9062.97275262993	8545.0565073488	8465.11193962489	8236.48422862368	8783.34685545237	9033.47174120492	10612.3220444805	11248.8728380547	13403.4837332794	14599.5586232097	14609.8112564653	16018.9527956082
407.542	0	0	0	0	0	0	0	0	0	0	0	0	0	0	0	0	0	0	0	0	0	0	0	0	0	0	0	0	0	0	0	0	0	0	0	0	0	0	0	0	0	2011.59395161587	556.426436911236	795.744331881522	1143.98606746475	1542.07354709155	2084.14364762258	2775.2325628558	3575.85499409655	4279.91204585768	4944.13369471992	5896.07026437083	6690.15021565705	7416.48999641662	8037.30447260798	8609.96282524978	9020.97531601551	9368.8347774239	9766.05916978298	9900.55704728838	9717.95853784408	9403.50737385977	9105.16492358895	8820.86908573056	8677.09856974544	8996.62734867956	9731.60499829332	11181.1117918366	11499.1983333933	13159.3728278671	15189.860431036	14864.2863635315	18614.1482742933
410.832	0	0	0	0	0	0	0	0	0	0	0	0	0	0	0	0	0	0	0	0	0	0	0	0	0	0	0	0	0	0	0	0	0	0	0	0	0	0	0	0	4075.06681879217	577.653190459506	708.23507785594	1023.0670524893	1395.16396191308	1826.2849225607	2424.3255534508	3147.92035793149	3972.11980337927	4663.19613355121	5482.22763324615	6409.40749477563	7153.47724966069	7863.58525692262	8499.71563488962	9099.81045102028	9501.27291699058	9906.19631142284	10275.3041283418	10302.9032021182	10077.9013822758	9749.33053113497	9370.27996427222	9119.27646456364	8754.41668277683	9482.48079120396	9923.27328207798	11448.2720226642	13047.4441830227	14440.2747217776	16430.9648905248	18788.2979347937	18218.1563825676
414.124	0	0	0	0	0	0	0	0	0	0	0	0	0	0	0	0	0	0	0	0	0	0	0	0	0	0	0	0	0	0	0	0	0	0	0	0	0	0	0	0	908.780899422779	586.572329454326	858.680528434316	1197.69966454751	1616.66983872149	2074.37789014776	2727.35639339392	3478.92258446204	4393.86847402479	5106.91030728032	6049.37808546045	6872.83499436521	7631.00130998369	8377.6198775644	9055.15817119958	9483.10276839901	9991.69668146901	10416.3262855161	10686.585136614	10461.6263340003	10423.274556797	10021.3000777448	9690.49685063435	9393.30565587399	9307.43385661005	9285.8674671042	10398.7892114389	11410.0289317867	12576.0797900849	14120.4785276191	15042.2193755576	18092.1201128631	19107.3534540901
417.417	0	0	0	0	0	0	0	0	0	0	0	0	0	0	0	0	0	0	0	0	0	0	0	0	0	0	0	0	0	0	0	0	0	0	0	0	0	0	0	1939.2838556105	490.422345265409	716.188712087403	1066.71498159541	1400.2950342893	1869.51025498215	2406.80545963231	3077.14315060654	3879.99488316952	4680.3855374631	5640.38326667618	6581.30393587788	7333.77842070678	8144.75331845002	8849.37180751913	9527.96160799294	9988.75779462286	10501.2796610685	10965.288048661	10999.8671963988	11090.2125942623	10817.9290137735	10357.6125594351	9760.41742609914	9609.32118582137	9418.6230175974	9668.44748546668	10648.1774783426	11854.8098488149	14076.7806686187	15433.6672439736	16997.0621077012	19140.9697287891	19118.840143942
420.711	0	0	0	0	0	0	0	0	0	0	0	0	0	0	0	0	0	0	0	0	0	0	0	0	0	0	0	0	0	0	0	0	0	0	0	0	0	0	3571.65340203817	483.838537552452	628.387384978481	916.792638147323	1279.02720265452	1684.85916042252	2168.16323466505	2729.95033289585	3427.53690620189	4218.64587787896	5129.90719932789	6138.05893062084	6974.40140635005	7787.76929397641	8591.55633792932	9258.45397545801	9966.70914374761	10488.7840010572	10750.6081884499	11131.048422692	11279.0289033147	11315.1005460903	10970.0799583158	10597.2715412635	10019.7192100007	9996.33766988721	10104.5705464648	10491.7863616428	11304.4694103395	13307.5678465144	14400.9906857425	16302.318718665	18729.9794186466	19056.5973225179	20435.3043075042
424.007	0	0	0	0	0	0	0	0	0	0	0	0	0	0	0	0	0	0	0	0	0	0	0	0	0	0	0	0	0	0	0	0	0	0	0	0	0	0	889.733834308077	532.983271614642	769.918438858583	1067.03833068213	1448.00374564461	1916.21952765773	2489.55443053203	3007.89820382908	3739.69104587049	4553.98927354541	5594.2613323221	6536.50499792975	7483.24286848604	8211.40723543601	8964.34146481381	9776.61348342571	10366.5656743052	10904.2170163073	11243.77827163	11461.378514982	11707.7562175489	11597.3125788686	11313.0168238317	10744.3625239833	10254.7634311656	9944.08296354759	10133.3050549608	10492.9169218643	11777.2256488796	12610.5869470171	14660.8931171241	16701.7685867057	17980.4084391219	20049.3122850577	22021.9542203436
427.304	0	0	0	0	0	0	0	0	0	0	0	0	0	0	0	0	0	0	0	0	0	0	0	0	0	0	0	0	0	0	0	0	0	0	0	0	0	1615.45530887237	427.0207789011	631.067139081974	906.519926413406	1219.75249010503	1670.11393587777	2155.35948230104	2685.09982335851	3322.23681242129	3999.42377441941	4861.93076688691	6023.57557975579	6952.96947517145	7713.92111363569	8621.18722657408	9371.24877554817	10098.5611050634	10645.9207104917	11165.4828672886	11392.3594700083	11808.5673005271	11876.5292533678	11636.2016490278	11352.6156771707	10849.4930760055	10371.5752738012	10179.9943515237	10144.4615994376	10716.9683858075	11267.8579925712	12883.7991944399	14752.0518367559	16492.2513531987	16946.8959142824	18024.4666407309	16326.1709090296
430.602	0	0	0	0	0	0	0	0	0	0	0	0	0	0	0	0	0	0	0	0	0	0	0	0	0	0	0	0	0	0	0	0	0	0	0	0	2787.429235114	441.66958305756	551.7701236412	776.613834271348	1090.9173706498	1496.86200892674	1921.29155286878	2469.02012352216	2970.05126342459	3621.41330279861	4348.41383391399	5334.36146374633	6400.64273610878	7348.56538211398	8176.92888870694	8952.37538443478	9756.32672471223	10490.4808582289	11121.8803306238	11540.897952939	11902.43647955	12111.1370973822	12086.9051311475	11862.9454221113	11570.7675325332	11134.6478706176	10578.797229062	10292.9382107564	10649.892815173	11030.5842159931	12344.6727839089	14105.6666888768	15801.8540688865	17242.3358288406	18568.0774508877	20296.1577935908	24662.0439050789
433.902	0	0	0	0	0	0	0	0	0	0	0	0	0	0	0	0	0	0	0	0	0	0	0	0	0	0	0	0	0	0	0	0	0	0	0	0	716.487653368672	470.154438275815	664.121574053992	937.599002329502	1288.60746118145	1671.16604506946	2149.18427909416	2700.55446812433	3242.5553449887	3910.58022462547	4724.90464747308	5669.65475736239	6775.39022638675	7730.55286214768	8573.96059069599	9288.74201707171	10123.0213839821	10844.3717772713	11416.2647211024	11791.5627785117	12091.8779240329	12297.9469381594	12189.6334275414	11996.6868842965	11667.0332286153	11037.6313107323	10674.3706187512	10502.2969523047	10851.5467867641	11257.2630237885	12504.7190781874	14049.1518958542	16006.1165169009	17479.3603193451	18591.8839198306	20072.9475702658	20813.1926069013
437.202	0	0	0	0	0	0	0	0	0	0	0	0	0	0	0	0	0	0	0	0	0	0	0	0	0	0	0	0	0	0	0	0	0	0	0	1464.7444913493	407.646961224251	577.993447165005	808.070597670613	1114.9933036112	1458.69147036275	1901.7287348053	2397.78051183535	3014.59904264354	3633.96370117353	4142.92420260785	5061.32464963351	6002.56350594014	7160.95235385828	8159.70429850062	8932.76625732501	9744.48119107895	10606.8105211941	11307.2728617303	11836.5845570556	12177.5300074868	12401.98036174	12479.7777442617	12542.9897607692	12300.7359700438	11813.9246934421	11207.3986906814	10896.5447527542	10668.3003885597	11225.5028316137	11759.1920591141	13150.9285585314	14720.1632694878	16770.5842576646	18597.6800286074	19742.0127715474	19930.5168157561	23287.5686525032
440.505	0	0	0	0	0	0	0	0	0	0	0	0	0	0	0	0	0	0	0	0	0	0	0	0	0	0	0	0	0	0	0	0	0	0	2710.21132894103	427.449189850782	510.220063401378	688.292284678717	962.840203604754	1276.56737507163	1679.43103893038	2143.98376904204	2666.61119566681	3212.32880337074	3846.38491498049	4526.14733458238	5363.91610346602	6346.69582868664	7442.59383806302	8468.17993804614	9288.71898247549	10062.7422172735	10904.418618472	11599.2743840961	12147.0921813467	12554.1774483891	12704.7562324813	12705.1144135699	12550.7066828793	12365.2414983464	11911.4175615582	11352.9876792002	10909.1180156866	10943.6216063207	11177.116451314	11748.868560885	12990.7654193849	14581.2286096785	16919.7914045907	17383.172397524	19396.5105141204	21624.946418195	20938.2177176198
443.808	0	0	0	0	0	0	0	0	0	0	0	0	0	0	0	0	0	0	0	0	0	0	0	0	0	0	0	0	0	0	0	0	0	0	707.629784032871	451.571429359569	606.088365674932	846.530648860482	1122.27291536326	1452.18042021088	1852.28964587198	2349.63690334206	2904.54805785448	3445.39356554761	4059.78420918281	4787.35906779833	5584.66598078071	6551.45716883061	7741.62123167667	8750.74790169822	9520.88200746658	10233.0413536462	11067.7209842759	11738.5471246293	12323.419835298	12539.9038050426	12766.8429847627	12803.437715645	12586.6175290951	12279.4264203343	11908.6215200815	11415.7823718514	11147.3159854323	11075.378509592	11147.2019703035	12014.1790891772	13334.7801655237	15445.3163994612	16760.8497329214	18561.0170287453	19182.4724808467	19473.0466501248	21034.5061450845
447.112	0	0	0	0	0	0	0	0	0	0	0	0	0	0	0	0	0	0	0	0	0	0	0	0	0	0	0	0	0	0	0	0	0	1313.92294917545	396.662296598401	553.384284476657	726.5590861263	969.300694146334	1299.8357222109	1669.77287445868	2086.44923693573	2548.58077268436	3087.02932971081	3646.11092179663	4283.58144950669	4999.05032948778	5787.41675512116	6896.20412213002	7947.79642527406	8817.71672001268	9664.65584017534	10394.8726491617	11288.0857934183	11826.771402	12450.1903074112	12739.5787803647	12819.8941530439	12721.8202528408	12634.8449962922	12323.262725814	11760.458415855	11400.6785696165	11233.4960197428	11152.9343822741	11573.9220038685	12264.2236323321	13642.7113637087	15213.5663683248	17139.1666309228	18522.4884674647	20634.6152233345	20709.7326988912	25499.3239773508
450.418	0	0	0	0	0	0	0	0	0	0	0	0	0	0	0	0	0	0	0	0	0	0	0	0	0	0	0	0	0	0	0	0	2360.33861005989	413.720325644718	490.451073101256	647.028607377576	865.969010262526	1132.02564815117	1442.11619277964	1784.52756125291	2232.39821663855	2759.70979490821	3271.22115500119	3772.65720285172	4474.01362189961	5232.61878810883	6054.11874012838	7005.83817901344	8053.78004643172	8934.41401854253	9796.52603920511	10555.9722914585	11232.9601599968	11952.8164407051	12246.1305187097	12606.1992726218	12730.773341323	12766.1788220315	12595.1921861319	12300.028071788	11815.2903383636	11331.9538062187	11043.3340355158	11253.5755268013	11468.4055551654	12218.3995458542	13617.3997930716	15371.0560272501	17866.5895026015	19287.4019622611	19731.6227581447	20517.7050658993	20966.3133618257
453.725	0	0	0	0	0	0	0	0	0	0	0	0	0	0	0	0	0	0	0	0	0	0	0	0	0	0	0	0	0	0	0	0	682.510672747131	433.874284173355	586.526103514489	793.852272158569	1000.42062820184	1242.77328327083	1569.39934958725	2006.80834570834	2444.10457271842	2938.6228901674	3386.04179138982	4023.5762480336	4692.44200360213	5398.88828408518	6127.79700156874	7115.19383046204	8221.95071161645	9165.63752505574	9886.56810354715	10607.383474318	11396.3224309199	11977.3437839377	12322.210168544	12674.049205736	12693.6737486901	12545.2309508166	12363.8687425708	12064.8497645322	11727.7975440785	11374.4419544258	11119.059480281	10999.2317262916	11463.136513329	12376.7646261132	13785.0056509787	15622.3159039779	17425.6575054422	18771.6784716118	20381.4120275952	21799.6354435833	22663.5407644213
457.033	0	0	0	0	0	0	0	0	0	0	0	0	0	0	0	0	0	0	0	0	0	0	0	0	0	0	0	0	0	0	0	1166.14686637152	328.201506648349	473.500960516178	640.20610978593	870.370418075119	1118.26554161338	1402.20692206148	1696.45291284431	2085.27384128423	2618.21192392087	3114.17513573304	3602.80610154512	4167.40992805887	4815.21566969113	5466.99970856621	6237.09533328424	7244.66540153509	8316.25287963648	9165.49756968819	9958.01904961676	10650.6504252768	11263.8720603878	11899.7849564775	12304.5164048356	12508.4494157181	12582.2000381285	12525.4401544216	12268.2316163988	11929.1215202302	11515.9611249508	11092.0648152411	10868.4471710866	11011.2633334117	11361.1051979489	12163.0454973445	13671.6373439565	15046.9784330774	16674.6732211329	18278.1950230635	18890.0224052082	19594.5655882155	17587.5888965828
460.342	0	0	0	0	0	0	0	0	0	0	0	0	0	0	0	0	0	0	0	0	0	0	0	0	0	0	0	0	0	0	2291.5503612086	357.258344912312	450.989948512334	595.541789825763	778.334839044695	999.772060337504	1276.71311854224	1550.85316868725	1877.51064051474	2305.89094916988	2765.45963759379	3226.87529480485	3762.13864540698	4371.70495069191	4997.41708029119	5661.16551372718	6381.04372048647	7336.42123452964	8325.39318330422	9294.33065667917	9908.87555987211	10656.5958710893	11354.153072375	11857.7303683254	12247.5898700421	12464.6771640368	12484.3845814977	12271.8359565257	12091.1496308384	11749.0625950375	11527.224638622	11201.9065396435	11024.6894742548	11040.0852031508	11318.7902642244	12412.98920906	13887.8460731717	15873.5335866349	16840.6696220484	18800.7307577585	19095.1645679862	19363.5008982346	0
463.652	0	0	0	0	0	0	0	0	0	0	0	0	0	0	0	0	0	0	0	0	0	0	0	0	0	0	0	0	0	0	569.128737083917	406.365670843641	516.98429423005	710.171723959751	923.963450386438	1140.5646986853	1408.02765911258	1704.27568451784	2083.1328158158	2470.98216106802	2958.00595646667	3370.99861994438	3982.09349929515	4502.58121755918	5121.17237064107	5741.12729608363	6532.15180181943	7386.68702356045	8410.91921500241	9243.93991510584	9982.63117774379	10660.0345186948	11264.9074232081	11726.9452201697	12128.0854499326	12263.438971838	12170.5173381889	12071.5960115893	11979.3577567993	11716.5681406772	11272.5177541953	11055.0583305924	10863.0098549262	10972.7386580403	11700.4777799321	12653.069220922	14424.2118532199	16314.5110901993	17266.0495627493	19026.8947318419	21015.0078368559	22429.7919127941	0
466.964	0	0	0	0	0	0	0	0	0	0	0	0	0	0	0	0	0	0	0	0	0	0	0	0	0	0	0	0	0	1253.24168218272	356.150821347352	454.377526536121	624.489483791064	773.438387293207	1002.61010437934	1269.47579941323	1482.74754303022	1838.47759963398	2188.0972995708	2601.81382863163	2988.76648800384	3496.16179630309	4022.22895781942	4631.89762645864	5186.31941535062	5754.20698077954	6556.57646540522	7428.83808197963	8344.60549902439	9153.71696627763	9883.99543098624	10508.5545789446	11110.3175411644	11613.2046457269	11818.9042874995	12001.570653403	12009.5515886515	11881.8978535208	11625.9270205933	11283.8964214157	11131.3662479873	10763.6740776688	10666.0491985326	11052.6701019267	11542.2766521572	12464.1959240145	13764.1575202409	15332.1505012969	17394.5758911927	19050.1332981148	20460.2882952637	20382.7106697171	0
470.276	0	0	0	0	0	0	0	0	0	0	0	0	0	0	0	0	0	0	0	0	0	0	0	0	0	0	0	0	2351.37152099164	336.39975310394	410.366436919296	543.89572068278	712.18666029451	896.082086058921	1119.59286076541	1374.90201365352	1602.34203982097	1954.89983677509	2299.25281642557	2720.03949461977	3121.89862000194	3634.01260778604	4134.46592902752	4661.27028161184	5240.8157153916	5781.65182069639	6503.10872716268	7329.69256424899	8252.48051910117	9116.54897744185	9680.84064362371	10347.894494771	10950.2800191316	11305.7173640193	11658.3979073212	11612.9475397633	11756.70614365	11612.3696151416	11275.0429623793	11115.714166055	10819.4455445411	10540.1984726461	10465.5784506584	10769.2253561382	11402.6068424899	12296.0087022785	13767.8686671769	15003.4561795386	16967.6415875005	18626.2177429583	19096.0407805999	0	0
473.59	0	0	0	0	0	0	0	0	0	0	0	0	0	0	0	0	0	0	0	0	0	0	0	0	0	0	0	0	478.211538455529	361.952071940924	481.284845763304	620.904945640363	792.078043861766	980.547480086265	1197.67763020695	1458.21320777791	1738.18249362989	2043.13209930721	2391.49594309589	2803.44440097785	3219.43052370675	3732.7947806052	4224.92654686341	4778.83238057717	5284.7059497215	5838.16868228225	6522.09488191477	7357.41809518068	8269.0679362779	9029.11270828663	9634.48351791458	10241.1093045297	10655.4958074274	11144.0677350749	11397.9639626624	11407.4953108751	11422.4157839143	11418.758441821	11075.5332495106	10836.7088506776	10628.1739079356	10495.375017568	10500.2266752854	10706.7097285849	11288.4473956961	12292.3951511292	13787.78319338	14923.9825729028	16819.3656256096	17871.1219836241	16633.4763716454	0	0
476.904	0	0	0	0	0	0	0	0	0	0	0	0	0	0	0	0	0	0	0	0	0	0	0	0	0	0	0	824.481022831005	326.241273080659	455.293393202271	597.72937417452	735.028176752463	910.071373141262	1103.03496937836	1358.53540254099	1567.74587428523	1873.1189314295	2176.80932764089	2504.35083280476	2874.37643380677	3347.61526020513	3828.95742648634	4274.74915454131	4793.05444809869	5366.21445287844	5875.08720242514	6496.08547749492	7320.05134645416	8255.56838740894	8935.60999384496	9526.90089345613	10020.7235362093	10506.6494149312	10874.4758856186	11091.5026771186	11144.7279787436	11127.5251520577	11016.3557513976	10889.5926657816	10757.0835954046	10483.0542184536	10327.1690242972	10337.4001932738	10804.576252267	11396.6456784288	12195.5039972235	13975.2690880256	15487.7502075494	16303.2616859676	18370.6152214269	19655.7682369275	0	0
480.22	0	0	0	0	0	0	0	0	0	0	0	0	0	0	0	0	0	0	0	0	0	0	0	0	0	0	1268.10807055842	308.137158984854	379.667952504344	514.928230194916	638.519017218196	781.595582355294	959.825093622695	1173.65527596296	1419.56177269091	1679.94105023462	1958.08885525809	2269.9124728037	2606.68366459695	2971.58012415942	3391.10203928744	3889.07760941218	4352.5146675317	4807.22221221495	5310.66892529902	5857.05748394493	6435.11816855656	7189.17423097264	8011.29585551408	8738.02943953276	9203.66679024226	9729.40367397682	10221.6507361845	10593.8531172279	10723.4485224533	10783.0623080353	10756.8266034494	10609.797496708	10423.1200397957	10360.6169219513	10264.4492551633	10080.8003212639	10097.1133447059	10332.8447357618	11060.1010636485	12101.0488740912	13607.2865684596	14357.5623399962	15923.7612611241	17399.3152960381	0	0	0
483.536	0	0	0	0	0	0	0	0	0	0	0	0	0	0	0	0	0	0	0	0	0	0	0	0	0	0	413.376394831178	358.741556706608	459.092233914982	582.158989868438	730.421700416815	889.790065516603	1074.25622774716	1321.46218575942	1508.69481585431	1797.60126968204	2077.67883793469	2371.2760220422	2690.79705249678	3100.93166449534	3528.21005132286	3982.45109796592	4375.69586074202	4926.82430183386	5325.75570057151	5829.48160169543	6438.64558990394	7149.91171240887	8022.46182797097	8624.41990927183	9174.39433966337	9626.88648886753	10038.070155753	10320.648629639	10622.5547121095	10602.8034112863	10524.21120512	10491.0995330689	10327.4405737783	10146.8911899615	9984.43925084698	10011.5498302849	10139.2528212908	10549.8943736696	10971.7710154384	12023.6794020228	13270.8810790216	15094.5215031769	16770.8626296989	18031.9756946613	0	0	0
486.853	0	0	0	0	0	0	0	0	0	0	0	0	0	0	0	0	0	0	0	0	0	0	0	0	0	780.555736006369	321.096958365711	415.535293802957	518.687040520952	647.525570920716	798.606480197787	953.159103215694	1144.96558779969	1354.37983538786	1602.36786089179	1876.00868575019	2144.54438322484	2444.96730552622	2781.96893603942	3159.35375142231	3584.61502151143	3979.86817677474	4419.81995751396	4876.79194449548	5328.03119179699	5788.61596296648	6366.39619756796	7048.48166143667	7834.72213730377	8479.51276124642	9022.30458378476	9364.14999869566	9808.47079319045	10103.745427223	10208.5102696662	10320.0294458396	10204.9922729225	10173.1648316396	9941.5093540308	9847.16141896229	9816.35563695548	9612.52883292603	9822.29370957243	10345.1893023591	11073.1749350712	11750.391560153	13266.3182007827	14369.0565303057	15616.4706991122	16509.6327607734	0	0	0
490.172	0	0	0	0	0	0	0	0	0	0	0	0	0	0	0	0	0	0	0	0	0	0	0	0	1440.77871872341	302.567917878203	362.981951011545	470.638809618483	589.039014960696	703.107190369165	866.172654110504	1030.64059372324	1238.16502941404	1418.53342053116	1680.08562859539	1933.76743773099	2233.12860437669	2510.53052725239	2847.52121420098	3214.13274857033	3600.35812146796	4040.53130595737	4470.49839656853	4867.24283004805	5340.35363690772	5771.37039385583	6265.96749703886	6983.23451556992	7690.40236539757	8298.0558170804	8812.01380146342	9122.28536111995	9464.55083070939	9890.2929451056	10044.4817726016	10005.3689154413	9935.32340539587	9816.10344318136	9749.14151684704	9662.21381020498	9577.04641923636	9631.85771896919	9641.33062074719	10021.5324251601	10698.6495753768	11774.3197460383	13032.9137801366	14575.4552642517	15276.9482008976	0	0	0	0
493.491	0	0	0	0	0	0	0	0	0	0	0	0	0	0	0	0	0	0	0	0	0	0	0	0	429.457076198774	341.098963468737	445.77356305161	546.988131634088	650.900633948899	793.369676580367	945.791117742631	1115.05615164795	1317.08664976444	1540.11081053812	1759.59453904274	2021.70060391589	2279.51962445156	2565.33261349166	2917.08111359761	3246.90645720384	3655.47674503943	4017.62064489502	4463.93012512463	4805.54487144393	5298.81919025444	5722.17216071415	6211.23230150558	6856.78711963378	7574.51363257277	8109.53268085254	8555.72263372882	8902.40838149504	9286.03381659105	9526.54528752766	9682.95573938125	9682.43393516088	9615.28880901572	9549.70418910667	9432.78991831656	9292.41276557005	9354.0184213387	9292.81834742139	9544.64692018061	10003.9821119788	10766.3325310851	11570.6739396713	12812.328776705	14364.2829998625	15135.7518520628	0	0	0	0
496.811	0	0	0	0	0	0	0	0	0	0	0	0	0	0	0	0	0	0	0	0	0	0	0	864.378391660269	324.975517258287	403.644034559974	493.098298535575	596.87913406344	702.837416317672	846.371079526037	1007.15598080374	1177.31545618504	1381.22084452892	1538.08122122665	1814.53507183257	2071.76098158783	2303.47117031976	2568.65479895501	2899.26752264673	3236.84982764125	3636.22300687797	4001.5185134456	4384.65961577734	4811.28903606664	5165.36579343033	5594.19902414274	6118.95451070122	6727.19579468025	7397.56719528899	7956.66132475761	8285.42271570096	8624.38440375534	8898.66805787765	9184.58402987987	9339.92177942749	9355.47492560376	9241.91072289798	9125.38395480066	9142.79974038184	9051.72957502914	8986.47345582916	9124.62545379938	9294.88930221805	9675.99843055863	10291.4386321085	11063.9851182086	12401.5940513217	13905.8586938793	15035.8767601516	0	0	0	0
500.132	0	0	0	0	0	0	0	0	0	0	0	0	0	0	0	0	0	0	0	0	0	0	1504.34167905638	330.879112833037	403.672600197153	468.667668053278	561.425858830539	664.671053449607	784.362081824913	916.982199437216	1087.50869857569	1249.36128754001	1440.85779605647	1660.86138689786	1861.4648490673	2123.55150486713	2373.39415340692	2656.77023622161	2943.79786989478	3287.98361679618	3670.81963497411	4011.65601499192	4395.52526805004	4789.65390723241	5113.46178489885	5476.41755004249	5928.96118254692	6539.79968566714	7254.8120014681	7669.72242403824	8041.00363027476	8306.44973190208	8722.78955948161	8935.24831592961	8954.56704284916	9035.25950330408	8919.03817096502	8963.553353061	8854.91188634749	8759.1521989463	8735.00806571169	8779.73726183257	9201.23037779441	9697.2973574811	10093.7732250515	11069.6304398104	12306.3603327865	13718.1876947981	0	0	0	0	14707.0941454278
503.454	0	0	0	0	0	0	0	0	0	0	0	0	0	0	0	0	0	0	0	0	0	0	487.609044436664	370.855355669443	443.428065139276	520.114389742853	614.732059831834	731.600519403192	847.113955812879	958.675718160276	1110.55908995318	1282.33324240276	1461.64091362023	1639.32258064896	1863.6425430613	2117.96129812302	2361.80118369032	2633.96505084086	2927.30692055925	3236.52314238556	3578.90423129002	3891.77655251155	4254.42783994886	4550.24777416148	4932.73094375558	5291.5453345462	5761.1266138956	6374.71293094022	6929.45803524063	7386.39874819191	7732.02154423366	8059.66856713039	8306.62672332053	8450.67517426474	8587.76449437984	8613.66681573897	8512.78117934468	8471.43521159175	8476.18746951711	8377.51374871104	8393.57794979311	8501.61624406714	8749.37697736594	9176.64062016341	9851.04587115182	10759.1147613921	12112.8420860893	13064.4538876613	0	0	0	0	16159.1023536052
506.777	0	0	0	0	0	0	0	0	0	0	0	0	0	0	0	0	0	0	0	0	0	880.265797573775	361.526386582523	425.156139783705	506.701828310401	581.581421841674	689.167739800106	795.196053608305	867.654487649587	1032.28533497739	1187.16153546748	1306.6445640279	1501.32036986301	1689.43860096875	1887.6540265682	2130.47878957897	2378.70924012817	2630.07508738009	2877.59764607287	3167.81722781437	3437.91581001498	3820.01355639408	4147.22114489581	4445.63255918999	4783.28451285609	5131.2381145268	5550.31838608827	6067.50851690189	6655.70747563063	7117.43353009532	7331.21679492749	7640.26774990794	7854.31592959851	8054.11423809432	8109.20512422831	8115.12771249927	8132.95015274373	8075.32565466771	8001.27504033203	7924.67365867893	8141.40465490003	8177.62168025072	8469.0829070368	8928.37675044834	9566.44447491333	10396.4294937863	11612.0334938581	12940.8969041797	0	0	0	0	15062.7857169967
510.101	0	0	0	0	0	0	0	0	0	0	0	0	0	0	0	0	0	0	0	0	1399.13406837213	361.862381689021	437.515579696399	493.134848482084	570.031276098069	630.358043481187	722.315546568271	826.847072550688	937.703036666926	1056.87198296497	1193.83963920935	1365.1629970207	1532.36087051935	1695.95785253281	1908.86981303799	2101.38891425125	2383.38297480054	2584.36432658591	2868.64160219885	3103.94759493921	3436.10580279334	3760.38896239811	3950.98161125241	4336.87666253323	4650.24044419583	4948.60844452684	5359.72403176124	5895.1995799022	6420.87172538119	6819.3730474619	7024.29252918975	7324.48611781858	7495.00325797239	7635.33627368718	7720.68491795478	7730.29106502142	7673.6770615679	7735.71681365771	7665.5965301775	7712.21832849422	7705.84916366214	7884.35287151612	8151.31067603347	8746.50564211918	9294.09176671935	10078.2562670633	11254.3805930983	0	0	0	0	13589.4175164626	14337.7320204092
513.425	0	0	0	0	0	0	0	0	0	0	0	0	0	0	0	0	0	0	0	0	484.224744993979	411.945501919621	493.105065381323	548.284149718694	610.004803715128	694.975479778223	765.667973613671	863.481554772097	983.841954344808	1107.06537651271	1222.46603473848	1370.8582693374	1539.43118930564	1736.02695851512	1941.7004055257	2145.03731730898	2362.11918392181	2563.94183593564	2828.29731820779	3129.05425978762	3399.00512369543	3672.67395192932	3940.09252042891	4227.11859507275	4506.09288704434	4802.4280140956	5186.1510548089	5668.5008643601	6168.5807408864	6563.97428604838	6761.30452947411	7069.72649186188	7239.50689913793	7420.87063050063	7473.45434560891	7484.43006927339	7464.4307674034	7414.04017685507	7423.01492862007	7450.07765109381	7444.5305142119	7751.6694352422	8012.05426813186	8385.00950441962	8900.38875596014	9915.89590455366	10794.0521806693	0	0	0	0	14722.1490480358	14463.4712728344
516.751	0	0	0	0	0	0	0	0	0	0	0	0	0	0	0	0	0	0	0	857.10114684298	354.093373416759	446.040763726035	527.751844514168	594.07247476456	651.242842686565	717.830259337264	832.124673134821	925.900917752462	1038.96937775672	1159.36538656089	1281.80394863587	1416.47549709066	1554.87752879389	1734.88923824939	1953.35660463003	2156.5722237324	2385.39336607993	2624.56444728274	2851.44494727843	3113.96765664797	3317.4331420876	3674.98803110863	3929.09159791635	4168.96303701373	4461.05000390519	4735.38328102708	5068.82215434989	5536.42989706186	6005.07843810193	6406.92698871484	6647.19392495171	6827.30036595017	7035.31493301885	7150.46775887766	7193.35764351024	7257.98459269106	7164.29318073321	7195.18302270215	7266.20306290585	7235.25370146028	7298.12738410999	7593.33102936087	7680.53694137726	8418.21731867508	8963.15883369715	9461.33330039058	10629.6335092233	0	0	0	0	12743.1122126357	13067.4636758512
520.077	0	0	0	0	0	0	0	0	0	0	0	0	0	0	0	0	0	0	1585.41314932204	333.297660491098	423.468166293096	480.685517267843	585.140528477716	635.910422001811	707.195995123322	781.014446724315	868.256130010767	968.540275773951	1078.18263164911	1181.88592618664	1324.68402888952	1463.21348216191	1613.68654801586	1765.87013425547	1973.63055163088	2178.51436660507	2359.06892963815	2613.05323749604	2813.8138142851	3098.74471085615	3338.05692411932	3592.40930271369	3853.20415592181	4120.39574129026	4378.67254953994	4632.97714631657	4989.36115688995	5404.557631656	5891.64010477589	6279.51711671859	6444.39035541991	6675.08282339357	6867.68422389958	6924.25719320618	6933.12356865474	6980.10393164268	7017.57350347843	7044.03159467367	7023.31617292389	7052.00045614909	7156.13976260001	7299.24198432816	7610.67004844175	8022.18949780758	8778.75329223211	9509.50438681232	0	0	0	0	12754.4151122003	12847.5626973117	13478.7539618713
523.403	0	0	0	0	0	0	0	0	0	0	0	0	0	0	0	0	0	0	428.52339149465	343.985530941169	439.563231862621	518.194826681758	591.181251064565	662.670219136883	732.448571236876	816.480758110323	901.025520692887	1003.96123945187	1084.09761404898	1203.75994412403	1354.92131243791	1456.20755918523	1585.0553679128	1790.14736988729	1976.04055531192	2191.19740727904	2383.049555074	2584.0641131623	2808.66093049731	3038.12511446453	3271.22649704736	3559.01117848294	3759.07685009486	4058.5128201954	4276.46213758043	4526.20375439955	4821.52209310411	5247.77335793023	5717.9417517919	6065.21855475441	6250.30912696979	6445.8289284266	6593.38356420488	6689.82544536136	6739.34901528527	6741.87835132028	6776.47938497101	6735.86493673361	6723.55704228743	6754.70724069638	7012.28996284011	7089.45200279825	7559.30358023858	7891.03562490538	8513.4571843275	9061.91773783684	0	0	0	0	12709.1028101172	12995.076422345	12703.7828172992
526.731	0	0	0	0	0	0	0	0	0	0	0	0	0	0	0	0	0	940.385887546443	294.052270335611	380.278096422397	448.686802130551	536.951707523386	631.518137498018	693.501655661448	769.215441882897	836.41861004468	916.986541509068	1004.00831283533	1094.98248572517	1234.22607266882	1327.97666021985	1473.20220537249	1596.09111678473	1743.39923028073	1933.08094783647	2141.48438513202	2310.8995736877	2492.9701755907	2684.82706056102	2911.89110535412	3135.89461535552	3431.62056025659	3598.31284527457	3839.25870089291	4039.3822662783	4324.43887970655	4595.9848671429	4990.45258968543	5382.73917399336	5706.83662593393	5874.89713271826	6059.88748678856	6199.86796863751	6308.85321879904	6316.90343946279	6434.14774925061	6334.94712945351	6323.39315387537	6376.04175425025	6460.34615318532	6544.14497850482	6827.78572407174	7122.08335396631	7477.71283354069	8145.79309048361	8801.4680798273	0	0	0	0	12281.1753165028	11897.0220456063	10125.9128727916
530.059	0	0	0	0	0	0	0	0	0	0	0	0	0	0	0	0	2959.99764528041	239.785858037919	311.832669222369	384.521287437643	471.645940861715	544.01965461494	624.53775910409	676.007408043791	744.194727846587	816.735800490902	921.376243791712	987.892699174288	1071.31161825823	1189.17956028601	1296.16317304301	1384.88386589836	1537.46600449574	1709.41037431956	1879.04763833793	2017.86859113263	2208.06958897106	2390.31299450064	2571.7898418263	2786.76408120486	3048.10491489902	3223.02888547229	3473.62999050416	3640.73739231639	3842.67604181553	4070.35650253537	4337.00940696085	4707.60414659221	5122.93034775363	5327.1063421288	5545.30357575203	5705.14796230364	5785.88268842837	5934.78532525095	5968.69108203589	5954.56514298606	5986.32008518206	5984.53163412537	6105.90221888868	6068.8730032841	6218.97957130774	6468.82954863025	6740.76085995858	7196.5200526028	7808.89009617244	0	0	0	0	10441.3250501152	11102.3031370186	11130.2886956942	10022.032177681
533.388	0	0	0	0	0	0	0	0	0	0	0	0	0	0	0	0	825.980210684627	291.222956563214	358.121331651556	405.74957975487	506.148627811387	594.107082645446	653.779448653553	716.076560285618	769.083073228698	833.815415901968	911.78687469659	999.600104074074	1084.94226877891	1173.66274193201	1299.1454331143	1393.01509428412	1529.92311917205	1661.03811265706	1833.56042424998	1980.08016475483	2171.76708893991	2358.3893102337	2547.86965434557	2738.38651036626	2867.51410265822	3090.55180022883	3336.96659550824	3519.20023526035	3681.686956625	3932.39766057579	4169.88677289857	4516.07682688718	4866.04527922434	5091.18016876386	5235.60252957167	5405.97985751472	5514.91841107822	5640.55711632747	5686.57079582347	5704.53009505659	5681.10063692562	5716.40825516506	5738.8368304765	5845.79164038945	5978.39873951297	6268.64986539335	6549.38741586469	6880.91333820189	7485.74170049125	0	0	0	0	10578.1215755763	11531.2615331453	12464.845906546	13636.152938226
536.717	0	0	0	0	0	0	0	0	0	0	0	0	0	0	0	895.013892428801	223.619034161107	276.814583497098	364.975572978405	431.365207132009	508.540521851677	574.785550734341	644.412198246948	695.868658965206	769.382455243125	839.152801767217	922.314901556769	994.007693442852	1055.63691696989	1154.05970010024	1262.59896759125	1377.6802394509	1481.86549208441	1633.81611927771	1794.33275115591	1949.18065910108	2077.04247023959	2247.78265530037	2418.57829760544	2604.83726398701	2794.59557537224	2978.36683605648	3190.27142867986	3335.18600107213	3561.28147516137	3710.96462303166	3982.24706161343	4263.6533207468	4627.98039874843	4843.41016080934	5061.61086473159	5178.05536591713	5247.73345404931	5346.37950283014	5419.76365515305	5331.02757129641	5432.70560036396	5456.75338768487	5484.45510858866	5599.81123420314	5724.57771447657	6029.8531417904	6171.09244370769	6689.3211576609	6994.96480830012	0	0	0	0	10070.5062839502	10978.9694069309	11355.7859222383	10071.3111549575
540.048	0	0	0	0	0	0	0	0	0	0	0	0	0	0	1177.00479921634	255.912636837418	212.2099289507	268.624498877375	348.713979554055	413.48895812223	511.608358325886	578.617805475428	666.402040034104	727.844020336005	758.332716457168	820.405431699858	919.667598899204	985.014100592943	1059.01415099481	1163.69327817286	1248.11041706933	1370.700122525	1511.91170533786	1611.73393011722	1744.44829129547	1893.23473016476	2072.69134346625	2220.88603449262	2375.36668997779	2535.08722498738	2733.79827004807	2927.8361720685	3116.47315170276	3260.15264580602	3464.78173919083	3622.32652686125	3821.21052296066	4126.5216495816	4469.73013627747	4672.89933961793	4813.02560116852	5008.78134052536	5066.49870292775	5156.47497870192	5207.2669881225	5230.89315292319	5178.099807973	5203.61015497252	5341.07286368525	5386.38870412155	5543.65879351005	5761.02717343907	6028.27722799495	6311.03321736498	0	0	0	0	8736.32544276499	9768.18935290216	9989.97920067444	9339.26413410734	8363.12328790269
543.378	0	0	0	0	0	0	0	0	0	0	0	0	0	0	279.885709236607	188.08131644629	243.661172852044	306.527365023439	388.52746483837	439.623629283021	503.974303308487	590.216216940385	656.759894636478	711.598551255552	799.283295844012	861.405409147285	910.771478479028	1009.18322419589	1074.51634138037	1172.3944296509	1256.61934337553	1352.64198168179	1473.49545961842	1614.33121953771	1719.50847784267	1861.54459572842	2032.3735816267	2170.77291332582	2310.4277829757	2506.61581490567	2676.0735322635	2861.93584103003	3010.57852633044	3190.45175671537	3344.28924121309	3507.0173977995	3772.87570142732	4023.30355167399	4339.276527929	4607.14186910213	4669.30171172627	4835.06819095324	4846.44403990981	4985.98849208335	4993.11264343723	5018.96872925504	5082.07488623104	5105.06445003642	5138.48878780312	5203.5844333596	5384.05305318647	5608.97370873967	5790.13370326317	6257.80333174372	0	0	0	0	9089.79390622554	9596.43410051688	9405.30900484879	10539.8886813912	9972.25601479084
546.71	0	0	0	0	0	0	0	0	0	0	0	0	0	547.233387134679	125.276598203745	185.113836987901	254.543828391167	299.185093368875	383.522211566101	455.4222243065	534.525095851887	597.614387523966	665.943171112082	697.757571621484	770.407532074302	849.518111501674	923.030079244757	982.401438654656	1056.17434962034	1146.87762620027	1239.57139841667	1331.5703466516	1456.32288018617	1585.4177967405	1700.42947455786	1838.58260342911	1969.98831423426	2140.35862077176	2281.84570716036	2405.00345307886	2605.02328578244	2787.65693757769	2928.1992159442	3106.38753401928	3214.24279540681	3421.22718499371	3626.58923661096	3887.98113375752	4204.61581958769	4419.61799650838	4535.63637359274	4628.52949455974	4716.61939481854	4754.2073881316	4793.61796667962	4813.74506362811	4910.19918029933	4927.77769850305	5001.12773459183	5037.05947040147	5242.50450944724	5411.11302609199	5651.3997627952	6049.94911481839	0	0	0	0	8678.45893649932	8527.87923884653	9400.65605427555	7702.75666031095	6821.85436878504
550.042	0	0	0	0	0	0	0	0	0	0	0	0	1733.47756195089	146.558619793755	163.599916005742	224.446357230462	280.403242785906	366.138186645674	404.734695894262	465.32546993339	539.05052258076	607.090995742106	681.325099137893	734.132664020851	786.335027058685	833.47750873025	924.384068482075	982.681045924472	1060.97537559432	1123.10672143393	1238.02846869289	1312.8889699269	1424.7625396475	1533.98453194082	1685.66996927623	1781.94329268373	1933.26486565902	2072.88198300814	2205.26342240213	2345.96115520818	2549.56286702475	2655.98020776427	2828.26487776464	3017.22581842174	3113.31781771966	3284.86399488018	3495.51230472243	3764.03330532221	4002.71811002285	4246.49735024939	4275.90379596319	4442.04536685048	4488.37668704094	4529.78163412396	4614.3707926873	4638.2757282572	4660.74995366713	4730.14633420514	4784.28847350291	4861.9950998488	4994.25253497836	5169.42463835647	5481.15380922663	0	0	0	0	7924.83469094344	8664.32352696719	8305.72383908102	9193.460916168	9658.21715199408	9674.63842380806
553.374	0	0	0	0	0	0	0	0	0	0	0	0	314.665388206748	159.846826555828	185.918587525327	223.605080480754	274.242157996401	324.449020064554	403.208264083018	483.975923711062	559.835083338607	602.67650339148	649.22837009441	724.462952438958	749.916350160759	828.193968289411	894.553648327186	935.504502346137	1000.26996586959	1081.87001680185	1193.18720809448	1274.42450300098	1336.50678054605	1471.3689369776	1609.56589262232	1721.89727678846	1849.23666240288	1999.05713205142	2088.53420008905	2218.7646619141	2412.01648284192	2537.11636030925	2716.63235805941	2843.58724016339	2993.79682712868	3099.80182023977	3270.93850518323	3572.29818641623	3781.32154665705	3967.38281520901	4041.43038957503	4166.40976373545	4289.87527584061	4285.03491690434	4323.12945158943	4432.62810640985	4316.70578352747	4395.44265876738	4511.43670702021	4667.59452772908	4832.20211709766	4919.5123321387	5211.49107620744	0	0	0	0	7850.47230007016	8422.79889771859	8616.82905551035	9222.14460638948	8731.1847893825	8531.5206575557
556.707	0	0	0	0	0	0	0	0	0	0	0	1007.62496267661	124.21150815072	168.088314167765	192.451957992319	251.03638231861	249.320576857968	347.731575249528	413.459833423154	465.660049206702	512.493113539759	581.466384005518	643.559399157023	703.217818318152	753.279816410842	796.484199835317	861.24124452393	911.099983621554	967.195675185583	1068.61886473928	1148.76729640718	1223.93580372862	1331.48060492057	1420.09794572034	1534.53864444446	1665.81760849296	1766.91128621656	1884.14552018553	2034.74490535272	2121.73763587018	2271.48417643281	2419.56615812706	2552.40575237258	2666.48459745985	2802.43755409622	2941.71340566042	3088.83118179733	3313.25660125958	3570.81631648028	3763.37833513336	3883.66470480791	3978.40132933002	3970.11291352581	4071.14250569991	4052.40395090945	4099.36117638808	4153.15768801413	4150.45378573622	4243.83617226715	4348.46784854326	4429.81547525723	4702.19517583974	4920.75650476677	0	0	0	0	7110.78247036139	8165.78189095729	8303.03499495034	8432.89850870321	8807.00811152312	9732.30217305293
560.041	0	0	0	0	0	0	0	0	0	0	1962.76920021688	147.350632172331	129.775120947287	141.321171975398	197.881364213891	208.932771929071	268.37429227566	326.64450083419	394.399377813126	449.792499545774	495.252251485266	564.614799938565	601.819994438291	637.747887058085	719.257905410316	765.904388544221	827.615096020798	873.309144174119	928.695089292819	1016.01317138385	1112.2731267371	1164.4483264552	1222.29140824647	1376.84571705263	1444.64798191852	1585.8124079669	1670.76036866379	1787.77678797252	1906.21491694047	2015.33873935795	2160.73024342911	2250.50787171689	2374.863992324	2523.95566721047	2626.99552432107	2765.66097688534	2937.29989350537	3134.18599796634	3370.3615976594	3560.37076025912	3624.75669478511	3668.88811676922	3715.48737633488	3778.67593739615	3864.53754218848	3787.75015534821	3865.68482130903	3925.94364162325	4011.24768649862	4180.83810792162	4248.91124565496	4383.40138511704	0	0	0	0	5947.61407102439	6593.39910842791	7251.09279360389	6944.73650918468	6756.96637420759	7607.94368967358	6713.96495063777
563.375	0	0	0	0	0	0	0	0	0	0	450.497544416636	92.9465225352518	100.132156848509	157.950895950741	158.61215838169	240.225070773436	258.159816138312	326.460782093375	372.249141485384	419.604911170768	483.256162889292	564.398762128001	602.537864562341	668.592233322358	688.67685614863	731.363929078591	792.971465653984	848.696371933573	904.866268971037	975.537872174638	1046.48461723512	1125.62384376021	1201.1218345765	1293.73921066629	1413.32979808829	1489.47689907815	1582.98443286209	1710.96775181855	1814.88124902076	1945.4381419727	2022.51910391304	2202.05219306416	2307.11740222473	2395.8116358436	2517.98802746285	2607.74355896024	2766.7783619488	2968.67363302972	3182.0526406949	3352.94087184481	3445.4105059947	3493.39679597977	3512.96291512258	3571.24747727418	3586.15000546189	3683.76586292556	3655.58458879247	3673.17967512317	3827.56289399392	3854.56761742664	3941.83291993632	4151.78421867386	0	0	0	0	6027.56809201462	6839.626889379	6542.82241729423	6510.30893586908	6723.03257745472	6519.32762274762	7113.44977112346
566.709	0	0	0	0	0	0	0	0	0	633.798887793919	61.1914346657416	93.0742495532684	130.276241544688	171.706830742315	199.664291163176	225.557828474024	280.495327363784	337.057664863065	374.101473164828	426.259289840045	491.269064912585	533.161572783575	602.916738613092	631.671438052197	676.699882879354	727.793661501991	781.061876030988	847.786571109546	885.197982120696	947.041942776852	1012.70738504374	1092.54511263689	1162.77672832239	1265.48730012399	1380.43387712937	1446.3159280466	1558.60311680296	1655.76283636578	1776.62609400768	1859.14632090102	1973.91278578419	2106.95243656833	2206.90973407814	2300.16110231827	2429.21913432835	2527.87250734897	2658.18643825079	2892.21794478021	3030.25582337247	3195.2301336125	3271.2868664734	3321.82660265351	3385.88839071368	3416.19944745413	3457.72189103445	3495.98729764335	3528.20058958773	3663.3282104502	3644.69993928854	3722.97754612211	3843.20123139273	4018.61879367008	0	0	0	0	5675.23360831982	6132.96982741164	6786.76090718205	6794.93080388047	6737.83105754993	8836.2428837782	8819.9980729287
570.044	0	0	0	0	0	0	0	0	1054.30150770073	99.3149858072438	104.238504746417	126.745549825475	122.521976253146	169.024575940022	199.276033227894	259.019286953761	252.660666355685	319.185103018839	367.967271121152	432.974007229286	467.186989363521	521.112289716999	558.472055736462	615.154954538806	660.643523348924	707.898959534725	763.649861486296	814.282204696188	857.992176352289	919.439616355958	998.486221925233	1069.31001281402	1123.91900847162	1228.48675972181	1302.89658691966	1404.38096583122	1506.42338639075	1620.63199530264	1674.345471884	1793.47285793169	1887.78696961909	1991.65950511755	2100.51610989677	2212.90249187484	2311.80703833225	2426.72834494385	2537.48997893939	2702.66699923286	2938.38356389046	3013.2904280817	3083.86512835431	3170.80251493755	3217.13373073527	3296.45495959134	3357.69048914404	3357.25258483618	3379.57504600608	3437.71073258129	3527.27106343473	3586.19381755841	3734.09298782431	0	0	0	0	4688.92334466737	5368.28774771408	6030.94550933904	6297.22068651497	6465.97575107292	6956.98058355439	5877.53101515734	5429.56872574293
573.38	0	0	0	0	0	0	0	0	191.58337428646	75.0357252833463	109.39571938945	105.757566942353	159.617616690465	171.655798427706	236.453868883028	245.491758949832	298.354960577708	340.389750740435	380.665527640225	417.235060854419	460.274175282614	533.006460869896	574.03077368604	595.912026559254	660.349274623489	690.838786083735	743.999567780475	790.771756876344	820.078495626262	893.132766477632	955.680693040596	1025.34387368877	1086.32169719814	1157.59717992355	1249.88904628975	1374.81915895076	1437.98152463094	1513.03458556499	1649.19684571373	1735.71205605374	1840.29332644185	1934.900042452	2002.81829805225	2138.1489890134	2221.89963043866	2314.24882912343	2450.56186978206	2616.20615210303	2761.45491485126	2910.83482192835	2968.98556890387	3055.27463192192	3106.87314134868	3116.02962288602	3157.59268752039	3209.91234360283	3225.72450046097	3261.19820846107	3365.82325932527	3392.47226075313	3557.24742219167	0	0	0	0	4742.06204083284	5361.4407934341	5743.07385653455	6330.28074439328	5781.62403848709	5962.12307345819	7128.16048208617	6289.09283020667
576.716	0	0	0	0	0	0	0	453.611205527669	63.9251981339011	79.6408719893487	101.8853736179	146.75483810505	162.863617195596	157.279721629995	187.592791218079	255.983454709022	290.455867508597	309.303404030299	373.139151322577	415.708030470239	451.012977064506	491.327888999093	532.695449267957	583.625668035671	628.486845249199	668.055445509569	709.432289097988	749.580624617554	786.022949550298	859.977470739983	916.047941227572	959.49539613809	1037.58582596053	1121.66753083926	1197.76432966006	1264.16431376571	1353.29625291267	1446.68867541747	1556.12706580917	1622.6139250996	1719.00650721309	1816.46635499963	1932.06677780375	2001.46725707604	2097.24483288958	2150.56212775683	2283.93674783598	2456.18205748997	2634.67139515242	2717.91376044894	2771.12298781547	2839.72963838019	2887.13250665286	2904.08439469926	2977.00319322762	2971.60541778703	3050.29286658844	3080.20649451291	3176.61713417372	3312.29005664773	3344.679133981	0	0	0	0	4591.18719931464	5075.2779066778	5747.79751271455	5555.71151693625	5802.26360871725	5964.57307211841	5360.26643519454	4845.92784070658
580.052	0	0	0	0	0	0	829.450604346175	79.3998109049001	64.880557511062	99.4961150818975	112.257934341486	107.232288077459	155.061404654215	159.578895110224	192.804910782594	248.314727047846	284.78459025507	305.576378560894	360.20033716165	389.957415125582	443.482710328152	493.232299260227	529.481695670925	551.758126569372	583.320049705227	614.191858843282	693.836884937288	710.986960490282	764.878410049307	801.343656818268	878.634064922762	923.542661785316	999.572650079084	1062.8519834913	1153.78604782439	1207.77381099323	1305.34362010604	1377.21931262649	1479.68822243912	1533.26981347472	1605.80986729996	1714.55590483334	1788.23524403377	1908.94085159472	1936.9350773087	2044.30982635419	2191.089317972	2288.43696800222	2459.23249842825	2577.18946055483	2609.31142750186	2686.37145882967	2753.08749923368	2746.622881791	2800.3113831698	2828.31601124512	2849.98312142537	2873.86499009421	3018.39973342668	3080.85257244652	0	0	0	0	3902.51360620427	4387.54059907623	4831.46597408241	5145.49381263097	5392.3090276479	5475.0404900428	5901.92303063672	6905.71965605079	7129.56255686153
583.389	0	0	0	0	0	0	115.463582961501	40.4337762910139	72.6334181335191	67.5449934414644	69.008877646534	126.846573460038	155.377942307515	161.514951373051	191.011246535662	232.969454437428	247.112545958263	298.89595667783	333.867348936128	389.854460842112	441.015758575127	434.113049504408	486.39786345941	515.567555426453	579.878586341995	598.144432414502	638.048768967658	674.63351746559	709.029989498597	774.451740140192	809.098048069698	874.321512298413	936.539535334537	1015.75898638423	1079.5540175316	1135.26664570727	1208.42137427114	1289.10975079442	1368.64224962223	1430.53604246133	1529.56794471384	1607.35390331581	1694.34262883517	1759.83472216159	1837.0352744458	1875.66570957781	1989.64352495047	2156.952870882	2314.67630286652	2390.04662759957	2465.42273246625	2500.37576933598	2517.06849259427	2578.41402234311	2598.25281385274	2635.91893681909	2620.89365877591	2719.86089859537	2805.01940328222	2894.52632586737	0	0	0	0	3632.25990805314	3960.67677049753	4296.42292640376	4654.04140914565	4717.84123906506	4872.49230020325	5274.60912178367	5719.64539535786	4415.07269728965
586.726	0	0	0	0	0	280.79666904559	35.4612416439399	42.9681010549565	115.713490083936	100.461225981175	130.992205353781	148.778059410599	121.053356875908	169.303399240912	198.709782172444	250.266675389674	248.144677544743	286.561077221893	320.766771137085	351.330605401252	402.356884618979	421.325959767385	469.619651119703	490.259533004963	530.949352744307	571.168213175524	589.316675475208	636.432622721029	682.045497510686	742.183585102759	781.987007695368	801.821320158076	881.852899995861	930.680868543379	998.637930214227	1083.37722195357	1131.69880441619	1206.97194599476	1270.8342004275	1378.66375969748	1413.75621122574	1505.2163048359	1578.52004119688	1653.46200659438	1733.98094830347	1772.45822302509	1877.35060640884	1993.33669634339	2159.01247668671	2233.56072741757	2263.12153890588	2348.35647170162	2382.47068872259	2384.1149016945	2458.38696041816	2483.05570138888	2539.32895709113	2554.72283763508	2695.86163523312	2657.50044517253	0	0	0	0	3664.40164903462	3801.43112330778	3904.56803680814	4779.02999508105	4586.05783093854	5066.44862719192	5650.72253094338	5128.5449218991	6738.56814910721
590.063	0	0	0	0	678.18592893504	75.9142977361476	86.0292713124735	97.6123839227771	79.8888832425416	98.0690080271132	108.720248458521	147.934592531598	157.535691126323	171.511908753843	195.471147848211	227.156226139577	270.785257625267	310.288216957938	347.317667688722	374.283492160077	379.058108782459	422.146636385973	460.779275716808	484.313783751849	516.967822826528	550.278876515116	594.906526475172	621.080696242243	658.970405394817	694.213110549804	756.020748635251	788.580509800914	822.083744886052	895.735475413131	965.117429849177	1007.49258378109	1088.94172799462	1137.97856010413	1226.03185895788	1302.71870920899	1364.92765023584	1427.84272508856	1511.05124500518	1555.17620555638	1629.8224435753	1689.49173819576	1777.83025086067	1892.52921898406	2068.85014599749	2129.44245730285	2177.60879390167	2203.27746164897	2229.55536398252	2287.89085922996	2291.87282595006	2361.53323004604	2371.53454202042	2396.21688488126	2535.07352953757	0	0	0	0	3139.22827795541	3402.50476005556	3734.12965859154	3959.16468393683	4182.59393267184	4771.23200126443	4474.03630595585	4945.29167458073	6160.94332211843	6717.22953262159
593.4	0	0	0	0	123.128730168616	23.2924822047926	59.16648189359	64.5946585980022	75.1490245679956	86.2311258929629	109.895769815308	117.469472722806	137.040585882895	164.106583446139	190.96090093873	199.634798979825	239.894396825939	272.09122353326	301.504377382481	326.784312415107	378.792614017688	395.419487448179	419.227757728799	470.909511463432	487.069552344296	516.047548690737	565.894011924226	581.92004451978	625.150381671787	660.479024067902	712.267759476291	751.596297996204	789.573707067941	849.835245199517	910.929959475861	966.851091122335	1044.89749726282	1094.66231849567	1154.86707811301	1188.53401079898	1295.95073396969	1347.41006388163	1413.37556837062	1508.63198544749	1519.7561556729	1595.93384484292	1709.84177367679	1790.37139876719	1900.04753371884	1971.37939024068	2033.37928681976	2033.3415174497	2126.24330092413	2158.0697024498	2186.1930461937	2214.82487608577	2238.18942098984	2256.70467606261	2349.62834337537	0	0	0	0	2908.18501910617	3146.87062415146	3539.41622116165	3614.5637126517	4167.01301094057	4045.92666851565	4532.81316564816	5016.01429930912	4871.9903594065	4437.14489412964
596.738	0	0	0	272.634419943569	43.91184686703	102.461407271692	92.9574021227291	95.1880607038094	108.552941076414	100.124885686279	118.414552776627	120.13086333203	164.974826826506	184.998458562929	210.384263533442	245.155139145603	226.596353017196	297.794183966412	303.362044230844	339.091223500243	365.629334430266	389.307573511182	439.054035299068	454.826125997549	479.678862035819	504.541547680138	540.072252737713	576.459218023434	597.41582899891	643.127418305822	691.065045078324	742.399081583903	794.606213406558	822.171982402759	896.849472097478	950.928211165855	1006.83498848586	1060.06033992166	1136.57388042934	1173.20816006683	1242.17452088641	1310.61563210791	1359.48161180532	1421.98950728204	1484.03212459166	1551.53960396205	1626.75149457054	1720.97235929154	1851.17196851464	1966.89838771747	1979.74090592723	1992.93163171833	2066.15183700479	2094.83660676057	2103.73234557297	2180.09068187518	2163.86770187823	2199.47130235805	2270.06011693303	0	0	0	0	2765.67265387593	3104.21830849106	3285.20929018869	3695.73807190692	3878.18164023677	4504.33850314397	4501.66971756369	5048.30147468147	6230.4611301903	7583.76476287026
600.076	0	0	630.677526873783	57.5261156765794	59.3694543664269	17.6009728889603	41.7164145825931	29.9438289222385	83.2648012065358	73.5088687811054	105.228937088444	117.252510361005	106.581142762646	157.40786509581	165.794969151011	178.860211068042	204.871843662528	248.326052646603	288.562009160116	320.531718327856	336.137818396567	353.264991458461	392.114829319844	419.032943026439	446.516769427158	480.577625626573	509.886510654437	541.660915749372	579.020709239252	614.948494651964	647.546478613446	697.924244433146	734.404797141946	800.883356326178	834.081639852616	883.33522089353	953.966393525829	1006.86565248491	1041.79148781629	1074.51903792191	1157.82252218583	1220.02621338541	1291.05201539242	1311.17505245845	1379.71463034165	1453.03743758326	1508.05200420685	1619.0012517702	1709.9913886006	1844.64021180003	1822.33203394036	1879.16233496286	1874.59192138209	1928.08103859504	2007.07483988924	2046.59593546359	1999.03387195163	2123.09672627212	0	0	0	0	2469.45029115542	2684.29746912913	2813.94433060455	3301.24834442186	3198.35313116356	3397.38174905471	4036.84576939379	4126.33882630684	3529.55603595778	2306.30722742562	1542.20828496695
603.415	0	0	131.490951004872	57.9629638147937	79.7380423224352	108.651346261363	87.9444405736166	91.1847796698213	68.5687186170875	101.514113953099	156.161821241925	157.234250419979	149.158003918211	179.418813262326	197.194180855751	219.916727951883	258.609812266651	285.152083621446	305.537672966446	313.647276665937	359.503687748633	362.393628178169	404.702249584311	416.261031106065	439.971366832953	473.846788054562	500.369860657387	515.168444637105	550.857909596449	593.579497289755	640.041763462212	676.65409047394	709.796489798138	737.090609070724	817.955950853398	891.728209510737	927.000268606975	954.951659359231	1030.89327053774	1074.97361231403	1110.60215401939	1198.37755234067	1248.99124697456	1297.37049824234	1343.88398342874	1353.92477658457	1467.72029450037	1543.67136595966	1650.39158190826	1724.51981867632	1756.39520090422	1799.24556273847	1900.57072982462	1846.17374153267	1889.24673195031	1927.69855168948	1999.43641084339	1994.65600887825	0	0	0	0	2528.71805355989	2675.80482343328	2937.75468276712	3097.4283668916	3388.53299504534	3674.05502917911	4011.74136177214	3984.7344826371	4170.42220939507	4745.92684857004	7498.59791006016
606.753	0	279.396853632865	36.8816046452204	34.6655264492318	16.6397818248907	28.232861211217	25.7257966894618	43.0381681934907	43.8402226137114	63.5602148553116	83.0475929222981	107.852827320139	106.923568932948	111.056789923108	160.990236602706	175.563981957731	181.071994863768	209.469620657216	264.253067572378	268.526868017361	282.855098384449	306.791025007905	342.107550423494	374.421123250158	398.678420670282	430.937130154416	463.634217850952	477.1698543735	513.923605368462	549.337015892135	579.574908032248	601.221765824235	628.946579262977	707.167389487456	751.408646935307	790.88839717237	822.094556586914	892.36569557562	948.994718567887	987.728498957252	1048.91437912824	1093.04469708802	1121.75284705359	1206.50236769954	1206.24620475185	1279.16339800134	1331.77183364262	1414.59349077683	1553.1119340075	1593.64372006824	1612.80846660528	1629.96271512321	1648.36454834181	1700.1340172999	1738.83124814389	1734.12796628625	1774.28015104271	1785.46376479443	0	0	0	0	2140.88881513071	2414.72392618686	2440.61173950429	2821.92537636082	2773.96297178905	3154.88034926539	3030.0368674649	2788.15878718869	2803.93900802231	3266.12619329649	2247.12148747131
610.092	618.998623809716	56.9810269571347	18.4274665972938	48.6127101730894	40.0161059533842	10.5352748472216	80.4349305894864	29.5228238773226	84.1932050850853	102.611957012501	111.150020418194	108.082082538529	138.462668406795	147.777019982228	175.617546994482	193.956635132289	204.51042808581	236.500883050811	247.45301927139	263.060649021228	293.050773797204	327.954856830959	328.750370114174	379.079014265583	386.352104434405	413.420452862983	453.275125273523	457.761965436851	485.689196515698	522.556364650494	565.255231714908	588.236301760452	628.339724777071	663.815491912962	697.167046574817	763.540675222495	808.810579530198	868.678888970033	915.572445016747	933.994480885483	982.116293188834	1022.53269758601	1069.39874272008	1165.53560753377	1209.18992414231	1179.26710782699	1279.55612831548	1362.9717188475	1448.79043840905	1533.35603492004	1552.01832837711	1577.21277694135	1607.26373681181	1664.16374803455	1680.60991027398	1674.56843511782	1745.26189338576	0	0	0	0	2000.13277152831	2108.47080161018	2108.1750602805	2428.43478544407	2479.43242415378	3013.43459881824	3380.23034801873	2972.73253530408	3593.6551468788	3886.34678094772	3664.98855530934	4175.0701255839
613.431	179.400555308254	27.4442738831755	58.0570306357458	36.3864917665045	22.4606997181942	82.2448477505103	17.9128538694209	36.9994246720684	72.3218821352794	57.2153959238977	86.419138050558	100.656704770688	126.88133301544	156.416484401708	137.600860528338	178.818390559174	175.816652105827	219.964813622474	232.02620332979	256.031326064957	283.257797836777	288.636717469764	320.160794409855	334.43664647596	377.199695596844	382.046623219076	417.489252941787	442.634420636844	462.291300934696	493.863406997172	517.963832813173	559.623896416462	580.905431009206	638.917070519923	656.919884745846	711.139872643178	742.027012784175	792.127888778983	848.971159894473	878.850008984548	941.976303378801	1001.1720226234	1010.58048515043	1023.71355063049	1089.19527153448	1134.88145369182	1194.16817269861	1280.25660766878	1387.58972620159	1432.04120315872	1418.67698181074	1467.05943227572	1467.03442373787	1507.09458180857	1539.6311215271	1605.84632184298	1603.90894827555	0	0	0	0	1812.35927104253	1957.42272122076	2122.9303086316	2229.51321681189	2320.20787080144	2483.81455470782	2492.37062226417	3265.18860736255	3057.62362249464	3067.94353641295	3291.84296478413	3756.39075266136
616.77	-5.25354524793882	-26.8355973611298	6.52124863578223	28.0940989615673	48.0682467153672	20.4482708938916	41.0758917672801	55.866557320785	79.2446387015271	68.7305093193355	105.524819107745	94.7554362081626	102.669211447718	121.644729054899	142.372211252599	176.306798296532	163.375958320278	195.55226157024	222.552761159768	252.51147527212	266.78968131266	283.413419926054	305.980543666059	313.349020984996	326.470158594594	370.327233704097	384.103981133214	410.726008328815	423.098137174174	459.184207074227	482.793567120461	512.82533792703	550.857122594074	578.18286755274	617.309868188019	653.989433468071	708.512753380274	731.781653686005	770.790915400996	817.080960245177	832.897669333577	889.806400178081	953.601552670499	960.561819587771	1030.26837592954	1089.68603930067	1107.27511976422	1196.20199156256	1259.6184760857	1318.81221256284	1315.83123200517	1377.24778165472	1381.77820505728	1394.29525985253	1437.96836038818	1421.49598250372	1501.62176877675	0	0	0	0	1865.30901358519	1820.25307355058	2031.57845085073	2103.58462379978	2458.17823676654	2460.61818359496	2692.44216707149	2685.23259195958	2875.76322412651	1859.46987683362	1749.85104319089	874.342993180144
620.109	48.784408641473	54.9814752199161	56.3135485385782	89.6193498808162	78.7819829655915	78.352099208352	102.973033433836	128.824349115912	70.092732747887	126.678567851445	132.195297751952	157.950947206441	166.620723068389	141.340491297722	195.576496312179	199.047060082651	256.8913256898	262.218881658112	269.368626476003	278.798460628621	331.732785693173	331.480439310261	367.619002271309	393.265506804242	386.856001233577	407.128398994513	442.828587446487	465.377241492445	487.177845314297	531.226862474855	554.925400622027	591.831619810897	614.969972357821	653.57930629229	704.767979054213	751.818540053246	802.22901453514	828.055956426731	883.242469761053	976.739129163907	997.807645708865	1031.72419085176	1081.96828441297	1117.44205789452	1156.10522805971	1207.84229321985	1268.25180995209	1321.8208308773	1455.11010667656	1480.69384692923	1536.36565511346	1542.95497512011	1621.18791352768	1643.04814235396	1669.65534575388	1718.23463002725	0	0	0	0	1994.19589813727	2025.76026505357	2167.35584007534	2276.45238095053	2543.03889568908	2736.9374139786	3080.8490241849	3207.18694409678	3051.85747511476	3335.64118636185	4610.4949976775	5336.73185916566	5896.74493824794
