Sample - Blank	600	595	590	585	580	575	570	565	560	555	550	545	540	535	530	525	520	515	510	505	500	495	490	485	480	475	470	465	460	455	450	445	440	435	430	425	420	415	410	405	400	395	390	385	380	375	370	365	360	355	350	345	340	335	330	325	320	315	310	305	300	295	290	285	280	275	270	265	260	255	250	245	240
nm																																																																									
213.328	0	0	0	0	0	0	0	0	0	0	0	0	0	0	0	0	0	0	0	0	0	0	0	0	0	0	0	0	0	0	0	0	0	0	0	0	0	0	0	0	0	0	0	0	0	0	0	0	0	0	0	0	0	0	0	0	0	0	0	0	0	0	0	0	0	0	0	0	0	0	0	0	0
216.504	0	0	0	0	0	0	0	0	0	0	0	0	0	0	0	0	0	0	0	0	0	0	0	0	0	0	0	0	0	0	0	0	0	0	0	0	0	0	0	0	0	0	0	0	0	0	0	0	0	0	0	0	0	0	0	0	0	0	0	0	0	0	0	0	0	0	0	0	0	0	0	0	0
219.682	0	0	0	0	0	0	0	0	0	0	0	0	0	0	0	0	0	0	0	0	0	0	0	0	0	0	0	0	0	0	0	0	0	0	0	0	0	0	0	0	0	0	0	0	0	0	0	0	0	0	0	0	0	0	0	0	0	0	0	0	0	0	0	0	0	0	0	0	0	0	0	0	0
222.862	0	0	0	0	0	0	0	0	0	0	0	0	0	0	0	0	0	0	0	0	0	0	0	0	0	0	0	0	0	0	0	0	0	0	0	0	0	0	0	0	0	0	0	0	0	0	0	0	0	0	0	0	0	0	0	0	0	0	0	0	0	0	0	0	0	0	0	0	0	0	0	0	0
226.045	0	0	0	0	0	0	0	0	0	0	0	0	0	0	0	0	0	0	0	0	0	0	0	0	0	0	0	0	0	0	0	0	0	0	0	0	0	0	0	0	0	0	0	0	0	0	0	0	0	0	0	0	0	0	0	0	0	0	0	0	0	0	0	0	0	0	0	0	0	0	0	0	0
229.23	0	0	0	0	0	0	0	0	0	0	0	0	0	0	0	0	0	0	0	0	0	0	0	0	0	0	0	0	0	0	0	0	0	0	0	0	0	0	0	0	0	0	0	0	0	0	0	0	0	0	0	0	0	0	0	0	0	0	0	0	0	0	0	0	0	0	0	0	0	0	0	0	0
232.417	0	0	0	0	0	0	0	0	0	0	0	0	0	0	0	0	0	0	0	0	0	0	0	0	0	0	0	0	0	0	0	0	0	0	0	0	0	0	0	0	0	0	0	0	0	0	0	0	0	0	0	0	0	0	0	0	0	0	0	0	0	0	0	0	0	0	0	0	0	0	0	0	0
235.607	0	0	0	0	0	0	0	0	0	0	0	0	0	0	0	0	0	0	0	0	0	0	0	0	0	0	0	0	0	0	0	0	0	0	0	0	0	0	0	0	0	0	0	0	0	0	0	0	0	0	0	0	0	0	0	0	0	0	0	0	0	0	0	0	0	0	0	0	0	0	0	0	0
238.799	0	0	0	0	0	0	0	0	0	0	0	0	0	0	0	0	0	0	0	0	0	0	0	0	0	0	0	0	0	0	0	0	0	0	0	0	0	0	0	0	0	0	0	0	0	0	0	0	0	0	0	0	0	0	0	0	0	0	0	0	0	0	0	0	0	0	0	0	0	0	0	0	0
241.993	0	0	0	0	0	0	0	0	0	0	0	0	0	0	0	0	0	0	0	0	0	0	0	0	0	0	0	0	0	0	0	0	0	0	0	0	0	0	0	0	0	0	0	0	0	0	0	0	0	0	0	0	0	0	0	0	0	0	0	0	0	0	0	0	0	0	0	0	0	0	0	0	0
245.19	0	0	0	0	0	0	0	0	0	0	0	0	0	0	0	0	0	0	0	0	0	0	0	0	0	0	0	0	0	0	0	0	0	0	0	0	0	0	0	0	0	0	0	0	0	0	0	0	0	0	0	0	0	0	0	0	0	0	0	0	0	0	0	0	0	0	0	0	0	0	0	0	0
248.388	0	0	0	0	0	0	0	0	0	0	0	0	0	0	0	0	0	0	0	0	0	0	0	0	0	0	0	0	0	0	0	0	0	0	0	0	0	0	0	0	0	0	0	0	0	0	0	0	0	0	0	0	0	0	0	0	0	0	0	0	0	0	0	0	0	0	0	0	0	0	0	0	0
251.589	0	0	0	0	0	0	0	0	0	0	0	0	0	0	0	0	0	0	0	0	0	0	0	0	0	0	0	0	0	0	0	0	0	0	0	0	0	0	0	0	0	0	0	0	0	0	0	0	0	0	0	0	0	0	0	0	0	0	0	0	0	0	0	0	0	0	0	0	0	0	0	0	-1359.9700276317
254.793	0	0	0	0	0	0	0	0	0	0	0	0	0	0	0	0	0	0	0	0	0	0	0	0	0	0	0	0	0	0	0	0	0	0	0	0	0	0	0	0	0	0	0	0	0	0	0	0	0	0	0	0	0	0	0	0	0	0	0	0	0	0	0	0	0	0	0	0	0	0	0	0	234.207970989034
257.998	0	0	0	0	0	0	0	0	0	0	0	0	0	0	0	0	0	0	0	0	0	0	0	0	0	0	0	0	0	0	0	0	0	0	0	0	0	0	0	0	0	0	0	0	0	0	0	0	0	0	0	0	0	0	0	0	0	0	0	0	0	0	0	0	0	0	0	0	0	0	0	-704.139262903055	-1024.32305846737
261.205	0	0	0	0	0	0	0	0	0	0	0	0	0	0	0	0	0	0	0	0	0	0	0	0	0	0	0	0	0	0	0	0	0	0	0	0	0	0	0	0	0	0	0	0	0	0	0	0	0	0	0	0	0	0	0	0	0	0	0	0	0	0	0	0	0	0	0	0	0	0	-1517.49262823242	-132.842209404197	-1827.07292070397
264.415	0	0	0	0	0	0	0	0	0	0	0	0	0	0	0	0	0	0	0	0	0	0	0	0	0	0	0	0	0	0	0	0	0	0	0	0	0	0	0	0	0	0	0	0	0	0	0	0	0	0	0	0	0	0	0	0	0	0	0	0	0	0	0	0	0	0	0	0	0	0	-212.401921384082	-417.013358799883	-4104.62714816013
267.627	0	0	0	0	0	0	0	0	0	0	0	0	0	0	0	0	0	0	0	0	0	0	0	0	0	0	0	0	0	0	0	0	0	0	0	0	0	0	0	0	0	0	0	0	0	0	0	0	0	0	0	0	0	0	0	0	0	0	0	0	0	0	0	0	0	0	0	0	0	-693.767921227604	-72.9684538330122	-1247.61165353045	-3972.65396933757
270.841	0	0	0	0	0	0	0	0	0	0	0	0	0	0	0	0	0	0	0	0	0	0	0	0	0	0	0	0	0	0	0	0	0	0	0	0	0	0	0	0	0	0	0	0	0	0	0	0	0	0	0	0	0	0	0	0	0	0	0	0	0	0	0	0	0	0	0	0	-820.308731146032	-144.634786682286	-127.759909472969	-2209.53082315911	-1621.6948799772
274.057	0	0	0	0	0	0	0	0	0	0	0	0	0	0	0	0	0	0	0	0	0	0	0	0	0	0	0	0	0	0	0	0	0	0	0	0	0	0	0	0	0	0	0	0	0	0	0	0	0	0	0	0	0	0	0	0	0	0	0	0	0	0	0	0	0	0	0	0	-10.1781665117106	23.8428624067975	-894.638775945323	-2708.82020341471	-311.245470265246
277.275	0	0	0	0	0	0	0	0	0	0	0	0	0	0	0	0	0	0	0	0	0	0	0	0	0	0	0	0	0	0	0	0	0	0	0	0	0	0	0	0	0	0	0	0	0	0	0	0	0	0	0	0	0	0	0	0	0	0	0	0	0	0	0	0	0	0	0	118.155098864445	-32.0534663308087	-36.6119333399889	-1761.9000807124	-1389.93952624478	185.703925364122
280.496	0	0	0	0	0	0	0	0	0	0	0	0	0	0	0	0	0	0	0	0	0	0	0	0	0	0	0	0	0	0	0	0	0	0	0	0	0	0	0	0	0	0	0	0	0	0	0	0	0	0	0	0	0	0	0	0	0	0	0	0	0	0	0	0	0	0	671.53335518252	-173.110872022861	-76.0317969045797	-999.287689689238	-2458.50474781001	-700.421325975429	-399.110298714202
283.718	0	0	0	0	0	0	0	0	0	0	0	0	0	0	0	0	0	0	0	0	0	0	0	0	0	0	0	0	0	0	0	0	0	0	0	0	0	0	0	0	0	0	0	0	0	0	0	0	0	0	0	0	0	0	0	0	0	0	0	0	0	0	0	0	0	0	63.7161013208106	167.516935617773	-114.814566233042	-1667.56664250894	-1091.34244848786	207.26223049201	140.172935128423
286.942	0	0	0	0	0	0	0	0	0	0	0	0	0	0	0	0	0	0	0	0	0	0	0	0	0	0	0	0	0	0	0	0	0	0	0	0	0	0	0	0	0	0	0	0	0	0	0	0	0	0	0	0	0	0	0	0	0	0	0	0	0	0	0	0	0	592.295996986226	72.57241349075	15.1252028474344	-382.538224028245	-1706.84378215843	-262.369256947347	83.3436063690089	-243.073092372063
290.169	0	0	0	0	0	0	0	0	0	0	0	0	0	0	0	0	0	0	0	0	0	0	0	0	0	0	0	0	0	0	0	0	0	0	0	0	0	0	0	0	0	0	0	0	0	0	0	0	0	0	0	0	0	0	0	0	0	0	0	0	0	0	0	0	2138.51584034219	357.945931481918	328.197410968045	363.703662073721	-1153.31596997075	-756.118785451647	102.413549146811	-93.628829474636	206.563631394126
293.397	0	0	0	0	0	0	0	0	0	0	0	0	0	0	0	0	0	0	0	0	0	0	0	0	0	0	0	0	0	0	0	0	0	0	0	0	0	0	0	0	0	0	0	0	0	0	0	0	0	0	0	0	0	0	0	0	0	0	0	0	0	0	0	0	463.814112616074	537.568060769844	575.41599708696	35.6708079680721	-982.041289538152	-53.7694505166048	424.794843577687	246.482757163194	136.368176743731
296.628	0	0	0	0	0	0	0	0	0	0	0	0	0	0	0	0	0	0	0	0	0	0	0	0	0	0	0	0	0	0	0	0	0	0	0	0	0	0	0	0	0	0	0	0	0	0	0	0	0	0	0	0	0	0	0	0	0	0	0	0	0	0	0	985.847861857335	461.497195158304	671.070160196169	639.647183287727	-396.645063675847	-121.389761866282	359.237797177017	483.174941829991	272.037597308977	372.290928020278
299.86	0	0	0	0	0	0	0	0	0	0	0	0	0	0	0	0	0	0	0	0	0	0	0	0	0	0	0	0	0	0	0	0	0	0	0	0	0	0	0	0	0	0	0	0	0	0	0	0	0	0	0	0	0	0	0	0	0	0	0	0	0	0	0	267.023596493726	582.321235433365	796.781720401924	459.070160805244	-414.607912361216	466.239824631016	646.364567239818	430.33420837671	504.115874031959	479.837757934292
303.095	0	0	0	0	0	0	0	0	0	0	0	0	0	0	0	0	0	0	0	0	0	0	0	0	0	0	0	0	0	0	0	0	0	0	0	0	0	0	0	0	0	0	0	0	0	0	0	0	0	0	0	0	0	0	0	0	0	0	0	0	0	0	384.446432076224	329.809116824359	668.284124619235	856.335148553656	152.371799287947	238.555711926578	794.753884387893	489.49391594693	183.206585765439	-73.4491909046105	43.1533165813261
306.331	0	0	0	0	0	0	0	0	0	0	0	0	0	0	0	0	0	0	0	0	0	0	0	0	0	0	0	0	0	0	0	0	0	0	0	0	0	0	0	0	0	0	0	0	0	0	0	0	0	0	0	0	0	0	0	0	0	0	0	0	0	1199.44952816934	193.103659290302	415.697280598922	804.46842564783	647.86882207299	397.448930058341	1050.65384873244	861.568623471994	751.496934787812	721.53248235256	510.903314174481	554.144696272465
309.569	0	0	0	0	0	0	0	0	0	0	0	0	0	0	0	0	0	0	0	0	0	0	0	0	0	0	0	0	0	0	0	0	0	0	0	0	0	0	0	0	0	0	0	0	0	0	0	0	0	0	0	0	0	0	0	0	0	0	0	0	0	113.437489629012	166.838274486416	389.87503794627	649.887183833986	416.534375094558	686.151186186876	975.904343160751	783.349880059394	565.241956128826	457.792577785905	483.80563374109	771.464560178637
312.81	0	0	0	0	0	0	0	0	0	0	0	0	0	0	0	0	0	0	0	0	0	0	0	0	0	0	0	0	0	0	0	0	0	0	0	0	0	0	0	0	0	0	0	0	0	0	0	0	0	0	0	0	0	0	0	0	0	0	0	0	633.462180639285	171.162181862074	266.450253191551	523.177078306185	631.620336696108	541.259685880798	1083.67290646255	1099.91717750731	936.780827481379	807.831722170898	709.873491605426	563.708953478806	823.733785946308
316.052	0	0	0	0	0	0	0	0	0	0	0	0	0	0	0	0	0	0	0	0	0	0	0	0	0	0	0	0	0	0	0	0	0	0	0	0	0	0	0	0	0	0	0	0	0	0	0	0	0	0	0	0	0	0	0	0	0	0	0	3068.33670817392	82.4010113484257	162.050737924708	330.851526539935	498.360071136305	343.443012664518	841.185213951721	1212.19742990023	1064.22220706037	899.990654761919	956.262311969644	627.865727195863	480.04213530208	655.640284212918
319.296	0	0	0	0	0	0	0	0	0	0	0	0	0	0	0	0	0	0	0	0	0	0	0	0	0	0	0	0	0	0	0	0	0	0	0	0	0	0	0	0	0	0	0	0	0	0	0	0	0	0	0	0	0	0	0	0	0	0	0	436.498045614715	123.871139797607	244.050662907571	360.244995824967	374.944927996985	462.257060416707	1109.8038152538	1094.60440206832	1066.8019962027	930.341250364324	716.828759835343	484.168522401061	409.073536281086	521.803111464712
322.542	0	0	0	0	0	0	0	0	0	0	0	0	0	0	0	0	0	0	0	0	0	0	0	0	0	0	0	0	0	0	0	0	0	0	0	0	0	0	0	0	0	0	0	0	0	0	0	0	0	0	0	0	0	0	0	0	0	0	6285.71728451523	161.566769450766	190.936239432456	278.073955532908	408.283759382149	303.609115319979	761.202516274802	1137.07021498601	1182.54870718225	1187.45225667305	884.160490831967	798.665910541355	659.781040992273	635.357078769329	1020.00898555376
325.79	0	0	0	0	0	0	0	0	0	0	0	0	0	0	0	0	0	0	0	0	0	0	0	0	0	0	0	0	0	0	0	0	0	0	0	0	0	0	0	0	0	0	0	0	0	0	0	0	0	0	0	0	0	0	0	0	0	14275.4754598038	221.21066017346	165.737876209823	249.351494862053	350.118752629993	301.652985896258	440.730303242437	1015.61316601678	1163.66402112544	1107.82611952362	1037.6821677515	987.049165929988	905.123786512573	666.077280919048	965.070106948182	951.228009029494
329.039	0	0	0	0	0	0	0	0	0	0	0	0	0	0	0	0	0	0	0	0	0	0	0	0	0	0	0	0	0	0	0	0	0	0	0	0	0	0	0	0	0	0	0	0	0	0	0	0	0	0	0	0	0	0	0	0	0	1399.59082037605	202.519568300986	211.271648638432	304.789472522975	418.73657406986	280.826008812364	723.091926569903	1067.09429560043	1187.15968435053	1276.55202022565	1095.06846270948	958.878206765962	996.739616973934	878.857793071645	767.508894221574	899.223644982657
332.291	0	0	0	0	0	0	0	0	0	0	0	0	0	0	0	0	0	0	0	0	0	0	0	0	0	0	0	0	0	0	0	0	0	0	0	0	0	0	0	0	0	0	0	0	0	0	0	0	0	0	0	0	0	0	0	0	1877.69165853796	151.547832743585	177.872237827668	265.917363637339	298.619274691797	281.681324061047	374.535089678859	836.700683164803	1064.24675805126	1151.68286432736	1136.21810578834	1098.03617651627	940.459338801139	797.771349141798	572.655415011479	491.15087469934	935.16594944721
335.544	0	0	0	0	0	0	0	0	0	0	0	0	0	0	0	0	0	0	0	0	0	0	0	0	0	0	0	0	0	0	0	0	0	0	0	0	0	0	0	0	0	0	0	0	0	0	0	0	0	0	0	0	0	0	0	2375.2500906196	235.985452775435	212.052095558551	274.233832279853	332.796780851902	438.708851452854	303.299135862498	631.253450199805	960.985323438522	1153.96371160221	1220.26004328615	1202.19597233585	1224.23662861637	1045.94321372872	982.785749809881	1029.79690493835	1069.38573272216	1392.65349757966
338.799	0	0	0	0	0	0	0	0	0	0	0	0	0	0	0	0	0	0	0	0	0	0	0	0	0	0	0	0	0	0	0	0	0	0	0	0	0	0	0	0	0	0	0	0	0	0	0	0	0	0	0	0	0	0	0	392.304122699441	164.38473410247	237.745278476435	321.180782489112	385.692884671554	358.698360007142	441.367418716968	793.973376055773	900.664088869477	1125.69651896802	1154.7234416057	1186.46682722192	1139.26397630368	1033.65482391762	920.69016336881	1025.53302875207	1083.546055818	1255.27272702047
342.056	0	0	0	0	0	0	0	0	0	0	0	0	0	0	0	0	0	0	0	0	0	0	0	0	0	0	0	0	0	0	0	0	0	0	0	0	0	0	0	0	0	0	0	0	0	0	0	0	0	0	0	0	0	0	920.23453188726	125.918574004829	167.930824182969	295.239561922281	375.47693636774	427.926986267951	384.580468936811	630.437455624444	864.98113808389	1057.39914641084	1173.23054893393	1219.67231709692	1177.03643529901	1150.84395298207	1200.27318314784	1145.93770886144	1167.34161169387	1186.10494552126	997.418208531453
345.315	0	0	0	0	0	0	0	0	0	0	0	0	0	0	0	0	0	0	0	0	0	0	0	0	0	0	0	0	0	0	0	0	0	0	0	0	0	0	0	0	0	0	0	0	0	0	0	0	0	0	0	0	0	1881.73952765228	160.100214619337	176.594523042106	231.104330322031	351.041156700209	443.999071335419	414.084937579901	501.477224211902	772.610876799235	949.289264667417	1068.6373774682	1187.94836460563	1247.94819408805	1217.86716814608	1192.42974617041	1124.19858574378	1073.97074649708	994.392036133885	998.435413101918	1023.21278037735
348.575	0	0	0	0	0	0	0	0	0	0	0	0	0	0	0	0	0	0	0	0	0	0	0	0	0	0	0	0	0	0	0	0	0	0	0	0	0	0	0	0	0	0	0	0	0	0	0	0	0	0	0	0	0	434.77935598185	174.274941716773	228.907450395502	327.272740260353	437.916924391973	489.824209961135	481.062602251633	685.163058032668	869.389436234041	954.379872075005	1130.8807841431	1225.87554484446	1270.1389316791	1283.06489158288	1237.72436760553	1278.06082795936	1204.13275924779	1247.39895610047	1174.20931941569	1689.45017166832
351.838	0	0	0	0	0	0	0	0	0	0	0	0	0	0	0	0	0	0	0	0	0	0	0	0	0	0	0	0	0	0	0	0	0	0	0	0	0	0	0	0	0	0	0	0	0	0	0	0	0	0	0	0	972.889509701649	172.161636489572	231.804900996033	292.867359812055	394.926301220732	509.243332674235	551.350715428612	584.584301771966	904.423250669473	944.503967004545	1054.64130925824	1141.89620801225	1216.88609135446	1289.36387016457	1232.42979981429	1190.50617555502	1284.41990166672	1285.42008311152	1201.01580572113	1416.57980037929	1524.37367159366
355.101	0	0	0	0	0	0	0	0	0	0	0	0	0	0	0	0	0	0	0	0	0	0	0	0	0	0	0	0	0	0	0	0	0	0	0	0	0	0	0	0	0	0	0	0	0	0	0	0	0	0	0	1895.26052191471	194.402747029684	210.680856971016	304.134067428428	376.945416517827	490.508504921532	569.989783189199	571.479570047474	778.453354323479	954.018328560371	1002.43920992084	1180.57520349286	1202.78749642455	1230.69379523408	1246.19460997581	1276.34835123071	1321.29422952616	1288.38811901709	1395.74063676771	1367.50083125921	1618.10318799529	1812.39694905792
358.367	0	0	0	0	0	0	0	0	0	0	0	0	0	0	0	0	0	0	0	0	0	0	0	0	0	0	0	0	0	0	0	0	0	0	0	0	0	0	0	0	0	0	0	0	0	0	0	0	0	0	0	448.434375353989	174.478163988371	274.284792598363	361.13375635773	451.250270751134	566.625895510044	599.662280860129	722.68566212628	946.659875152401	1044.31726098045	1136.2005407157	1175.52932652352	1272.71985538112	1298.55998418911	1369.9655789548	1218.57181959854	1310.3208662728	1329.12880821624	1474.3234611571	1358.59943142129	1585.74305762632	1577.15633622774
361.634	0	0	0	0	0	0	0	0	0	0	0	0	0	0	0	0	0	0	0	0	0	0	0	0	0	0	0	0	0	0	0	0	0	0	0	0	0	0	0	0	0	0	0	0	0	0	0	0	0	0	1056.17664336388	209.951191868297	280.108149135027	350.050775774474	479.918592625132	576.784116952481	688.641904282782	733.513747814915	948.722804848551	1072.57565546891	1169.56668230121	1218.70204132348	1278.82023683847	1363.92810185313	1381.40606142056	1348.77499264098	1417.46976128415	1441.26699322068	1413.43854547343	1352.16142341375	1707.68789153107	2128.73410087437	1950.04339313703
364.903	0	0	0	0	0	0	0	0	0	0	0	0	0	0	0	0	0	0	0	0	0	0	0	0	0	0	0	0	0	0	0	0	0	0	0	0	0	0	0	0	0	0	0	0	0	0	0	0	0	0	242.007294834059	218.405913960213	334.107579019571	456.840145744206	569.191711750523	679.406597655988	742.131846496814	855.196314915101	1072.08270772753	1194.37512040342	1312.7661905833	1335.6937739467	1371.34440240814	1418.65302621453	1410.5587456633	1533.00724481105	1469.61013537591	1488.6060938423	1743.19318367231	1753.04276641005	1979.12545246815	2179.81606579889	2424.03865346877
368.174	0	0	0	0	0	0	0	0	0	0	0	0	0	0	0	0	0	0	0	0	0	0	0	0	0	0	0	0	0	0	0	0	0	0	0	0	0	0	0	0	0	0	0	0	0	0	0	0	0	532.257491070349	194.83457000187	299.368580018143	421.520441835617	557.174829806848	707.521352021436	754.027238237782	856.906927713843	1052.84852029544	1206.71620104128	1303.64217309329	1393.38597316026	1445.99766052663	1471.44496296611	1461.55919476938	1474.31606956622	1510.73991533325	1588.80256997543	1581.6707941877	1702.96729673678	1946.50613079199	1910.68687763008	2116.00504583166	2420.55098636583
371.446	0	0	0	0	0	0	0	0	0	0	0	0	0	0	0	0	0	0	0	0	0	0	0	0	0	0	0	0	0	0	0	0	0	0	0	0	0	0	0	0	0	0	0	0	0	0	0	0	1230.40547311575	186.102896739492	261.149466130647	364.055205999496	509.154092678459	667.536495866617	774.742668041714	853.728300316085	1023.51266040766	1195.53552587094	1367.08495701944	1451.67923697148	1514.500207211	1490.36770840069	1589.93183215345	1623.54854630416	1618.42479522297	1581.12258058226	1560.39404424781	1629.10696089877	1867.0702724657	2038.63725030781	2151.08899968264	2395.2801326593	2729.53445471958
374.719	0	0	0	0	0	0	0	0	0	0	0	0	0	0	0	0	0	0	0	0	0	0	0	0	0	0	0	0	0	0	0	0	0	0	0	0	0	0	0	0	0	0	0	0	0	0	0	0	245.040482114264	224.889687432316	345.755364177434	490.967285653097	623.341720903056	799.010826705927	947.578584998436	1022.76195468106	1258.77211042645	1416.87371785701	1547.2511386756	1656.0488919767	1711.22425831478	1779.27573831014	1725.69287377072	1764.41431324373	1720.91160414592	1779.18977954489	1827.37193924807	1965.39210425666	2109.5796058046	2321.52652112503	2501.82943275872	2709.08716585055	3065.43107588228
377.995	0	0	0	0	0	0	0	0	0	0	0	0	0	0	0	0	0	0	0	0	0	0	0	0	0	0	0	0	0	0	0	0	0	0	0	0	0	0	0	0	0	0	0	0	0	0	0	618.042428963317	169.061426996607	293.293278977285	448.535874908982	596.439025037894	778.180266334363	925.688205728014	1062.11479567285	1216.25381325977	1434.03243933953	1574.06397800467	1701.04813876508	1801.12465741961	1863.8422090203	1904.32020876391	1911.0136695185	1872.28943284597	1829.02507200908	1861.81053674322	1976.05145278161	2053.97413794223	2204.00027361052	2439.25515082457	2624.8259105781	3288.73747822844	3218.5607211807
381.272	0	0	0	0	0	0	0	0	0	0	0	0	0	0	0	0	0	0	0	0	0	0	0	0	0	0	0	0	0	0	0	0	0	0	0	0	0	0	0	0	0	0	0	0	0	0	1598.64746020359	179.604675590186	269.13898511943	394.517014274569	533.257608153443	702.936812445476	890.326411832898	1068.98159217544	1170.70416215568	1401.51178073879	1562.78389764421	1736.78067691662	1891.01809648855	1994.39022246893	2067.46921895556	2061.7487120953	2052.02719149919	1988.09727085789	1977.36028027809	2009.61794836724	2080.33460754472	2224.15012403943	2511.65436762087	2732.95476876638	2976.31578429529	3472.49731123285	3614.2257607034
384.55	0	0	0	0	0	0	0	0	0	0	0	0	0	0	0	0	0	0	0	0	0	0	0	0	0	0	0	0	0	0	0	0	0	0	0	0	0	0	0	0	0	0	0	0	0	0	272.650165745519	180.974845132124	328.895810148994	463.627856271921	635.374981328325	821.932776240333	1031.7450025962	1146.90724987669	1370.78409142263	1560.77786749052	1764.68733114218	1922.99495980281	2027.68718078661	2122.18853364807	2238.58158577541	2173.77801656892	2168.90990435066	2103.77191613081	2111.97408559955	2098.56222021067	2207.68211760601	2406.08440176316	2728.85864862356	2970.05866598765	3411.27589442983	3536.63991088161	3792.97152057723
387.83	0	0	0	0	0	0	0	0	0	0	0	0	0	0	0	0	0	0	0	0	0	0	0	0	0	0	0	0	0	0	0	0	0	0	0	0	0	0	0	0	0	0	0	0	0	768.225028420117	210.621603820859	298.929996810926	444.384344221762	619.550634658315	796.162520509043	977.955422540629	1131.76054852134	1360.65614450238	1588.38310344321	1768.61402484261	1967.06005171238	2111.85374026644	2233.94516082666	2372.44260684853	2395.51173128975	2414.57825260996	2345.43345873338	2370.8114764889	2295.2428827186	2366.89398609862	2394.94663516085	2728.16827462097	3047.15243405392	3302.74412236421	3777.39950965536	4200.09687807553	4384.42119809227
391.112	0	0	0	0	0	0	0	0	0	0	0	0	0	0	0	0	0	0	0	0	0	0	0	0	0	0	0	0	0	0	0	0	0	0	0	0	0	0	0	0	0	0	0	0	2300.91423799915	181.066465916079	236.078288986605	347.348839465394	503.477322001564	685.386957007113	884.35870789176	1084.20258780078	1304.84259013675	1487.04728781056	1719.39503899327	1897.11820386541	2077.71728009392	2210.57321138709	2385.98562590809	2494.67942408791	2547.97885382203	2492.70650149774	2414.44693725746	2352.86422995053	2366.10652875151	2399.79893443047	2570.5633925316	2755.11006367012	3002.62956347014	3385.08161318092	3664.91622325762	4032.7226240866	4516.48550794826
394.395	0	0	0	0	0	0	0	0	0	0	0	0	0	0	0	0	0	0	0	0	0	0	0	0	0	0	0	0	0	0	0	0	0	0	0	0	0	0	0	0	0	0	0	0	343.624566862162	186.832117113172	291.139421429702	425.799224595896	595.844597185725	817.295014019608	1042.08825507583	1194.18367883251	1438.85871087763	1653.06929485483	1890.4175727191	2081.83328788782	2210.47505723101	2390.63526849485	2537.6889473804	2695.51032629042	2677.19142016171	2660.70650243416	2587.18061756424	2563.5878802873	2487.37920724215	2496.72920682234	2563.50483246305	2952.02969231142	3232.40526069453	3681.19992687883	4223.34482504838	4630.19947290678	5218.65587772343
397.679	0	0	0	0	0	0	0	0	0	0	0	0	0	0	0	0	0	0	0	0	0	0	0	0	0	0	0	0	0	0	0	0	0	0	0	0	0	0	0	0	0	0	0	801.529836898572	178.934508257175	234.159490512182	343.878448143155	507.073081714742	728.829757494579	930.950434978711	1110.04792092029	1317.11559366358	1578.4889266251	1800.50717258451	2036.79482955416	2176.23185821976	2356.38461463685	2521.53854948948	2698.0522377134	2809.38063990261	2827.36196721944	2747.25694673338	2661.81547281298	2622.52429290022	2608.42927998907	2649.8392414079	2794.49726852809	2974.25379394481	3505.35224425146	3775.16218747431	4181.44048374286	4449.31142047612	4530.13691387853
400.965	0	0	0	0	0	0	0	0	0	0	0	0	0	0	0	0	0	0	0	0	0	0	0	0	0	0	0	0	0	0	0	0	0	0	0	0	0	0	0	0	0	0	982.055016772406	168.123898700619	230.86297643026	308.686867765789	447.17241115187	619.29129353903	835.874951391919	1053.088117042	1281.32145255133	1462.15713919823	1731.87610567826	1957.22377579931	2140.97053437018	2381.96684424886	2533.21885791509	2718.33567057897	2864.4332845166	2945.35258683528	2944.57703686439	2924.66536993165	2830.32791237699	2757.67778655227	2712.35599087556	2785.51448845174	2928.34861612349	3250.19843391167	3628.19170638007	4094.29601380561	4897.70871245107	5167.95517316107	5206.95575917968
404.253	0	0	0	0	0	0	0	0	0	0	0	0	0	0	0	0	0	0	0	0	0	0	0	0	0	0	0	0	0	0	0	0	0	0	0	0	0	0	0	0	0	0	229.453892490451	174.527142149672	258.409784491509	357.120532061232	514.564137615378	685.03766161368	927.307699435355	1170.38730307222	1347.53964335952	1614.39579227377	1891.3365201517	2102.0100589011	2302.95083542708	2480.36534982169	2663.76994142541	2802.78229190799	2980.37305032098	3072.92026029152	3082.89782104506	2979.94504192064	2873.61792163833	2809.81789694977	2800.03814048519	2874.2883861006	3038.8538774079	3380.74009865669	3779.47853321783	4244.43308565608	4691.26008038437	4990.97293405923	5461.8436988328
407.542	0	0	0	0	0	0	0	0	0	0	0	0	0	0	0	0	0	0	0	0	0	0	0	0	0	0	0	0	0	0	0	0	0	0	0	0	0	0	0	0	0	620.530763267689	129.959635724444	234.143788494754	313.498325799594	433.314442105202	582.487674041967	774.435312965035	1023.32897509651	1289.81238414475	1513.3715064705	1748.61190582494	2025.05931201314	2224.63460598173	2461.74738401506	2627.43585323657	2786.81556993174	2938.78407456688	3067.0932925161	3203.68338196746	3143.29018838746	3053.01840516462	2942.0845594812	2868.24918416734	2861.1114499379	2973.58026489709	3165.62162892242	3529.800664794	3880.66854057657	4385.63643843149	4749.38081231494	5312.62285541154	5421.10657454824
410.832	0	0	0	0	0	0	0	0	0	0	0	0	0	0	0	0	0	0	0	0	0	0	0	0	0	0	0	0	0	0	0	0	0	0	0	0	0	0	0	0	1288.45877436729	162.484558747866	192.253851735134	255.96337198611	372.921936262628	494.973081236497	670.98409178563	902.440172504817	1159.95337887243	1399.53213023233	1656.21603043103	1860.78710648072	2123.93825047849	2354.84588076051	2508.33632045979	2726.89856552982	2860.78572803944	3066.74837400234	3187.77799381626	3267.82934086692	3218.10529312653	3130.74520172199	2994.83983431009	2984.71612733354	2911.31917289845	3009.07199868706	3211.86836027799	3532.54652152003	4053.29408362884	4567.9661719941	5040.67073390019	5464.03268231544	5697.62071341764
414.124	0	0	0	0	0	0	0	0	0	0	0	0	0	0	0	0	0	0	0	0	0	0	0	0	0	0	0	0	0	0	0	0	0	0	0	0	0	0	0	0	253.880240231846	144.604283134994	219.896659705741	325.401286718955	451.53857704178	562.097898418111	750.190137488587	999.689885410094	1291.45262090573	1486.89702898451	1752.04884160135	2015.92366814367	2237.84923589511	2474.15584143296	2662.84014053834	2835.22007223162	2993.18877298945	3131.52560124161	3249.12961466919	3296.30773395814	3254.06053967846	3185.9351192417	3059.21549348629	3034.73572483591	3035.01669369694	3002.17572335982	3337.95470140726	3759.24905337568	4151.30487749071	4802.43347865364	5245.02953149199	5576.96704042536	5756.68744131297
417.417	0	0	0	0	0	0	0	0	0	0	0	0	0	0	0	0	0	0	0	0	0	0	0	0	0	0	0	0	0	0	0	0	0	0	0	0	0	0	0	627.275374017929	151.32650268342	196.710323049157	281.939673173954	390.609223886306	526.466930212186	681.057311263466	859.894849717521	1127.40813501588	1363.39498617094	1628.97373889271	1904.76806218899	2127.5621626078	2369.17622594684	2596.52495283707	2771.25042967472	2978.73979060398	3114.62910116045	3232.1176213178	3317.62872402087	3406.54584822567	3366.17181967215	3256.48750279199	3148.42829159596	3109.07720577887	3094.81907655127	3151.71861543779	3473.25069151523	3941.03807954154	4450.81798256358	4975.24905603361	5675.48322410043	6117.39703238979	6282.88167699931
420.711	0	0	0	0	0	0	0	0	0	0	0	0	0	0	0	0	0	0	0	0	0	0	0	0	0	0	0	0	0	0	0	0	0	0	0	0	0	0	1175.03842713732	116.772612471005	160.652114251763	245.335830948739	318.12764202677	454.244970055763	576.858445322389	758.787635159193	929.523365745909	1164.16927096899	1491.11206095957	1753.41514549801	2022.23118396424	2203.48020482677	2470.68692281168	2682.97259864639	2890.02232548704	3006.13539331261	3151.50773896501	3265.97147839471	3351.10226150208	3399.91416589728	3343.31669725836	3227.72016791374	3118.52315127055	3106.77295693364	3120.61460212961	3168.92554038024	3551.46257423378	4035.57128490131	4444.29281092997	4909.68016708073	5407.23077508539	5838.2317230148	6194.22020855901
424.007	0	0	0	0	0	0	0	0	0	0	0	0	0	0	0	0	0	0	0	0	0	0	0	0	0	0	0	0	0	0	0	0	0	0	0	0	0	0	258.231599904023	120.897202796488	170.254284517116	245.297081362985	355.212334266442	501.389042907004	663.533285438932	788.143565287554	1020.98415041896	1271.29433361948	1540.98125946273	1843.79084861376	2081.59837613031	2268.99931238861	2553.01205658802	2757.29318073599	2926.15822659378	3061.52182230366	3191.23357844922	3321.98950779766	3425.30804210371	3405.4643407856	3386.1460983285	3301.43582700159	3150.97182220677	3116.56987564035	3133.27774178483	3217.80564733195	3615.14111058067	3918.16420090965	4480.768095558	4964.52159109149	5582.96006147174	5913.23992899601	6239.71781986931
427.304	0	0	0	0	0	0	0	0	0	0	0	0	0	0	0	0	0	0	0	0	0	0	0	0	0	0	0	0	0	0	0	0	0	0	0	0	0	516.26269278565	87.8564222547216	122.562837291906	216.116885822375	297.899665227036	419.24617050188	537.456898078952	695.029388796719	874.836089698944	1067.21247464304	1333.38022438691	1672.35269482706	1917.42575365985	2118.74430134081	2400.38008446784	2594.66965486776	2784.40612653916	2976.11470057952	3111.60856044678	3232.12872215364	3342.78993709203	3414.27276602047	3404.80416294186	3310.27791727524	3224.09914542981	3103.14011758286	3133.07848930073	3098.08173403187	3226.79172890123	3483.2698143386	3968.08753870305	4519.28427558354	5010.1555549748	5421.70239449258	5424.51713085084	5725.6056356817
430.602	0	0	0	0	0	0	0	0	0	0	0	0	0	0	0	0	0	0	0	0	0	0	0	0	0	0	0	0	0	0	0	0	0	0	0	0	963.890096985044	130.117737693328	161.35632798324	196.868548963032	289.884764612018	373.609526611554	495.746290380753	647.30321765152	807.182810443973	971.248011848476	1199.48531383005	1458.82989188632	1750.59540851224	2012.15609866185	2250.28508388866	2508.81644091343	2720.69434630397	2871.4879781995	3058.2873503628	3224.85329821771	3299.04988476609	3429.97992130925	3454.37460730925	3470.57701942621	3312.45679142818	3273.44610080897	3157.87419004691	3139.58107906551	3190.56340863792	3339.56223440109	3784.11416768485	4199.12297340152	4798.46139203281	5231.41757345313	5720.46806294448	6193.41774679315	6455.87204692319
433.902	0	0	0	0	0	0	0	0	0	0	0	0	0	0	0	0	0	0	0	0	0	0	0	0	0	0	0	0	0	0	0	0	0	0	0	0	210.975008611368	114.141901433718	170.74028951394	221.151128702054	334.390053993821	422.359795708154	547.313485741734	710.243194818048	853.479229593737	1021.91776462805	1221.41872365737	1528.86872220441	1821.19103634874	2082.74402737094	2333.86340874519	2539.75973919312	2741.74213626421	2939.93814805263	3117.41785420369	3238.47498386428	3350.39293133345	3378.59117821367	3432.46664678552	3481.99174459028	3392.07738014434	3254.47326851186	3100.98602716162	3167.10230558352	3233.72102788602	3402.60599412858	3724.43573932389	4200.86243953968	4853.7511591448	5342.17653035849	5868.74290143446	6334.86121559931	6182.42888616426
437.202	0	0	0	0	0	0	0	0	0	0	0	0	0	0	0	0	0	0	0	0	0	0	0	0	0	0	0	0	0	0	0	0	0	0	0	461.726510083377	97.4082587357211	149.923929148703	206.642800103529	264.46301480986	349.200122577327	468.32492981108	602.335686472705	760.407369707677	917.681567548924	1079.3606897101	1307.58827016254	1605.26915246478	1911.67514473599	2145.22099489974	2395.87957031117	2636.39515523465	2835.60156573313	3005.54949222601	3211.20010761048	3302.14100335887	3383.63612381377	3418.63538651713	3473.54623496622	3493.88059766151	3373.01083922222	3276.24559945558	3157.97429184924	3157.92901044065	3305.28197042141	3424.52129487047	3935.22006621906	4427.49744456662	4803.19192416609	5435.52478339451	5780.95055719852	5985.43945445607	6317.60794426949
440.505	0	0	0	0	0	0	0	0	0	0	0	0	0	0	0	0	0	0	0	0	0	0	0	0	0	0	0	0	0	0	0	0	0	0	913.507915848488	112.063089858894	135.869604349201	161.187168877062	229.174614795914	304.349795320944	426.718708284623	524.012456859976	648.560833473372	810.029304661424	980.731487730083	1161.10948771574	1402.14025589851	1656.77064057092	1975.87049732894	2239.55023594182	2454.12788222485	2661.87194328011	2856.42867510514	3056.25214533763	3224.88970096094	3338.09844723455	3363.01590401366	3436.11542725029	3473.12615347505	3406.45672062033	3337.64336238727	3271.1037285747	3109.29419766021	3148.94565433493	3215.64591186331	3377.67595535993	3883.63260631126	4354.93631218225	4967.53866472882	5289.27958186319	5819.78557885415	6021.93351569679	6105.43365763296
443.808	0	0	0	0	0	0	0	0	0	0	0	0	0	0	0	0	0	0	0	0	0	0	0	0	0	0	0	0	0	0	0	0	0	0	201.984608882939	106.649329978231	156.8106767972	208.091585739828	266.128828540128	347.737011057349	456.007174675028	604.985606707622	731.763555719033	858.160929407352	1035.11488074079	1214.89096143102	1416.44281140427	1716.75175187821	2017.15284697181	2288.35648179772	2463.05316848735	2686.82213179027	2882.76374166814	3071.3143657277	3219.96503692912	3271.07489157382	3362.14487991587	3377.32381636965	3370.59681800809	3405.74679785078	3289.14253408462	3211.13663535407	3103.47629034735	3151.71931810685	3254.04014840207	3452.18782191811	3893.85483677679	4433.44914686206	4879.73851503183	5427.90603359369	5716.25642929986	5855.94889094202	5919.68161069631
447.112	0	0	0	0	0	0	0	0	0	0	0	0	0	0	0	0	0	0	0	0	0	0	0	0	0	0	0	0	0	0	0	0	0	432.393159339805	93.0429351039704	127.526464488754	163.911089030569	219.363920919257	306.480408190257	390.798688501417	501.273157055197	608.092727390996	751.69479991555	889.843029274938	1099.15397507767	1255.59855881799	1497.16360593389	1743.94154798061	2052.20984347683	2321.96842923531	2517.61426718662	2696.10763338172	2896.06241181181	3082.38640681412	3200.9191268074	3300.71508293812	3318.04638904297	3368.60096523646	3364.94411795941	3329.56238363016	3288.11154070056	3167.77777668585	3138.27015387271	3160.73126361804	3231.50453581398	3472.21457777191	3817.10803054026	4399.69862988896	4923.09091159854	5350.22953063014	5821.05003817053	5868.69014338727	6162.19024135239
450.418	0	0	0	0	0	0	0	0	0	0	0	0	0	0	0	0	0	0	0	0	0	0	0	0	0	0	0	0	0	0	0	0	824.828915698792	92.4311792053783	105.504432586927	122.242199427926	179.393734928077	253.979800690163	325.202621763035	403.796458975819	527.658914162511	655.373690241071	792.936461079423	939.119863664077	1103.05112935314	1282.85489389832	1518.80724307634	1752.68198078554	2052.97430239537	2291.79160022727	2506.50298042725	2678.7628821883	2920.81166898305	3062.37746848406	3160.36573007496	3239.13142962547	3255.78495337197	3334.30115162071	3264.13301404587	3274.0808263556	3179.0520509925	3106.40045145556	3057.20518011547	3065.13423834628	3160.72721571171	3437.96564022623	3808.3212583938	4334.95272453068	4890.62670951064	5273.60824945267	5464.90910527908	5732.5664347933	5812.05593286731
453.725	0	0	0	0	0	0	0	0	0	0	0	0	0	0	0	0	0	0	0	0	0	0	0	0	0	0	0	0	0	0	0	0	180.189602895244	98.9931615940144	128.681423531153	172.611296660756	222.962524850224	297.936882113747	398.24614732949	478.701445061841	593.702356372986	715.476815333451	840.947688895806	1009.36304610417	1172.69912824903	1337.72304710783	1546.79778227319	1801.85538388149	2086.79768200295	2340.73242451856	2502.11503393342	2718.5225523774	2919.48791053759	3043.46792760563	3148.44478979417	3249.4843353225	3278.76454634019	3260.89563365584	3250.25417686056	3182.86059897769	3132.48059701787	3029.58295425215	2998.73759259682	3017.49473687641	3194.56172293704	3430.04376761247	3920.54449270362	4355.19965499189	4909.11355329773	5287.10582782116	5756.97337833789	5848.80489750091	5889.65543333801
457.033	0	0	0	0	0	0	0	0	0	0	0	0	0	0	0	0	0	0	0	0	0	0	0	0	0	0	0	0	0	0	0	318.978891969483	76.2522794486678	107.485220496723	141.147516491887	201.314665911952	266.629589256891	315.656471048657	390.036420415259	506.355504691159	628.013192171387	751.848446985793	880.489251783587	1021.51775606186	1178.44235359308	1362.82406582183	1567.38552063747	1806.94949417709	2099.51446505355	2334.52002381287	2506.21453267897	2694.81718646341	2844.44996101047	3008.86234995552	3100.89141980312	3173.96227367638	3184.48954131275	3223.40732907855	3159.7367634125	3154.22688808568	3058.14797585983	2989.01180688484	2940.68492415899	3040.00833814259	3156.54475844857	3457.9966467713	3789.64761991232	4294.65873994427	4836.32248423252	5230.54932659683	5417.59790002316	5584.198330897	5888.56269385749
460.342	0	0	0	0	0	0	0	0	0	0	0	0	0	0	0	0	0	0	0	0	0	0	0	0	0	0	0	0	0	0	562.629626192724	93.3409445144155	97.0126660405474	130.462651189457	178.620349514127	225.488034571114	287.225616488039	374.510312103571	436.087871766708	538.940389697242	656.56636887665	797.105619104653	915.373462635323	1072.97893744515	1224.17147758862	1390.86240615062	1584.26062716059	1862.15515094993	2108.43521425976	2312.52709745298	2471.11067193378	2698.01639243914	2876.34623041913	2933.50853012875	3071.56758166163	3074.66099848116	3153.83787790589	3124.29936152669	3116.02024047693	3080.14771734024	3021.58515576432	3009.23609032576	2887.5476235627	2996.71541759307	3142.45835368123	3399.90948874511	3752.02823011816	4395.63357229638	4794.72544500833	5287.60584442006	5356.71948715855	5479.32131069742	0
463.652	0	0	0	0	0	0	0	0	0	0	0	0	0	0	0	0	0	0	0	0	0	0	0	0	0	0	0	0	0	0	148.639192241858	92.4128963634098	111.468807980409	156.543170865621	215.922502696691	257.896016201874	338.860363238313	400.96120585775	471.920603694734	591.657935167752	685.916393265358	814.201469715828	940.326181902904	1097.73192927881	1255.51026206016	1414.69565225089	1591.71918680594	1854.09739326512	2083.65429899177	2314.83502265497	2481.43184264989	2641.57392750296	2809.50340959907	2888.50249385812	3053.6530335924	3036.61900933646	3068.73479032087	3073.12538940127	3060.95331365533	3032.61353683481	2915.02059811086	2921.29806406002	2914.79611260418	2999.76242710737	3124.02532935752	3363.47594961076	3855.29628320131	4451.14305895809	4815.77110558557	5125.37332023583	5457.13392299688	5756.20169278227	0
466.964	0	0	0	0	0	0	0	0	0	0	0	0	0	0	0	0	0	0	0	0	0	0	0	0	0	0	0	0	0	254.115222636687	78.5617762674116	103.042160729531	121.129288172251	172.03049840941	224.884406552127	282.346203486694	329.299646293141	416.781857645762	516.282330901389	594.776319531551	723.363469552092	834.565408292387	960.374213181229	1130.25255026023	1279.82696208999	1418.74247465795	1583.24818988276	1832.92030177674	2071.05687432971	2287.71378784199	2413.20783263147	2587.97028513912	2716.12584338791	2854.6209155217	2929.08748905333	2959.50747625323	2970.97323120771	2965.8064090946	2961.47446403084	2918.16875208522	2861.50764930535	2797.04408170824	2810.37550813668	2913.7810557427	3070.47857952175	3295.170200772	3766.57185896066	4271.78481879667	4703.32997992894	4991.40209812792	5326.59010843248	5265.45687994079	0
470.276	0	0	0	0	0	0	0	0	0	0	0	0	0	0	0	0	0	0	0	0	0	0	0	0	0	0	0	0	445.445123406268	73.2740336079878	94.8813355461892	117.550468340495	159.059258271056	204.706247804377	256.585068643965	325.410915311032	375.802771232718	449.769167323444	539.6514261368	647.629000558519	759.204558257374	866.113931372345	1008.71406655021	1119.7546147333	1289.65117435442	1401.2487469201	1599.6717835612	1831.57592537467	2073.20723706419	2220.13623819501	2403.34366375826	2514.65992572832	2674.39825959074	2756.80295764563	2849.04611026334	2927.56131922421	2902.4564962902	2919.22483901227	2852.61001349235	2847.85605763671	2754.72405736394	2744.44411394778	2748.2495995732	2874.40297252912	2953.15211764585	3317.15934363025	3697.43515472836	4125.09626911842	4539.57325338376	5039.51478066537	5180.30566256521	0	0
473.59	0	0	0	0	0	0	0	0	0	0	0	0	0	0	0	0	0	0	0	0	0	0	0	0	0	0	0	0	106.455990011884	73.6114014869826	109.615993867266	120.327571431535	171.071700663613	221.254067097404	274.564070658867	350.190247799819	404.626325450782	471.521249833202	562.139694338091	662.916558883261	763.185211471353	897.519364301992	1016.24306408831	1122.87206790536	1276.31000300903	1461.4913446649	1603.83689495362	1801.64328216494	2021.77365173859	2200.41495013083	2359.83872600454	2494.62362888378	2584.16804426256	2715.65948814354	2805.09634981882	2808.02807995866	2811.07895382261	2813.26516593464	2796.15004013078	2768.61758053087	2709.43475148193	2702.23939546378	2706.33275559229	2847.85923190912	2980.85082474327	3321.40647013754	3668.01795912392	4107.61393330465	4701.79385823619	4859.42619342129	4913.26925171145	0	0
476.904	0	0	0	0	0	0	0	0	0	0	0	0	0	0	0	0	0	0	0	0	0	0	0	0	0	0	0	212.886103241722	72.2388692197953	110.063178817575	128.074317723351	169.377801442039	197.522533393242	250.251916272504	319.471931156739	364.328208691094	429.698866434095	523.659509481232	596.332074369519	684.005730113699	788.714688178263	922.811042807726	1037.86276347737	1173.55833097039	1305.71644652115	1406.8193928738	1575.19995352889	1806.14050425397	2026.8573763427	2175.28104694477	2307.01703359221	2464.816390452	2564.66119290209	2611.02863796676	2699.55721297064	2729.38410131287	2758.28557967419	2715.58503909992	2728.19950321153	2697.98963841118	2680.25521969195	2657.76418742531	2643.39226963123	2745.99470944011	2932.67092812082	3213.8030119615	3657.38424941837	4106.98642150041	4466.11151982511	4818.26041991088	5023.4088314509	0	0
480.22	0	0	0	0	0	0	0	0	0	0	0	0	0	0	0	0	0	0	0	0	0	0	0	0	0	0	351.667421479238	55.4340607880945	74.9786595093385	94.5641935027227	124.405687434962	155.194030467333	192.350666906759	252.731292582052	298.521690224135	368.558099049472	440.337641686189	507.329511018295	581.572151614878	669.779836535518	781.499682522539	891.765074875174	1021.90066765789	1147.49418995019	1271.51927683621	1386.07611383248	1561.710649866	1743.51095044032	1926.68210249214	2142.7224452003	2228.14250429687	2362.13390164546	2461.86106244327	2547.20228365875	2614.4991042873	2594.55184899513	2576.8344253102	2590.24695606576	2597.20600126677	2603.12817330369	2562.55939189661	2533.17811105417	2589.78418087399	2652.19339406167	2858.08498041983	3105.0646204727	3516.73231132224	3931.8735184747	4316.51195228951	4638.88159865802	0	0	0
483.536	0	0	0	0	0	0	0	0	0	0	0	0	0	0	0	0	0	0	0	0	0	0	0	0	0	0	105.070248043856	75.1861886412259	95.2683446394682	131.510179583632	158.854880981325	192.491508229833	239.958080328136	300.515590937387	351.438339861778	419.842449579349	485.626531065185	565.409844186234	626.150220188082	732.794986582339	822.07373264964	959.950954353672	1062.1819010223	1175.22897743115	1299.74949298079	1435.77118409968	1559.2736772238	1743.2075462991	1966.30149859711	2115.23524380997	2231.04988920367	2333.7028359279	2437.89076246929	2532.495590223	2544.76736182527	2548.14938850073	2597.34661963792	2587.1116723869	2578.60513263699	2532.2277834418	2532.46753589404	2562.60811443847	2575.11562987051	2708.8226692443	2891.26276030418	3159.54223452469	3572.42922592906	3965.34506338849	4470.61582666324	4720.86442169167	0	0	0
486.853	0	0	0	0	0	0	0	0	0	0	0	0	0	0	0	0	0	0	0	0	0	0	0	0	0	191.679686659356	63.2603767494334	81.4584997254809	104.904047735896	138.37607883064	160.574348819344	197.262151075334	248.773560359672	302.905565989709	362.641816330069	422.375071940442	491.482249626668	562.424305581508	636.716533838111	729.60971384995	839.961963599093	922.210869547029	1073.20527828095	1155.82856590122	1288.26030253343	1386.38425799671	1518.11803761462	1714.09602502508	1892.68858107539	2036.93923665863	2151.59277182716	2266.91433312206	2330.92336277729	2423.2530230506	2452.77813724152	2498.6772202194	2483.81235770065	2492.96763639704	2446.31179920325	2454.17836555783	2413.50907334791	2399.68873853447	2501.61639208701	2646.85541101138	2825.41648482446	3001.93095217708	3473.41218504416	3942.90250160301	4245.90913585985	4548.9408092276	0	0	0
490.172	0	0	0	0	0	0	0	0	0	0	0	0	0	0	0	0	0	0	0	0	0	0	0	0	353.853726438291	54.8595549444453	57.7499149993792	91.0015406696864	111.030131074469	137.472716618023	172.763266353698	215.729827311923	265.836066477598	317.737020134723	371.327725566357	431.964620616985	482.846927794822	573.190474526527	617.470063893274	731.107950195222	835.197136923522	949.145090831256	1026.35840920303	1130.13268070729	1268.9116897456	1386.55447482114	1508.48579502583	1700.31488039013	1850.02100576486	1998.01971801485	2075.0025140633	2190.9720676347	2266.56592988319	2346.25503961569	2413.67009541882	2392.6246595374	2401.54510101962	2388.62179633652	2374.86610975531	2369.6431275686	2363.94213064223	2386.66145996553	2423.99002669532	2562.56058132831	2758.29740343564	3074.25088164262	3408.88634677698	3801.77103702229	4155.74339868669	0	0	0	0
493.491	0	0	0	0	0	0	0	0	0	0	0	0	0	0	0	0	0	0	0	0	0	0	0	0	80.4955293400978	50.627225739195	74.5927175385567	103.7453454528	124.303360611342	159.547324141782	194.400390529248	230.89687867337	273.229825919275	325.847230892164	397.366833966946	426.455505011713	507.973680865927	580.184973052033	664.104072174725	747.151856256112	830.838418303012	932.828791715634	1016.51765716617	1143.3267053332	1235.09686687989	1338.22389981434	1471.39711573395	1646.81001672816	1801.88821441126	1917.23354339486	2016.94448664177	2120.12306560652	2193.27801488147	2239.73608764642	2287.80567185981	2311.57157331024	2306.19589779316	2293.12700045266	2275.46633184753	2300.47717390837	2307.11819140754	2280.57671456649	2355.03766189187	2515.44691328737	2693.0151602135	2888.51384890365	3261.2609931196	3709.69522529852	4026.69683466494	0	0	0	0
496.811	0	0	0	0	0	0	0	0	0	0	0	0	0	0	0	0	0	0	0	0	0	0	0	199.42706379654	42.6427420624024	74.642138260848	94.0447245224366	113.260043743287	139.752754011843	173.768771898068	196.961655143319	240.581916996699	278.861832550781	320.382229968682	382.09655660717	454.167831800936	523.064752977557	591.193677670713	640.253001622563	751.618820956328	826.165894111371	932.753043888271	1018.8686252637	1116.86163206495	1226.4163360765	1313.02607313535	1457.52814418815	1603.42799843766	1755.87477219883	1887.80457269039	1975.79074606022	2053.18142896684	2110.07685677958	2146.23204625785	2168.23265226086	2219.9275182298	2207.49081237551	2203.56059556951	2219.66209158562	2219.06177332322	2212.98480399914	2238.2757300494	2274.55503190084	2430.07060111837	2649.37559819365	2820.10144302741	3267.8755251662	3554.49407538814	3930.18347255917	0	0	0	0
500.132	0	0	0	0	0	0	0	0	0	0	0	0	0	0	0	0	0	0	0	0	0	0	405.158235398494	49.8803720437486	75.659274813749	83.7872939230843	105.89143253613	130.858466269979	155.236994282026	186.227859140055	227.579445442534	259.828743065243	325.111418669161	352.752831550566	415.863263731923	478.294990393935	537.309693101284	609.605844413298	698.007060513366	728.112654855302	841.187612176349	933.755610201734	1025.11899339879	1117.40158219255	1207.72880143833	1286.69712961825	1407.26326371756	1555.58537589245	1740.63376049248	1831.20420756002	1911.83331037402	1993.19350161848	2056.47239728273	2076.24368546761	2100.85068878332	2140.55399068241	2149.4669892024	2140.14952209452	2146.29475729859	2124.37686007012	2169.58145281207	2252.6459341869	2263.3395533247	2366.30589226264	2600.61718930386	2802.95157418919	3212.63515158209	3545.34567768268	0	0	0	0	4046.34678998345
503.454	0	0	0	0	0	0	0	0	0	0	0	0	0	0	0	0	0	0	0	0	0	0	97.5586734986126	55.5521523829446	70.9351463204569	99.4495948727746	112.284629366561	135.654804754007	168.07396696011	194.200736437392	232.315449138877	272.178918227476	305.662897965688	357.811673626643	414.220301405858	476.194346009911	523.085815011474	585.213720824444	647.461563792721	747.85891122873	835.866495451047	902.390798397553	976.217502667757	1047.23040686822	1154.18286353305	1256.81849447005	1339.65946018654	1498.4764035946	1618.96102908387	1773.51094883025	1843.25665637392	1877.17847413567	1930.31339729866	1998.81070536793	2020.87358342007	2037.39297950537	2050.62449250953	2034.14157806544	2011.46402267284	2023.21119469953	2036.80846168461	2098.79807030082	2180.40764247971	2308.99672694011	2500.38883235972	2724.14234929081	3091.33792955806	3479.08972678991	0	0	0	0	3827.04020590331
506.777	0	0	0	0	0	0	0	0	0	0	0	0	0	0	0	0	0	0	0	0	0	191.165531651685	36.9733713045018	58.265860471127	77.6124647145939	97.6064763203518	122.668010397395	148.775441218912	163.095486112332	208.916341804094	231.402605277229	272.498345350017	305.210537488655	368.257999970709	405.101098807788	467.990186821986	516.679539648248	572.43635749513	645.769755051558	720.702437724694	793.543265666645	868.99159246557	966.681961399801	1036.95083040292	1113.06961093848	1206.5824539701	1312.31449163461	1431.39070183118	1566.02027046432	1680.0591022603	1735.22905487704	1775.8326964053	1834.73351121445	1878.35092730512	1894.72742321539	1901.82104177116	1915.66777449635	1915.32734341731	1929.1892970467	1912.91542282275	1958.75117918792	1999.25900157382	2035.01956816543	2194.68389555948	2335.72944147565	2610.72709935931	2889.37071161955	3160.90821015595	0	0	0	0	3707.1102620215
510.101	0	0	0	0	0	0	0	0	0	0	0	0	0	0	0	0	0	0	0	0	401.125009845607	51.377827936084	57.0592048537992	75.2553930733048	93.3565818638427	108.186673613124	123.325667699012	148.88206749392	178.292905822694	210.242495218642	236.702042530169	280.348950774425	311.167435077435	362.020647045913	418.003548320027	446.617451907942	517.410392378381	572.348300002955	647.877549609795	725.496626719406	769.660002087143	858.126866598769	932.521953563221	1023.6207514365	1097.32879713392	1132.27499394801	1243.06596149395	1376.76666829629	1492.08514512253	1597.10861050424	1637.2293180339	1681.74620032828	1748.50128144588	1776.51743923886	1787.78633885002	1816.35740544737	1833.30404810221	1838.69822154399	1813.64166937809	1861.42688420432	1848.98640798966	1867.89734803339	1989.13420055437	2093.27250624684	2299.98930419957	2479.30329123463	2770.64783155124	0	0	0	0	3608.14174363183	3660.00048936708
513.425	0	0	0	0	0	0	0	0	0	0	0	0	0	0	0	0	0	0	0	0	95.4466902014698	62.5607840715061	68.6421250825608	76.8284386439559	106.301043287182	118.972671106318	149.200567769475	161.137741396948	186.544102784985	218.941538958372	245.966192838767	279.060022762118	328.414598115828	381.473190353816	421.798482685119	490.771206909412	519.234551884803	586.13750399859	636.781116085549	703.971012616648	757.239179783644	853.648524289823	920.387039621525	994.536672863197	1061.90171708094	1115.59303536915	1223.65705308471	1326.54610030209	1458.99045005129	1543.03244312046	1583.01694544338	1644.65107734243	1683.30250267592	1707.1380906556	1728.40092961373	1753.77965312884	1739.18112663344	1736.16971239285	1761.60440442596	1770.81261616054	1800.34318887726	1852.5733934258	1925.6536316995	2066.46521266139	2226.28173279361	2460.21348119519	2695.30612377083	0	0	0	0	3424.80291638555	3670.51668480733
516.751	0	0	0	0	0	0	0	0	0	0	0	0	0	0	0	0	0	0	0	213.481996657096	49.6104642904428	60.6187124726952	80.6562017648635	91.0590714652411	104.920626096732	126.293550579088	147.387237558826	170.226992957625	193.527132396565	232.924642715716	271.922986293796	289.583946998804	333.788243557474	366.28305840256	419.994780350259	454.700553002748	522.370012867678	583.861194024735	641.565912581401	710.417818732259	745.743597951448	833.790564911148	896.402125395039	958.447391581664	1022.31312242029	1115.2265271931	1174.61675283193	1287.85217273549	1441.72868315236	1495.96874117099	1553.9946177761	1589.66675568446	1623.24739592488	1650.56420413183	1674.56806216025	1680.19104909137	1688.22329788838	1689.59942722229	1683.4546791086	1692.70995581333	1780.436180295	1766.44582916127	1865.50344802449	2001.67339714163	2133.10136974251	2405.46977421848	2659.34697742581	0	0	0	0	3295.15108452029	3225.85159771976
520.077	0	0	0	0	0	0	0	0	0	0	0	0	0	0	0	0	0	0	413.992035623028	56.1458245991812	56.3547921078092	65.7830760729425	83.4485186518417	97.4223724431952	104.810619764476	132.352300782833	162.909900998916	180.365197174718	212.91457817989	227.813157439784	258.268868987834	287.320115130237	313.679236165362	376.955516166017	414.417673239846	483.648459594027	499.632752056495	575.038231624748	633.80587619906	687.715161918152	754.349069420143	802.827760268351	894.223603430083	932.925219710923	1004.68316841267	1069.58986396542	1163.28871880322	1241.85745622122	1362.27505806762	1458.89602060873	1493.56543691661	1559.1567968369	1582.42450107592	1617.11051806839	1623.09028078599	1636.54451185582	1611.86649281901	1645.52283983023	1658.12504084326	1679.92555856995	1702.82101541519	1768.91261773856	1816.1928588703	1984.5771450892	2136.59403424031	2279.17334346462	0	0	0	0	3262.51618851615	3298.69439148952	3528.80024602681
523.403	0	0	0	0	0	0	0	0	0	0	0	0	0	0	0	0	0	0	77.7241559265844	37.0580515085463	63.8989821548778	69.8031594079108	88.0352399238961	110.551386063981	137.18332722889	140.353930355535	162.359203193653	190.831063681157	206.849942436228	234.225267762394	272.829171239445	301.472501746553	340.444006557844	370.897864659642	416.40337950533	474.661827195059	521.628020675779	555.665013375464	621.321271710265	669.934605984459	736.043461908331	805.791287595843	839.090381879302	909.096957093153	993.597992884781	1046.89442723097	1111.53097464973	1231.37871104141	1337.71091792134	1387.42430129606	1443.66727300731	1483.10062347422	1519.66712197666	1555.49524206113	1565.630542027	1563.9920382499	1551.29689893107	1561.50321584586	1585.113711911	1617.20411981126	1647.81458072493	1676.35283258459	1798.58796381841	1898.34762086364	2054.33065704673	2261.78774102502	0	0	0	0	3138.69155846596	3265.37752163881	3254.14657927633
526.731	0	0	0	0	0	0	0	0	0	0	0	0	0	0	0	0	0	198.96839204276	26.7037726138285	50.7877369837939	52.7736440865856	74.8775439289784	92.1938934647841	98.3376077998356	122.092415728888	140.318753003671	160.698825926475	178.38918751913	206.295993581167	238.472719372868	259.470602881248	293.834273494116	312.814773718132	366.646444623362	405.258370051196	449.635411441497	503.751542812616	541.255447739873	580.743503024216	646.127753131214	702.320797159962	781.169205566376	805.916142062267	852.417840834393	940.37811221773	973.910674840655	1055.26060378193	1143.87908788081	1244.08448843541	1333.61775057674	1351.62912778556	1389.21497607319	1420.66731338796	1450.9161425056	1472.17614709648	1464.37184165394	1465.68218994132	1488.26805443585	1517.81672811017	1502.24013471662	1552.87057285599	1585.14693915004	1687.4026793583	1771.33792190232	1962.10322186517	2160.54327075751	0	0	0	0	3027.19384375826	2936.96064270958	2943.0946303892
530.059	0	0	0	0	0	0	0	0	0	0	0	0	0	0	0	0	533.400279756563	30.0090419818244	36.771163168992	63.475890118199	61.0169038005259	76.730177423363	100.835796590923	109.324281238222	124.494534172338	139.322720956851	159.265143637587	184.043600800716	206.954383462913	227.69241318943	266.387697138906	275.939475195131	324.154891991298	371.141251654373	390.785825112509	436.469533816831	481.196823590087	515.89752166884	559.711907605716	615.608980340004	686.898921684043	740.200458973382	771.1319292428	834.54197912754	881.714940564912	944.153872193025	996.522910064477	1086.08601189277	1200.22370930546	1224.01402638263	1265.66715240371	1313.10459887957	1316.59720231906	1358.68517673867	1370.70358890958	1363.10726634185	1386.89532136627	1382.03597393778	1409.18008699293	1406.13821090415	1456.33347906184	1511.82763593138	1598.83757209363	1682.29953937541	1857.78580230945	0	0	0	0	2755.29123668838	2649.03195660722	2696.20901243115	2713.05751379964
533.388	0	0	0	0	0	0	0	0	0	0	0	0	0	0	0	0	132.684214466284	59.4405898385739	67.2679394154174	59.040338345514	86.504166067997	91.238617498091	122.730076217494	125.667922076122	147.500562006782	154.30192663558	167.970808557001	190.557231236917	215.074603553998	241.039015108117	268.103872607394	293.665120975835	329.389881726013	366.833257126893	401.665736161968	425.600283035374	492.963151289875	534.02861956545	578.862154086763	622.438646531157	651.105807951798	705.637439945701	780.392692116649	830.543082185217	862.924102395712	915.836788555632	962.109862645896	1050.34492526654	1119.71750563842	1187.53626772357	1220.85454029258	1236.85961841529	1270.23117315526	1302.55148556293	1306.53760684882	1327.86160573422	1331.48271706375	1339.0181554445	1335.85860292022	1362.83515171138	1395.02381559746	1477.1563635596	1554.84971640394	1655.92786162235	1793.33421985594	0	0	0	0	2604.92811289668	2788.41065416551	2989.48993399813	2840.27369054102
536.717	0	0	0	0	0	0	0	0	0	0	0	0	0	0	0	179.776984470166	34.2210452597003	32.7212589188561	49.3453547198607	55.3394901347586	64.5665337248008	67.0209497765322	98.0309973240387	112.536038911285	125.790829541885	145.361881076754	165.040705774405	185.130095585854	202.37899926378	217.526496469935	248.448777932633	269.617008680051	295.76391027579	335.774293850158	361.938438318486	426.748179952083	458.931736408917	487.76709099249	521.70593010282	561.824081318408	617.706428858588	660.596272819514	697.711304279528	740.93705554024	796.964892416532	824.158863254372	913.731483038056	975.986888181241	1057.89063345881	1111.0703442079	1147.54355439041	1169.36889262988	1192.577920122	1225.68332074277	1228.26628888219	1226.1656438229	1225.00088848424	1261.84980873727	1269.40712478107	1278.46648189732	1347.16979135668	1374.1301173505	1442.4471003491	1547.52414077889	1707.55391449845	0	0	0	0	2537.85690333347	2513.79732457511	2552.1253757498	2567.96922777728
540.048	0	0	0	0	0	0	0	0	0	0	0	0	0	0	340.428106353762	30.8039733756491	-0.0104660323984944	22.1509391617978	31.7591651836481	40.5909702051155	58.9219547597911	77.6837101658129	99.2161535952646	111.813179617458	136.124557372489	142.874283085612	169.407633553792	178.770609936872	200.677074215532	223.188710163986	237.84499440943	271.887636386017	308.008089996619	339.658331902046	362.030789112289	402.014521299466	440.766071528406	467.978321497777	515.088525845789	549.31050459636	590.30584096259	645.003107367524	688.485579227143	728.595631333331	768.630359961885	814.856915968588	860.353266908694	939.681634006698	1006.12135410769	1071.66938047992	1090.20729095726	1119.14225557383	1158.02564224172	1138.35300535367	1182.36346214777	1172.34190669428	1187.97265353407	1194.25319682667	1224.90923353351	1239.08276016645	1292.30447970148	1306.54170133824	1389.00590784097	1461.28093711787	0	0	0	0	2296.91712064642	2319.53305502864	2359.42638023573	2310.60578876497	2175.31358439359
543.378	0	0	0	0	0	0	0	0	0	0	0	0	0	0	80.6141001025549	28.9990818260859	67.6439383862303	71.6026284438325	58.936092635287	94.6071569024544	82.5632624828948	102.026418419279	117.091019407786	118.090454545844	145.311342650311	159.50245242708	176.017975887607	186.691488526333	211.387345847978	237.085354939368	257.760214377067	282.056177820659	312.375976372915	343.669985262077	360.689509418048	431.319486887479	458.899315459115	482.830205240361	511.837871646167	573.138780552902	617.032945969481	656.18945996738	695.936517556416	725.442628597483	751.153760204896	800.600185599405	871.214390481509	941.940716423285	1017.41380926019	1057.41941091408	1076.68154027961	1090.64876626372	1103.96393010452	1150.668672899	1152.51829105801	1169.16906366583	1154.73242962041	1190.72929074727	1187.78781563645	1201.97433789446	1261.9231624911	1294.89880103555	1422.52554406083	1521.03944662142	0	0	0	0	2314.71980044455	2440.9808902573	2480.63625071433	2515.58393754023	2419.85651004298
546.71	0	0	0	0	0	0	0	0	0	0	0	0	0	164.766283442012	28.7430340147701	28.901533049796	28.0489388754152	25.9425790835093	68.1090027966657	67.6602945309562	81.3444428643901	88.3763332788446	108.025833726916	119.056241597677	134.389599405558	144.03383292595	165.704565690127	192.161692176132	201.054395419517	223.935017955894	248.938116358175	280.643730067232	294.344689859579	339.654569019237	361.04137859296	384.058070245008	427.430812602612	471.446187047723	512.568082660735	521.385844273488	559.304545986574	626.378289689825	637.476481987538	697.451178562742	720.521804277986	771.139736863847	814.056313943586	882.318775381759	961.552579114474	976.270486747198	1019.18174894562	1040.87296530407	1077.05358920777	1082.32743944155	1128.88752204054	1094.53719137646	1098.54919464297	1133.13411526087	1159.59639074142	1162.90254672937	1195.985354113	1237.63384681552	1310.10327591557	1419.24508803694	0	0	0	0	2201.78064918855	2176.3194648197	2201.39099708351	2055.13797481985	2005.66464121415
550.042	0	0	0	0	0	0	0	0	0	0	0	0	328.658251602958	12.7073532527526	24.2459715916166	44.8892998722852	53.485465786445	65.6645684781365	66.6037165847069	69.8436936098225	92.2242265005512	100.734479441751	112.985102766455	119.112311177476	139.621402706542	151.114255576956	174.057261578208	187.229304432599	207.025656471498	223.692309366129	259.087245044297	275.474958899415	296.652141910099	319.102382344299	351.413831867273	378.465912435161	413.063816076	443.559211069736	484.855715268522	535.886675620804	569.35263846708	562.65817283291	641.256594477011	656.424023432705	696.855843286834	746.362394122631	791.170307655976	845.060990705228	899.653862657798	968.751709466256	971.057504609235	995.079021580718	1010.90337448596	1031.85715998105	1054.06700473204	1055.24646591492	1068.45822349213	1085.26219271194	1095.75025870117	1117.97592277943	1145.89280481794	1158.12634508184	1283.75556755067	0	0	0	0	1968.11636014187	2087.12083733928	2164.03079896081	2293.24243974599	2260.55677690257	2182.59110496641
553.374	0	0	0	0	0	0	0	0	0	0	0	0	72.6744072642094	20.5431161944657	35.681085419857	41.7944245967826	46.3334647553723	56.568262475841	58.7194984961179	63.4599055945094	89.4786017808935	79.2790917096867	100.929984658725	121.004264433576	139.686140574869	153.113800136299	168.067213534569	174.647905269352	199.375378513588	210.410158657884	236.906308777441	264.785198378204	279.827254285661	304.022758844033	345.312625103869	369.699002079658	408.695029786486	412.360327657018	445.17134129287	487.595044600237	522.374982073425	562.879508636085	595.035225410044	624.248933347457	676.757172911174	682.98432102181	750.0264927961	794.18387086946	871.639010185945	904.639018810261	908.752051473231	938.109492270004	972.460640584061	978.138869720887	975.712750627153	982.289973064544	970.524062059412	999.082708944258	1050.82823788047	1055.23178129162	1104.98314417098	1142.92861196453	1188.20986760405	0	0	0	0	1809.59788510853	1949.78885062233	1957.6564913959	2062.71455083649	1988.82731579955	2006.32795104596
556.707	0	0	0	0	0	0	0	0	0	0	0	153.080772418724	26.7869417218495	42.8799179301064	37.9149222875534	43.3767656775636	37.3342505530876	66.1711151890697	67.8658689948603	76.156700615679	71.9112468718835	75.1592142491915	120.229731198566	124.00637449047	136.128877842914	146.741455700531	162.820974944375	171.034533464717	184.797691593417	218.707129595062	233.251245890905	252.558206702916	267.168100652894	301.183390045714	333.896239603279	367.00590913078	386.848816381086	418.732534971277	438.822957319323	468.092236989836	499.575278607693	528.409163984441	583.94252854463	594.532862724431	641.913023091802	650.936787280435	690.209960756929	762.575109571857	808.093369527081	840.836216445013	867.975651088033	884.011593139569	908.132835652593	908.984174441519	936.581333326359	939.814478914493	934.253814566183	958.349689318684	976.744779487975	963.977433370268	1021.73606933816	1071.02598959884	1118.77485817741	0	0	0	0	1743.43763250916	1855.12913720767	1916.92206579424	1980.11977839751	1958.17876088302	1923.82957680833
560.041	0	0	0	0	0	0	0	0	0	0	334.843720196116	23.4739165517338	40.3918427353142	28.1947196535839	33.3719767044018	23.3387755474089	54.103186637634	66.5015102560211	71.9157871294138	92.362350306467	77.0474740858664	107.446309352692	106.501579702262	101.662842189972	121.995980593924	142.178008253487	161.934571306349	169.099354198286	188.373148266523	198.902541384155	220.859900093103	225.840449677301	265.225614659128	292.95103519791	310.391518759402	346.952315909203	364.503686686787	397.170485523591	410.879670214956	456.260501073466	483.716085884258	515.465942971315	551.443004623623	551.738475867166	590.586950622766	620.057019277303	649.51123798678	691.292023244018	774.615329281579	803.796669378896	816.905577924579	834.220082988773	831.047471973106	848.792555723134	867.944098000488	863.060036882018	880.095637909315	886.186391636355	899.962814464612	950.135877501804	984.891066933607	984.420790725662	0	0	0	0	1470.4126511547	1633.57968837522	1822.58683367797	1759.7616304559	1789.34672486738	1866.49057828572	1813.47984685421
563.375	0	0	0	0	0	0	0	0	0	0	61.1922895795652	-3.45043197011213	7.65240672641967	30.9039330522538	24.5202966403798	51.0963080710305	35.1176786799578	58.4295774392103	68.809818187041	58.7469228083486	78.4324719898592	90.4885154091398	99.1241260062582	124.214465940621	136.863440823108	136.454360528549	150.798517336437	172.995399442293	173.800272560476	195.102847262288	215.775738111723	240.550493620441	259.084513472332	272.069868300839	299.708827744717	319.828617865896	340.283517231728	368.396684816312	398.001181975338	421.674502324056	449.167587767445	482.513865439945	519.359215859243	538.098586867653	567.229179716119	586.337545873223	624.687500987329	681.835961604622	715.636617214989	751.310617800189	769.010151128675	767.901447851174	812.31415938797	795.697757622213	826.875585113311	820.045247461138	834.864332168644	843.818544259914	864.070327739127	896.382704098426	913.183427961356	933.188243657285	0	0	0	0	1473.79666524253	1661.67534362245	1635.71920604327	1601.81413822275	1633.23236163737	1726.92367976807	1756.92920507222
566.709	0	0	0	0	0	0	0	0	0	143.212148293351	3.69635618098583	18.6642399448863	17.2305623372833	22.8767782330898	21.8307618381051	43.175106167016	55.591818391038	62.447436171015	38.5405559917376	71.8172462746591	84.6340306891106	94.4203989453411	104.126141265439	103.046746372887	122.759487721338	138.826875165463	150.151455918532	151.50919115735	178.574334307063	185.086438926731	203.961479007224	226.345144352054	245.812263509444	262.723956282715	294.419759033874	299.325651374819	346.943016440346	350.97174426698	368.751513893444	396.214229303043	410.866594663262	460.344992120438	477.226004871783	510.266866119828	529.28290002449	528.17889470097	577.890185519699	633.589612714971	673.853995045656	725.377661157417	730.399171778964	745.058997325606	758.32484584764	771.656067019343	773.041452346268	781.132073968764	787.892235526225	817.894517138312	825.387611657354	843.640299291938	872.220294933011	904.551480840539	0	0	0	0	1288.91064707133	1425.7085878754	1549.34866920204	1532.65179145346	1754.45489599931	1815.48476661685	1686.63355285631
570.044	0	0	0	0	0	0	0	0	297.405961548057	9.02118557599217	11.7407794857921	17.1797592925285	2.80827424675562	22.1499678272936	32.4736737263125	50.2223973676283	23.9894454050281	47.6736293997853	49.8933419762417	72.5109126427287	66.8984279458659	78.3924568516523	92.3652648793879	104.076444220257	120.196210251327	132.475935084711	143.734946249565	159.039931215694	168.299025961053	185.862481897269	193.179194997839	218.125328732018	232.35622011205	261.009149219384	273.290243187953	296.604837188785	326.454895017035	344.791366055056	351.599904383181	388.553287826322	416.422024918189	421.984680245063	453.024520065229	488.921042345094	530.880065797231	524.850751947472	562.300645154198	598.512950367283	652.298694930554	662.651792554367	665.021872768932	692.459055619807	729.14336815838	733.837706899437	744.173717561585	737.07508539355	722.685466084478	766.667637960774	789.754847592478	779.189185183785	808.516518734058	0	0	0	0	1194.20917423923	1344.77283673006	1375.28000539774	1490.25516140638	1526.81909580693	1623.80617380474	1459.97308235199	1397.16887415157
573.38	0	0	0	0	0	0	0	0	67.8652581288452	10.3544318278886	36.0505195186496	43.503339449256	39.7765175363316	34.7828064104963	59.6061410272218	47.5638785294212	70.0473147930811	66.0539711491037	69.6654999976853	89.9151170780657	86.4623750136949	101.927952072026	121.429010698301	109.892537805956	128.571521590173	123.297160010839	144.165071135134	148.677708417469	167.559231798887	180.089999072801	216.373490567431	209.549587713775	233.130253093017	254.81403482888	264.092028030173	301.282268415262	319.612430893303	322.146658691701	364.147313452297	387.052623765413	414.485766986631	425.697378283115	452.403189827068	479.864019036862	484.467526111676	523.015495220558	533.866393851146	576.579954864851	612.380648797984	664.634119266912	684.299785170765	685.061137091218	692.033621658415	701.572231664303	705.174607477214	753.359321523224	733.868711851739	732.471493014741	761.03885784172	786.069559674967	803.497939967603	0	0	0	0	1143.36584233405	1303.27811173795	1401.38040516924	1506.46287530984	1421.36086844621	1557.20291250454	1728.7133885323	1505.43490006881
576.716	0	0	0	0	0	0	0	113.633251592978	36.8679421123421	14.8521155429337	32.2931187513545	35.1027613006779	29.4942204344337	30.3804572694324	34.684603370852	50.9376240879439	50.0828516035425	56.4527464479668	57.4496788264095	78.1804302023754	69.904795146445	97.3748258988387	89.5538784743377	114.86001194901	104.922537275473	123.788827621057	134.693120571031	150.319653984321	159.578765557931	171.624365998796	187.240590925026	194.409142133259	229.561559156923	246.300259111202	253.749540202319	267.32400115143	275.896784204448	324.508782916323	334.458249341218	330.92225471248	371.93102939831	403.275808328284	424.65630662784	442.022067266241	457.105284105019	488.087699224898	520.268067519963	551.706631920072	578.129177100918	618.357443395211	604.12209594548	632.569235762295	640.729333393617	647.747966255187	663.591940742752	669.084276920117	689.295102558105	682.730967943319	703.031749988436	716.997540248488	761.181729506566	0	0	0	0	1058.39784798501	1203.27308835895	1284.50587994156	1336.87411480357	1393.67702089945	1344.15583011943	1185.52349856343	1373.6571216053
580.052	0	0	0	0	0	0	306.266784545084	11.6896917259872	-5.29325260044695	26.3007991616879	14.7848397682339	16.5470852708306	31.5501754718097	12.9368501945967	35.4737543084956	31.9295153593688	53.5139868588464	64.6108164093842	73.8171431077119	72.3412954601079	66.3445515258084	92.7169576870572	99.4569849796924	97.5622390963328	105.806867611838	115.682509333279	126.414285147778	137.434072481615	158.366561118649	167.400901767561	175.843703493277	194.767511384982	203.013723779015	234.114586649926	248.319700700718	259.532139905975	280.789566721958	317.273265687732	330.178193431857	342.941050754597	351.547648126207	376.012274213675	407.233984036656	431.591000884943	439.940071154143	451.448845789757	469.884450846742	512.110809415502	548.704128668524	598.869782382409	577.921330622966	592.81226135342	608.820287338357	614.342972779364	648.174254412743	618.325790760085	641.842430605159	650.248268978383	683.782769201063	689.500613642316	0	0	0	0	902.106001526895	1026.62665778146	1143.93018337291	1205.36912682772	1266.93957812734	1241.43371180404	1299.04252134	1448.08790447095	1510.45051597224
583.389	0	0	0	0	0	0	39.5479633965792	-28.6193942355654	10.5477804566733	-17.1485778019709	6.14734236426064	11.7172050700908	50.8322726880218	10.6868978235057	26.5026120416098	48.7044504405407	26.0548275817959	49.3739440656936	37.0087704845157	59.9040036136697	66.1558598201831	70.316721257569	75.9177915343419	91.0435157716874	111.367980404181	101.598734441561	128.34306396754	125.287910885676	144.95945948686	148.501096380856	156.839605128997	178.786948215271	189.430555157823	214.916639645707	231.729543636637	221.514535743485	252.460009012256	266.928904484649	276.43962147201	296.36896848402	333.442160340647	346.376099017802	365.566758158896	372.494687539245	389.077620612697	402.993663187937	442.172177033493	452.010574663323	493.314503750491	528.363193984022	533.866700938168	537.479881907594	553.282236298828	556.561674607262	552.10861218735	580.789381248652	563.145133433654	604.07172326601	599.567008014156	635.602794927364	0	0	0	0	827.875507455825	917.133736215873	960.851572211649	1104.28176625937	1086.20770205118	1199.04011996715	1173.72600865635	1229.41902929679	1110.11013450281
586.726	0	0	0	0	0	162.1828063551	4.22253385906854	27.7674754722244	30.1248247426993	32.1922384729595	32.1614097441888	33.7397531332671	8.29966136963672	53.5795195556721	57.1869264096399	48.3556178120773	54.5152039215781	52.9920956671064	67.5815513975855	64.7189108254902	79.8065356438431	82.3188004410399	98.8296578880895	84.4947506985736	99.2556637078703	110.839624552724	113.908482307245	123.370878830745	136.576156212715	151.304686470524	168.178374787874	164.125869843906	195.807171583285	193.17273208807	230.387454578388	247.895431461	248.324757291451	271.681803370761	303.569887499804	298.397470267859	314.545538087198	341.966870039713	358.972421633071	376.916553509203	404.35941217346	398.149328280009	410.473364140889	445.897472776564	495.343325082435	502.856145973236	503.983497707211	511.386685105173	527.650598573931	529.915516262609	549.469516610809	552.372428773638	559.444570856847	568.577774896526	602.304426854401	590.824334767721	0	0	0	0	836.413269697645	896.393559334319	980.940950121253	1084.71877619657	1089.07062174852	1172.68359800586	1207.03064034803	1339.32547673111	1297.23434309374
590.063	0	0	0	0	528.899777068515	58.8597052694729	52.7357777193688	57.7054701881071	47.2858426532664	35.4787637869344	44.4677541662188	53.7272016591569	50.1117475236388	59.6361752063156	54.8383682155853	41.7395581480374	87.653582969809	76.6767279250274	81.4043306433942	75.8893267509243	89.6824755719686	111.329155440477	100.451806326498	102.030590732492	114.874889273094	120.795384638653	120.801294615018	121.611619862286	136.57058926785	151.05166167295	165.1251189207	161.499559844931	186.332158290599	200.872285741145	221.571204678086	227.385249478923	242.283658670346	241.833861911053	275.880465175825	288.574858406911	325.169947324121	325.851152996153	352.308088596324	338.464784882229	373.361818868718	381.15238248415	419.051533578041	429.93466739343	462.387001513993	473.824761283529	486.720550050331	483.42895025024	509.457859290142	524.490102227075	501.625889812469	543.507314834249	535.207865357284	548.542829636209	556.846300116719	0	0	0	0	750.680271589823	822.574760022963	872.281621405799	950.198442993998	1011.51615472028	1143.07630669599	1107.45060850586	1247.40877479527	1319.5349329152	1204.10239052935
593.4	0	0	0	0	34.9278996535724	-58.0295899964583	-44.7912375568394	-35.7012580000379	-4.63387728118344	-19.2013413302586	-9.84767357637299	10.6251243905909	-22.5151741130819	-4.30546673890941	11.3047883692011	30.4295430883324	18.2790943141535	34.9482183418668	52.2851011535172	36.5458788666786	44.5614835105171	47.9611105786787	51.7342777367255	85.4436683177345	76.7002291676543	91.2887658556852	92.9386719746878	105.867794060012	112.945795962426	127.04154149615	140.385870863999	149.677268745471	148.911645997944	160.450495473878	183.846528551965	187.445161506166	211.155790115701	218.073109768864	251.107734565838	238.60068421471	260.91819708634	267.272487026241	286.276960161066	323.43845902299	327.260881984299	326.675682530008	349.266911917032	390.529872779064	409.468915974208	430.943721104387	431.411438381625	443.525476993095	449.715004716535	456.655639317582	474.469009962274	471.434841198528	490.522863182766	480.418065490286	499.552575089634	0	0	0	0	621.405252695272	681.611847993386	734.518795770263	847.002406087809	920.861884211682	894.446653222508	867.310792308399	801.403902600562	926.829558898942	797.941962566863
596.738	0	0	0	115.404008566522	4.63535482020419	20.1822337329459	34.7261076211165	18.168221409606	8.10621213955769	15.012635520764	13.1700480542844	4.80255704090277	43.5265221421308	32.3177929829825	40.75828030814	45.4229306369047	36.2506097535842	56.9970015916897	36.6362819417394	58.4610397319128	60.723266023245	71.7092557210846	75.8919790943107	79.7197829272112	93.2089264404804	90.5054519972579	104.332199546377	107.386029509941	127.277703445367	129.706372067614	132.516240129885	148.173830747249	163.012281721448	174.691940602209	189.675536307867	204.716205780196	208.414719495968	217.672187105364	257.012251877931	261.872721966176	246.436848566037	284.316089540799	294.306261398331	307.91288471858	326.700869769596	351.096820130637	343.66307424911	378.299524476876	412.058175157075	427.172618707835	431.474927770022	440.033953133044	452.788594287893	447.889359985206	466.414166652579	472.461179469517	450.864568394447	485.650706687645	512.223757180448	0	0	0	0	610.708264325308	680.950727550364	735.815830937335	849.72308524917	883.21609106433	897.477211742739	1014.43320645571	1064.77148992709	943.076198955613	1226.87125664263
600.076	0	0	260.426923611856	-17.1847601019782	2.35343223612117	6.06992464492017	-2.93780096448387	5.68877266928665	21.9353888649053	4.63523352221102	9.54436518648829	17.0675821396616	30.7959682743445	31.6809108862649	27.5688114781196	32.4429694726224	30.9766690466243	36.0904706560899	53.5483538613698	55.5195362265673	52.4127330906916	56.2783379367599	59.6433102663218	76.1910932760819	75.1722220488222	94.5049201855342	94.1733460060663	106.825601015038	115.729436380566	116.864455575772	132.924204076095	142.774828887135	150.221338208073	178.58976920073	175.159112086077	186.653129927543	203.153083212858	203.270682303611	221.075429142201	217.618428806391	258.289243148196	270.733400745428	292.943842680866	271.200459889542	296.134461940176	319.717249369623	322.142911031281	341.685709055984	384.799709404304	410.685293746656	382.221448654457	410.054651656554	398.928399080039	413.65093935263	437.850820396847	457.683732741974	437.452049369282	443.588180022545	0	0	0	0	560.082072274633	593.652569937602	640.433469408214	714.984871756017	693.07744578156	824.615259583105	938.531781251936	949.63176153564	992.997361472528	751.13078671515	703.725438541807
603.415	0	0	78.1493635207011	63.5185427164628	37.1592117669818	64.9857717988009	47.3574041927094	41.4520312364547	26.9890959264756	57.9961468928925	67.9002875870793	71.8855930507286	28.7036809351364	63.3054287133628	69.4680335994242	42.8821872108815	80.0254677455357	66.6881603922234	64.6825184352401	64.496468985508	94.3623816285181	74.1105353892168	103.045326282525	101.738432578426	94.7934539350554	96.9735593846971	102.858241762943	113.4177748371	118.271076093205	135.453337370761	143.273885664283	152.948732326551	157.950079269547	147.001027358234	189.392305455098	181.505884388861	207.20874629191	212.264489408279	248.791542578611	250.768708629981	254.527923559281	263.944970179401	282.693398934513	297.695818067767	292.732080084445	314.416688594453	334.433712664204	362.623230511928	379.003309869007	382.801067808531	387.601977138059	418.294800900603	413.035439780215	406.476595327986	438.179380349269	444.629945973925	455.930292718815	441.29293918739	0	0	0	0	576.644887623908	609.796683232643	643.038864952347	714.716866069718	801.814475609995	933.891880991928	938.533991830329	961.934951684274	1016.61528995563	1076.97879057025	1188.07479610987
606.753	0	87.2361890775558	-0.868732466479293	4.95207256090923	20.6008254999854	-13.0287113251925	-18.5507355371236	-25.7986569045112	11.7885829924424	1.32928216720657	19.9346629108223	18.4751403381837	10.5664986266373	7.86347221770085	37.487012363334	25.6069359220999	26.8950442336604	14.493808656254	57.680239832685	28.7025506916329	41.2403055385551	46.2831643065464	54.6302075126955	68.0764203656783	68.3229020800691	79.2857250729777	93.1070843908931	92.6431960696914	93.7976958015906	106.421604561521	114.636490848236	118.473920894522	133.822763050839	149.028491524093	143.364997127793	158.314210633056	173.507985897117	178.525051641637	202.245231542037	188.402600904622	221.840725932373	224.625559699761	221.138188275695	244.732554680406	250.840242799876	280.646309379371	300.306193961247	301.608244532336	310.175989246678	344.582510676457	355.564099577722	353.931324305639	350.903874295939	386.816027714984	373.629177838491	383.659964379456	393.632813053097	388.865642101067	0	0	0	0	490.638681105484	547.298455494846	546.545708380599	614.629988259049	649.051468939723	696.35955412697	745.452707669409	743.831181540382	662.57572620215	828.165381747994	723.106817291167
610.092	265.132659556536	39.4860454094026	-15.0150803476411	49.7599608039845	19.0672007089721	-4.60793136060687	5.21785246819385	-2.13618544363878	15.9811850307729	50.2576374786592	28.3502873153259	34.5765285896587	32.9637107673714	36.037670062218	38.1245682429909	41.5732930609128	32.362724369708	58.5895163520052	44.8329744486509	47.2448361201439	45.8201299083992	61.1989415743423	59.4260132341603	75.9996818383783	81.6138740085903	76.0535240377056	92.2193696709652	90.0064390415992	101.2982572588	111.467519209899	116.241981973489	117.931378013866	138.764502625161	146.746615993284	162.917608793534	169.41836174278	161.728926423226	191.47543510309	198.319842770802	196.107331268599	194.076341405762	228.905038483141	223.288955562083	261.568269183104	269.245878965773	254.67213796943	269.148536670763	301.742776167224	325.51671972841	347.920201757925	322.456628127806	355.887667841725	366.160740777693	361.749895617872	371.815457441616	377.959159972137	379.189282522969	0	0	0	0	480.331958843466	476.758705062229	490.08852557181	553.673365571475	576.336918662738	722.014730538659	725.984518217813	762.510012202864	741.106485643771	778.211993863775	843.404905586051	913.925728160003
613.431	30.6307665215106	-16.8922344184624	27.3302950041252	4.13774080267344	6.34558021821378	10.7414219595336	0.0111113601519425	-8.60165816756784	9.00861962376834	-4.00793388627537	6.43203689127099	16.6467379700149	20.5790056738175	26.4248016376746	9.12945827204745	31.779256872204	26.9285306158853	30.8930524954014	41.1824187988629	51.8835839782453	35.2270805518661	54.6376650562993	67.2894399808245	55.3620240911273	74.9640701070683	71.7634380560351	76.849593782022	82.8487304551992	83.7790319881375	90.7798360768861	109.337147261816	107.826788070235	111.105327044883	136.499598275358	137.270457749833	146.192721062339	150.997128665568	154.891906544586	179.460611618617	193.43073869484	190.439749976947	208.159269201516	218.718741977156	204.825027828228	221.156101439384	244.367484568517	252.970415096085	276.587596126284	294.460522347303	307.893194706825	314.576274460853	305.540534947467	302.767948356385	318.574463613865	329.82289307805	349.113445967045	339.742397008284	0	0	0	0	407.565112457839	457.366224963634	484.622449900957	491.977846237182	551.459620764557	558.668367504755	569.494839290029	654.268991282673	716.358579248865	644.432328768193	768.403446962595	863.891844396904
616.77	52.0440212304777	22.8599555608088	12.5110131511636	-15.1119609953598	-18.5083466828024	2.33624205848345	-15.817552252196	14.5603437996629	30.9953260169692	12.2209546058836	24.7931104598189	7.50375724551845	15.5024678412675	35.3620639563428	26.1236362865649	31.1775066040761	45.6989827823521	43.2059819640834	45.8661781732037	53.483066861846	47.2230655418054	58.0933170363761	52.7897335603216	60.6814384481409	54.7334235030261	76.0364763156132	66.8817398602524	84.0409970336161	85.5375591642299	89.8948410461131	102.499475664341	101.612250746043	124.988307301866	119.458595275273	131.884474952532	140.865669852152	155.989969449305	167.360861635805	162.422260114074	169.916194796674	183.47011453486	196.254527209165	216.827111682299	216.157720494709	219.57488130784	243.363365480587	236.16674164437	264.086014677021	275.326996036059	275.37892587823	276.064791233533	302.876940286845	298.6706351858	303.599021606502	298.595717253598	313.775646220776	321.285835648506	0	0	0	0	395.24099221966	361.048196723182	449.883722919901	471.070746575214	574.593984953709	529.865312505012	619.818445326751	644.584129183815	668.872343151157	535.167423338838	462.546103875532	339.524344093566
620.109	-19.7350798560622	5.84075323560571	23.1177286334726	44.3992320572837	26.7365252672404	-0.960480237159122	44.4579361780476	27.705605928567	19.9193355229379	25.8527994631504	41.7006525488536	47.705432045542	36.6878961004796	7.71673445751643	69.5746865117309	35.7986256256923	63.5504390731573	41.4597071641622	39.6598481851733	37.4628355650045	76.235114792471	60.5643314582165	78.161688582515	84.3347649174783	79.5960946580029	83.7156062908801	84.2589572741164	98.8725021774732	92.7894343452895	114.861573728054	120.897967078172	133.451726814967	144.375140215844	132.740589904762	145.349705258766	160.390475670339	181.837625076933	173.989517517634	205.862081538276	206.531921511617	218.886688756491	206.762634659552	224.69384406666	242.423815170826	259.254193553988	251.077485180926	268.719742727861	275.830693829976	314.704206627507	331.428624262437	350.460187378151	331.930754158078	355.732034085297	343.397976772177	359.801348168517	364.965441066139	0	0	0	0	419.245271765134	448.72350451142	476.72794487168	521.393449039888	569.18161592197	583.333130139992	684.355184453969	702.822249852592	680.259309793381	787.263789279423	843.367834559201	877.342919253272	948.753789882618
