Sample - Blank	600	595	590	585	580	575	570	565	560	555	550	545	540	535	530	525	520	515	510	505	500	495	490	485	480	475	470	465	460	455	450	445	440	435	430	425	420	415	410	405	400	395	390	385	380	375	370	365	360	355	350	345	340	335	330	325	320	315	310	305	300	295	290	285	280	275	270	265	260	255	250	245	240
nm																																																																									
213.328	0	0	0	0	0	0	0	0	0	0	0	0	0	0	0	0	0	0	0	0	0	0	0	0	0	0	0	0	0	0	0	0	0	0	0	0	0	0	0	0	0	0	0	0	0	0	0	0	0	0	0	0	0	0	0	0	0	0	0	0	0	0	0	0	0	0	0	0	0	0	0	0	0
216.504	0	0	0	0	0	0	0	0	0	0	0	0	0	0	0	0	0	0	0	0	0	0	0	0	0	0	0	0	0	0	0	0	0	0	0	0	0	0	0	0	0	0	0	0	0	0	0	0	0	0	0	0	0	0	0	0	0	0	0	0	0	0	0	0	0	0	0	0	0	0	0	0	0
219.682	0	0	0	0	0	0	0	0	0	0	0	0	0	0	0	0	0	0	0	0	0	0	0	0	0	0	0	0	0	0	0	0	0	0	0	0	0	0	0	0	0	0	0	0	0	0	0	0	0	0	0	0	0	0	0	0	0	0	0	0	0	0	0	0	0	0	0	0	0	0	0	0	0
222.862	0	0	0	0	0	0	0	0	0	0	0	0	0	0	0	0	0	0	0	0	0	0	0	0	0	0	0	0	0	0	0	0	0	0	0	0	0	0	0	0	0	0	0	0	0	0	0	0	0	0	0	0	0	0	0	0	0	0	0	0	0	0	0	0	0	0	0	0	0	0	0	0	0
226.045	0	0	0	0	0	0	0	0	0	0	0	0	0	0	0	0	0	0	0	0	0	0	0	0	0	0	0	0	0	0	0	0	0	0	0	0	0	0	0	0	0	0	0	0	0	0	0	0	0	0	0	0	0	0	0	0	0	0	0	0	0	0	0	0	0	0	0	0	0	0	0	0	0
229.23	0	0	0	0	0	0	0	0	0	0	0	0	0	0	0	0	0	0	0	0	0	0	0	0	0	0	0	0	0	0	0	0	0	0	0	0	0	0	0	0	0	0	0	0	0	0	0	0	0	0	0	0	0	0	0	0	0	0	0	0	0	0	0	0	0	0	0	0	0	0	0	0	0
232.417	0	0	0	0	0	0	0	0	0	0	0	0	0	0	0	0	0	0	0	0	0	0	0	0	0	0	0	0	0	0	0	0	0	0	0	0	0	0	0	0	0	0	0	0	0	0	0	0	0	0	0	0	0	0	0	0	0	0	0	0	0	0	0	0	0	0	0	0	0	0	0	0	0
235.607	0	0	0	0	0	0	0	0	0	0	0	0	0	0	0	0	0	0	0	0	0	0	0	0	0	0	0	0	0	0	0	0	0	0	0	0	0	0	0	0	0	0	0	0	0	0	0	0	0	0	0	0	0	0	0	0	0	0	0	0	0	0	0	0	0	0	0	0	0	0	0	0	0
238.799	0	0	0	0	0	0	0	0	0	0	0	0	0	0	0	0	0	0	0	0	0	0	0	0	0	0	0	0	0	0	0	0	0	0	0	0	0	0	0	0	0	0	0	0	0	0	0	0	0	0	0	0	0	0	0	0	0	0	0	0	0	0	0	0	0	0	0	0	0	0	0	0	0
241.993	0	0	0	0	0	0	0	0	0	0	0	0	0	0	0	0	0	0	0	0	0	0	0	0	0	0	0	0	0	0	0	0	0	0	0	0	0	0	0	0	0	0	0	0	0	0	0	0	0	0	0	0	0	0	0	0	0	0	0	0	0	0	0	0	0	0	0	0	0	0	0	0	0
245.19	0	0	0	0	0	0	0	0	0	0	0	0	0	0	0	0	0	0	0	0	0	0	0	0	0	0	0	0	0	0	0	0	0	0	0	0	0	0	0	0	0	0	0	0	0	0	0	0	0	0	0	0	0	0	0	0	0	0	0	0	0	0	0	0	0	0	0	0	0	0	0	0	0
248.388	0	0	0	0	0	0	0	0	0	0	0	0	0	0	0	0	0	0	0	0	0	0	0	0	0	0	0	0	0	0	0	0	0	0	0	0	0	0	0	0	0	0	0	0	0	0	0	0	0	0	0	0	0	0	0	0	0	0	0	0	0	0	0	0	0	0	0	0	0	0	0	0	0
251.589	0	0	0	0	0	0	0	0	0	0	0	0	0	0	0	0	0	0	0	0	0	0	0	0	0	0	0	0	0	0	0	0	0	0	0	0	0	0	0	0	0	0	0	0	0	0	0	0	0	0	0	0	0	0	0	0	0	0	0	0	0	0	0	0	0	0	0	0	0	0	0	0	-232811.111693825
254.793	0	0	0	0	0	0	0	0	0	0	0	0	0	0	0	0	0	0	0	0	0	0	0	0	0	0	0	0	0	0	0	0	0	0	0	0	0	0	0	0	0	0	0	0	0	0	0	0	0	0	0	0	0	0	0	0	0	0	0	0	0	0	0	0	0	0	0	0	0	0	0	0	-16827.3311396746
257.998	0	0	0	0	0	0	0	0	0	0	0	0	0	0	0	0	0	0	0	0	0	0	0	0	0	0	0	0	0	0	0	0	0	0	0	0	0	0	0	0	0	0	0	0	0	0	0	0	0	0	0	0	0	0	0	0	0	0	0	0	0	0	0	0	0	0	0	0	0	0	0	-94990.6046407754	-58767.7594519843
261.205	0	0	0	0	0	0	0	0	0	0	0	0	0	0	0	0	0	0	0	0	0	0	0	0	0	0	0	0	0	0	0	0	0	0	0	0	0	0	0	0	0	0	0	0	0	0	0	0	0	0	0	0	0	0	0	0	0	0	0	0	0	0	0	0	0	0	0	0	0	0	-268655.821209625	-18158.7307798317	-150658.316998353
264.415	0	0	0	0	0	0	0	0	0	0	0	0	0	0	0	0	0	0	0	0	0	0	0	0	0	0	0	0	0	0	0	0	0	0	0	0	0	0	0	0	0	0	0	0	0	0	0	0	0	0	0	0	0	0	0	0	0	0	0	0	0	0	0	0	0	0	0	0	0	0	-32325.969158509	-36094.0704686933	-292722.277332183
267.627	0	0	0	0	0	0	0	0	0	0	0	0	0	0	0	0	0	0	0	0	0	0	0	0	0	0	0	0	0	0	0	0	0	0	0	0	0	0	0	0	0	0	0	0	0	0	0	0	0	0	0	0	0	0	0	0	0	0	0	0	0	0	0	0	0	0	0	0	0	-90240.9334212382	-14844.2621210051	-81713.8589616473	-305105.101832664
270.841	0	0	0	0	0	0	0	0	0	0	0	0	0	0	0	0	0	0	0	0	0	0	0	0	0	0	0	0	0	0	0	0	0	0	0	0	0	0	0	0	0	0	0	0	0	0	0	0	0	0	0	0	0	0	0	0	0	0	0	0	0	0	0	0	0	0	0	0	-205005.43711161	-16681.5144394893	-20170.7464388578	-179953.640226619	-144202.929321529
274.057	0	0	0	0	0	0	0	0	0	0	0	0	0	0	0	0	0	0	0	0	0	0	0	0	0	0	0	0	0	0	0	0	0	0	0	0	0	0	0	0	0	0	0	0	0	0	0	0	0	0	0	0	0	0	0	0	0	0	0	0	0	0	0	0	0	0	0	0	-22701.0269021179	-7336.29743579668	-53418.9384447007	-188412.366819388	-32870.7475247275
277.275	0	0	0	0	0	0	0	0	0	0	0	0	0	0	0	0	0	0	0	0	0	0	0	0	0	0	0	0	0	0	0	0	0	0	0	0	0	0	0	0	0	0	0	0	0	0	0	0	0	0	0	0	0	0	0	0	0	0	0	0	0	0	0	0	0	0	0	-60778.563355958	-7615.12593453994	-8218.96044744575	-103680.386449289	-82713.453571005	7580.71851677565
280.496	0	0	0	0	0	0	0	0	0	0	0	0	0	0	0	0	0	0	0	0	0	0	0	0	0	0	0	0	0	0	0	0	0	0	0	0	0	0	0	0	0	0	0	0	0	0	0	0	0	0	0	0	0	0	0	0	0	0	0	0	0	0	0	0	0	0	-107934.483242806	-5358.33342551985	-4963.20183954237	-41164.0238394718	-120245.817003878	-25194.7848370599	-1565.29002217621
283.718	0	0	0	0	0	0	0	0	0	0	0	0	0	0	0	0	0	0	0	0	0	0	0	0	0	0	0	0	0	0	0	0	0	0	0	0	0	0	0	0	0	0	0	0	0	0	0	0	0	0	0	0	0	0	0	0	0	0	0	0	0	0	0	0	0	0	-14369.0527743685	-4329.00168157388	-9559.82601066367	-77386.8227863226	-60685.4687124913	4804.73903761831	699.802664278874
286.942	0	0	0	0	0	0	0	0	0	0	0	0	0	0	0	0	0	0	0	0	0	0	0	0	0	0	0	0	0	0	0	0	0	0	0	0	0	0	0	0	0	0	0	0	0	0	0	0	0	0	0	0	0	0	0	0	0	0	0	0	0	0	0	0	0	-31365.6202117745	-5895.76708393732	-5654.49141224365	-27915.46711154	-81765.5562782416	-20275.608578837	-10102.5942361416	-15098.0981085216
290.169	0	0	0	0	0	0	0	0	0	0	0	0	0	0	0	0	0	0	0	0	0	0	0	0	0	0	0	0	0	0	0	0	0	0	0	0	0	0	0	0	0	0	0	0	0	0	0	0	0	0	0	0	0	0	0	0	0	0	0	0	0	0	0	0	-48151.6907952723	-3099.28291325846	-2924.63099308829	-4405.44777390791	-58146.1825280019	-43861.8590239503	-6526.30991497855	-6341.88964301814	-8920.80885618017
293.397	0	0	0	0	0	0	0	0	0	0	0	0	0	0	0	0	0	0	0	0	0	0	0	0	0	0	0	0	0	0	0	0	0	0	0	0	0	0	0	0	0	0	0	0	0	0	0	0	0	0	0	0	0	0	0	0	0	0	0	0	0	0	0	0	-6870.55322819979	-42.193721499336	556.714795197779	-17670.286415676	-51184.4605299931	-11811.2091389814	-2.29591862148461	3009.24670092381	-2551.44866720289
296.628	0	0	0	0	0	0	0	0	0	0	0	0	0	0	0	0	0	0	0	0	0	0	0	0	0	0	0	0	0	0	0	0	0	0	0	0	0	0	0	0	0	0	0	0	0	0	0	0	0	0	0	0	0	0	0	0	0	0	0	0	0	0	0	-15347.5418562291	-60.7016645918988	-15.8638428507162	-2730.64339173553	-34887.3949906997	-26549.5247961323	1982.34991321876	982.64683985248	-3934.45103449613	-3923.40979714495
299.86	0	0	0	0	0	0	0	0	0	0	0	0	0	0	0	0	0	0	0	0	0	0	0	0	0	0	0	0	0	0	0	0	0	0	0	0	0	0	0	0	0	0	0	0	0	0	0	0	0	0	0	0	0	0	0	0	0	0	0	0	0	0	0	-2169.31946912051	-225.260208770008	-1288.46548625018	-13040.7443712048	-36794.9993009262	-4831.61748173874	2210.10008233494	-922.510983045116	909.888871220425	-9859.1238248161
303.095	0	0	0	0	0	0	0	0	0	0	0	0	0	0	0	0	0	0	0	0	0	0	0	0	0	0	0	0	0	0	0	0	0	0	0	0	0	0	0	0	0	0	0	0	0	0	0	0	0	0	0	0	0	0	0	0	0	0	0	0	0	0	-4603.49651687306	261.939858187629	-54.009301751223	-1130.05434325149	-23832.7453572671	-15565.2315689995	486.332746102421	-1474.75963329024	-2789.34946776255	-5780.62246771748	-3435.37219186912
306.331	0	0	0	0	0	0	0	0	0	0	0	0	0	0	0	0	0	0	0	0	0	0	0	0	0	0	0	0	0	0	0	0	0	0	0	0	0	0	0	0	0	0	0	0	0	0	0	0	0	0	0	0	0	0	0	0	0	0	0	0	0	-7088.43015685507	-219.557037258458	-184.714119018975	1384.52655331117	-7905.83162353715	-18813.2059597218	-373.572370620789	734.813059437228	5404.06645426903	2369.46391570858	10697.9397209114	857.761909458786
309.569	0	0	0	0	0	0	0	0	0	0	0	0	0	0	0	0	0	0	0	0	0	0	0	0	0	0	0	0	0	0	0	0	0	0	0	0	0	0	0	0	0	0	0	0	0	0	0	0	0	0	0	0	0	0	0	0	0	0	0	0	0	-1512.9131001057	-318.226354991781	177.528439727636	-858.899119719855	-14317.9844196765	-8752.92955316794	1790.35459332527	1311.86014213962	1514.34666858551	86.0235358895207	772.385850055005	3748.47407790742
312.81	0	0	0	0	0	0	0	0	0	0	0	0	0	0	0	0	0	0	0	0	0	0	0	0	0	0	0	0	0	0	0	0	0	0	0	0	0	0	0	0	0	0	0	0	0	0	0	0	0	0	0	0	0	0	0	0	0	0	0	0	-2166.76139693903	-199.818922533391	-163.147844689775	104.922971812046	-5461.52634744888	-13493.3625022445	-432.207077326231	2536.81170384083	1348.07210410019	3964.92234549164	2508.80910212734	-3134.46251926863	-198.746875929845
316.052	0	0	0	0	0	0	0	0	0	0	0	0	0	0	0	0	0	0	0	0	0	0	0	0	0	0	0	0	0	0	0	0	0	0	0	0	0	0	0	0	0	0	0	0	0	0	0	0	0	0	0	0	0	0	0	0	0	0	0	-1432.24874964379	-233.403652752017	-198.830495937339	-107.125862005786	-1373.22090055974	-10436.8024638827	-5326.40479459938	1981.29569577831	1389.67896156501	1135.92008245882	785.169257879196	2339.72360185656	-2306.74519347642	4638.46988406421
319.296	0	0	0	0	0	0	0	0	0	0	0	0	0	0	0	0	0	0	0	0	0	0	0	0	0	0	0	0	0	0	0	0	0	0	0	0	0	0	0	0	0	0	0	0	0	0	0	0	0	0	0	0	0	0	0	0	0	0	0	-451.811022115662	-170.708712988291	151.930752094867	-166.303065678763	-4657.82782782103	-8480.08118313837	539.64032978004	1853.60187667079	1988.93288545722	747.63696137377	219.719532379947	-2885.72763897615	-3750.33976852303	-2619.37713125862
322.542	0	0	0	0	0	0	0	0	0	0	0	0	0	0	0	0	0	0	0	0	0	0	0	0	0	0	0	0	0	0	0	0	0	0	0	0	0	0	0	0	0	0	0	0	0	0	0	0	0	0	0	0	0	0	0	0	0	0	354.218085987	43.0828732278555	83.3888867698627	74.2491459003379	-810.643260202986	-7251.26823177547	-2785.30354476814	2174.44196866423	3005.59829787142	1996.88540649094	1420.07876479782	1169.84552641135	1599.25375358371	6877.05499388622	7134.99904816403
325.79	0	0	0	0	0	0	0	0	0	0	0	0	0	0	0	0	0	0	0	0	0	0	0	0	0	0	0	0	0	0	0	0	0	0	0	0	0	0	0	0	0	0	0	0	0	0	0	0	0	0	0	0	0	0	0	0	0	3190.95465558073	-14.5055298486477	180.100103533645	258.170273179747	283.491676264336	-3357.07595985168	-5244.48962653498	1679.87243919378	2478.08253190485	2398.55583557849	2977.49092384329	1868.98544864803	3107.00535311682	742.124577185785	4013.78992063798	7141.63794360285
329.039	0	0	0	0	0	0	0	0	0	0	0	0	0	0	0	0	0	0	0	0	0	0	0	0	0	0	0	0	0	0	0	0	0	0	0	0	0	0	0	0	0	0	0	0	0	0	0	0	0	0	0	0	0	0	0	0	0	352.341172253883	109.890958915915	135.05223483466	345.472579806667	-568.93106346209	-5380.93289937466	-1414.07590815155	1403.05019266896	1270.67353038646	2461.595315116	1793.60566763881	1863.59653366905	3237.29950533068	1088.70110730176	1639.81199463849	525.076448056438
332.291	0	0	0	0	0	0	0	0	0	0	0	0	0	0	0	0	0	0	0	0	0	0	0	0	0	0	0	0	0	0	0	0	0	0	0	0	0	0	0	0	0	0	0	0	0	0	0	0	0	0	0	0	0	0	0	0	2024.00979936382	-76.0732712997637	42.7823647582804	225.50897784681	117.516914508777	-2433.40932085528	-3825.92017768804	928.257642397875	1304.81414434045	2186.67472864073	1492.06557063684	1446.03299098832	566.011854319198	-46.8797168758583	-2944.84491519141	-4638.73425771918	1023.53539466545
335.544	0	0	0	0	0	0	0	0	0	0	0	0	0	0	0	0	0	0	0	0	0	0	0	0	0	0	0	0	0	0	0	0	0	0	0	0	0	0	0	0	0	0	0	0	0	0	0	0	0	0	0	0	0	0	0	5073.55973673062	248.071158157725	270.312348999553	280.590420844355	443.33167929025	-226.671227403207	-3491.96416374703	-774.17719753236	1539.83119658137	1905.82952358612	2153.66804874593	2301.39439590892	2794.00005608478	2493.8679501563	2035.15375186493	2781.00453027382	2860.95150711532	8951.82633657923
338.799	0	0	0	0	0	0	0	0	0	0	0	0	0	0	0	0	0	0	0	0	0	0	0	0	0	0	0	0	0	0	0	0	0	0	0	0	0	0	0	0	0	0	0	0	0	0	0	0	0	0	0	0	0	0	0	827.770157056772	312.754332924878	396.943661856867	626.621882991585	457.072354024255	-1573.49816673786	-2551.50829150446	1144.29517600901	1558.92331102437	2322.82028809056	2312.91057933418	2923.23242988723	2424.82981187925	2270.33523092802	1277.31006671065	3857.22908565628	3532.13874353159	7996.52725780068
342.056	0	0	0	0	0	0	0	0	0	0	0	0	0	0	0	0	0	0	0	0	0	0	0	0	0	0	0	0	0	0	0	0	0	0	0	0	0	0	0	0	0	0	0	0	0	0	0	0	0	0	0	0	0	0	2707.46426779346	110.140633056837	164.232086985326	466.091896966712	525.495330291913	-6.46238565885134	-2343.55942347949	-211.712762474651	1235.43407687925	1861.56381666935	1765.04870167419	1676.26010680113	1917.37959357844	1655.89763092796	1938.47654154062	2510.31261963093	1957.72155519528	382.268135718784	-5295.85307930997
345.315	0	0	0	0	0	0	0	0	0	0	0	0	0	0	0	0	0	0	0	0	0	0	0	0	0	0	0	0	0	0	0	0	0	0	0	0	0	0	0	0	0	0	0	0	0	0	0	0	0	0	0	0	0	6459.15482771079	448.507882216815	518.710289673314	565.262410524026	670.392836914087	823.717880391225	-829.174402754653	-1018.90046794452	1381.64067823017	1890.18189926551	2197.04835021404	2373.30268122702	2250.14032488788	2126.85875923886	3024.35981969726	2555.73428730224	2517.15287124567	2752.90871768051	4509.71909604596	3388.12686622137
348.575	0	0	0	0	0	0	0	0	0	0	0	0	0	0	0	0	0	0	0	0	0	0	0	0	0	0	0	0	0	0	0	0	0	0	0	0	0	0	0	0	0	0	0	0	0	0	0	0	0	0	0	0	0	1335.1523218925	333.599706893164	405.516588611939	682.529115529293	905.955533126322	350.112501089492	-1246.46067679852	411.421542258221	1585.45676455543	2017.65312188995	2435.05420927877	2272.51236122319	2988.08118728037	3293.86983016311	2527.69261478551	2524.60094827213	1333.1768066521	-1013.73351314688	179.472161435916	6016.59836323231
351.838	0	0	0	0	0	0	0	0	0	0	0	0	0	0	0	0	0	0	0	0	0	0	0	0	0	0	0	0	0	0	0	0	0	0	0	0	0	0	0	0	0	0	0	0	0	0	0	0	0	0	0	0	3599.69466742037	439.981308765779	612.715776809849	718.597248141627	932.272294019998	1052.43549304831	-201.558958755368	-330.928202004844	1796.02111070352	1947.48516109249	2314.40309837148	2275.38043788042	2716.79783583857	2756.89548640056	2417.30374404328	2537.09215728461	3909.20659981055	4722.6960685533	2394.83098221941	5799.40736075168	4077.71786917844
355.101	0	0	0	0	0	0	0	0	0	0	0	0	0	0	0	0	0	0	0	0	0	0	0	0	0	0	0	0	0	0	0	0	0	0	0	0	0	0	0	0	0	0	0	0	0	0	0	0	0	0	0	7508.96765931052	551.902589840523	585.772258780198	782.175133975897	944.212762547582	1120.80034803333	921.494950869819	-297.6235424848	1300.93142895031	2106.77556586894	2221.93937820973	2434.45862094106	2459.04128900767	2488.93893890468	2618.73851768586	2522.76444377312	2696.79331350747	3193.22039859722	1713.7889572192	2000.09421957347	1716.14914418284	1922.20214956349
358.367	0	0	0	0	0	0	0	0	0	0	0	0	0	0	0	0	0	0	0	0	0	0	0	0	0	0	0	0	0	0	0	0	0	0	0	0	0	0	0	0	0	0	0	0	0	0	0	0	0	0	0	1697.05931191552	560.479313833429	852.579385435277	993.03948578023	1313.08182196729	1398.251267507	544.254492026962	660.008586446049	2188.82846450507	2550.28924477329	2638.1906754157	2675.65676386291	2912.98165815288	3327.54294587397	2973.5019335752	2419.25755008851	3283.05129412795	3990.51152095745	5255.2486706458	4244.06012091938	3779.0079694993	5646.21114453255
361.634	0	0	0	0	0	0	0	0	0	0	0	0	0	0	0	0	0	0	0	0	0	0	0	0	0	0	0	0	0	0	0	0	0	0	0	0	0	0	0	0	0	0	0	0	0	0	0	0	0	0	3963.57666016342	585.10903938399	823.312031098102	1022.86716878941	1344.98244394415	1591.52071458708	1424.02117737217	623.16855563204	1850.88425703414	2706.47519757043	2726.4433499461	2817.84521232757	3104.89061198593	3178.04688974152	2958.80424520093	2827.91129136213	3038.73062017948	3329.08996520559	2882.7182118252	2017.82291156574	4471.71842169191	6885.00743896796	-1447.20507534994
364.903	0	0	0	0	0	0	0	0	0	0	0	0	0	0	0	0	0	0	0	0	0	0	0	0	0	0	0	0	0	0	0	0	0	0	0	0	0	0	0	0	0	0	0	0	0	0	0	0	0	0	731.835663168401	703.752933310545	1036.26216077838	1288.09702316375	1497.27039368597	1740.9895268219	1220.50095370155	1526.15482545924	2593.89722786677	3033.09640657392	3210.61168116199	3412.22222201607	3260.62589559811	3462.10087770112	3368.36590709067	3813.54311678597	3544.78506976818	3314.41498970784	3810.14328432045	4201.7046580916	4797.90944490914	4250.04944709145	4355.74043391244
368.174	0	0	0	0	0	0	0	0	0	0	0	0	0	0	0	0	0	0	0	0	0	0	0	0	0	0	0	0	0	0	0	0	0	0	0	0	0	0	0	0	0	0	0	0	0	0	0	0	0	1899.3893520998	629.71114626838	993.347478603012	1317.02320338725	1643.15094714224	2074.03268745636	1904.35735920553	1535.13470250281	2533.05670392554	3244.3958266013	3258.76404944335	3532.89086881161	3442.06217356763	3779.23910829881	3438.83725041516	3781.68750247997	3329.75660622299	3987.20049156214	4000.84049246897	5636.43017212227	4750.94408600117	5419.69428769858	5979.41084511312	8072.79538762384
371.446	0	0	0	0	0	0	0	0	0	0	0	0	0	0	0	0	0	0	0	0	0	0	0	0	0	0	0	0	0	0	0	0	0	0	0	0	0	0	0	0	0	0	0	0	0	0	0	0	4244.08458432673	528.150213363389	801.574659356582	1178.12884056901	1579.58383719806	1968.75685258185	2184.07854455319	1808.96132157869	2344.41077128557	3284.53730680515	3607.03043521434	3853.0729114102	4022.20919723989	3920.84902978185	4008.87503064062	4023.17911362363	3953.02932060259	4281.86271403636	4281.35663182768	4316.74280365477	4143.6621839771	4350.28223019162	4042.65130639709	5031.36948403285	7201.90572190259
374.719	0	0	0	0	0	0	0	0	0	0	0	0	0	0	0	0	0	0	0	0	0	0	0	0	0	0	0	0	0	0	0	0	0	0	0	0	0	0	0	0	0	0	0	0	0	0	0	0	759.136355947291	685.685138894348	1115.24771393331	1568.44709197621	1887.53532739027	2424.72083834761	2581.19062690475	2406.54112606625	3308.80399818562	3866.771755164	4136.30743977023	4344.51591614887	4624.01201136815	4685.62423026877	4455.98144195453	4734.55840849397	4393.66879011358	4442.28315188231	4755.46331491754	5999.20896623805	5514.38694899913	6349.91209450618	6038.98540715007	8643.22583538002	7607.67164931503
377.995	0	0	0	0	0	0	0	0	0	0	0	0	0	0	0	0	0	0	0	0	0	0	0	0	0	0	0	0	0	0	0	0	0	0	0	0	0	0	0	0	0	0	0	0	0	0	0	1945.36675265785	592.081959867375	996.241633059891	1410.3473723138	1819.59611942631	2418.52360114205	2872.23167746339	2773.27654675499	3239.73429269701	4175.13107649884	4531.02812560581	4841.38246092865	5173.52813701353	5236.09028097838	5222.7662100988	5394.70964630351	5068.22780325253	4914.59150110612	5307.83338468275	5939.3769029811	5973.6228499069	6156.48473367929	5773.73559750555	6139.25082317536	9581.33507160034	8271.59339654761
381.272	0	0	0	0	0	0	0	0	0	0	0	0	0	0	0	0	0	0	0	0	0	0	0	0	0	0	0	0	0	0	0	0	0	0	0	0	0	0	0	0	0	0	0	0	0	0	4787.34000401855	645.679028166814	874.81449930396	1264.0416542649	1713.99827098406	2340.43992916386	2869.83624114971	3120.34937147436	3136.33521565042	4158.52413913753	4766.24540725929	5142.37972633689	5593.24755253349	5657.89865082385	5809.9390939263	5763.0630526252	5742.89573723977	5611.25905309447	5817.88327835799	5333.43315396802	5670.68348486902	5990.82607054365	8028.54569986912	8163.79046601447	9740.66158758086	11757.7678672447	13536.1610328151
384.55	0	0	0	0	0	0	0	0	0	0	0	0	0	0	0	0	0	0	0	0	0	0	0	0	0	0	0	0	0	0	0	0	0	0	0	0	0	0	0	0	0	0	0	0	0	0	869.818062496537	650.914023794965	1060.90380688918	1499.71066052904	2131.39069472267	2642.2712173588	3206.67658491622	3336.63168348723	4096.03811378798	4783.02769297986	5368.99395591231	5606.96061820735	5937.16462931674	6296.35780418646	6393.54761638455	6115.66712285118	5880.13198219277	5754.03572833442	5869.15105682769	5579.62675565423	5937.17446478992	6649.01801496927	8031.99756547962	7489.17804382241	8514.33013715775	6052.9679077483	4741.80552124128
387.83	0	0	0	0	0	0	0	0	0	0	0	0	0	0	0	0	0	0	0	0	0	0	0	0	0	0	0	0	0	0	0	0	0	0	0	0	0	0	0	0	0	0	0	0	0	2265.18329973086	622.705493394091	972.886725097236	1443.22512646593	1942.46582726664	2609.23044349267	3117.7063738723	3582.26283707603	3872.26535673887	4902.04655521507	5481.39104865312	6048.490473867	6419.60432189964	6682.45287281032	7087.56977576965	7118.76100337405	7088.50937129248	6677.47964744647	6825.40710174919	6739.51649813665	6756.43498303817	6966.51470598899	8034.29168291527	9696.80666788271	9983.56225808425	11305.0447954626	10615.5220549953	13501.3951212829
391.112	0	0	0	0	0	0	0	0	0	0	0	0	0	0	0	0	0	0	0	0	0	0	0	0	0	0	0	0	0	0	0	0	0	0	0	0	0	0	0	0	0	0	0	0	5248.3344260918	612.938278497543	824.417504126505	1250.81703424274	1744.00850399097	2367.07906871264	2972.63804773044	3615.62758025222	3987.49744876931	4598.37951172723	5528.74029051256	6158.73458327034	6577.30209857476	6837.80631954227	7447.40285048803	7528.18518095032	7748.77556012384	7449.92750292015	7225.24605772142	6936.35766167678	7007.68880995017	7703.48120105602	7810.25457582063	8526.30582637047	8966.60703596921	9571.23645459836	10422.1826522616	11656.5370080189	14190.7896505106
394.395	0	0	0	0	0	0	0	0	0	0	0	0	0	0	0	0	0	0	0	0	0	0	0	0	0	0	0	0	0	0	0	0	0	0	0	0	0	0	0	0	0	0	0	0	1072.26738771555	730.026057496466	1074.0098809408	1543.5105987098	2151.01324615748	2822.86192069977	3519.52769041286	3978.57622297916	4550.25558956907	5509.8208401279	6232.09047528442	6778.61697390698	7195.94141249099	7810.37350905461	8164.36424783961	8419.52862464453	8284.46491330229	8315.87543917238	8162.13493864896	7727.52290499526	7857.72969515322	8131.74044054057	8481.85328260127	9341.75318381465	11268.592190836	11252.4080348347	13922.4141275355	16925.8433660009	15684.5624249395
397.679	0	0	0	0	0	0	0	0	0	0	0	0	0	0	0	0	0	0	0	0	0	0	0	0	0	0	0	0	0	0	0	0	0	0	0	0	0	0	0	0	0	0	0	2918.90860227566	617.393522181964	895.403095958863	1319.86393891768	1830.13992901829	2562.06705188332	3224.28723768164	3876.55158995911	4432.36928989701	5232.92887046943	6121.6405242761	6888.343053655	7432.47802269026	7783.53586590468	8445.95774659323	8728.80699441733	8810.39790023078	8936.97121785533	8629.72104643628	8250.3641199366	8125.2250939015	8059.2341465138	8186.81025115471	8794.19999382071	9793.22330968943	11098.4401191205	12750.127441978	13556.4565190544	14892.372319346	11923.3753184548
400.965	0	0	0	0	0	0	0	0	0	0	0	0	0	0	0	0	0	0	0	0	0	0	0	0	0	0	0	0	0	0	0	0	0	0	0	0	0	0	0	0	0	0	4915.2359754254	634.350446340027	790.847302161987	1156.0139424064	1625.06280965598	2183.10078084637	2984.16456931889	3755.74048207786	4356.39190405717	4993.6904716641	5954.36699413913	6780.99943987464	7426.1188430308	8026.09164837671	8589.62017443082	9009.62684468301	9238.56699365729	9558.36117892166	9409.66028113342	9450.38654770283	8999.45484059429	8539.46426094282	8414.98048262399	8463.93439006943	9024.65526619925	10118.6658672319	10772.2739810082	12155.0571588453	15531.5207964691	14373.6175322371	16875.5287558017
404.253	0	0	0	0	0	0	0	0	0	0	0	0	0	0	0	0	0	0	0	0	0	0	0	0	0	0	0	0	0	0	0	0	0	0	0	0	0	0	0	0	0	0	1027.92025624333	731.623052195593	1051.63380451015	1400.77255833702	1946.29132526569	2608.08974336985	3414.49977086185	4290.70605262762	4753.13529856031	5693.85473027812	6663.52863717101	7449.18357241415	8042.53766484836	8669.49852570189	9215.17846349851	9630.2688907855	10033.6764211515	10159.6912187696	10103.8253065055	10065.7570519493	9278.79552829508	9207.74488166932	9071.74126576779	9297.10931649677	9691.63217058444	11160.46961634	12722.1948026112	14057.8379708448	14345.403288475	15664.0211507747	15751.6167878621
407.542	0	0	0	0	0	0	0	0	0	0	0	0	0	0	0	0	0	0	0	0	0	0	0	0	0	0	0	0	0	0	0	0	0	0	0	0	0	0	0	0	0	2779.91253951203	607.567328632373	939.058759876765	1265.49176111079	1717.07780094886	2304.82421333605	3055.16462936476	3960.59813136938	4732.08620719916	5349.05326566306	6412.77104145211	7334.11667742535	8073.74637136777	8743.04223852829	9395.62359388603	9939.186978091	10334.0734766412	10563.8514603101	10917.1467723711	10526.6555326045	10309.8826090201	9965.45125215561	9416.99643765175	9582.9238265744	9747.3490163522	10735.9033103715	11716.884785221	12541.4574453059	14492.2278533291	16306.3496080102	18668.9647694562	18598.3384925639
410.832	0	0	0	0	0	0	0	0	0	0	0	0	0	0	0	0	0	0	0	0	0	0	0	0	0	0	0	0	0	0	0	0	0	0	0	0	0	0	0	0	5950.41276486698	646.959535359389	769.969267744053	1096.15174703968	1498.56035228009	1977.31800367883	2647.68469691123	3485.70080252906	4368.47000297559	5072.30814236195	5963.4037602662	6870.136070481	7804.42419345164	8528.74204753017	9217.54596477722	9819.13294870328	10201.8554437519	10867.6102279579	11073.772014348	11185.9998540087	11176.2822596702	10426.5730672196	10266.5698891409	9829.4128484848	9620.02463648241	10037.5595101591	10350.18656318	11983.9607910589	13760.9673774048	14534.2401000537	15918.6404229191	17083.5831953423	17296.9650879443
414.124	0	0	0	0	0	0	0	0	0	0	0	0	0	0	0	0	0	0	0	0	0	0	0	0	0	0	0	0	0	0	0	0	0	0	0	0	0	0	0	0	1259.33199351543	649.13279824465	941.663700808119	1274.43184497389	1778.70161707692	2327.71470645383	3062.70582086282	3859.18523596369	4763.21924645592	5589.63058340059	6695.8210661599	7554.86679385429	8359.06949963485	9103.06976458168	9816.89538784409	10453.0396936924	10949.5257575418	11340.7387834924	11433.9022155537	11441.0149664598	11190.289659837	10824.9153354109	10385.946832456	10104.8279282679	10082.8808581933	10343.2107204911	11148.2884090827	12870.0774756904	13936.1093219764	15651.7485907322	18480.2172237433	17845.5731615358	20770.1144793768
417.417	0	0	0	0	0	0	0	0	0	0	0	0	0	0	0	0	0	0	0	0	0	0	0	0	0	0	0	0	0	0	0	0	0	0	0	0	0	0	0	3092.74106387841	559.457876830586	812.775411700207	1149.35037019582	1607.97035276557	2114.51573198159	2681.83829036788	3427.00391535503	4259.54825275461	5171.96670580035	6203.74888695421	7126.93494086457	8027.39682338392	8918.17166580738	9670.65691620979	10363.7373851106	10928.0716065346	11428.5315134339	11742.1013713825	11859.3246318237	11916.6813827253	11506.1377603	11275.9731924952	10658.874841989	10384.5087844178	10517.594930907	10859.5559813532	11840.3753227496	13721.181970571	15328.5186240271	17337.47103202	18274.2393798647	19821.7093343257	20109.7144763967
420.711	0	0	0	0	0	0	0	0	0	0	0	0	0	0	0	0	0	0	0	0	0	0	0	0	0	0	0	0	0	0	0	0	0	0	0	0	0	0	5491.62292352155	599.194027393157	698.626351714825	1030.91767996025	1433.92036096112	1835.79886689837	2399.11808281312	3014.86954000203	3721.28196443822	4670.27193837152	5554.11146845241	6742.16572000768	7615.13888569565	8471.19629230958	9348.93861400923	10028.6978361268	10802.6723555819	11342.0119357148	11781.2474103956	12193.7190704587	12236.2373281285	12140.3077350216	11903.8659816675	11376.636134369	10706.8312118443	10674.4158169162	10727.0503722724	11011.427085713	12009.5092237589	13892.3273585732	15570.692194825	17212.2390760779	18731.0288693669	19182.5967200574	21224.4513558556
424.007	0	0	0	0	0	0	0	0	0	0	0	0	0	0	0	0	0	0	0	0	0	0	0	0	0	0	0	0	0	0	0	0	0	0	0	0	0	0	1321.51402208541	598.869983282621	834.350388785452	1205.45305067347	1641.76693032588	2117.67445170453	2717.49634715927	3395.19728366212	4112.25350697066	5002.77334569894	6114.091452545	7254.37674241739	8173.76023657806	8869.47284694368	9831.34741401593	10667.1373047317	11266.0348970092	11817.1121012256	12191.1500083824	12515.296783751	12601.2152068252	12489.9020517032	12263.9947519795	11638.244495064	11233.2351414054	10837.2730753214	11053.9741879943	11258.96882895	13090.7572843605	13815.0385974255	16423.585536943	17804.3325482395	19259.0682285802	22119.4996878725	22277.5844138985
427.304	0	0	0	0	0	0	0	0	0	0	0	0	0	0	0	0	0	0	0	0	0	0	0	0	0	0	0	0	0	0	0	0	0	0	0	0	0	2724.23352100053	484.837126485172	708.545940662898	1035.05600944946	1413.66507266792	1887.71715236172	2388.56097228926	3011.91396580488	3662.60778121578	4422.93575889795	5323.18205237819	6615.51592243539	7656.47421871809	8524.26126197704	9385.41966159609	10314.1186769846	11025.4699230549	11662.7945220524	12274.540772037	12620.0857226371	12732.521285093	12870.8258082086	12548.4037645446	12323.5334787403	11801.0916020935	11130.829414824	10939.7283303062	11076.8345567974	11602.4013692474	12739.2938219999	14267.4335530632	16041.0930555082	17800.369226284	18373.1649277975	18879.1736700772	16950.4528844417
430.602	0	0	0	0	0	0	0	0	0	0	0	0	0	0	0	0	0	0	0	0	0	0	0	0	0	0	0	0	0	0	0	0	0	0	0	0	3828.03503841159	641.31887151286	656.619680890911	879.260857707702	1251.21720770936	1704.64605015611	2140.85247767504	2714.56559110435	3361.11132323628	4057.50307648545	4817.97963620175	5891.32781794035	7066.21305023276	8086.69375157351	8962.41544615996	9859.18049575654	10656.7893091704	11480.5636980601	12151.1031391599	12567.5069387628	12969.4000029333	13111.4392328792	13122.8171837739	12927.8607024718	12431.237685783	11973.5869257151	11464.8883648453	11410.8024434461	11515.4761410832	11984.0794840825	13431.7299461287	14998.5764114576	16621.3943941955	19859.8696992622	20915.607043502	22417.1189954744	24437.3678703557
433.902	0	0	0	0	0	0	0	0	0	0	0	0	0	0	0	0	0	0	0	0	0	0	0	0	0	0	0	0	0	0	0	0	0	0	0	0	900.517349581156	531.434315863075	778.389715119002	1026.30396994987	1435.88394310437	1885.98499400068	2423.7804442744	3013.69421119311	3608.58735040011	4350.53557346647	5168.02401300268	6284.70785528132	7432.51912306679	8496.40420100614	9404.18352612739	10241.5043815228	11070.5934883454	11806.9837499785	12494.1149282358	13027.1991140615	13240.5793317723	13342.0836312138	13309.4119955016	13104.4237174075	12709.1810586908	12358.823391471	11728.484759725	11794.7700330433	11582.2470185022	12529.7904347197	13514.1690992731	15543.5717282037	17742.398700007	18670.1952973885	20240.393582079	22710.0918664224	25014.754353846
437.202	0	0	0	0	0	0	0	0	0	0	0	0	0	0	0	0	0	0	0	0	0	0	0	0	0	0	0	0	0	0	0	0	0	0	0	2065.70311598831	472.893291731107	692.814809971588	922.732267875045	1243.81841837946	1647.61920141592	2159.58962683654	2691.72205700441	3321.32187707235	3963.41720441223	4651.29134861526	5581.00204956992	6717.69026127532	7898.81260304319	8931.80484888907	9830.99791067085	10610.0742669673	11545.9482462026	12298.7683832169	12832.0634851824	13308.9430155313	13562.524912045	13613.5571344643	13533.2067518174	13336.9376279419	12799.9468002096	12293.7031422148	11855.7498943867	11872.1288123279	12262.5269615464	12617.8595275715	14205.6755791398	15762.4645559811	18182.7371142583	19287.5377412918	21994.6995347869	23783.376670454	23544.6050402294
440.505	0	0	0	0	0	0	0	0	0	0	0	0	0	0	0	0	0	0	0	0	0	0	0	0	0	0	0	0	0	0	0	0	0	0	3718.6795526025	510.708396325111	584.401122170128	816.286143995938	1075.1431708504	1476.83811188398	1890.37469518723	2376.23721945091	2945.05194106113	3605.89469628207	4222.83503236005	4959.62208951928	5877.36031213365	7047.91694353969	8216.93895142206	9250.93738820628	10168.4192956555	11061.9321258515	11863.3714173618	12748.1340703016	13265.2746188537	13647.0043975977	13735.9052007046	13806.520923068	13588.6932765737	13476.0373177316	12979.7904811224	12329.2149073057	12042.6525838439	11968.8647571774	12198.639489614	12625.6956735386	14125.6595030926	15937.8254350614	18137.8342980982	19521.2144307163	21769.4026813069	23508.5258291465	23933.1995371615
443.808	0	0	0	0	0	0	0	0	0	0	0	0	0	0	0	0	0	0	0	0	0	0	0	0	0	0	0	0	0	0	0	0	0	0	881.128595096589	494.709365343335	717.111192063797	953.620244929743	1257.95880241574	1636.22045813597	2127.94701782527	2641.84298624197	3188.04529059786	3834.24730524545	4492.70394159382	5253.29156024392	6149.40042377856	7295.04944709847	8458.87682480079	9565.14957175859	10360.2083883721	11228.7628643409	12131.9647303081	12764.2277570025	13361.1916199491	13751.3601411743	13903.4589004616	13957.4951923488	13748.6330603372	13419.4977568259	12678.8389344359	12424.1434671412	11845.0823169664	12135.8366588399	12082.2017569484	13197.3659338269	14165.2842882304	16489.7569479521	17556.4060610751	20620.3346019417	21724.7368622273	19238.4128034756	20620.5670773389
447.112	0	0	0	0	0	0	0	0	0	0	0	0	0	0	0	0	0	0	0	0	0	0	0	0	0	0	0	0	0	0	0	0	0	2135.71675306862	481.800501600594	649.021763840265	862.799532813009	1118.20551437284	1434.98763937513	1875.34253923957	2314.16434497429	2853.20139664771	3458.32678467522	4108.69395143367	4778.81999890514	5546.6616457836	6455.40875638174	7557.99044669562	8814.81722697313	9725.7477814104	10630.9211354996	11456.4861125518	12382.9381073974	12933.0112647093	13435.4895812998	13910.6868067592	14046.2042073327	13856.7568274499	13687.3329727351	13451.2281394263	12931.0748747664	12490.7072836662	12023.9885010141	12115.6805528979	12452.6158416809	13246.3702729889	14969.7162354054	16730.4302727201	18348.54511018	20971.439648514	22640.4016370943	22602.2065720261	26278.841226656
450.418	0	0	0	0	0	0	0	0	0	0	0	0	0	0	0	0	0	0	0	0	0	0	0	0	0	0	0	0	0	0	0	0	6047.57381479696	483.636287407781	547.938104426225	746.987243731035	975.303830969771	1268.35480976851	1606.7871363538	2030.36111003253	2581.69918708591	3081.62858168178	3640.8662016048	4245.65512262471	5003.18853119249	5754.96192355285	6649.67324084509	7770.34652102166	8920.56738314681	9899.65851410354	10675.9826849589	11578.1201227117	12414.8963314382	12974.788665892	13526.3493629347	13759.9128905495	13844.9440354295	13721.2732180315	13718.9727328002	13276.1011209326	12840.0116231141	12253.7159137514	12111.8290188425	12072.8892344179	12375.7587289601	13373.5804382441	14569.8372436124	16831.5908011775	18910.4875049603	20464.3811425104	21249.7925541248	20720.2825493589	24512.7881882801
453.725	0	0	0	0	0	0	0	0	0	0	0	0	0	0	0	0	0	0	0	0	0	0	0	0	0	0	0	0	0	0	0	0	1251.93001556007	490.980429820688	668.225225470682	872.362303099165	1127.79989749224	1448.86192567344	1784.49429834976	2252.01405650498	2750.48986226199	3338.9869850245	3759.30937354315	4498.2067681541	5204.52434215597	5947.90365858322	6824.86791428063	7866.33633915486	9033.10869431743	10105.814827229	10844.7008179273	11631.6586805796	12438.6703612276	13042.7793725203	13578.9400645583	13736.4985529636	13944.4731370785	13815.5924215198	13430.5207709512	13210.9964409008	12741.1694040607	12391.9103255753	12078.2255885958	12183.7033353781	12658.1306826795	13412.3042454873	15187.8668951428	16819.5578535963	18310.6987938591	20341.9091620479	21578.8185577835	22765.2902413822	22736.7232305323
457.033	0	0	0	0	0	0	0	0	0	0	0	0	0	0	0	0	0	0	0	0	0	0	0	0	0	0	0	0	0	0	0	1998.62947912681	406.143090922651	564.591658832584	752.775885194145	975.704445438989	1268.7412088717	1573.08703670652	1941.57147315007	2388.24421015323	2947.48051326896	3495.78669159953	4029.6620074299	4680.54150811022	5402.80231714955	6098.00791948357	6946.53971199122	7998.40885791433	9183.49234260094	10126.8111876192	10924.172790264	11727.9010485906	12443.9791835724	13057.0348482666	13564.7071008119	13762.9533010929	13606.923047265	13584.8720204869	13443.7846255063	12993.5517042797	12561.6332272587	12185.192595933	11995.3234312725	12045.3869446017	12258.6322610781	13449.3558819853	14588.4451662613	16546.2865201073	17900.4426391163	20236.2966702912	20778.9372394897	20767.062557926	20987.7867145484
460.342	0	0	0	0	0	0	0	0	0	0	0	0	0	0	0	0	0	0	0	0	0	0	0	0	0	0	0	0	0	0	3675.63431288283	467.56603610855	521.201312701697	682.449296106424	900.090855903913	1130.27866096002	1415.91868230569	1740.78543375019	2132.23213345449	2600.6555891341	3107.65743292043	3610.7536022913	4206.72793727185	4876.61385083677	5583.98094716722	6286.92869675293	7028.0434680877	8146.83675316843	9201.94853601588	10205.3376369998	11001.8471661057	11635.2669928966	12428.1925837756	13033.2610014505	13381.0889829354	13582.1455448853	13672.3264499424	13586.5779657615	13257.5659170181	12930.391206348	12431.0244965433	12203.9353907275	11871.796430246	12146.6530762109	12676.9029434226	13637.4073649976	14847.6879571069	17374.1164397615	18244.6733150593	21127.7322459075	21399.088831325	20724.8065416899	0
463.652	0	0	0	0	0	0	0	0	0	0	0	0	0	0	0	0	0	0	0	0	0	0	0	0	0	0	0	0	0	0	827.046512887773	458.597049786687	596.040572102189	778.611861657598	1026.19502940331	1282.66176066958	1587.73382945626	1915.55498931947	2297.73565666559	2738.72063327459	3285.46013364365	3766.89593228492	4383.6953348645	5042.41087841291	5673.55147269752	6353.79203645964	7167.33527694851	8150.84475604674	9298.44502357355	10111.9320934128	10928.4154654445	11686.291612635	12334.6851230003	12946.0226431818	13214.4172068743	13415.6737761149	13356.5364211549	13238.2030925426	13010.0307277994	12632.8935541257	12341.1508179123	12077.5083206798	11785.4642567733	12158.5917438795	12417.1757451645	13718.7934941371	15344.7809537495	17116.3974988133	18461.0952824966	19970.7541179498	22471.0901184934	22225.5746351522	0
466.964	0	0	0	0	0	0	0	0	0	0	0	0	0	0	0	0	0	0	0	0	0	0	0	0	0	0	0	0	0	1638.51464115517	407.299648889443	529.232599340846	699.89240147558	890.940022572965	1149.47694428029	1408.14703147956	1686.30009021524	2107.79658043684	2461.41192761163	2881.39177191921	3397.35524146146	3953.7941443331	4520.22860731132	5108.43878611377	5754.70234531225	6410.37050638182	7216.05662472522	8174.03739801079	9220.49155222856	10074.5667310426	10859.803031008	11538.2419428255	12213.3311661601	12748.581639066	12956.3630900912	13122.2892585277	13011.1415326756	12946.8124497844	12750.8900638288	12403.5349774636	12024.6907017166	11829.5381799211	11598.9683725402	11912.6476153076	12770.1787279327	13556.8347121247	14722.7115400453	16779.7626412254	19162.9516263264	20701.830439955	20982.4095723181	22532.7957403385	0
470.276	0	0	0	0	0	0	0	0	0	0	0	0	0	0	0	0	0	0	0	0	0	0	0	0	0	0	0	0	2624.32539143308	387.196127157352	448.541399804644	605.395003888117	809.255078657633	1017.02430143854	1267.69569616751	1537.22061623645	1837.22716193548	2192.15050811973	2576.54958255682	3051.79256542296	3489.08632438653	4069.78889728662	4578.55827595673	5191.80160795559	5807.21210468397	6412.32192747329	7176.56213919329	8147.58986198281	9218.72012902327	10080.4997297439	10760.0848303012	11314.3643244051	11893.326813495	12344.806620377	12612.3236108844	12806.7676508789	12718.530249066	12625.6970124872	12323.4426521342	12153.0081148565	11788.4879778266	11500.8936821092	11469.3774237949	11654.9520528779	12070.2321055243	12996.9623165629	14885.2242245544	15794.623994352	18197.4710046404	18821.7000751838	19097.773191283	0	0
473.59	0	0	0	0	0	0	0	0	0	0	0	0	0	0	0	0	0	0	0	0	0	0	0	0	0	0	0	0	602.523417262071	429.004902689798	569.283996641188	718.619196095523	894.312339993779	1111.71079476601	1362.60759733438	1669.21989454916	1996.05331104077	2336.03391836004	2716.47538275424	3135.99360104569	3623.7280391455	4211.52156292141	4781.86500549466	5301.82400806232	5940.03082929602	6521.89768103747	7221.86914200172	8170.8721411393	9122.01385997578	9934.47997899088	10625.4908313504	11168.8109572146	11725.7907416343	12258.4357260172	12545.0173222506	12569.1178969979	12514.4921438577	12428.4817564165	12211.1624109487	11888.8560805047	11618.2220699388	11381.1037843569	11466.7237124981	12015.2114221434	12440.3850526059	13472.8725509341	15080.7383998509	17197.3336691414	18366.2140107287	19799.5417240217	19486.1846288634	0	0
476.904	0	0	0	0	0	0	0	0	0	0	0	0	0	0	0	0	0	0	0	0	0	0	0	0	0	0	0	1309.41576368667	372.958973043122	502.943997101559	656.784974886402	825.656843314586	1007.16228394459	1268.75572644674	1499.19642896369	1807.85075541144	2121.27933694871	2468.90403663618	2842.34206007229	3256.40695513327	3748.05657957415	4287.23532473423	4830.56427781623	5366.41921162354	5924.40158092216	6486.51111123766	7136.17773350826	8075.69093381273	8998.47109953727	9831.78176574329	10426.8173025814	11072.1613461356	11611.8772021416	11949.6381456405	12202.2843265912	12308.9534500242	12254.0737053979	12125.9066032886	11819.9054549812	11631.1200338197	11431.1642974427	11294.0558185239	11426.4234114831	11554.653934429	12278.6740140582	13422.0388340368	14826.8319166647	16590.9792851954	17832.2771589568	20213.0065243734	21337.7972089927	0	0
480.22	0	0	0	0	0	0	0	0	0	0	0	0	0	0	0	0	0	0	0	0	0	0	0	0	0	0	2453.82769865429	363.562390956441	433.156574368642	562.792731234585	716.397411379535	887.441664681012	1092.3815863009	1334.94614445699	1584.34371632086	1876.8325367493	2198.58451227415	2523.43212465969	2941.14758548855	3310.85936595921	3794.74488093702	4316.00285564014	4854.04352652007	5326.17228715199	5871.22926133665	6456.46343571029	7089.96038244894	7930.48732679827	8934.29370572614	9627.35945902469	10178.9800592028	10769.5014701203	11220.9322745251	11660.483803095	11859.4383420251	11878.3513726843	11814.2279825738	11634.9729574207	11489.2116726195	11349.8985161855	11152.6343447851	11013.2444344666	10998.9782067042	11456.0155091271	12043.5829704052	13265.6528773327	14748.5819100996	16026.5491338304	17444.1022442344	17972.3346929439	0	0	0
483.536	0	0	0	0	0	0	0	0	0	0	0	0	0	0	0	0	0	0	0	0	0	0	0	0	0	0	587.484226184255	411.015739702353	520.2000495317	656.399218214449	821.964035343081	1001.0994339342	1204.17124148469	1481.06610891925	1718.0548477855	2005.63417012033	2341.26553542261	2654.5112279604	3029.26496785161	3440.44719711125	3917.52333823153	4469.25153887795	4923.88172611851	5433.22530159262	5932.26996162306	6492.15962395775	7111.1539686949	7931.54351666774	8833.80065760794	9599.67418549978	10090.4824333883	10653.2056150251	11049.7946484518	11425.7830067962	11593.4907678	11574.8205344379	11562.103283636	11567.4553510866	11370.688738126	11048.0741900495	10953.2725551763	10829.9390542964	10923.1835086801	11443.3311221029	12121.5454492858	13034.8926218238	14656.9781859237	16560.5477153937	18023.1163490556	19594.6571582175	0	0	0
486.853	0	0	0	0	0	0	0	0	0	0	0	0	0	0	0	0	0	0	0	0	0	0	0	0	0	1130.92372518321	359.061663373532	457.775100043246	577.896057161816	729.924243208195	880.878411948532	1083.35278043971	1304.39181462125	1543.32647769123	1822.1201264147	2124.36699552077	2408.88388865089	2731.33417785165	3129.96740073656	3491.43999171558	4001.60469219814	4451.73486651031	4923.86117474337	5369.97355137754	5850.66300436634	6456.27426575	7017.14390115144	7852.85619207307	8670.7881007931	9357.29734092067	9829.68382446845	10303.384078081	10736.1802326013	11082.6588219779	11259.8488973296	11191.8066942424	11225.7528706597	11015.4690165258	10932.9288255885	10910.1613257984	10526.4426856247	10607.0163566167	10812.5320164766	11277.1630054775	11741.5255574061	12263.4269250764	14331.9032888082	15722.9050370979	16903.646585799	17528.321400038	0	0	0
490.172	0	0	0	0	0	0	0	0	0	0	0	0	0	0	0	0	0	0	0	0	0	0	0	0	2058.03979901421	361.801773248042	428.376746455129	552.064320979902	662.513604710149	819.138570345392	1000.96638910315	1206.20530920008	1402.3354882019	1674.80535514241	1911.15416634126	2206.08771962872	2506.82311828942	2831.79406589759	3208.16244733208	3614.9709489722	4021.56033648361	4521.19039954129	4979.29653780705	5446.9025532668	5902.20497306197	6396.02096617407	6997.258722241	7770.47036688733	8615.1795150278	9309.68051573588	9652.84530596414	10132.2673868165	10567.1489971452	10826.5271667339	11033.3645459227	10964.5380502521	11016.2873985619	10783.0211488583	10692.8343212533	10630.0782571138	10550.2619719005	10456.7010597885	10634.0339318902	11232.8908409904	11788.2619791766	13021.7335513645	14423.5868590084	16175.6425731752	16873.5687692273	0	0	0	0
493.491	0	0	0	0	0	0	0	0	0	0	0	0	0	0	0	0	0	0	0	0	0	0	0	0	548.860429782421	396.11901395698	506.828253353661	620.909209346259	749.582930452653	900.304574907176	1071.93532893536	1269.04945662614	1478.65115769416	1722.96468731093	2032.95009383607	2300.96246888066	2566.62815578472	2869.62499292502	3252.29636456442	3643.04601670821	4032.51128140178	4503.2639799813	4926.61446575863	5406.19788707905	5831.26341464321	6296.19181306445	6865.49217245874	7583.59156763525	8405.18810361975	8944.42915690255	9386.06723461675	9881.9349946525	10223.3141098199	10500.4964513385	10574.095357159	10712.4098837846	10659.9808935518	10448.6280851659	10273.7273757954	10283.0697682371	10241.92563643	10264.8418344683	10543.5304000146	10898.1683934612	11730.6537562945	12607.4400106929	14165.4379291399	15553.4614065893	16702.9489938497	0	0	0	0
496.811	0	0	0	0	0	0	0	0	0	0	0	0	0	0	0	0	0	0	0	0	0	0	0	1170.27000807271	356.180386060342	458.905049989732	569.065739981787	686.851148405615	793.398956207989	971.235191344981	1147.27434408524	1311.94387202402	1551.14985530176	1758.43139836689	2069.28645524811	2351.20017934235	2610.47569424364	2961.46098448352	3270.15965289512	3693.16264809419	4059.34391831163	4519.64904931002	4873.52954634002	5325.7768852057	5746.3526882464	6167.6765512478	6760.63484035201	7508.4524812314	8188.00930070354	8770.35474178067	9193.97068367582	9447.40416055015	9916.28167684028	10188.8027291335	10230.1161029508	10178.2777668096	10231.3293762262	10127.0886009764	9930.17463840109	9885.7886875875	9853.74711777412	9929.46204706768	10180.525934753	10797.9395409269	11499.8000443133	12491.206161304	13612.25366514	14865.2178763396	16046.310377326	0	0	0	0
500.132	0	0	0	0	0	0	0	0	0	0	0	0	0	0	0	0	0	0	0	0	0	0	1809.0246367146	382.011910336393	454.322620741521	533.30432288043	638.670642188722	762.832470230609	885.227052618556	1048.71730309011	1233.17993633465	1419.93777577248	1605.20736945719	1884.67059741583	2099.09397732309	2393.60820975533	2663.12860585303	2977.67985177949	3320.90617275925	3675.52839191913	4032.85636592227	4514.77905784245	4872.0420270079	5263.0198799363	5666.04857209197	6050.04994681698	6590.5436296234	7274.97325996052	7940.49296362618	8534.65168258717	8840.72771536437	9242.10154422342	9606.4504497425	9786.46517513423	9914.29760308333	9993.64498827813	9902.26981681927	9829.68024023114	9607.03557747038	9622.82814069635	9548.04193898635	9621.19605964287	10073.8283291548	10559.5036794135	11117.2219446405	12060.4734292413	13558.9258736555	15243.8211845302	0	0	0	0	14697.6694388064
503.454	0	0	0	0	0	0	0	0	0	0	0	0	0	0	0	0	0	0	0	0	0	0	529.926839367682	436.628490404015	482.660890454404	574.522055582395	703.513370808824	821.174463831837	946.655417473734	1093.05707371527	1269.36144289819	1455.29867828161	1643.49815461728	1883.5149047024	2112.42337136754	2366.81331007631	2661.56940149404	2988.16100201746	3309.15420914529	3639.84803423793	4000.34056996139	4355.84599820633	4788.42494133578	5099.05626688733	5479.76469607673	5862.94994459632	6319.61114421104	6969.81106290214	7652.00796930952	8082.07538080298	8476.10721890309	8828.14275411576	9086.54057762269	9273.81460890966	9441.4182101316	9322.92163873082	9365.11611778964	9240.63127019614	9262.8159604881	9157.26141679375	9317.72773862944	9193.27531164725	9658.84128244708	10036.7309933052	10893.788059516	11628.2506144829	13117.5577001574	14231.4957362551	0	0	0	0	17100.5097820709
506.777	0	0	0	0	0	0	0	0	0	0	0	0	0	0	0	0	0	0	0	0	0	1012.48843607643	406.582482653878	478.625154208018	576.24071610948	650.593237522037	772.757779498009	881.644229982524	986.742119964738	1152.33388592104	1328.64831181813	1479.3331611628	1694.09519961329	1917.63254781446	2125.86420504085	2376.42262519701	2645.13160092539	2943.35527786525	3219.78612344658	3588.17960527005	3882.82256213511	4242.3673276394	4607.45157660406	4930.45755868829	5322.2387806222	5678.95131512212	6127.32726945713	6725.13264098513	7330.98206617804	7831.25729999433	8140.68509185035	8408.89454500609	8646.42243893543	8932.4678421596	8906.68528999583	8880.34526318392	8929.38713125728	8871.93272903064	8772.82441137572	8708.6274582956	8825.20525152756	8932.26070062658	9191.7796399535	9892.08022001683	10431.0613162583	11408.9000243477	12713.987591383	13741.0672945891	0	0	0	0	17417.9056971159
510.101	0	0	0	0	0	0	0	0	0	0	0	0	0	0	0	0	0	0	0	0	1640.12454769263	409.233652757043	478.529612921355	548.911773827009	633.936847964317	713.663710949766	807.348873606099	930.781662251731	1042.40421163574	1199.57827509948	1354.79124079588	1543.02333835162	1686.91526804717	1899.11985244861	2146.78108608566	2394.69481337396	2601.90780544804	2947.36533103371	3234.12213092511	3514.75846816381	3817.48711348804	4162.71680271886	4486.14602972329	4780.89770304452	5179.13663477926	5507.92824307174	5888.23864286492	6456.19446506789	7081.59379883129	7514.3343709353	7835.62659538346	8016.15888714752	8266.62655100874	8406.72208559823	8457.6751788096	8482.95394700945	8467.45630905625	8372.43694140645	8387.4015614449	8343.63225961107	8507.189447087	8676.18609643242	8846.29930769484	9480.67639370648	10084.9625558203	10946.1195877052	12276.3572147277	0	0	0	0	15607.4331889738	17237.2389702807
513.425	0	0	0	0	0	0	0	0	0	0	0	0	0	0	0	0	0	0	0	0	518.666434978395	455.926352567849	534.446594392507	597.967970727679	695.956601606952	765.490212326742	869.032194707967	964.406799815447	1097.14432302934	1245.66648729778	1380.62331231588	1539.37419752774	1727.46837078394	1928.81721646878	2154.25320802665	2394.06384363881	2635.71592278881	2896.50827639779	3149.76076566329	3458.89365082725	3794.77622741211	4122.20417169176	4398.52018101319	4718.32706661363	5008.70659315622	5334.6179319684	5736.45628091663	6270.26653630297	6787.58952509687	7233.49777054092	7493.58137193963	7715.33909767131	7964.07957926518	8043.95532587148	8116.78177167009	8171.6795933183	8099.30038216689	8122.01983942223	8042.56718646941	8225.15286951158	8186.46343804773	8388.34104929188	8498.84090537657	9080.53860943127	9901.17616185844	10666.9166750341	11935.4356859865	0	0	0	0	14645.4690069487	16352.5802741062
516.751	0	0	0	0	0	0	0	0	0	0	0	0	0	0	0	0	0	0	0	863.367716969732	398.612428547227	506.209759088639	572.069524607579	653.342926034977	737.900579277115	816.829558489449	927.599477186141	1027.16187688524	1133.07841681465	1277.57571172221	1442.66516925994	1607.49806415539	1765.76376338462	1943.48783422873	2159.18989686479	2383.80702920176	2653.1588444703	2899.79447620939	3180.97704324236	3430.78964132096	3717.19574179345	4048.84322266357	4315.07101567343	4630.81304766033	4861.42015051425	5241.81655304236	5616.79944039057	6089.01304976887	6599.70575219646	7073.81982396048	7305.20246179145	7528.88852004384	7674.53352843755	7847.55033595499	7943.01029609546	7927.5055591551	7872.00824403409	7838.74952009081	7825.31363071343	8059.62201988155	7995.68828878029	8161.06295540908	8575.37193098047	8957.69767184614	9750.37157143612	10195.8918331096	11363.4852384841	0	0	0	0	13933.3926797676	12834.3268582027
520.077	0	0	0	0	0	0	0	0	0	0	0	0	0	0	0	0	0	0	1704.15144527658	382.789056661766	454.305142032259	569.840504138403	630.273074043595	724.118893904416	782.972386973966	875.368287653844	990.455608746962	1081.37930727137	1214.81204538758	1338.07444353119	1501.4540136645	1637.23327941996	1783.25621613461	1988.79600589991	2192.03243748008	2466.99039134115	2686.9856292551	2908.43028783489	3164.66434297445	3467.96435595248	3719.382722349	4025.7104319899	4300.42409079098	4524.0138585886	4821.59941256029	5157.40727070009	5491.19642110992	6006.39227260675	6477.77440916281	6851.32315798045	7066.86926589986	7335.50701300571	7509.126087851	7696.72892261409	7673.09143558088	7652.08153576444	7698.55980439636	7715.5799236434	7560.57483172793	7786.16253110126	7788.88733383294	8104.67224201303	8298.50946983337	9032.93462956183	9538.75339092585	10395.5554875364	0	0	0	0	14863.7700408957	14362.1428654496	16323.1660322209
523.403	0	0	0	0	0	0	0	0	0	0	0	0	0	0	0	0	0	0	484.19590391002	378.607103152752	495.343198119159	591.220652478622	681.409561910946	744.699572571983	821.630887768122	909.701451714958	1014.29599735942	1129.7179935187	1206.54630965885	1369.11928856592	1522.58954024256	1636.85740030844	1809.70935054646	2025.93571868913	2217.71054251625	2439.66701853726	2655.8626532379	2881.9686468751	3122.77900599774	3361.23108422075	3648.22433080432	3941.77328346896	4173.59889990558	4472.37101958727	4763.0904840888	4976.98679838896	5346.67198165534	5815.42453142197	6307.95552813124	6675.89162680259	6883.78130886608	7081.67986118919	7212.21844310519	7312.68028045779	7447.60258709706	7509.98180214456	7319.59514345824	7336.73918700007	7448.43400561908	7629.23119869884	7621.26404459483	7632.782475431	8121.69605659654	8631.81301700096	9187.57548176706	9857.66544841039	0	0	0	0	13396.5182637793	14507.8681131509	13243.0432754455
526.731	0	0	0	0	0	0	0	0	0	0	0	0	0	0	0	0	0	869.646331414602	331.305068691117	418.680857161333	493.912296016714	606.636442623354	675.599906075681	756.088489106646	850.903219267492	938.205891589456	1022.94703416816	1121.26163460481	1218.17498680313	1347.9286105749	1484.63970888689	1632.54832356475	1774.4443018547	1964.66748091378	2114.91684078367	2361.68286480955	2553.18713773933	2832.41402982391	3054.01286783731	3236.61010773132	3524.49067394182	3781.48436524783	4016.81634883237	4262.24277670287	4541.29043663033	4730.96038357598	5103.19212444661	5563.25562640775	5969.01921778155	6282.46893741785	6447.39693270883	6647.3192125015	6846.10665587637	6993.62961887438	6952.41978860382	6958.51118539545	6919.2010182422	7012.10742229561	7072.65012944316	7095.77455586743	7091.23787955244	7314.74388092021	7752.61730848841	8333.83067077171	8880.30669517346	9538.77635903583	0	0	0	0	12278.2753921011	13170.9013526723	12423.2819805934
530.059	0	0	0	0	0	0	0	0	0	0	0	0	0	0	0	0	1609.24123837586	287.606206399526	350.143219556275	449.661879088616	528.483761519614	603.363391369957	680.598054973004	743.290127913597	836.319202333036	918.399012356737	1031.14398348194	1115.25292818536	1209.83504007098	1334.73896898756	1466.30028518859	1570.92878618594	1738.69713560554	1930.16215350388	2094.86769161513	2284.10589913724	2469.20159349391	2674.8784779767	2915.59591706805	3156.12943008782	3370.36154451817	3594.65266347771	3852.36518734057	4057.52659926229	4305.7552019856	4509.2917246154	4840.84069017633	5233.8811160637	5702.68140167443	5912.86158190485	6091.32310468883	6304.89028730871	6399.05965119973	6560.95049511607	6575.31139535516	6571.62407493949	6500.04571802964	6652.52318140711	6574.47879610773	6685.38611162348	6826.57826403365	7043.72326062951	7320.28840345127	7791.95260832942	8349.50401718164	0	0	0	0	11697.1960284419	11923.3255550651	12932.3321388931	11565.2713050849
533.388	0	0	0	0	0	0	0	0	0	0	0	0	0	0	0	0	447.982690176636	302.676269717385	391.985445399035	456.839602516536	554.506969982582	630.457415317743	711.45860953233	787.351944808487	852.123836251562	923.924659872166	1019.6565244362	1107.0548272447	1196.09628911591	1306.12990116176	1444.87355135517	1585.20954210779	1687.61455156312	1845.60179841305	2055.09715521866	2238.96011199293	2442.30787758876	2637.42319775687	2797.50606271263	2995.25924750768	3212.60021506549	3442.15673193763	3682.31010435358	3894.27558761758	4112.4107911691	4327.53643953695	4622.40976622089	4992.60635319566	5367.16805420147	5631.82157910254	5812.24124514714	5942.21293424579	6141.86668062233	6164.27864396162	6222.02054631935	6229.89632571377	6221.98881266574	6245.75084374482	6340.33131394602	6428.40070910245	6579.60620963689	6831.40072105377	7261.34869701566	7609.98591598496	8129.80868001848	0	0	0	0	11281.7255686998	12492.0714708966	13574.0427704018	12527.6997630628
536.717	0	0	0	0	0	0	0	0	0	0	0	0	0	0	0	944.97944585668	241.301280528673	336.786283653334	385.510727348336	478.57401638798	536.939052457395	613.278139241295	695.72077065193	781.070297878892	848.370026821196	925.6691478588	1032.3621636546	1104.46663524032	1189.41069411125	1318.66749894385	1402.94213053288	1529.23192776985	1673.02164249504	1832.76019261723	1993.15966759261	2173.54957053044	2309.33672657962	2526.44237782045	2752.06820068266	2889.83730134655	3117.03056588369	3335.33589900847	3506.22380810153	3744.18600150276	3933.44455458147	4097.40007649305	4362.93525350988	4758.19882924815	5164.53122086504	5418.97377867578	5545.83850154446	5653.42337848636	5771.27313993511	5862.87890204367	5852.92208234245	5943.11180283375	5938.20661586363	5940.96531241261	6007.28978004112	6128.35701958603	6167.70488552026	6476.2599772135	6776.226562754	7170.79945909581	7732.75908527898	0	0	0	0	10952.978527028	11082.0853742159	12470.4574767809	11704.2270628978
540.048	0	0	0	0	0	0	0	0	0	0	0	0	0	0	2052.1554276842	241.675952553003	229.84612747379	326.31925245517	382.713996933277	463.413847138044	567.416045264953	632.531272818992	724.281200096505	783.228123491848	872.409129925798	940.4297168833	1016.63106063973	1098.46876945643	1177.95926316287	1303.42508399933	1402.80461190968	1535.20077131725	1660.94551968354	1818.53353562375	1976.49489534014	2126.91101274394	2290.87014422541	2507.87782645622	2624.95169469759	2812.99211570278	3056.16454399636	3260.9575155168	3440.20058731646	3645.29263873074	3832.78868382161	4015.45932748085	4253.83193958281	4578.28741803513	4935.9872545579	5182.01978244609	5322.44779183916	5456.09250816092	5560.2015069002	5716.19488424533	5716.36242078608	5746.53763888095	5799.3950758095	5734.30496858373	5831.17629144249	5934.84536735475	6029.10695007142	6194.94635294187	6538.85974932862	6949.79226028419	0	0	0	0	9918.37008590142	10502.7279450233	10327.7601164973	10649.538416702	7723.0384964007
543.378	0	0	0	0	0	0	0	0	0	0	0	0	0	0	433.772500189353	213.077765180696	306.513418815384	349.892597946533	437.042987412208	506.604978755649	569.534789645917	658.750165992224	744.770213069462	800.280302564994	873.905413569675	936.898973164988	1036.40678878973	1125.32175477906	1193.63064286644	1300.17210506736	1424.09529874369	1514.41886684879	1636.65469330131	1796.14750953234	1951.49702474997	2106.71553664221	2271.20456189999	2413.96164826809	2609.46997325098	2805.41681494777	2960.70774928363	3185.30932985967	3386.62221422276	3568.04535093727	3722.42287328014	3914.58248585032	4154.12019621821	4475.59100442136	4839.73553577264	5022.00352400234	5164.25803113593	5293.35582811313	5384.6990610718	5470.87257363957	5524.54287773311	5528.03926510078	5536.93383876121	5597.84066677528	5620.63177489626	5776.71802418503	5909.01788005168	6130.1051711848	6395.37620071262	6831.79851878998	0	0	0	0	9674.60240167968	11017.8236263379	10736.1729329217	10800.4862995426	11695.9579807717
546.71	0	0	0	0	0	0	0	0	0	0	0	0	0	694.968545428153	172.219168906928	221.370200010664	292.854332265951	357.35992370193	443.549231087355	482.956318334646	591.007169245035	650.476780546808	755.899612082202	810.22743009427	863.767812796089	925.215447071767	1028.43591102395	1114.49726040831	1190.60629689593	1276.25113011815	1409.57512217002	1537.1009166231	1620.0107214303	1794.32485436569	1936.82067612929	2066.39164271892	2221.79981578092	2370.41052158295	2543.2852443547	2752.37932293098	2893.65731152633	3102.80524380304	3278.60374534031	3463.367357952	3657.12837401956	3799.92918003549	4040.27587403734	4277.74517083648	4677.85078589883	4825.89954031994	4979.61894733583	5104.19591649443	5218.30478190414	5277.79630387994	5287.60200981559	5388.89743028199	5385.65437136456	5387.86136007209	5440.49427123113	5551.62678591504	5873.8729590344	5941.07915973921	6324.62405061226	6721.1017299217	0	0	0	0	9993.31101386837	10114.8949836608	8539.51705618026	8260.59016256664	8333.23470702248
550.042	0	0	0	0	0	0	0	0	0	0	0	0	1303.35308453844	198.130695635824	202.827546075006	269.257646412896	309.968291859824	382.120116253078	465.105791100235	510.452859204013	596.836563661736	674.01665925931	746.000558853695	811.88987582811	877.629422018669	934.778441262076	1022.3751174971	1097.16858128793	1181.61146972314	1276.3944861273	1365.01878045184	1459.33037905619	1599.14790408357	1745.6500981631	1877.90813840404	2011.33086712682	2148.58784315419	2334.44790179492	2475.3544045562	2641.51129845463	2822.64111284188	2996.2331712236	3153.4339672629	3313.657019777	3462.91756162769	3643.67892241422	3848.87866017338	4112.43068318452	4422.70277319723	4666.29653159596	4751.66269990427	4856.35245445575	4977.67551324482	5060.75218718735	5097.66303838083	5163.55585914341	5148.44170662735	5223.17917582683	5331.11707949313	5427.49215101326	5555.5228410712	5697.86173795834	5995.35840479041	0	0	0	0	8418.06204114563	9327.82997281274	8680.87041063737	10213.1161472332	9809.60188144892	10856.6969856209
553.374	0	0	0	0	0	0	0	0	0	0	0	0	275.022329154275	166.365715000858	211.454176602525	237.616712010659	316.588811318913	373.945121164325	465.005658066994	511.731288618103	589.736276095492	639.705403645605	725.361717365524	785.168369494353	849.093958170535	925.316289756196	996.320328794733	1056.6587308698	1133.05682636499	1230.7413705947	1338.3644683655	1431.42410932781	1529.20118378928	1661.22531293861	1787.26138885823	1879.34032577764	2058.54008142594	2186.88496271937	2358.95584431703	2513.49171823109	2692.14721816536	2834.30071987965	2980.15829001976	3160.55805685167	3327.8599883708	3454.34793398759	3632.68318969407	3947.96554451997	4226.16119883331	4393.53569533707	4501.02021602825	4612.94347653053	4647.36992563579	4736.28421827066	4726.00283962026	4816.96483917206	4825.60722296487	4862.55205995138	4901.71395854289	4977.8169850201	5233.90615177402	5418.56416286097	5841.86249678037	0	0	0	0	8484.16492282413	9749.03997796514	8863.42701304255	8903.83708336793	9576.9803716227	10409.728880629
556.707	0	0	0	0	0	0	0	0	0	0	0	548.793296016309	140.517072377907	173.536527479976	215.11867516517	259.59932452457	292.907095982403	377.019620036886	442.654504465401	497.696734090669	542.515069808327	638.23956695334	715.135008997084	760.507444114296	817.894741164408	885.111693769077	942.333358855765	1019.71789108147	1098.79716691402	1186.44753659351	1282.57975380085	1357.06559431951	1468.72065564182	1572.01497875184	1709.55100723282	1827.69048866184	1961.0710106267	2098.92855733562	2231.81287602377	2403.39101416758	2558.47347646189	2696.49856502706	2838.54018261054	2943.01901160183	3110.34439216504	3259.95955434032	3453.68778121575	3684.2743376107	3949.50877936265	4108.11880349093	4194.72009515651	4303.55602312073	4372.85197514519	4462.19952861742	4507.80989427891	4554.39700504225	4538.27232124848	4563.26535975682	4695.08862320254	4778.99598448548	4980.25863563895	5100.82904948097	5448.66785536175	0	0	0	0	7605.05214799093	8570.36771689441	8788.66029439459	9008.82407548655	8888.03757782316	7838.90585725178
560.041	0	0	0	0	0	0	0	0	0	0	1036.34578268154	125.995557448499	153.802474600387	163.403652652252	223.239411816819	255.785289193902	312.062254978995	360.733414877958	429.542769224403	517.097804875503	541.462263802764	634.190489745974	690.55656705166	718.088017422046	794.033621540226	854.841593424637	929.250075625872	989.630850404296	1038.38970407212	1132.25568001654	1237.88438622579	1291.06120604551	1413.7880454205	1526.42470002075	1595.6630134775	1767.75182692659	1881.62853761135	1974.38194197902	2157.37724132204	2252.42330648594	2404.10308084655	2573.17456152201	2667.75158056603	2791.80257440214	2935.10539558174	3085.04067916322	3263.0971505626	3464.39245814977	3746.17669168426	3906.71118004627	4013.32555518794	4031.18718639985	4106.10190413291	4176.45162533648	4184.91956085002	4243.52974295544	4362.86298257597	4321.95066954039	4360.78741799868	4540.43527178249	4566.35153484244	4802.55908687982	0	0	0	0	6299.52790125429	7157.11736686666	8006.26784878773	7812.45376864824	7573.7331390926	7921.45517042738	7114.09246339621
563.375	0	0	0	0	0	0	0	0	0	0	248.94032146708	128.112359872817	127.358793342006	179.15799999726	198.134807527088	270.404666326809	304.24325504186	379.699823653917	443.827017022069	451.105597242827	556.035103490083	618.263361197073	674.12094094635	734.60532560098	800.028880269958	828.940523214263	899.16249789351	946.842864802929	1018.78953332747	1095.65111551604	1185.34403980391	1283.20784764761	1352.19434500001	1452.26655079585	1565.90501814208	1661.48070215902	1813.68793320414	1930.43157778523	2025.0943267252	2164.97664547715	2315.77699045298	2404.82098506419	2572.72646616651	2676.34485097392	2816.60689734661	2920.70069960118	3113.02096366527	3314.89709062248	3538.41660326294	3697.95685821216	3757.66171575243	3835.54463763896	3967.73833809934	3940.72381703841	4019.93938057754	4063.91830273265	4030.23299500515	4073.03445049383	4244.46517754616	4309.87335162214	4553.01289620632	4670.13384015908	0	0	0	0	6665.29111567845	7382.31112312125	7380.23042819566	7876.77534429798	8488.19034614554	7669.4308729378	9720.94325154168
566.709	0	0	0	0	0	0	0	0	0	509.641128632633	84.2207820260556	138.198487025821	167.869599677886	206.102360353356	245.77556392061	286.525516808657	329.973184374629	380.407228260628	420.444649644212	493.10315541849	569.269241687109	608.185522384288	667.951265676189	695.470032583085	769.96155999413	826.896296475948	888.863494297902	933.65989603558	1002.29964926115	1058.63996677649	1153.58414414873	1238.86157790164	1310.92482522613	1425.74208132277	1520.40903779662	1661.11001717169	1740.57269346587	1866.18506685191	1989.60492735164	2098.20526267971	2241.33709406276	2366.70249204805	2480.32796560859	2605.95500654636	2671.21499243868	2780.39044652104	2932.35082472737	3147.28916523162	3371.89394316161	3560.69326648364	3581.69734392125	3653.37422121815	3748.80446171152	3816.83621184763	3838.42582809727	3817.04386024002	3907.55344032063	4003.80097107426	4043.69326754113	4197.26045441642	4295.8513756009	4445.64750512216	0	0	0	0	6436.66838349964	6680.46396850938	7682.61879618145	7055.11881814549	7769.09486954334	9731.98699345365	8549.0978837412
570.044	0	0	0	0	0	0	0	0	1076.42261785089	90.5503395639939	119.428372485909	135.73761244575	136.003380903642	170.91124074074	228.050642319604	271.38414293865	305.487016056123	369.170502315412	426.047119267482	475.239730495741	519.37017192412	568.062224827425	628.359880319805	678.667170478092	743.723067214075	794.619101329172	842.201207294215	917.192783185285	958.751012192497	1022.27939267027	1108.88378672727	1190.82862682762	1300.05379889852	1368.28491735711	1482.99794093426	1606.8183634772	1685.91352103691	1790.02986391193	1887.59644661435	1984.46221306406	2122.66205735363	2218.90310417309	2351.94877537473	2453.48266925721	2534.69928410268	2674.76867529287	2808.71489380281	3016.31439634579	3246.70977961869	3360.79746472882	3393.98405473164	3480.94305712292	3558.46748134573	3624.46702622803	3663.62421604627	3650.72554096396	3659.99376696825	3795.10066173324	3851.88811113955	3939.26644321165	4114.35298107558	0	0	0	0	5235.24800696228	6000.28684395542	6474.30523783843	7479.86745015525	7011.94160246478	7211.76716770465	5808.26349745339	5233.89098235993
573.38	0	0	0	0	0	0	0	0	216.071152201635	79.2076634582969	103.24898509114	125.476865814547	169.310916580217	193.021329408325	244.405530938897	266.82039745935	303.964206764782	359.147630525136	390.519747181293	484.006090913669	516.775520887213	572.937264635128	623.379978104924	687.899436370797	726.19377350326	754.658842328911	834.497191775367	869.804041887193	922.311505546439	992.403548285326	1064.09290968529	1140.13898764207	1223.2431189934	1300.5090454139	1400.24729211807	1500.67175073063	1618.67109980005	1692.04597948874	1810.03536314207	1927.51874753017	2038.7888680348	2157.41839455195	2279.42641344796	2342.79780640418	2426.49005367698	2580.58854503959	2726.11446433557	2878.11205676678	3058.1486689996	3203.86573502195	3268.81083395038	3317.10795450474	3367.70101053593	3431.42386926962	3486.40317718127	3484.81584975024	3558.84028872147	3618.63225177983	3705.03000916666	3774.63086825579	3897.48738771064	0	0	0	0	5116.06852800435	5806.05652725384	5906.71158824582	6313.42017493064	6026.67464237689	6597.45883577415	7580.01376591065	6983.73950457082
576.716	0	0	0	0	0	0	0	443.023557306751	82.5946539477066	109.483194801217	114.362879464482	163.017615957437	182.356660738762	207.794822214957	252.722784965786	294.580901552538	321.675375390982	383.358001480006	428.895601817186	474.94363154307	494.189635284905	553.538802376356	598.907659742848	641.388477123408	697.030489901687	731.203632397217	798.879994561602	853.567116750346	885.25201877892	966.284577043378	1037.64548286547	1085.0059551838	1172.71408888332	1271.48808095034	1334.49290517262	1428.19950274251	1518.72621745047	1634.85104337061	1732.39903526242	1830.52738705358	1961.66998997245	2022.40555726558	2160.63676930144	2259.16603145443	2322.4039491078	2396.65575376217	2522.05521751057	2707.29827573877	2876.31102339853	3039.44662819905	3080.84642869807	3160.62010785635	3230.40774254977	3258.54993413741	3266.01160908787	3308.27428717444	3412.09710707155	3411.58224150445	3448.50204208463	3549.01314277028	3748.21501743753	0	0	0	0	5204.06951392868	5623.89638467158	6393.56889032977	6051.64209075713	6236.1532842541	6765.27202019998	6589.75442816383	8028.56403396349
580.052	0	0	0	0	0	0	820.051341896631	92.7902984051241	67.7353533703242	100.418570184172	148.671239102388	122.926126687882	146.875399573621	191.07328372904	240.80950283009	278.518954117571	312.645791006042	350.108037191815	404.439467327963	447.448094905371	478.930184177157	535.318125275732	576.844676835241	603.475375639533	671.922722257871	707.457843187124	759.375657232364	812.630784252788	855.725044070883	914.5942204948	965.345770566451	1037.06934723491	1096.72382872798	1200.74553013503	1308.16454058831	1373.50995600681	1447.3550533862	1557.1814424291	1636.49232486346	1724.91461005162	1805.6043511725	1902.85532785351	1988.07787226015	2142.37834778653	2186.8808553253	2253.66588486996	2423.87721645179	2540.98560583789	2748.56537847164	2865.21682408813	2876.17149580487	2975.09509902934	3036.61924407059	3032.64022054935	3105.89159423621	3151.71014505227	3179.9541431066	3182.18680778126	3296.46983872512	3387.93191792794	0	0	0	0	4286.22925455611	5008.07973308079	5283.74325440108	5924.10814519546	5902.50747153947	6061.29380011606	7633.6320316422	8367.27867291297	8178.67580330439
583.389	0	0	0	0	0	0	121.429613785166	31.3833585105786	89.6684207501057	74.2358543516208	79.5828275279821	132.487891940819	185.317864351646	178.835803073527	208.70661667214	262.660882231257	274.723321501631	329.294676736147	379.15947901533	423.040359624024	463.768509853871	485.204899699182	546.19253979789	586.6804823317	637.693304199081	666.830962599868	731.623545563322	754.104221066369	805.177089539755	860.665228089886	909.616021869449	975.116341797068	1030.75103580442	1112.70603802204	1152.42990055641	1273.55256012665	1330.67055046967	1460.68875645595	1506.34977373617	1584.56084923246	1693.11042611371	1806.21512462139	1871.01276440868	1956.6309985165	2037.04376323973	2062.73099351778	2204.1210667108	2343.80723223601	2526.92525886765	2632.99562851634	2671.11856651458	2718.07971946585	2778.00043823729	2828.93391966249	2838.26106188429	2891.0312127503	2896.11187234205	3040.5956188865	3074.61645351152	3163.34738076983	0	0	0	0	3899.95914114599	4233.50627503678	4593.77137937065	4887.2238803637	5330.82820792976	5670.70346886315	5420.59670139274	5928.09626418558	4223.90020158575
586.726	0	0	0	0	0	305.155054152635	21.7081125221301	35.4637161382985	102.953720858722	95.2945670988392	123.251921243559	125.17189056742	131.745205175369	189.444281377482	221.820331927575	260.029553316307	294.12835565439	303.529979008491	370.508115242738	398.733795055512	459.615567916707	482.879904148854	518.602648470871	543.153309760654	578.183494653385	617.941150197487	682.090936934222	705.573642973829	766.976507119643	807.204828760356	862.667177547384	933.784591457695	988.481829054869	1052.21931718568	1122.56195414569	1191.67950331277	1276.02463168032	1348.05253322136	1423.38693181048	1490.68539797792	1586.51224416883	1693.68537043014	1779.86212756443	1829.7235635286	1869.05861727209	2015.92655722482	2064.47320948484	2213.48037800496	2371.48385033044	2488.09546665583	2479.70657118649	2528.16575714724	2614.52324247459	2639.47609997631	2692.95743520898	2769.17663535565	2775.78788688372	2820.8447272469	2856.29870389815	2967.45201420079	0	0	0	0	3891.74298954239	4167.35213702532	4581.13361794525	5000.15064745922	4935.55194554812	6285.83780122478	6483.97119184132	4960.94028741274	6518.23721238592
590.063	0	0	0	0	798.707860847441	91.3792647616746	73.5022016241894	102.274586370176	92.6890694324666	94.213371036576	102.016194914079	151.923422783261	162.731700609366	200.9031715786	235.084678425566	234.483471053455	295.53345308614	316.481547619698	364.096103433428	380.652766740981	416.12726182883	468.76084443108	504.819709921331	539.703691397219	595.735966367866	612.64427091378	658.993924726244	690.741422852273	729.476816488395	776.970291939744	845.812523279613	886.161866455383	943.684485389873	1015.59450188229	1082.51132867167	1128.59307158116	1221.27876715391	1273.40162623905	1370.2202778373	1445.7068501679	1530.89262030471	1599.67479323738	1669.88867546107	1749.41353136497	1805.7589601011	1875.68936959923	1987.27308081013	2103.85843014571	2258.84445752551	2328.93271583973	2384.83795907456	2406.09719296885	2457.84109361285	2531.8331658105	2544.84848171664	2579.31233835478	2588.15823628818	2677.0551320319	2750.21030863939	0	0	0	0	3326.20169877591	3707.21215962321	4028.54162063485	4418.67539905373	4335.54089015985	4788.68220418841	5181.90092395519	5414.1129168199	5653.0480012889	6041.55781991006
593.4	0	0	0	0	130.840708115946	15.6759207963198	54.5711370296674	75.5191712219923	68.8353690742541	87.6107753376942	123.560809151905	139.48559963627	141.94993369936	179.716505200757	213.060293240839	244.295440446407	258.787097081168	318.223837650159	332.600259956294	359.827405214287	408.008602267201	446.324237716616	488.109936985978	517.561872560402	538.771972128049	568.678329739409	617.258104311601	647.478590793613	682.185635999268	749.866756127289	787.518295112688	840.272213784369	894.860286050035	958.422588244734	1021.68351935436	1056.21601206396	1127.79831821884	1210.26985777208	1310.97682207685	1338.75802407682	1413.49810297509	1476.30774575069	1588.20168188789	1635.32793097482	1699.37914657442	1762.82639998592	1850.21209555814	2006.02061860424	2134.38394811385	2255.53642283662	2224.63787964837	2292.73006968407	2338.58735227678	2366.34191180767	2380.87631688931	2390.27164934601	2466.17002885271	2520.8838302264	2555.54162895819	0	0	0	0	3057.63367666595	3483.43243120193	3550.38496372285	3681.24210718469	4473.94696419079	4251.29391579178	3847.03481091626	4646.768356922	4615.10426739589	4241.49228516116
596.738	0	0	0	301.215149715328	59.1389778903088	85.9286015633913	68.5866268398106	94.6732926350734	87.3111913052199	91.8885387934961	105.499342270956	123.14441527418	176.437450406347	206.409654117119	194.112207923472	244.677754919742	254.390866075208	304.278758719314	339.208943941191	366.81826796617	371.969549824813	428.235914979494	463.979759976905	496.705504268295	543.22254547477	573.516333131347	609.526926517407	629.844093088861	671.378472175232	703.769940442809	759.174416590318	820.031154206312	861.910093150525	915.789597829712	1006.99582436362	1055.22501878467	1087.44992746244	1157.99196686957	1250.60479073582	1283.4173333037	1364.05716771194	1428.06005703496	1500.60218472327	1581.95930127636	1655.75750533475	1731.93624610299	1805.30613646505	1888.48017962657	2043.62392289924	2121.36884910613	2171.36074230299	2187.2914508538	2221.96419445727	2238.15178565517	2321.42216799572	2366.14151375827	2320.49666081778	2442.56630684115	2506.25283433207	0	0	0	0	3004.47899841973	3359.08666392395	3624.82869202867	4115.97188814125	3800.69579122719	4533.53821844217	5112.89029485047	4631.66123821915	5565.8051785038	5371.03198827995
600.076	0	0	735.418755026286	39.049324723875	31.6497623001187	49.2359819914125	70.3413108403925	41.5908827051731	117.802604774235	98.1349887407839	117.885188084812	106.589191991616	181.426310101161	169.1328836333	189.978145423003	213.605719042242	238.05868030425	259.229406487647	329.927449068759	339.956678062857	372.805271060821	404.113184571195	438.996572287234	491.276707780365	507.561030388679	547.268351301201	567.415024071501	606.634397730061	637.862266086243	683.954159302345	733.753009064943	782.484636245405	832.077981898417	873.646241291193	916.536497926967	992.015786861412	1068.28429808982	1124.89530108826	1186.70357153939	1219.22088949886	1288.77084061635	1402.3467427554	1418.93093447583	1471.37153437544	1539.1357254559	1631.32975938601	1688.01982570218	1791.09261881503	1938.97744234851	2017.20436841983	2075.3298115486	2046.79247202236	2112.31237363854	2139.33634414908	2172.03649109256	2261.54022336258	2251.76712001424	2305.97435560145	0	0	0	0	2743.04164874327	2971.97749300284	3090.8581236993	3409.86180395402	3653.52986209591	4092.60663837024	4442.87124869082	4394.55959003845	3871.14386917597	2595.42833737002	1483.20725388219
603.415	0	0	157.09460531926	51.5620356092654	62.0824396674198	112.149918991211	77.1495398627323	55.5807979369283	95.0938894365172	108.836606478268	174.294590037851	144.28425262916	170.787516366826	192.1058292673	220.200426441345	241.674996721274	269.473439504593	279.400704626117	320.629081753333	350.403105396489	381.744416966264	390.023244309537	445.585123595334	446.16332101842	493.450437942388	515.353636925259	561.143509050087	585.096224096774	619.258423294722	652.130207815067	703.987135598022	745.050176506734	797.828760523168	836.508588978917	904.752727564945	949.725399892566	1018.77213645852	1076.31701925669	1130.23949471056	1213.89491353409	1255.29885806234	1300.79948797909	1354.97821370807	1415.55613695955	1494.00807470448	1534.64572459162	1610.13434181505	1720.70668889684	1845.01277767523	1881.16069276072	1964.31296314857	2012.49160187501	2023.97961412964	2029.38319241195	2105.8982893178	2134.9741042785	2193.16616753489	2151.8154526986	0	0	0	0	2666.24420130189	2822.0126973558	3070.86574882491	3224.83173765085	3712.60291784271	3953.39752718708	4295.87271730313	4858.04509233715	5753.87325864746	4933.49285133118	5882.36429562141
606.753	0	366.605481093632	44.7024917426215	41.1479679628945	28.5785336056092	62.7089374523378	44.1667495823159	50.3554482322741	94.5241297855089	72.6814575394493	88.7149294108443	124.058513949701	142.683201228035	134.391939394586	210.196876072695	205.614218851955	211.127601737027	260.586074665104	275.252912928544	307.001333424975	337.150021515651	351.960728722693	401.031651280454	432.744418351713	443.015008064045	484.65294057036	529.140242854046	544.394876732266	568.77490285517	621.573844199702	641.004226325919	691.577741260566	750.767906112386	791.180566869826	825.682343991698	876.675164744012	917.218514833909	991.521224018455	1065.03361762461	1098.17609191901	1158.91252013694	1228.54777298077	1271.90360470976	1322.90397656522	1373.61237001557	1395.02462821076	1508.01635003842	1596.99506527484	1720.99273801202	1778.78764499227	1783.73194638178	1813.14201891972	1859.72421509385	1941.53800577143	1900.55383233553	1936.21934123397	2010.91576882967	2048.89246568814	0	0	0	0	2456.60694495522	2560.76223901555	2800.640799319	3034.26491135988	2832.52579982718	3487.87846015748	3740.47035927297	3505.12623662359	2811.31042762139	3762.75423373711	4241.33085535016
610.092	983.457385194698	101.262595269982	70.9167490622519	74.587649433355	91.8115148400088	53.8811469313119	86.1607156904328	94.0523570266748	93.9774818965657	123.529901946435	126.098323919344	143.485864409412	165.758400163274	200.769108883249	215.846236071153	224.883615639288	236.501385195956	294.227193983813	299.852701747646	324.086338428466	306.722789594864	370.232023377396	383.565591903076	413.135384206377	445.169072669352	465.83602934626	501.290706568291	522.280540240857	559.826854342396	585.868161361431	632.174859841199	672.829389320067	699.103083944616	757.45108053163	814.338427082166	875.273834511067	903.244721325954	985.619578333465	1017.34405621307	1043.48318648756	1099.66113906587	1186.97905917784	1209.28597999597	1312.50274094629	1306.80208737533	1357.34241301668	1440.04515597912	1541.70025181643	1680.2597331952	1739.32466536065	1679.47553370785	1733.47496855319	1763.26886953746	1796.16219020796	1819.77667801844	1854.12546357741	1923.2706022974	0	0	0	0	2200.50704760236	2375.69668064579	2412.67347266281	2827.62135408805	2868.85242945559	3601.78415680818	3548.8502232977	3976.85317241526	3995.06017356401	4081.8067820648	5493.4906576847	5397.88651351538
613.431	142.585436901458	28.7387737455126	49.3598135548906	65.6732829687854	32.7832246441222	84.6880492674103	42.6018215203665	53.4141234463023	96.7372135224242	88.3467324874319	105.211256415817	124.717233471401	173.621855886937	183.387564610741	154.766694073061	195.675378059024	196.849867528702	241.293204192094	250.859509525205	289.661669377762	309.638911109903	339.849404307199	368.196947170548	385.555990215227	422.423786708526	439.035779726517	465.984545370007	498.404255850754	513.461469562401	553.448167822704	579.192764360594	622.563336037922	660.323676130977	715.819363305811	751.365821711949	803.981695520097	818.571254362532	880.545112377105	925.945442595367	976.765167142322	1028.72691481893	1096.94064027624	1125.98349818871	1157.8492441621	1196.10793191129	1263.87613813403	1327.53605235301	1401.04775626028	1508.66641892385	1558.56155680075	1588.82562329446	1595.87370408888	1621.4172783947	1686.25994769582	1722.22934399691	1763.53322096303	1789.04873687254	0	0	0	0	2146.09323125405	2211.89019956005	2394.12086049328	2499.62926530073	2517.60223053239	2872.27106448567	2810.14265128788	3632.31451328686	3355.11419354803	2835.18530786087	3081.96739615169	3493.17681635504
616.77	74.873152246886	22.102994564525	42.4826187335506	30.1887447829908	40.0511134177292	40.4633319360915	63.9766585049707	57.2393143672303	79.3587052903747	85.959892503536	98.2887622909371	105.694580492114	135.695965274739	165.068691862328	170.367613668506	192.777341517845	227.493000063475	219.390497942053	268.169193987086	313.591933850587	289.576854996309	336.490792961274	344.401767499438	359.747676460155	381.455400341065	420.569637840511	424.956118498508	457.603363135598	481.202935913414	516.108592512446	554.484309662374	585.957577095704	603.051968029571	667.768166405203	706.409105439902	743.398993683387	802.874517989341	827.288819111171	868.674956884724	948.159702411446	953.995173102584	1029.32610120817	1051.67948661351	1089.59826944921	1160.51361227932	1199.66718634099	1218.62236605473	1315.32710977495	1387.80295870244	1448.32960758933	1432.73191279215	1544.87320635162	1555.59373108695	1584.74310936328	1591.68758173657	1646.01903235779	1648.40971501527	0	0	0	0	2022.19573405894	1981.80180322206	2249.84396170224	2261.36532836446	2688.09574771213	2631.65323186637	3138.1819240452	3160.43857418461	3587.15858925394	3357.57576621985	2365.41395699435	1693.69953363481
620.109	34.9879198976445	60.4795754752846	81.2487644644852	68.7326892938763	92.1737050253451	101.474664339293	85.4970080281237	131.175986849035	79.1456613644946	109.250284736975	157.644925323845	169.447203595656	173.881677780502	169.727679538458	200.792023850121	223.886657895647	261.238275255217	264.631354352824	286.993560189253	297.333582348811	368.080221549752	360.633085414933	393.356391606206	413.475364219677	441.361669761315	450.872165911636	487.030295694762	512.035664339951	533.357922305269	589.610554777281	634.723342350928	672.933925555801	703.867145094237	727.411526933556	798.894521375586	848.389040842422	892.320477613515	912.559997058775	980.569296820868	1030.8052658152	1085.78911673011	1158.87659886156	1158.97380371828	1240.46741703048	1295.27929362714	1328.90081019765	1389.11968118404	1477.02424398379	1568.01347903625	1671.52148769709	1672.19255070119	1728.92282466787	1748.07298772243	1770.03882920236	1813.7955288101	1846.51960873701	0	0	0	0	2118.0305977779	2326.02000946998	2379.32022363879	2433.74991720381	2814.59010907064	2928.38696461033	3471.92283245974	3246.12405674831	3675.74494550088	3767.38740100668	5668.91043359576	3970.59515549175	6200.48641172658
