Sample - Blank	600	595	590	585	580	575	570	565	560	555	550	545	540	535	530	525	520	515	510	505	500	495	490	485	480	475	470	465	460	455	450	445	440	435	430	425	420	415	410	405	400	395	390	385	380	375	370	365	360	355	350	345	340	335	330	325	320	315	310	305	300	295	290	285	280	275	270	265	260	255	250	245	240
nm																																																																									
213.328	0	0	0	0	0	0	0	0	0	0	0	0	0	0	0	0	0	0	0	0	0	0	0	0	0	0	0	0	0	0	0	0	0	0	0	0	0	0	0	0	0	0	0	0	0	0	0	0	0	0	0	0	0	0	0	0	0	0	0	0	0	0	0	0	0	0	0	0	0	0	0	0	0
216.504	0	0	0	0	0	0	0	0	0	0	0	0	0	0	0	0	0	0	0	0	0	0	0	0	0	0	0	0	0	0	0	0	0	0	0	0	0	0	0	0	0	0	0	0	0	0	0	0	0	0	0	0	0	0	0	0	0	0	0	0	0	0	0	0	0	0	0	0	0	0	0	0	0
219.682	0	0	0	0	0	0	0	0	0	0	0	0	0	0	0	0	0	0	0	0	0	0	0	0	0	0	0	0	0	0	0	0	0	0	0	0	0	0	0	0	0	0	0	0	0	0	0	0	0	0	0	0	0	0	0	0	0	0	0	0	0	0	0	0	0	0	0	0	0	0	0	0	0
222.862	0	0	0	0	0	0	0	0	0	0	0	0	0	0	0	0	0	0	0	0	0	0	0	0	0	0	0	0	0	0	0	0	0	0	0	0	0	0	0	0	0	0	0	0	0	0	0	0	0	0	0	0	0	0	0	0	0	0	0	0	0	0	0	0	0	0	0	0	0	0	0	0	0
226.045	0	0	0	0	0	0	0	0	0	0	0	0	0	0	0	0	0	0	0	0	0	0	0	0	0	0	0	0	0	0	0	0	0	0	0	0	0	0	0	0	0	0	0	0	0	0	0	0	0	0	0	0	0	0	0	0	0	0	0	0	0	0	0	0	0	0	0	0	0	0	0	0	0
229.23	0	0	0	0	0	0	0	0	0	0	0	0	0	0	0	0	0	0	0	0	0	0	0	0	0	0	0	0	0	0	0	0	0	0	0	0	0	0	0	0	0	0	0	0	0	0	0	0	0	0	0	0	0	0	0	0	0	0	0	0	0	0	0	0	0	0	0	0	0	0	0	0	0
232.417	0	0	0	0	0	0	0	0	0	0	0	0	0	0	0	0	0	0	0	0	0	0	0	0	0	0	0	0	0	0	0	0	0	0	0	0	0	0	0	0	0	0	0	0	0	0	0	0	0	0	0	0	0	0	0	0	0	0	0	0	0	0	0	0	0	0	0	0	0	0	0	0	0
235.607	0	0	0	0	0	0	0	0	0	0	0	0	0	0	0	0	0	0	0	0	0	0	0	0	0	0	0	0	0	0	0	0	0	0	0	0	0	0	0	0	0	0	0	0	0	0	0	0	0	0	0	0	0	0	0	0	0	0	0	0	0	0	0	0	0	0	0	0	0	0	0	0	0
238.799	0	0	0	0	0	0	0	0	0	0	0	0	0	0	0	0	0	0	0	0	0	0	0	0	0	0	0	0	0	0	0	0	0	0	0	0	0	0	0	0	0	0	0	0	0	0	0	0	0	0	0	0	0	0	0	0	0	0	0	0	0	0	0	0	0	0	0	0	0	0	0	0	0
241.993	0	0	0	0	0	0	0	0	0	0	0	0	0	0	0	0	0	0	0	0	0	0	0	0	0	0	0	0	0	0	0	0	0	0	0	0	0	0	0	0	0	0	0	0	0	0	0	0	0	0	0	0	0	0	0	0	0	0	0	0	0	0	0	0	0	0	0	0	0	0	0	0	0
245.19	0	0	0	0	0	0	0	0	0	0	0	0	0	0	0	0	0	0	0	0	0	0	0	0	0	0	0	0	0	0	0	0	0	0	0	0	0	0	0	0	0	0	0	0	0	0	0	0	0	0	0	0	0	0	0	0	0	0	0	0	0	0	0	0	0	0	0	0	0	0	0	0	0
248.388	0	0	0	0	0	0	0	0	0	0	0	0	0	0	0	0	0	0	0	0	0	0	0	0	0	0	0	0	0	0	0	0	0	0	0	0	0	0	0	0	0	0	0	0	0	0	0	0	0	0	0	0	0	0	0	0	0	0	0	0	0	0	0	0	0	0	0	0	0	0	0	0	0
251.589	0	0	0	0	0	0	0	0	0	0	0	0	0	0	0	0	0	0	0	0	0	0	0	0	0	0	0	0	0	0	0	0	0	0	0	0	0	0	0	0	0	0	0	0	0	0	0	0	0	0	0	0	0	0	0	0	0	0	0	0	0	0	0	0	0	0	0	0	0	0	0	0	-1475.45280601115
254.793	0	0	0	0	0	0	0	0	0	0	0	0	0	0	0	0	0	0	0	0	0	0	0	0	0	0	0	0	0	0	0	0	0	0	0	0	0	0	0	0	0	0	0	0	0	0	0	0	0	0	0	0	0	0	0	0	0	0	0	0	0	0	0	0	0	0	0	0	0	0	0	0	159.003187383923
257.998	0	0	0	0	0	0	0	0	0	0	0	0	0	0	0	0	0	0	0	0	0	0	0	0	0	0	0	0	0	0	0	0	0	0	0	0	0	0	0	0	0	0	0	0	0	0	0	0	0	0	0	0	0	0	0	0	0	0	0	0	0	0	0	0	0	0	0	0	0	0	0	-975.751719246346	-982.142433905341
261.205	0	0	0	0	0	0	0	0	0	0	0	0	0	0	0	0	0	0	0	0	0	0	0	0	0	0	0	0	0	0	0	0	0	0	0	0	0	0	0	0	0	0	0	0	0	0	0	0	0	0	0	0	0	0	0	0	0	0	0	0	0	0	0	0	0	0	0	0	0	0	-847.016908214332	-287.499706669087	-2343.83503556227
264.415	0	0	0	0	0	0	0	0	0	0	0	0	0	0	0	0	0	0	0	0	0	0	0	0	0	0	0	0	0	0	0	0	0	0	0	0	0	0	0	0	0	0	0	0	0	0	0	0	0	0	0	0	0	0	0	0	0	0	0	0	0	0	0	0	0	0	0	0	0	0	-410.2493961633	-716.485115304752	-5076.96525000912
267.627	0	0	0	0	0	0	0	0	0	0	0	0	0	0	0	0	0	0	0	0	0	0	0	0	0	0	0	0	0	0	0	0	0	0	0	0	0	0	0	0	0	0	0	0	0	0	0	0	0	0	0	0	0	0	0	0	0	0	0	0	0	0	0	0	0	0	0	0	0	-488.296588205651	-403.631979426804	-1996.68882363007	-5489.26618263347
270.841	0	0	0	0	0	0	0	0	0	0	0	0	0	0	0	0	0	0	0	0	0	0	0	0	0	0	0	0	0	0	0	0	0	0	0	0	0	0	0	0	0	0	0	0	0	0	0	0	0	0	0	0	0	0	0	0	0	0	0	0	0	0	0	0	0	0	0	0	353.761914870511	-132.559795471183	-100.885829970818	-3232.32302037587	-2411.52137441644
274.057	0	0	0	0	0	0	0	0	0	0	0	0	0	0	0	0	0	0	0	0	0	0	0	0	0	0	0	0	0	0	0	0	0	0	0	0	0	0	0	0	0	0	0	0	0	0	0	0	0	0	0	0	0	0	0	0	0	0	0	0	0	0	0	0	0	0	0	0	-173.091763406856	-257.918955328088	-1306.78981552252	-4088.44759110563	-930.893045782883
277.275	0	0	0	0	0	0	0	0	0	0	0	0	0	0	0	0	0	0	0	0	0	0	0	0	0	0	0	0	0	0	0	0	0	0	0	0	0	0	0	0	0	0	0	0	0	0	0	0	0	0	0	0	0	0	0	0	0	0	0	0	0	0	0	0	0	0	0	663.737485845863	44.9047344349541	-113.580016743907	-2280.19325073551	-1810.91240787282	295.357037051621
280.496	0	0	0	0	0	0	0	0	0	0	0	0	0	0	0	0	0	0	0	0	0	0	0	0	0	0	0	0	0	0	0	0	0	0	0	0	0	0	0	0	0	0	0	0	0	0	0	0	0	0	0	0	0	0	0	0	0	0	0	0	0	0	0	0	0	0	2284.4998400378	12.1455352129031	-14.7029929805423	-1015.49007398828	-3247.92208162077	-732.814251110183	-597.627486205496
283.718	0	0	0	0	0	0	0	0	0	0	0	0	0	0	0	0	0	0	0	0	0	0	0	0	0	0	0	0	0	0	0	0	0	0	0	0	0	0	0	0	0	0	0	0	0	0	0	0	0	0	0	0	0	0	0	0	0	0	0	0	0	0	0	0	0	0	284.155117388431	223.10130948684	75.8711253104644	-2010.46430233179	-1292.57402327195	456.244885281622	392.586787404429
286.942	0	0	0	0	0	0	0	0	0	0	0	0	0	0	0	0	0	0	0	0	0	0	0	0	0	0	0	0	0	0	0	0	0	0	0	0	0	0	0	0	0	0	0	0	0	0	0	0	0	0	0	0	0	0	0	0	0	0	0	0	0	0	0	0	0	1451.29993894839	356.995168574518	344.179495486028	-314.074112994549	-1992.39196072921	-117.889251465428	434.307259228496	-10.4584069346358
290.169	0	0	0	0	0	0	0	0	0	0	0	0	0	0	0	0	0	0	0	0	0	0	0	0	0	0	0	0	0	0	0	0	0	0	0	0	0	0	0	0	0	0	0	0	0	0	0	0	0	0	0	0	0	0	0	0	0	0	0	0	0	0	0	0	3198.10621869688	671.36836343131	675.846053591832	577.947807844952	-1392.30843342845	-882.657308176681	91.2042973305701	-101.86810260263	-99.8403425282175
293.397	0	0	0	0	0	0	0	0	0	0	0	0	0	0	0	0	0	0	0	0	0	0	0	0	0	0	0	0	0	0	0	0	0	0	0	0	0	0	0	0	0	0	0	0	0	0	0	0	0	0	0	0	0	0	0	0	0	0	0	0	0	0	0	0	988.208034944153	1056.6937057865	1195.06073473263	455.798134610592	-923.164136234524	131.97186444301	468.031450353298	457.475639768055	290.259266696587
296.628	0	0	0	0	0	0	0	0	0	0	0	0	0	0	0	0	0	0	0	0	0	0	0	0	0	0	0	0	0	0	0	0	0	0	0	0	0	0	0	0	0	0	0	0	0	0	0	0	0	0	0	0	0	0	0	0	0	0	0	0	0	0	0	1828.22602382077	906.206399419019	1340.83231284483	1340.66747328754	-143.481276987948	-37.5242804364858	678.204405804968	428.785080216885	275.112834250776	31.7970548550924
299.86	0	0	0	0	0	0	0	0	0	0	0	0	0	0	0	0	0	0	0	0	0	0	0	0	0	0	0	0	0	0	0	0	0	0	0	0	0	0	0	0	0	0	0	0	0	0	0	0	0	0	0	0	0	0	0	0	0	0	0	0	0	0	0	454.339472364263	1000.30915144607	1471.53148121671	1192.03714131092	79.3901726374393	1123.78919242211	828.366074151144	779.699407946231	984.312850490071	627.164052380906
303.095	0	0	0	0	0	0	0	0	0	0	0	0	0	0	0	0	0	0	0	0	0	0	0	0	0	0	0	0	0	0	0	0	0	0	0	0	0	0	0	0	0	0	0	0	0	0	0	0	0	0	0	0	0	0	0	0	0	0	0	0	0	0	764.764946399031	553.35921112911	1194.10589987659	1630.44037544598	826.207332013308	880.659932583454	1283.8726929858	838.737259031633	539.477860473523	115.857490916112	254.181979857847
306.331	0	0	0	0	0	0	0	0	0	0	0	0	0	0	0	0	0	0	0	0	0	0	0	0	0	0	0	0	0	0	0	0	0	0	0	0	0	0	0	0	0	0	0	0	0	0	0	0	0	0	0	0	0	0	0	0	0	0	0	0	0	2199.23346355571	251.581550624983	625.372529897261	1357.83918001048	1428.69718041477	1062.67872547096	1576.91901343885	1358.50937768531	1271.96398544862	964.815669263686	781.218799528819	1151.79329725101
309.569	0	0	0	0	0	0	0	0	0	0	0	0	0	0	0	0	0	0	0	0	0	0	0	0	0	0	0	0	0	0	0	0	0	0	0	0	0	0	0	0	0	0	0	0	0	0	0	0	0	0	0	0	0	0	0	0	0	0	0	0	0	222.318956142365	234.307120016907	631.46168755541	1241.34105153269	1043.7121837876	1459.78836937403	1685.53514692414	1345.70145716299	930.889293308657	596.152297884537	704.962389165076	656.148299802088
312.81	0	0	0	0	0	0	0	0	0	0	0	0	0	0	0	0	0	0	0	0	0	0	0	0	0	0	0	0	0	0	0	0	0	0	0	0	0	0	0	0	0	0	0	0	0	0	0	0	0	0	0	0	0	0	0	0	0	0	0	0	983.657793615951	127.020165429097	287.15587567296	674.887967588714	936.264471278897	1067.33927203495	1787.64836061087	1705.19289651487	1375.87731789604	1091.16595330399	789.834975236705	403.032697321052	298.529250555385
316.052	0	0	0	0	0	0	0	0	0	0	0	0	0	0	0	0	0	0	0	0	0	0	0	0	0	0	0	0	0	0	0	0	0	0	0	0	0	0	0	0	0	0	0	0	0	0	0	0	0	0	0	0	0	0	0	0	0	0	0	2616.28457754713	122.159674483628	188.646447418437	375.959955432206	696.179647072401	726.417369235998	1452.96839571934	2009.68901759267	1815.25124771237	1549.38933633805	1146.0036932771	892.870824607735	1194.20336930531	955.653016502615
319.296	0	0	0	0	0	0	0	0	0	0	0	0	0	0	0	0	0	0	0	0	0	0	0	0	0	0	0	0	0	0	0	0	0	0	0	0	0	0	0	0	0	0	0	0	0	0	0	0	0	0	0	0	0	0	0	0	0	0	0	327.213541722536	120.223445311841	268.092766023789	401.791035680684	536.815337043681	782.030175069627	1705.14682025236	1868.29131962876	1697.49530138309	1296.91592619296	1091.85233156414	537.385324611262	567.599352510457	829.482255381908
322.542	0	0	0	0	0	0	0	0	0	0	0	0	0	0	0	0	0	0	0	0	0	0	0	0	0	0	0	0	0	0	0	0	0	0	0	0	0	0	0	0	0	0	0	0	0	0	0	0	0	0	0	0	0	0	0	0	0	0	1315.99866658919	130.451056791035	219.621728291569	282.21586924992	400.211483957326	365.792596781502	1166.82832441614	1752.57746234196	1797.13639146385	1685.84891583363	1443.15438792976	1067.14412997882	914.021277840252	808.227450720341	1038.01054435559
325.79	0	0	0	0	0	0	0	0	0	0	0	0	0	0	0	0	0	0	0	0	0	0	0	0	0	0	0	0	0	0	0	0	0	0	0	0	0	0	0	0	0	0	0	0	0	0	0	0	0	0	0	0	0	0	0	0	0	2984.91730795511	147.863099213391	180.176481726765	262.435035153881	396.599240274569	342.75989255707	587.632237490477	1387.81185396175	1810.3387119156	1813.79800343778	1621.98438906595	1374.89149439842	1262.91472863975	1046.39369226949	1268.26516593003	1005.9444782428
329.039	0	0	0	0	0	0	0	0	0	0	0	0	0	0	0	0	0	0	0	0	0	0	0	0	0	0	0	0	0	0	0	0	0	0	0	0	0	0	0	0	0	0	0	0	0	0	0	0	0	0	0	0	0	0	0	0	0	505.011240160314	188.930619389452	186.144766399612	314.684238640091	342.031281021584	235.528845808894	815.996447660956	1406.40658933988	1626.01198727693	1811.07801698867	1593.11556203608	1352.69980151452	1360.35107868017	1097.51274733456	829.333614909453	1138.02726355408
332.291	0	0	0	0	0	0	0	0	0	0	0	0	0	0	0	0	0	0	0	0	0	0	0	0	0	0	0	0	0	0	0	0	0	0	0	0	0	0	0	0	0	0	0	0	0	0	0	0	0	0	0	0	0	0	0	0	1461.9612440696	89.0877979244717	148.989932518263	255.546186487424	326.930739262488	273.967883799777	384.158008507422	1021.60121459182	1434.21511939031	1632.77472158761	1701.66914670103	1591.89021016877	1339.25478485191	1048.95331034586	808.191868798078	938.140888512147	778.929124164748
335.544	0	0	0	0	0	0	0	0	0	0	0	0	0	0	0	0	0	0	0	0	0	0	0	0	0	0	0	0	0	0	0	0	0	0	0	0	0	0	0	0	0	0	0	0	0	0	0	0	0	0	0	0	0	0	0	3002.59903090352	159.750266893171	139.323248382829	209.308498524057	303.196599330577	355.812888508683	246.812879116208	627.816125188938	1068.05685664082	1410.00628812	1643.76040659319	1600.09141797484	1467.54160204759	1280.64333399243	1203.44379013234	1031.4088836263	812.473027491052	1573.24598565097
338.799	0	0	0	0	0	0	0	0	0	0	0	0	0	0	0	0	0	0	0	0	0	0	0	0	0	0	0	0	0	0	0	0	0	0	0	0	0	0	0	0	0	0	0	0	0	0	0	0	0	0	0	0	0	0	0	532.287794536436	164.890105523458	201.906471228414	335.741866762595	416.329858282198	334.554810363681	392.480371442115	827.737909531347	1102.17020625464	1507.83230216028	1616.95337756747	1735.06193371569	1704.83720255369	1553.53794416545	1196.8571778585	1364.11232874678	1527.92909703599	1605.0088604391
342.056	0	0	0	0	0	0	0	0	0	0	0	0	0	0	0	0	0	0	0	0	0	0	0	0	0	0	0	0	0	0	0	0	0	0	0	0	0	0	0	0	0	0	0	0	0	0	0	0	0	0	0	0	0	0	1443.54401292565	115.931397110848	146.832815504402	292.836531035108	348.63998229455	407.895752208717	302.890283348612	626.500713086875	876.460094630129	1168.79200255415	1426.56356013011	1501.5382072579	1575.54909291771	1459.82074316153	1475.49484871794	1377.17086017933	1124.34128840631	1169.9409886439	1113.60360863258
345.315	0	0	0	0	0	0	0	0	0	0	0	0	0	0	0	0	0	0	0	0	0	0	0	0	0	0	0	0	0	0	0	0	0	0	0	0	0	0	0	0	0	0	0	0	0	0	0	0	0	0	0	0	0	3049.57320710647	205.390246954032	179.471070879531	253.794626553332	334.282641127548	473.455911933429	398.72008946278	462.323512549908	806.261660200803	1014.50720850449	1272.96090739061	1394.2010413806	1587.06432767409	1643.1616022837	1594.07240946729	1540.19807392631	1386.42552834622	1287.91390445825	1389.74286803205	1434.05846315996
348.575	0	0	0	0	0	0	0	0	0	0	0	0	0	0	0	0	0	0	0	0	0	0	0	0	0	0	0	0	0	0	0	0	0	0	0	0	0	0	0	0	0	0	0	0	0	0	0	0	0	0	0	0	0	630.150472114293	173.825817012325	198.508854934172	297.417369076758	404.395605522233	438.577646714946	430.483024970824	667.764281183521	863.553789522108	1007.34167484146	1241.39212996549	1447.83853941553	1559.22231418108	1620.58377308047	1511.81611416088	1409.44383270277	1416.47014132924	1096.73651884031	1216.53856909972	1561.84081210035
351.838	0	0	0	0	0	0	0	0	0	0	0	0	0	0	0	0	0	0	0	0	0	0	0	0	0	0	0	0	0	0	0	0	0	0	0	0	0	0	0	0	0	0	0	0	0	0	0	0	0	0	0	0	1540.06520346399	167.279091659541	219.628844022471	297.020668493836	396.277603877946	492.807952155751	504.735718156819	536.401785838786	849.537282286212	998.648376281594	1129.88938081581	1295.13875337695	1487.57223743519	1603.73097604611	1520.32683642918	1585.78875834752	1568.81922056058	1616.3139028814	1301.55248434693	1332.12777108233	1510.46184080086
355.101	0	0	0	0	0	0	0	0	0	0	0	0	0	0	0	0	0	0	0	0	0	0	0	0	0	0	0	0	0	0	0	0	0	0	0	0	0	0	0	0	0	0	0	0	0	0	0	0	0	0	0	3016.34790142561	249.818202098691	204.583126085822	286.576166983673	391.445603282635	482.584228546266	555.030198882842	525.432193516313	821.110585956705	982.835934887692	1028.27855893293	1207.12992035424	1305.09176192665	1517.59810556354	1566.1615382736	1551.85553151936	1542.17106311722	1491.21242175632	1362.19522179757	1566.95904510664	1638.30104899881	1488.43601674274
358.367	0	0	0	0	0	0	0	0	0	0	0	0	0	0	0	0	0	0	0	0	0	0	0	0	0	0	0	0	0	0	0	0	0	0	0	0	0	0	0	0	0	0	0	0	0	0	0	0	0	0	0	656.044031368835	185.812388360864	288.033438610848	388.203357206835	505.961100549924	595.044971378302	601.027148034474	729.348690425849	964.832621555507	1086.99089014592	1180.5246677239	1260.8728807613	1376.99180533226	1543.53419922557	1558.35592359145	1518.65529464524	1654.71569905291	1584.96220702276	1752.0610780542	1686.57628574943	1744.54536272683	2058.13800295696
361.634	0	0	0	0	0	0	0	0	0	0	0	0	0	0	0	0	0	0	0	0	0	0	0	0	0	0	0	0	0	0	0	0	0	0	0	0	0	0	0	0	0	0	0	0	0	0	0	0	0	0	1587.7090471416	215.365360627285	269.654793264631	366.18629882885	480.87959958524	580.196549601803	665.204796811712	709.610463490906	929.088409373395	1081.14908329125	1169.46903858454	1242.54642890316	1295.78345887571	1437.04263137568	1622.6237379766	1617.94391782342	1709.56651017954	1718.08012393614	1696.49880543707	1565.01074973692	1873.78006454654	2272.80290175305	1968.11302666593
364.903	0	0	0	0	0	0	0	0	0	0	0	0	0	0	0	0	0	0	0	0	0	0	0	0	0	0	0	0	0	0	0	0	0	0	0	0	0	0	0	0	0	0	0	0	0	0	0	0	0	0	292.407165782956	232.470038539638	338.477280736445	459.073287585163	568.318389287742	695.726063162902	744.654275851124	852.001314010388	1052.1464328076	1207.3485862508	1330.71515282795	1423.47958896484	1383.63253509624	1520.34829075641	1550.83388424202	1670.99069152345	1710.04973010975	1723.11201446311	1695.81158435797	2010.53152351606	1892.34573311065	2320.70531035954	2393.9796638952
368.174	0	0	0	0	0	0	0	0	0	0	0	0	0	0	0	0	0	0	0	0	0	0	0	0	0	0	0	0	0	0	0	0	0	0	0	0	0	0	0	0	0	0	0	0	0	0	0	0	0	725.612659047829	187.013735312237	327.79403795027	427.304109190491	564.464672058028	707.092813147463	794.815164352932	860.318276191992	1071.56712032647	1288.24613475593	1361.67245513442	1448.81346386058	1498.35494699983	1528.75351212796	1650.58488669648	1650.5817086764	1665.63005058731	1733.58397232943	1927.1563966215	1975.52408494484	1998.1166968037	2103.58754516108	2435.23786490119	2400.86157308948
371.446	0	0	0	0	0	0	0	0	0	0	0	0	0	0	0	0	0	0	0	0	0	0	0	0	0	0	0	0	0	0	0	0	0	0	0	0	0	0	0	0	0	0	0	0	0	0	0	0	1635.74177756827	175.160063845577	241.293789353633	345.346451861735	490.048953443484	665.741602857413	779.578901910902	836.758883331214	1059.66601903927	1228.82699645735	1355.1996543453	1479.93243205656	1557.20158678517	1611.30742041514	1618.26393347441	1710.86796285243	1738.09927378596	1763.8668353863	1853.12754102457	1819.18516862603	2021.68967054137	2024.07253525747	2083.1450480593	2334.10775409782	2401.74561883882
374.719	0	0	0	0	0	0	0	0	0	0	0	0	0	0	0	0	0	0	0	0	0	0	0	0	0	0	0	0	0	0	0	0	0	0	0	0	0	0	0	0	0	0	0	0	0	0	0	0	309.7407409223	251.76365586624	349.417599336935	503.499529941775	641.969643671319	804.889881609115	930.334752875004	1054.36182974951	1295.96991434298	1470.05067744979	1627.03397458508	1696.17124138158	1767.82948182578	1835.8304981245	1816.32659010888	1895.42704050021	1890.19173086819	1929.29472286393	2022.05238471909	2223.02363151571	2272.41401341312	2575.19797835261	2651.71565262212	2731.13983603981	3548.10750881273
377.995	0	0	0	0	0	0	0	0	0	0	0	0	0	0	0	0	0	0	0	0	0	0	0	0	0	0	0	0	0	0	0	0	0	0	0	0	0	0	0	0	0	0	0	0	0	0	0	768.355245502931	175.279469197181	296.743815887363	458.305619469601	588.057080318431	772.036935726252	934.113753996945	1055.30221270123	1214.87166240867	1469.10689513396	1644.17575566104	1776.51882512839	1950.12774671481	1973.97787631378	1972.04118368794	2008.79677776136	1981.10527798752	2080.85927922844	2078.10550052895	2207.60537506197	2279.31605042939	2347.9331894461	2540.2010013066	2836.45457810579	3351.93998536617	3463.06828590005
381.272	0	0	0	0	0	0	0	0	0	0	0	0	0	0	0	0	0	0	0	0	0	0	0	0	0	0	0	0	0	0	0	0	0	0	0	0	0	0	0	0	0	0	0	0	0	0	1761.50951492537	186.71910134966	270.613349967142	377.86428237691	548.254420709483	705.227093523832	922.718750138778	1084.73132814517	1173.57008256947	1440.04385743331	1657.63889103171	1838.92954576637	1990.6670677286	2088.33610624559	2174.55340061041	2202.49885504379	2159.74850394919	2156.72505097262	2158.56635871725	2254.78977345699	2312.25946045141	2416.00202034009	2667.63157163283	3020.88969031799	3318.91632139756	3604.67998721461	3875.84231479712
384.55	0	0	0	0	0	0	0	0	0	0	0	0	0	0	0	0	0	0	0	0	0	0	0	0	0	0	0	0	0	0	0	0	0	0	0	0	0	0	0	0	0	0	0	0	0	0	302.073847588801	187.524085247913	350.623849656741	466.816863369937	640.659900921183	827.845750723786	1027.71281660136	1174.60016327393	1404.52351497972	1596.98134027891	1808.60054955221	2003.97201945394	2164.5655443765	2239.10425380264	2313.83953258103	2322.43642595824	2278.68286605864	2286.19508538614	2338.71763626731	2294.53949045191	2360.89410291334	2627.724942826	2882.16627844868	3102.08628230022	3613.3861254022	3709.19289181574	3690.70229551039
387.83	0	0	0	0	0	0	0	0	0	0	0	0	0	0	0	0	0	0	0	0	0	0	0	0	0	0	0	0	0	0	0	0	0	0	0	0	0	0	0	0	0	0	0	0	0	810.181443303822	193.030866188202	287.692838618694	424.933493865803	597.492222251467	802.427973912468	963.393193103894	1136.365986673	1343.57367301805	1570.06447988637	1829.39517264987	2054.82561039694	2204.19085035816	2362.62082630486	2466.00988576601	2591.94231930458	2517.67215515212	2495.59177397273	2531.68311024014	2441.53502918574	2484.57116908776	2584.68291977828	2816.05157850442	3073.8128048041	3534.8645740354	3842.41085706688	4124.29822817317	4608.78483776297
391.112	0	0	0	0	0	0	0	0	0	0	0	0	0	0	0	0	0	0	0	0	0	0	0	0	0	0	0	0	0	0	0	0	0	0	0	0	0	0	0	0	0	0	0	0	1947.33636100321	195.338007629185	239.337261179849	356.204845393607	488.467790640343	698.822563868128	897.302030707834	1109.98459367154	1287.33806680485	1499.60987283059	1745.69554228958	1999.30439435778	2188.6678993941	2343.32216275391	2541.12285081152	2645.06227211602	2709.31307924819	2677.04692847748	2585.97730630519	2517.29214335954	2572.29223369692	2618.85489306451	2786.32492985445	2975.86600965988	3168.05548639845	3584.83011022403	3806.91586916171	4202.05703398695	4651.74571840968
394.395	0	0	0	0	0	0	0	0	0	0	0	0	0	0	0	0	0	0	0	0	0	0	0	0	0	0	0	0	0	0	0	0	0	0	0	0	0	0	0	0	0	0	0	0	356.164449322412	189.435557652835	299.565325529776	431.923492521914	609.28209116236	821.735333536453	1062.01091360151	1259.4682706602	1445.537765378	1730.44843000816	1945.64550979313	2201.54429621846	2343.66163377145	2591.65178311553	2748.19084975797	2878.29629190406	2898.86290310575	2871.68195317243	2793.04078682246	2694.56160310206	2708.43015446304	2768.77820023178	2776.95630149169	3157.85543332886	3496.90902067603	3748.98896457414	4420.17082308226	4532.69532790119	5034.99267222442
397.679	0	0	0	0	0	0	0	0	0	0	0	0	0	0	0	0	0	0	0	0	0	0	0	0	0	0	0	0	0	0	0	0	0	0	0	0	0	0	0	0	0	0	0	987.92727401719	185.849187245188	234.715197739706	376.348230428305	528.203723729621	732.610382544369	973.573270778754	1165.34716990355	1357.20615667182	1643.93399089541	1898.68260510976	2162.57242204599	2357.09986239897	2541.92348634886	2783.98578947651	2900.54592109302	3029.98345887026	3109.74148053182	3005.70547633684	2864.07725694387	2868.80893949955	2787.17543990408	2916.36444806005	2949.80999268397	3236.30592677319	3796.47137162017	4265.67139014571	4715.77990207465	4942.40190213687	5119.5162143673
400.965	0	0	0	0	0	0	0	0	0	0	0	0	0	0	0	0	0	0	0	0	0	0	0	0	0	0	0	0	0	0	0	0	0	0	0	0	0	0	0	0	0	0	1711.12070855727	177.379072460545	218.328560880961	332.647796253514	442.873037244039	627.99961001593	875.439289723335	1090.9511821173	1340.00158269128	1539.18832838383	1803.17923525423	2066.91886346028	2279.07701751769	2519.42293857484	2691.2514036352	2911.71734027578	3123.69193680787	3257.25621178053	3253.05615678678	3158.36331638103	3033.11741215519	2940.46607902007	2970.32014483148	2925.92827427798	3155.1040125794	3512.3024052384	3931.73847436206	4267.99087045643	5054.1139536981	5340.28009365613	5748.31848617605
404.253	0	0	0	0	0	0	0	0	0	0	0	0	0	0	0	0	0	0	0	0	0	0	0	0	0	0	0	0	0	0	0	0	0	0	0	0	0	0	0	0	0	0	336.806822041245	201.10244882524	272.268044694317	374.967590777621	548.972056451631	741.273393233968	997.694549754735	1245.10068140877	1437.50409305412	1722.93296082595	1976.60455798282	2233.34686841976	2466.49811959177	2684.06471055938	2938.31519523255	3124.22187596658	3346.06515314211	3383.47336014488	3407.94027660954	3331.39757755769	3138.46239798435	3133.0501630138	3055.13715252841	3213.4655921679	3329.17602858805	3656.84878819945	4224.96736151686	4704.57758668231	5100.12802451588	5664.21753076305	6191.53910143674
407.542	0	0	0	0	0	0	0	0	0	0	0	0	0	0	0	0	0	0	0	0	0	0	0	0	0	0	0	0	0	0	0	0	0	0	0	0	0	0	0	0	0	1036.01708405867	158.684492008866	240.492373757614	352.66262255139	465.614322494018	621.848536043574	851.139181976575	1109.83390374791	1360.04644591654	1590.50922393442	1849.30202288732	2169.936813802	2374.87810413886	2617.8313851145	2849.57525740592	3039.57857778172	3216.61678565987	3426.22676512105	3544.49769698075	3535.27622834997	3397.38104843423	3235.76917951574	3151.89939179369	3147.55006090791	3127.50021013757	3424.20301365595	3839.51276567252	4103.6186836714	4784.55391118257	5155.39291650503	5384.41952714766	5971.22791025323
410.832	0	0	0	0	0	0	0	0	0	0	0	0	0	0	0	0	0	0	0	0	0	0	0	0	0	0	0	0	0	0	0	0	0	0	0	0	0	0	0	0	2203.5806022562	187.663238891794	197.952062606219	268.369936600278	392.410061578334	525.771815891316	727.182173272379	951.914184286005	1209.87120146624	1469.96651201811	1744.7883000314	1983.77238829983	2280.14391695886	2547.53433455195	2747.84174413244	3010.88984801555	3198.92771113135	3374.60752880057	3535.15204814882	3632.41577715514	3616.80875204436	3464.79005846438	3356.05660495485	3193.70098009872	3227.87557937219	3294.99461186371	3494.13360115553	3893.62505038463	4451.77586138576	4946.61229839678	5528.58098350163	5798.91615511734	6085.50728671525
414.124	0	0	0	0	0	0	0	0	0	0	0	0	0	0	0	0	0	0	0	0	0	0	0	0	0	0	0	0	0	0	0	0	0	0	0	0	0	0	0	0	421.334903847478	166.381192986095	232.660767658487	351.497618265145	494.021822382676	638.392618207031	829.120982927753	1048.08286612148	1351.11628659622	1628.66575373317	1908.17590220319	2144.57801288533	2431.39531203177	2649.51209713507	2915.27132100835	3114.98661084261	3334.29933528191	3504.55962864909	3655.00882474483	3705.77233258118	3686.20525607734	3528.70770884654	3397.13484747493	3297.04659385864	3280.39959388997	3391.496040999	3639.74467453816	4013.85493670858	4506.26351723817	5146.67523834367	5606.86591300343	6181.82047429435	6636.43356531885
417.417	0	0	0	0	0	0	0	0	0	0	0	0	0	0	0	0	0	0	0	0	0	0	0	0	0	0	0	0	0	0	0	0	0	0	0	0	0	0	0	1058.73104252724	156.307992037227	212.22563990591	305.741037418969	429.291587466187	573.434696001905	720.596715799439	951.737959390031	1184.28741209166	1453.33570947959	1768.93483784616	2073.31447150189	2297.45449953442	2551.25244491438	2793.03083993063	3053.89001401473	3237.05207969628	3445.85789623232	3642.64872379163	3715.36631704573	3871.10378563608	3783.33466252334	3617.40585165304	3461.45466348593	3332.3548830815	3373.09471716117	3405.13014433475	3760.10117312517	4256.7250520355	4843.02154849161	5362.17503994789	5974.02174563587	6504.31568754637	6742.99919660364
420.711	0	0	0	0	0	0	0	0	0	0	0	0	0	0	0	0	0	0	0	0	0	0	0	0	0	0	0	0	0	0	0	0	0	0	0	0	0	0	1936.20701834529	164.053093558416	166.25672413691	272.591488107865	353.80512610385	465.994458569484	620.69933554925	786.979158723587	1008.91685948487	1266.1043086857	1545.4174257307	1865.81465866192	2158.7220162417	2391.42453401815	2668.04000623666	2925.07801312924	3149.67413041118	3343.48681300419	3482.19254685872	3660.57696641124	3801.79531830578	3769.71580728723	3802.80204945842	3621.41119873859	3412.13839912929	3454.06836942567	3361.43903765298	3528.12332553702	3802.53570217335	4276.58368324755	4814.12283331106	5444.21975752019	5935.05738679371	6168.24064236468	6944.91681223219
424.007	0	0	0	0	0	0	0	0	0	0	0	0	0	0	0	0	0	0	0	0	0	0	0	0	0	0	0	0	0	0	0	0	0	0	0	0	0	0	387.614560615841	135.447155153605	196.30890716199	270.30947881669	416.987153812629	530.393077158502	710.642957005172	866.157304222987	1105.67266273714	1364.38505795815	1667.65859389981	1968.76012983274	2273.80138028345	2520.2003146554	2816.22161079324	3028.97522755655	3243.78623553684	3467.87288949807	3598.19607247458	3713.46659330996	3846.42410594893	3844.58335242004	3788.81968609316	3657.70654782311	3495.15562322526	3369.85308119785	3417.19176056385	3446.19681887828	3882.80725469763	4314.28329157426	4937.69357356704	5386.06986137793	6128.24558744272	6389.4040256415	6587.07466726382
427.304	0	0	0	0	0	0	0	0	0	0	0	0	0	0	0	0	0	0	0	0	0	0	0	0	0	0	0	0	0	0	0	0	0	0	0	0	0	874.534415196984	119.764927105236	168.091849609495	267.43470618537	315.146354824106	460.272086740236	602.418733402791	753.927296448527	949.768916363177	1159.91727208127	1450.56954877196	1791.05969168166	2067.32096342924	2301.67301345873	2594.05163346588	2866.99472588961	3086.62990415634	3334.43419300813	3477.34544015385	3668.57738261879	3760.6927786624	3885.25085911566	3849.74631616772	3826.91129586876	3625.68183322626	3458.65141823706	3406.0129210425	3390.00058423596	3587.5391848101	3897.98981639689	4371.97878344632	5054.63690732888	5497.1950209501	5839.64727675882	6423.82064192441	6375.25246627929
430.602	0	0	0	0	0	0	0	0	0	0	0	0	0	0	0	0	0	0	0	0	0	0	0	0	0	0	0	0	0	0	0	0	0	0	0	0	1585.44780807779	180.080685655415	171.356773386079	242.115526088032	296.110618387352	430.45942008217	550.852835617773	703.206653436685	872.652996174382	1063.68216816309	1288.96401321037	1576.17003562577	1916.63929647958	2225.08738332555	2466.81042989298	2748.41014724971	2973.55299660981	3171.41178105693	3449.9896603831	3607.8420668969	3731.41787261928	3896.5249300449	3893.59256654542	3882.60040200814	3824.63249962551	3683.42272266453	3524.71363894298	3438.45220631823	3522.15531976484	3595.4507389605	4080.00351480145	4602.03235479783	5350.6072326888	5756.82110186415	6533.5347604404	6916.720216034	7387.28428494857
433.902	0	0	0	0	0	0	0	0	0	0	0	0	0	0	0	0	0	0	0	0	0	0	0	0	0	0	0	0	0	0	0	0	0	0	0	0	312.049387131626	116.518688776065	169.845871945784	220.496765128419	351.438955754879	460.519309668891	598.952947657157	726.716513951238	906.353620361212	1096.11699053533	1345.17250528715	1667.82535673745	2007.15860307227	2312.25519324026	2543.5563461665	2792.4614520488	3059.53610097778	3303.54607724819	3464.06888451422	3613.08071385425	3788.074754183	3822.15642414512	3893.50396393607	3902.87894283777	3810.70922267612	3674.67366598282	3492.1198457135	3473.1720398644	3447.94145171974	3629.25379781495	4037.52742715802	4554.9856046598	5164.80145660593	5820.64095176229	6266.46557372818	6661.1073130783	7040.43586466008
437.202	0	0	0	0	0	0	0	0	0	0	0	0	0	0	0	0	0	0	0	0	0	0	0	0	0	0	0	0	0	0	0	0	0	0	0	760.707348531565	115.989574245308	158.156245786315	214.104423512573	310.833954824952	390.188690605149	537.672575556668	629.666064470529	828.423542335881	1032.53454797166	1177.77878284897	1445.91496464826	1730.56254521641	2093.42203494747	2363.20966186942	2647.00439943074	2918.1213769368	3150.91456400809	3394.39005602149	3552.48546935501	3708.78404286075	3838.32588823854	3939.70599026394	3944.63981285058	3931.14253811487	3802.30699433151	3638.7726326247	3513.10050225119	3489.22984976754	3529.60760889617	3790.45551599191	4073.8429234395	4662.81536855279	5335.6535612003	5786.83957563461	6362.06759110034	6449.00188810267	7259.43519686778
440.505	0	0	0	0	0	0	0	0	0	0	0	0	0	0	0	0	0	0	0	0	0	0	0	0	0	0	0	0	0	0	0	0	0	0	1404.58211478813	147.013118634865	138.399022052568	180.209694861404	262.080419464492	339.728206484034	453.254267566857	579.792018601476	745.407071949969	897.639384665484	1097.18690642462	1302.42058012891	1528.6738694827	1823.22124347568	2152.2425614705	2478.4617320879	2695.19514150666	2966.26808208045	3227.29263231476	3454.53874813511	3640.47478983308	3746.10423518895	3865.1452196305	3949.08979106396	3950.8183395215	3928.18249306613	3810.332012487	3627.55060634406	3532.39169233836	3475.33938843952	3559.8584273033	3731.93976231854	4246.95980097772	4716.68855604681	5433.65080730226	5846.53434280975	6610.69280319154	6791.1090586803	6897.97853769452
443.808	0	0	0	0	0	0	0	0	0	0	0	0	0	0	0	0	0	0	0	0	0	0	0	0	0	0	0	0	0	0	0	0	0	0	277.428262490297	124.86245059032	185.826659937271	236.083091582357	303.034428484305	407.796754844292	514.034357877744	636.44570849928	793.238053589084	956.346310422959	1133.47447817427	1341.36249584884	1572.0628688528	1885.71057683056	2210.65781627675	2503.87131152842	2760.65001850692	2985.0048885156	3229.13701463788	3458.69455356558	3641.6543103466	3760.77171734218	3814.59223702057	3913.04390444764	3900.37100490285	3864.17539694267	3767.92640671608	3597.003109249	3489.0160483522	3464.46259786624	3550.43494131106	3775.86865453047	4194.58094940431	4888.57957198371	5297.97589364857	5947.57644861325	6374.83848236625	6456.21692617883	6984.09002259047
447.112	0	0	0	0	0	0	0	0	0	0	0	0	0	0	0	0	0	0	0	0	0	0	0	0	0	0	0	0	0	0	0	0	0	662.252654728718	120.38228238787	160.292250235313	203.138486879829	262.829926211379	352.377215354445	458.684240717388	576.040530776906	682.431197895244	848.455670813361	1031.66556973138	1203.78609929121	1410.09812614987	1639.22415292466	1945.91306390411	2249.16411473682	2557.51117926135	2790.48389328037	3022.90674742989	3295.68780251862	3482.0871793244	3634.84592357614	3758.56415648005	3828.25765493371	3859.0984286966	3888.86968157584	3833.95895956789	3721.26651868601	3571.92934072257	3487.88392541198	3515.91586949809	3592.16505571466	3779.79772505341	4308.93161980666	4869.84246262076	5479.18671385155	5910.02869328562	6467.54586137951	6774.20704889164	7120.05159648354
450.418	0	0	0	0	0	0	0	0	0	0	0	0	0	0	0	0	0	0	0	0	0	0	0	0	0	0	0	0	0	0	0	0	1261.69492522839	110.434783737039	129.421335757554	156.459043876826	224.800413075093	291.276073742991	387.497250043134	458.187505872463	609.685645311553	744.479004828306	911.70141488095	1041.20989193462	1230.82230546501	1427.94927703167	1665.88207718078	1959.13503939736	2283.00468870178	2544.23828266169	2792.51618061094	3025.86581762846	3240.41540261037	3457.81335342209	3585.70599118531	3690.29959736775	3720.50497013933	3762.11414553599	3783.64412694377	3725.48333159424	3576.58699413249	3490.47349799493	3346.24696805535	3431.11213149947	3470.70932068931	3854.84033775562	4101.07561165168	4781.69307821455	5353.08563650618	5945.16302957046	6170.59797769955	6248.79384637175	6411.99870306198
453.725	0	0	0	0	0	0	0	0	0	0	0	0	0	0	0	0	0	0	0	0	0	0	0	0	0	0	0	0	0	0	0	0	307.515157946876	119.66547537841	165.120645551367	239.978331411649	278.457903217101	355.242911096046	440.222467039303	565.420944111554	661.665178668465	811.623661143807	935.806690988362	1101.76020501877	1310.12631850334	1481.77995619499	1702.34403539214	1996.53274051757	2310.89295003626	2614.36715553016	2815.53688396027	3015.67631064655	3302.81339469851	3454.79877236302	3604.82310978863	3680.57110921901	3726.19469470384	3725.06662670732	3745.04200413821	3651.88077161575	3564.84208453508	3395.65263236318	3362.4858313774	3360.13200085525	3509.40452565459	3710.32949959499	4336.02186585245	4868.27242744188	5522.15890757575	5811.12788026186	6282.56428239256	6548.56717573642	6872.88646383281
457.033	0	0	0	0	0	0	0	0	0	0	0	0	0	0	0	0	0	0	0	0	0	0	0	0	0	0	0	0	0	0	0	537.320586684852	81.4990621243542	129.215402687971	181.973987577383	236.458595222084	319.365437144324	370.115894752602	469.86844941866	567.401776875954	737.731680679025	828.779393009346	967.083247692043	1160.61442279616	1318.25093145143	1508.65219302543	1741.24856061091	2019.99078011629	2319.82787514446	2593.23805503947	2811.10041219145	2999.26431571086	3247.59227602672	3442.28075144747	3541.11280430891	3592.02062169	3646.66198688481	3682.46399276802	3620.2586614276	3596.06375782957	3471.43356317942	3382.04496206051	3314.00168175147	3344.73137477956	3479.94543263653	3757.64051601089	4191.89148563814	4663.73692618676	5316.84634959218	5823.91646430363	6096.37128106371	6388.96410902928	6448.80665141372
460.342	0	0	0	0	0	0	0	0	0	0	0	0	0	0	0	0	0	0	0	0	0	0	0	0	0	0	0	0	0	0	990.751749120765	109.271648563863	107.46345058539	151.144694038166	208.803852774189	266.134717246317	346.589912828857	429.953462092078	516.051056707464	624.882141347423	742.075052775975	877.378881639317	1016.32855589722	1195.65859546656	1387.83990932363	1561.82558045936	1741.54289985502	2065.0579593782	2336.13302194855	2593.79989532942	2787.3060433352	3029.81570740379	3218.73202494961	3356.42478326551	3460.22511908226	3529.0847986121	3598.64248455151	3558.55481231413	3578.12442431425	3500.27057136031	3366.82666138506	3305.40028491307	3217.29969301245	3308.55948409516	3415.5349303244	3741.81657056285	4187.524034696	4781.18371462496	5223.43115949201	5760.20856452055	6107.92654789303	6094.78642922471	0
463.652	0	0	0	0	0	0	0	0	0	0	0	0	0	0	0	0	0	0	0	0	0	0	0	0	0	0	0	0	0	0	208.31318868856	109.293882905496	129.809378830327	177.516201193065	262.097710134954	306.649502530553	374.401118214436	463.10074423215	558.906632596383	676.494407784075	785.659245122251	898.927930385862	1073.89204267575	1228.92604055034	1421.15853766796	1563.16591975579	1782.70072869714	2052.5949586489	2333.85443298572	2590.72304413107	2818.73490110473	2996.4836750542	3147.04128035342	3325.59207380082	3414.24272983564	3489.19778823892	3539.19877721054	3475.15038629561	3465.14254681625	3405.01266654118	3308.3658204816	3267.61250097709	3197.16758971277	3262.87119495789	3430.05103249035	3745.70351452342	4244.47226125721	4794.16742005406	5237.79618511412	5776.8088001722	6037.9239976258	6290.25654523217	0
466.964	0	0	0	0	0	0	0	0	0	0	0	0	0	0	0	0	0	0	0	0	0	0	0	0	0	0	0	0	0	438.451466819854	89.1315126364981	116.888869005357	145.193088198697	199.8580977536	264.981810849332	337.199077262094	388.007904525598	493.994461909422	589.650492439088	712.566734338082	806.235966441857	939.609831990486	1091.61099971462	1249.28467247116	1409.14267045874	1562.16253239864	1805.86671099714	2042.44228089149	2285.19569456259	2543.00714315281	2732.80712967371	2905.90731040648	3111.2711023385	3261.15815020438	3281.20660148034	3380.50475090113	3397.61671113879	3394.54585830199	3367.43731869039	3286.56192034748	3226.66508419344	3144.79316068459	3122.97521762301	3178.20765497013	3355.86225736768	3632.67663502491	4099.87097219195	4693.74451037683	5166.71470254178	5713.57358864184	5725.84975217552	5858.27782290697	0
470.276	0	0	0	0	0	0	0	0	0	0	0	0	0	0	0	0	0	0	0	0	0	0	0	0	0	0	0	0	800.916533743814	94.307635184062	109.080443652898	126.338379596689	188.021522611441	221.307999494002	292.483480202177	377.391025837727	414.422524403149	528.6281384872	619.653804891603	745.933882000846	859.746937535869	980.441469013531	1122.27065756222	1262.12591018386	1413.18652095512	1593.35092627998	1801.88989918246	2021.71886518286	2318.22166118185	2540.21129553292	2724.80222462284	2853.17787300703	3064.65226602827	3170.95824747379	3268.4785606813	3326.94121505236	3302.2325643628	3321.98709546588	3239.1804228533	3200.99183008876	3152.87027137076	3100.67797742588	3092.89721359355	3152.5069574285	3336.17186139584	3564.3771278483	4124.86663442421	4543.19791074373	5141.2671960087	5610.61809251375	5890.23000105068	0	0
473.59	0	0	0	0	0	0	0	0	0	0	0	0	0	0	0	0	0	0	0	0	0	0	0	0	0	0	0	0	158.114088033181	88.5867002687245	123.981442243268	154.817661935836	209.198396737697	270.008772352356	317.260301757282	386.146427012405	484.14603399918	555.330850404724	647.606782225315	756.102449695637	880.494298263693	998.340947066326	1145.61176432029	1286.71535044155	1442.41840760967	1583.34413620616	1790.82242899489	2025.58096868644	2288.69175484472	2490.7442097266	2668.71442012227	2800.69604566822	2998.81953057999	3119.61658551799	3183.53511397395	3196.18138675632	3251.54041119783	3220.87426438258	3170.54967002411	3172.38731989774	3051.18506347494	2987.20758097173	3006.13645396443	3185.45580096885	3311.18116505065	3614.85009609157	4037.8015308157	4653.68940955083	5152.78340320005	5496.04596135133	5503.92558585266	0	0
476.904	0	0	0	0	0	0	0	0	0	0	0	0	0	0	0	0	0	0	0	0	0	0	0	0	0	0	0	331.178113856907	80.9733665125414	107.910773185967	140.674964637681	179.711945862562	232.504737911434	275.068113238933	362.127127687431	412.655427740809	501.565715104063	574.775316416182	672.448061840133	781.249632452097	895.127042035639	1047.40183586367	1143.15614223381	1300.29411563575	1442.13529680702	1596.26525774296	1774.93329114109	2016.74261635401	2281.70155999506	2452.90224423984	2615.78476438757	2772.63869249793	2936.41638614272	3001.30553018501	3079.66952040701	3130.93025561567	3124.95998734959	3123.95609697203	3064.28600771612	3040.16004817239	2983.50644501566	2948.91431112185	2891.35380992634	3055.42889994915	3237.41676550703	3589.19401042536	3979.39805080989	4550.64148310675	4971.7615067864	5372.89114824394	5549.13760483787	0	0
480.22	0	0	0	0	0	0	0	0	0	0	0	0	0	0	0	0	0	0	0	0	0	0	0	0	0	0	608.096188806957	70.6585269500841	84.3760923005814	109.667575558415	137.087834329893	186.324972774246	241.524664377103	282.139669249688	352.326640562767	427.643975816959	508.958112939842	584.161192514163	673.037211272551	772.459718503721	888.635413984019	1007.3678091777	1158.78758100993	1281.60896750867	1418.09563834038	1555.66401186942	1721.05494954123	1946.39211975904	2159.31922519571	2379.02310236717	2523.9719562879	2667.134492979	2785.09372363566	2904.50841232564	2961.99683442399	2986.61359309112	2960.92063043112	2975.52176326531	2949.38087283722	2895.55942508154	2861.3824553463	2845.80559529719	2854.4098428559	2938.50735507341	3154.1865966053	3415.73726877524	3843.24302310328	4275.52965444473	4723.75381326503	5117.88382669526	0	0	0
483.536	0	0	0	0	0	0	0	0	0	0	0	0	0	0	0	0	0	0	0	0	0	0	0	0	0	0	135.904861429082	81.2322581825501	99.5345345097209	135.372435198755	175.295722678471	216.011283446419	255.471535069428	330.527680082543	373.223656485114	478.211428173981	544.417867302239	644.417808459184	713.238285793165	809.875145042672	939.212638681294	1069.36581988973	1166.83575783723	1319.40556062432	1444.68459238123	1572.40345719005	1736.23563537673	1919.35112409806	2187.22340081786	2373.10848405568	2483.45061614247	2621.47124107133	2752.15291266394	2835.18143189281	2859.47260005766	2894.94122984983	2926.62283535688	2922.90060833234	2925.64522259648	2833.42500603802	2813.87605887732	2779.59036951866	2853.69860459407	2962.79085181605	3130.13733299323	3437.03650764042	3891.75778057603	4389.47585705149	4816.86652830912	5192.50623743659	0	0	0
486.853	0	0	0	0	0	0	0	0	0	0	0	0	0	0	0	0	0	0	0	0	0	0	0	0	0	336.61036610566	74.4050799571777	90.1193204737952	118.87440529892	151.09018913965	184.077980797241	222.657538104468	306.832793335629	347.415686617913	413.950736008218	492.30683662309	565.810652359658	636.051772752501	742.528986406766	839.783969271882	979.005635241536	1063.80859852142	1199.70005726541	1302.26505502543	1444.52858437709	1568.66081128495	1729.02277829635	1933.98925586452	2156.30520194375	2317.66200311828	2469.82099149685	2562.22932023197	2673.11773576643	2747.25602638513	2830.27068691465	2824.41258981104	2815.26344968175	2818.27146873259	2831.93170383072	2766.43902060128	2722.51623472283	2698.52788550181	2808.57996133284	2886.67211281036	3075.53354891098	3286.65658740026	3857.89362040262	4331.12590534538	4830.56906317296	5011.66580834094	0	0	0
490.172	0	0	0	0	0	0	0	0	0	0	0	0	0	0	0	0	0	0	0	0	0	0	0	0	624.330521448299	63.4180311946231	73.5664304873525	102.365148224129	124.087666626684	159.596282536377	192.31151203044	243.058510393089	303.512409930978	367.969120068197	421.931918743917	505.040154573729	564.768776221635	667.682766680717	728.70002378109	851.376399236324	967.971198665225	1058.0226432793	1179.57844286505	1300.87937246881	1403.87903683818	1527.18215566174	1680.31270862461	1886.2161030925	2091.97652392006	2271.83736548797	2402.82012841711	2497.34060020986	2579.46816173216	2642.20468334676	2696.57620167575	2725.59757978834	2707.78445443931	2693.82612560774	2651.59211800447	2669.71813037506	2649.70714780353	2609.59125256088	2626.19942298617	2855.14569977308	2991.96076355957	3335.11360419557	3657.85054592189	4162.20784329283	4540.41673334917	0	0	0	0
493.491	0	0	0	0	0	0	0	0	0	0	0	0	0	0	0	0	0	0	0	0	0	0	0	0	131.766680405071	66.768056233447	83.0813051532317	117.299918885916	138.722016576617	175.603714054196	219.354702414157	263.756028553987	321.801264697019	371.952602732618	459.265177054577	503.33045061386	584.517582789441	658.899894135693	754.46563172339	847.30455529287	927.018731781126	1045.26788913428	1155.89632179442	1279.78216464229	1412.69800268265	1493.39514671256	1628.50143253361	1822.51769627298	2039.07411374123	2188.59625149034	2281.41708936268	2398.99748975152	2502.70258474389	2541.40549880766	2615.80495066654	2625.51385107368	2621.23893229617	2639.04877914166	2590.47905291032	2567.79393224278	2598.60771133037	2541.34881403343	2612.46834885724	2731.58787721969	2910.41920919244	3277.63640470722	3658.97097649041	4053.25666656846	4344.27349124036	0	0	0	0
496.811	0	0	0	0	0	0	0	0	0	0	0	0	0	0	0	0	0	0	0	0	0	0	0	325.867035384786	43.4596062298397	63.4837303081968	94.8321509738926	117.56285090774	143.253070463839	188.564254952556	223.616968526895	265.468736590476	310.118218846311	369.790040877959	449.5618977291	509.000464603985	569.222459614646	660.073754100934	737.706125931784	833.830515215543	935.528765113328	1043.79881799553	1147.82646998402	1251.96722174635	1371.92244744531	1452.34634026533	1595.70415450917	1805.33872131542	1971.67737332074	2091.85537868004	2189.78051616631	2315.38467417661	2410.67310609629	2454.81299120418	2481.57016499735	2487.55373064588	2511.08427658173	2486.84542064935	2459.61464063033	2450.81325854364	2430.50300719043	2461.2415739966	2533.40576532566	2677.1150681425	2885.69637463308	3088.98042675346	3474.46732053289	3819.12389935519	4203.01368423436	0	0	0	0
500.132	0	0	0	0	0	0	0	0	0	0	0	0	0	0	0	0	0	0	0	0	0	0	644.444156406453	72.245388402158	77.671306305165	93.1183474444704	116.035482775645	134.871704983019	169.035335190888	202.39019739823	245.094697693084	295.694352371835	341.632987422375	389.006293266401	457.243416968722	523.988292389633	602.885083510911	712.942103576226	762.614187140215	846.851259971623	934.823182770173	1039.96468662789	1171.16791899544	1253.71260485437	1351.72809283372	1458.43155684638	1590.9706685588	1738.24603451722	1930.59875079273	2042.6754867566	2124.42563899301	2229.7227907707	2312.72814274327	2367.80266407657	2416.05508177938	2430.86531132759	2413.48454458212	2399.07800165106	2412.02091721749	2352.45401054307	2378.44605392106	2418.62298677977	2445.33605975058	2577.68570357223	2810.56269577726	3074.85611522583	3513.72043324386	3942.91997243017	0	0	0	0	4558.71642620416
503.454	0	0	0	0	0	0	0	0	0	0	0	0	0	0	0	0	0	0	0	0	0	0	140.120924868868	48.8403518255491	75.1439896643923	94.890653524082	124.496114011934	161.508521980482	177.156758383248	204.825735370017	255.958378574906	311.484250700267	352.22964663462	408.076024529303	458.460844117393	533.1296004024	594.132937151837	675.37623077952	748.60944708866	832.970946552361	941.588295757876	991.231780590544	1107.07299587719	1187.89924877112	1296.04068334312	1415.03524844506	1532.485021069	1691.43109180821	1834.30514057846	1963.97627603699	2040.36479373038	2139.20319230694	2208.16079583477	2256.78426307572	2284.73654252898	2269.1343703628	2292.31306706252	2283.59286886112	2259.96702557767	2277.83910882119	2231.84781062948	2272.9915977156	2375.39965126115	2515.87391461112	2756.65302359758	2958.59900749912	3308.67985948946	3748.63946187195	0	0	0	0	4399.153105469
506.777	0	0	0	0	0	0	0	0	0	0	0	0	0	0	0	0	0	0	0	0	0	320.69201937716	54.9452996771394	64.2815736038089	96.3644997719933	109.325054672659	143.400248530397	159.379449298428	179.811636051988	222.782904677125	265.187796208063	294.798848353449	349.942791650232	412.451079135543	470.213440298103	541.525919853641	564.360727121347	674.18501226036	721.79231849281	808.544923259215	882.270846752601	977.531123050679	1065.06078553713	1181.5187016712	1259.76421966326	1347.97482813759	1457.49923388747	1615.05569181634	1732.38489092503	1865.63747077227	1939.90498124298	2007.6553034825	2105.258357103	2115.12692528776	2134.11493292494	2174.75721998708	2179.28715243169	2162.52834453261	2157.45575750711	2145.25620951841	2202.4901306936	2197.49498769414	2270.94789871174	2382.30338398519	2557.2261760048	2797.94114541376	3135.00182223768	3643.65585392706	0	0	0	0	4268.75357883713
510.101	0	0	0	0	0	0	0	0	0	0	0	0	0	0	0	0	0	0	0	0	636.703733380077	68.6915794407762	63.0471448438633	90.3396789720936	107.883936488637	130.149005831988	138.455074300685	171.308749423958	201.621018780966	230.457231345993	270.176124551234	320.854830960335	359.376739191257	402.569688905115	470.578087352824	534.759949596784	595.88794693945	667.437253260804	731.972037778896	785.476097745532	882.921168557896	975.771207469164	1051.18147129681	1135.21414637651	1184.44724193628	1310.20398891955	1414.75504440053	1550.26534492101	1682.99646711592	1786.91215585924	1859.08929361071	1915.53822423909	1984.39890151135	2023.99747783965	2047.57156836299	2036.16879869863	2039.65592624034	2030.07549465706	2013.26880365964	2030.47520277175	2034.60753368786	2093.55252467782	2155.58295323696	2352.53509674692	2513.92497729422	2657.50375423102	3032.39814476316	0	0	0	0	4086.07501670992	3896.3047221563
513.425	0	0	0	0	0	0	0	0	0	0	0	0	0	0	0	0	0	0	0	0	126.57225404307	59.0554273761203	69.0362892775754	81.657616768478	120.231935355212	127.216055803402	151.633606345347	172.414396545049	205.025180962548	237.673011880575	279.064658692137	312.270606380412	351.840790837973	416.180727127625	459.930481056388	517.349081691241	587.767349684571	659.59313767977	712.724740413858	789.315183779685	864.794895718657	945.605721242596	1023.17913710312	1106.26220616859	1183.17490035447	1240.44427750518	1350.94300799018	1477.81034813556	1621.9974290567	1727.42509577495	1768.55502320426	1845.23635138708	1874.6232883911	1931.41008163088	1928.96004057072	1960.92507313251	1919.52284339637	1957.08218209819	1966.97831977512	1972.83167278101	1991.81747859338	2010.62371953095	2109.80115103077	2252.689935577	2400.47238869688	2631.65077175699	2961.17038148381	0	0	0	0	3764.38799888763	3889.24186700932
516.751	0	0	0	0	0	0	0	0	0	0	0	0	0	0	0	0	0	0	0	304.756191312707	41.2349126582775	74.4075506120283	75.3680408537771	96.1104206629536	114.969366791632	138.296989799149	160.852085850059	189.99784900037	214.449213246437	244.655203536903	291.41455099687	309.684647915554	362.325709100556	403.515337300871	463.912556488373	506.028039029302	585.814220602058	651.423098210635	712.457803255687	785.963075915992	832.443383469708	931.404326046092	1002.69414137241	1064.22054890045	1158.3198325251	1239.81065169701	1323.89051101615	1431.38709545087	1577.52124119091	1665.17321991457	1715.54738732566	1791.51866266381	1826.71682321578	1856.41774834933	1895.0176699606	1890.75951253788	1896.27552843198	1912.37149509651	1905.33469340975	1905.85567439164	1905.37195218873	1975.48526153049	2033.40737364834	2168.77732657666	2322.81489549282	2554.00584919224	2941.90810410067	0	0	0	0	3706.86812757785	3413.34827944005
520.077	0	0	0	0	0	0	0	0	0	0	0	0	0	0	0	0	0	0	635.861556209806	53.1011055983201	49.0402525763111	65.3264083145282	88.5784170316341	93.4309654872502	117.015584577001	140.676736310365	167.181779515376	203.042480354582	227.259495234062	258.762219992444	284.315813152339	333.074243654811	356.002843467905	411.65404170858	465.864121529879	534.848956366594	563.087038752522	640.038953524436	700.095900628426	755.724513982461	846.952610521846	904.695003084393	972.048760731555	1054.80432839965	1135.55425231136	1174.66009758241	1282.69453884044	1394.31747328669	1511.42252554473	1612.58411093701	1674.72286471024	1747.83408695949	1771.50417537464	1795.41571083965	1791.76648177381	1814.74627837114	1830.48157123081	1829.59769307497	1811.14220282671	1836.28673818835	1847.93662397895	1909.01678719554	2000.01198939533	2115.72274654243	2298.42002478149	2527.86308337095	0	0	0	0	3496.11689350924	3608.24241991874	3748.37170555473
523.403	0	0	0	0	0	0	0	0	0	0	0	0	0	0	0	0	0	0	128.648043007718	43.4334957393156	70.2804718979338	67.5659804732676	95.4082019874248	124.047963605082	141.654558272167	160.114010047801	179.661310178427	200.901499133878	219.481130462413	262.396772296323	306.781906816765	327.655676156323	370.220438635166	417.681107672895	469.113448116405	523.156090384062	574.942222703912	646.411419100747	702.84633301683	757.959757438966	807.025118014817	914.499459591387	956.663617621553	1032.44412697597	1095.52407342788	1169.11699259515	1244.58575313949	1363.77209946669	1518.68850086121	1574.54823685488	1613.2472750149	1650.37617068259	1700.96546289005	1736.21582326707	1732.28348550622	1746.65383695505	1734.48885991289	1745.90206819513	1767.6559782603	1772.28211159737	1810.25423974312	1859.38383288336	1931.1629084702	2096.90876482391	2243.82504576433	2431.1474636553	0	0	0	0	3520.48405575866	3480.97749434056	3604.21035737063
526.731	0	0	0	0	0	0	0	0	0	0	0	0	0	0	0	0	0	300.363340011988	19.9511378012911	54.846041681567	41.6885951351353	87.5116336906815	99.5324723284552	116.516276002772	132.921715249599	157.120671911261	183.909114985846	203.93358423786	229.568038121124	263.578921043708	282.493456552782	325.444711854984	365.631645776998	411.313465981497	452.28421453395	513.670677908252	547.691724809877	623.188936473402	664.763703450892	718.16018265121	781.28718483404	849.511221223945	928.331083460179	960.687635263913	1034.76548962538	1111.63074594776	1155.6372984647	1264.55963650246	1392.63584712652	1488.65958580358	1528.68838575909	1546.40921337668	1597.11688599697	1630.9312945724	1630.24663956925	1636.25298427976	1643.36021859173	1653.47771862533	1645.70359874636	1692.35127274431	1708.37287788057	1738.06057766435	1852.71083774287	1990.25552349489	2172.8338277348	2331.50081125867	0	0	0	0	3326.04711052303	3223.57170280485	3162.59767450916
530.059	0	0	0	0	0	0	0	0	0	0	0	0	0	0	0	0	615.428117979819	32.5015557578487	53.9322066593336	53.1407819361895	73.4724184990836	79.8306267000584	102.709078027751	105.584420505254	147.379095287438	150.228259527842	179.801970482226	203.48742747286	225.727504123989	249.884420796862	287.966431603896	307.559453998275	357.716540157758	403.84331572767	435.027357759404	493.17020445091	535.005045150596	591.417662808155	639.626732314198	688.514659391499	765.925809469393	818.370713833311	861.919115999784	927.230206225873	985.283926258313	1055.23602774236	1134.43982321086	1203.98516576744	1339.21186784105	1400.13449564596	1432.98816462665	1481.50138573676	1474.80960852269	1520.85787249881	1514.08628480915	1532.89903762738	1527.15866784887	1553.64060257089	1554.44356452191	1568.32206085419	1605.86223348893	1654.36682220496	1739.008262703	1877.2505657365	1975.58353523884	0	0	0	0	2997.74278460018	3018.62295595849	2834.02365995311	3036.22313117836
533.388	0	0	0	0	0	0	0	0	0	0	0	0	0	0	0	0	155.997132935581	68.551360645354	87.0183640567124	80.1227372207643	94.3609482172769	129.06347844265	142.473834251432	153.96215275907	156.636303072084	174.612623292885	191.929077826474	217.088526615633	247.242358606869	273.597175636256	295.151802848918	347.139035395806	366.571309260171	419.24279477917	455.002477783958	489.191347661752	550.026980815699	599.428327871488	649.321826915615	703.983155546952	752.728662169916	789.496042942544	852.825421123933	921.374667064522	971.471094422063	1032.51918034833	1072.69129145568	1162.47635741658	1254.52719904054	1347.67677549928	1362.05455379544	1411.69557992959	1433.75729291725	1446.20318082666	1445.82691521053	1472.71907837783	1473.63667759992	1477.15230777594	1503.40154998502	1506.2968839613	1537.13750841327	1586.83351673322	1704.39874883947	1830.60912915641	1975.78126369293	0	0	0	0	2871.79488854314	3174.43201735143	3346.42091115641	3360.03919149501
536.717	0	0	0	0	0	0	0	0	0	0	0	0	0	0	0	285.833712958797	10.172726151538	26.7246112895587	47.8505066615603	51.5854198765057	64.1316995404625	67.9220832397134	97.4288830834619	112.363163684338	135.16151788805	157.124773275194	181.144707856899	206.548458365469	211.231874638361	238.216735708287	271.697848857114	308.621459460445	323.478335103362	368.571029640185	398.114689425697	466.744313614328	485.111166574208	548.923805625544	608.036407997311	644.340072534225	671.432832460785	767.416350991189	785.009317333295	828.12684013003	873.137353171869	927.223274034426	1003.51381746547	1109.21854720671	1181.6368836916	1248.42775040192	1284.95412284266	1288.72163281156	1332.23031449736	1364.20926488871	1350.7641891993	1375.59755776557	1364.05188931796	1371.83869913077	1374.34016211521	1408.44009015677	1455.93990234886	1495.97898285405	1567.42768765103	1651.3189378	1803.40796986848	0	0	0	0	2746.19277035042	2761.84575981003	2765.00826240049	2744.85678737307
540.048	0	0	0	0	0	0	0	0	0	0	0	0	0	0	690.172064518944	54.9316307665134	21.9982794231458	43.9286957272107	55.9894235086135	75.9870476321954	82.5806935723067	104.453140614744	111.075692752171	132.42575636412	144.710834301932	167.166911984431	198.091636140207	208.163840283692	232.761606721879	257.534544551887	279.841959295295	301.4803104135	350.10778291991	371.650046097045	411.734103308781	467.282914530723	505.669588505766	558.744589967392	586.490940114644	632.551891384149	679.988446280957	729.638615303095	781.157689745017	817.449614159858	861.615875060103	945.015055188645	984.529533997276	1048.331143226	1146.66619492592	1216.04534949857	1249.52849796198	1280.40326705821	1293.2178552186	1299.70203074075	1325.44064756839	1340.0685424599	1352.9760273951	1329.37901543492	1379.35893419585	1375.65711611401	1403.80930146492	1417.116006342	1551.90460882869	1616.32731375064	0	0	0	0	2576.26243780271	2671.16412546624	2847.79653580075	2684.23226901075	2501.88618675675
543.378	0	0	0	0	0	0	0	0	0	0	0	0	0	0	157.395965100369	41.1501241952148	56.3372517990829	74.1140871209906	58.721318188451	65.3829285606394	87.558757104533	96.1457576723107	122.495366939973	127.116348035723	155.652979598299	160.676492269773	187.144140086988	208.225360249108	232.752981385508	260.1958655381	279.072564667326	310.654042661108	335.494068329343	400.113355150298	401.508233238215	458.274357264534	497.439772990022	527.08556425932	580.047785839701	626.843303800716	664.910353973238	723.771122934232	750.975506181584	789.02750631495	839.417275635547	899.988419766227	956.908211760673	1053.66753080425	1122.62571132581	1187.01072653596	1192.135532285	1219.36649330596	1237.94873966701	1267.23637980503	1268.50687306737	1283.46392851949	1268.56454418077	1282.94594184094	1290.59580424868	1345.84178700557	1367.49789934719	1440.33793039134	1522.36978649368	1608.68558833193	0	0	0	0	2495.29063532317	2583.93087943783	2627.13154284943	2707.57323951256	2750.61164922464
546.71	0	0	0	0	0	0	0	0	0	0	0	0	0	386.509325519853	19.799178371392	42.6421664318026	43.1308227915037	52.4365050233949	70.5201375239146	79.6327471666627	94.8164481268516	104.921477484913	131.293422404708	142.040472870543	158.671571183061	166.922915993613	193.425279556099	205.757937797125	230.064572509184	248.529898332327	289.798507453619	308.146662779162	332.301751305335	373.365211929912	417.680551877952	440.926912446944	483.763924437182	532.880615840118	556.178895312548	615.743130146518	667.435791247099	695.451298590189	721.29102392832	775.259684130894	808.343136330941	874.186226388465	938.230355497868	989.734767081956	1078.21545025823	1126.68157950451	1160.10024870689	1186.25402421947	1194.81677633855	1209.35685673827	1234.19334390526	1223.14683022558	1227.52475248264	1245.05094056936	1262.21995003183	1285.90780931564	1302.28785327384	1383.58922461621	1414.35939524271	1595.99942529779	0	0	0	0	2475.04431627828	2501.87205758797	2539.75641544822	2385.14121691002	2767.1627047147
550.042	0	0	0	0	0	0	0	0	0	0	0	0	1057.18971463654	17.6061681883182	22.8999071621199	31.5801435642655	44.1783425296693	60.5376893710061	81.7515545652739	65.9709900764214	86.1899937150968	105.887109176356	132.865881108522	140.403292609564	147.38163757796	160.078659630251	186.974345710517	200.925067058751	225.432451392721	242.727240396456	282.092242403479	305.890699607554	336.525081170853	350.905498063293	398.148576322026	429.228629477093	449.076768756613	498.984694017098	535.025483469013	572.776114485667	621.810438509661	656.660643409012	710.093506744126	739.38424566631	780.554634734603	821.280881754419	863.736658168469	958.874311824814	1003.44879471744	1064.73387269985	1104.54931689781	1124.89741883891	1128.7070771713	1151.88751195859	1148.23988597303	1175.52096225061	1153.66156441108	1188.96315964447	1188.27060833485	1210.66731928252	1238.53291933413	1304.62407902494	1361.92904102029	0	0	0	0	2100.93461925971	2277.35967000482	2303.92124239675	2421.00652622973	2212.84519737897	2356.71564260586
553.374	0	0	0	0	0	0	0	0	0	0	0	0	145.165051945781	31.8625657605905	53.664302120584	37.2091315762439	53.6600087783106	56.2545305081826	82.177587024704	87.099835357596	106.796889576763	102.479358447822	113.685273634772	133.74733099275	155.659281448156	168.564947309403	192.464782686221	203.646797663718	222.388505502396	250.90261601667	280.887625185686	283.849338737102	315.506168511203	353.240156629176	393.269393703344	412.756107791927	459.427654422316	476.196920998371	519.495697772534	567.52704772701	605.867522485752	640.013454121075	669.79452818263	695.893898538672	741.428314565031	772.573932975846	819.669548588165	895.375334563723	954.339749298179	1003.93187229854	1020.56316753542	1045.88218224316	1066.01840056577	1075.02027070304	1085.0272177095	1095.09903398828	1079.25553689586	1116.25377749403	1155.19417511001	1141.6001035262	1184.1143647266	1242.31507347236	1321.66244529054	0	0	0	0	1995.93966232127	2148.01886629255	2316.49169886362	2323.70594147473	2341.37545665913	2376.57909900447
556.707	0	0	0	0	0	0	0	0	0	0	0	337.657037769647	40.295993658484	30.5689882429347	20.6041522428975	65.7314306302701	27.5316790157768	59.3671213056903	83.2558104680657	87.6651149212197	74.1059407831	110.969681886489	126.228739979307	136.687519916592	149.127589836815	161.31811596572	177.146908361953	191.811880117552	210.357587920529	243.550773772014	256.13263866173	288.439999802309	309.472080479632	336.43598160805	364.494323241765	404.37062885092	422.632025794694	460.587816690611	496.303691713059	512.651978706842	565.447322402315	604.673594565504	634.311106734313	670.355719968896	708.019499647768	741.049524760809	771.72640700381	846.889096418705	899.058685486381	948.581041351478	967.188688598518	986.721022414118	1005.58337224411	1016.76122499676	1038.97879130162	1029.56615281701	1036.68738458063	1053.84204891341	1065.55468623578	1086.64054030683	1113.73470386413	1160.29472446214	1247.05300811373	0	0	0	0	1909.58948949398	2061.38641139646	2049.5971009363	2254.77829639139	2207.48491313903	1840.65518297199
560.041	0	0	0	0	0	0	0	0	0	0	501.264958209734	36.945765222281	20.939986152919	33.6751716975372	36.1255506240848	34.9582568970935	29.3302896090638	68.0475413327394	72.6305851534749	77.8901862831488	92.5699418577201	105.11092741789	114.227498308846	114.640434629336	136.865941930121	164.059328370643	175.155878637871	186.264208016444	198.787574236666	228.539986329929	245.255801150547	262.639509259203	283.698635097109	330.861817308314	335.895890705428	373.876268716529	413.378973750183	423.599961056657	466.670998149801	505.800041759844	532.988282835501	565.011244719326	582.834290139947	624.600470563961	647.301621323129	692.205579201412	736.710490230505	777.78517094058	847.138472049299	872.452746355617	907.861195292915	902.952414773755	918.316637863105	961.931331187736	969.580136971413	965.174439838157	988.093832414644	986.591627513487	982.44498199217	1026.24532741572	1045.11751256867	1088.30655987071	0	0	0	0	1670.3485167425	1755.72989154341	1910.97469718724	1949.48511011425	1843.69108423336	1948.76278403771	2172.19673857591
563.375	0	0	0	0	0	0	0	0	0	0	85.8276391316213	22.5821528054572	5.54668372441059	37.4744054167662	14.5947987213632	49.9716394286469	53.7895426541262	82.7910629382074	84.6473510881128	68.8861476274061	85.6304037537089	112.919733519596	118.311603140693	140.542186175828	144.479682904237	161.783034104603	170.972585817071	188.707809005778	195.298680619987	220.278191518738	241.12796428697	267.992916435134	291.380205211218	311.334752638916	340.998606271647	368.409119434493	381.550934225341	427.465477494107	446.241531584383	488.409941203243	512.475019051197	551.236654925739	573.343615808211	603.226488632736	625.11792084501	661.597429927206	718.331261168146	746.375971233497	814.003244868916	845.337869352204	846.185387193041	893.190608780351	891.432508748094	912.191308946242	911.474868610681	932.823630620963	921.904795036891	926.327180792177	959.115679339706	981.895578247097	1011.20896920359	1056.22094378178	0	0	0	0	1594.65120330245	1708.10808390861	1809.57683416089	1841.35560360246	1920.78966244664	1865.12951191732	2033.14488080604
566.709	0	0	0	0	0	0	0	0	0	176.466723465997	-19.590085771879	-21.7619629092869	-6.72513923341499	0.53213111398845	27.0922575420131	14.1499484006614	24.2796168067888	37.1273086461814	42.3496558761484	55.2288352428767	81.5556641737803	77.7856984823256	98.0383790672125	99.4260546795807	123.802534447864	138.963549835257	156.476937471326	164.257668087075	183.609542486739	200.140046435848	220.089429627015	231.406502415425	257.304106832235	269.015238803368	316.525537064692	338.331646044014	360.61379149777	377.46057074665	425.651782849705	426.787012457954	455.788089709956	482.98218964567	540.151251519922	547.106616967637	574.889441994647	600.768243049354	642.35635643234	721.072505772859	745.701110612408	782.200267203543	796.580244337894	814.590099264074	825.977955855929	838.442577906127	835.089513252891	847.540300406491	859.289185339956	864.832984573972	892.035786662972	899.791683743825	936.880104450992	989.1084351552	0	0	0	0	1304.49385365457	1511.48917627186	1582.84158891943	1606.19046355868	1697.0819922239	1702.06504733397	1614.70809657002
570.044	0	0	0	0	0	0	0	0	461.659509853522	27.1720177948008	29.2778021017259	34.6414696323454	15.9877553590757	28.3099304719174	48.2778073756432	73.3566842456905	59.750485118589	66.7751125560301	73.8443579440844	87.6548699701474	80.0804495581786	93.3238888967017	113.033765077164	134.535545027482	127.828926683287	147.317954095328	167.285153258695	176.959528957356	189.277487873117	212.909429835869	228.547152591756	250.188355112079	267.99881383225	298.30300553297	316.284414890402	346.192821821474	363.140959380275	396.816778560958	403.14007218369	454.519232527038	478.380820506059	481.667023266683	516.984573532125	545.614666982594	592.729127745151	606.720866939969	627.358841326086	676.242557400474	734.780534445675	754.020120673592	769.314350786807	792.361165301121	813.809923739387	816.456331842527	816.190250451716	830.64474667759	824.879940642983	870.207663239629	876.914173247351	875.490099122421	926.054742021849	0	0	0	0	1373.35640813348	1423.55329296567	1596.09253884149	1741.86856141424	1693.77421531253	1703.37829098959	1650.25677326886	1666.50563728581
573.38	0	0	0	0	0	0	0	0	70.2014775826628	16.2715165346367	11.8820588006698	7.20978255485155	34.9834339593887	32.8627582962852	50.6572693267819	47.8650449989405	43.4223621698593	78.589061607731	62.925172349322	74.7977771977536	82.9260177431133	107.553131093406	112.125561054935	123.123957979005	137.93186086649	142.192520850009	148.549612287601	166.928470429194	186.870043560974	197.910354874973	215.980831770646	230.016651614084	258.050779144072	271.23114230374	287.080811938234	320.802732646353	358.087270332835	353.505972855503	393.869126810978	417.567276998559	425.410128430836	455.563707329115	492.489445170054	520.984347245836	535.69077578217	576.380945235475	602.316283554349	652.637631476988	682.519405004444	731.421638473182	759.733768385027	757.682058010477	764.383227527416	776.547795079682	785.802369174828	788.374751601759	807.555733438027	809.734164371798	827.455353901629	831.879986531511	878.548339938081	0	0	0	0	1227.05837057487	1356.14072837573	1493.98815035656	1611.10718300107	1582.95263194685	1636.15511617306	1780.59998739775	1662.73008114913
576.716	0	0	0	0	0	0	0	191.327228969519	4.04241323737905	15.5918630703153	17.5238565370319	43.1819608822857	36.0678339153145	27.8829216727669	42.2219009496957	46.7831536031885	66.6839593441873	68.4108413486806	70.2197147011483	73.8281617107206	83.9529993037687	88.1724476846904	114.475677346482	116.209973122757	122.509538635248	134.0280365295	150.928558519369	166.264833788109	169.549503518096	190.35936089123	203.937528663532	225.992190180364	242.192319748799	285.804290728112	291.719131842525	305.834640856808	333.088753198252	354.176786533044	383.631578427534	394.775221265811	419.288106992699	437.029269269337	450.823223063137	506.270233859849	514.29219585114	528.154020543375	565.415915627249	616.058074042671	656.208470430269	685.804898561482	686.806574817351	711.234200913775	714.104675723394	723.57553015454	740.264054372749	739.40594863603	768.173456991642	724.33280778937	784.295484080644	827.520653091738	814.953172365487	0	0	0	0	1177.85222797905	1305.25322251756	1412.02835282908	1429.43515129482	1491.94313990973	1424.80709644696	1410.62723826974	1705.90196854687
580.052	0	0	0	0	0	0	459.142867944799	26.2721987321182	10.0466530278216	4.51771238170329	24.2177052666727	15.4888636488486	27.3058664149683	22.2598811334479	40.3886142665699	42.5197132647835	49.6845754844116	59.7957455599655	71.4830086875482	78.3151668365179	85.3512567218423	91.6137459290415	108.603628458781	107.355009714368	129.876191625656	130.289255733237	142.23427377124	154.686087629991	169.996372572026	182.804197773051	204.595868943656	215.119723555529	233.583210235691	259.503583527421	272.439567088037	297.00302672812	315.863229997534	346.583448965835	354.975886227508	375.803423019272	398.996716611215	413.363236133073	444.827774417124	468.967200891084	488.125208843479	502.409982492375	520.808702960503	570.476572269826	594.304908373586	625.710425020129	647.394549689618	663.10042079869	678.77707011442	661.812037669418	688.348933149265	695.852631258048	701.824160838252	707.681220426933	738.594355491589	747.507533937105	0	0	0	0	1014.59065922771	1146.2120475287	1171.95616279627	1338.46087117529	1352.8945162444	1439.55184248131	1465.3336980671	1483.36820786961	1674.22490695807
583.389	0	0	0	0	0	0	53.2430824722201	-6.86495404199637	-6.6364536813579	-11.5154840468186	-4.89561105244573	17.1236290872385	27.0556108256554	16.1447093485178	40.0312858168631	42.1436273505539	56.2621810830697	54.335843958577	40.7990127469504	55.4480644227731	81.493279652096	80.6392917696251	92.384507335934	98.9616691703472	109.367837469712	116.649289063264	137.924120262387	142.416178575572	160.318266605389	173.921062038158	177.123038627545	184.006255364754	205.026062473292	238.194757745125	244.868246786529	256.445572861954	289.107009891804	312.932955460442	326.264450988174	340.78127839236	379.732644219358	387.138324244566	400.789116822524	425.682787476914	454.208542590127	450.538792090462	494.144818183509	526.292642913102	556.283049649001	582.660723596176	583.216834749442	592.526403122875	604.250251884192	637.804233529818	614.056239214099	639.948517362369	631.777964542319	651.530561467007	649.229308506886	667.506512787345	0	0	0	0	940.836709868849	997.736426334564	1048.57125609663	1156.43620832891	1239.29068087922	1285.62663091198	1326.68608689793	1223.53677639524	1079.02099222791
586.726	0	0	0	0	0	191.910162423367	0.697918210879934	19.0396259565263	42.1310612115863	38.7338987127919	31.1683087531509	33.4115858518602	-3.33230702897763	43.283256214188	39.7388264550421	54.9671557907656	44.6906151365805	76.6645824096276	78.4355540438972	74.1974541300753	80.8948847905532	88.6999564409818	94.5480061558666	113.572177333651	127.532237271823	114.402243941123	126.731795383349	140.516600947727	155.511845365785	172.027258320476	192.651055847811	175.889431945263	216.986614255002	232.287613386402	237.708767083356	258.725961129564	299.045692310486	302.899710272829	317.468349386983	340.608235232424	354.121577945711	361.523700602737	401.543867968192	410.59403327738	424.654642266214	451.558687896261	465.696749689939	504.347661013777	540.542374845337	553.933162906336	569.0633465595	574.831252492372	588.710130320199	580.451138543261	609.882829116233	604.270189990382	620.023401090571	649.684009227945	652.335727003968	626.425230021731	0	0	0	0	887.727928896578	990.38978371157	1075.26844998765	1226.92723092397	1208.89042715275	1322.94699287564	1270.99395441945	1400.79811765973	1577.05269076879
590.063	0	0	0	0	424.078546648206	54.8852096428082	41.7443187774736	19.8325616688553	29.0527550899965	-6.37146953404054	6.72907029753449	25.8876143197255	44.3519810253112	48.8124355972702	46.0191980159876	41.4991835730088	47.6811112636385	73.7845390297581	71.870849895496	83.0425131693458	86.5972581067658	108.193973418694	103.13296031906	104.590363476884	117.58665894211	116.235752981249	131.125490255247	136.714913522241	149.479694664291	154.225162613989	172.504630983172	188.214211324094	202.373839710863	206.166322840666	236.036413858348	238.860475090487	273.190903964669	265.430336878163	296.779528866578	323.380432761405	345.769744232898	360.079741175229	372.630810160185	390.952926177106	406.884920248103	427.575496665524	447.050224732097	478.098896711895	504.836028269483	529.369429980358	554.906719282794	543.866974920895	545.870822099881	558.754305222112	568.126775356758	573.146132054899	588.639333870923	589.803569735728	622.197972371526	0	0	0	0	784.605810450817	818.958006625735	904.019844416771	1059.8572851908	1063.38062432973	1221.02542610311	1145.11478217713	1315.09820906502	1254.61223644856	1273.54821366957
593.4	0	0	0	0	25.2024490194353	-31.0542522634135	-12.1583897882298	-9.67270742442497	18.7072888742536	-0.00162883417049616	17.3791299068983	14.8661146716551	16.4747631373672	24.3872248429535	35.6610125341151	33.5496118411668	37.7711767848512	56.064613442112	55.7853361887641	55.0134378361276	68.3903288909585	73.8918362872782	69.3406458774218	88.709660896306	95.3762840164265	109.883981736513	121.522798173132	127.559991297002	134.979677290398	153.17111613471	166.579859343831	174.026009815367	171.209053527691	207.074038067518	214.203408713285	233.652514752767	248.284831046147	258.131702824766	273.50876033595	280.123926246245	312.498813182079	327.268782184908	326.931391609493	360.544559504725	378.27119876033	369.288957639933	403.798096582804	437.157636417174	454.475326146214	486.421887470505	495.007539482687	506.727281766258	520.243278708055	526.568226035224	517.531997600572	533.015928966305	551.468452975528	559.426151193631	555.713810246944	0	0	0	0	712.196376669643	806.201721424236	890.099906357707	919.820163775868	1082.86281494472	968.492158553631	1085.12683120552	1079.52191517512	858.489520658754	1177.45495837439
596.738	0	0	0	262.139702184446	5.43948335238644	51.1918288381615	12.3729670166798	15.4524650009921	3.39432216719114	-1.96782722737413	13.2609224627251	16.9420627744379	41.0083039272048	37.5140114941242	39.4449382900215	62.2735580584237	42.2775862396185	73.6148364086518	65.1285809245031	74.0639430560755	72.7738997412591	76.6793492742706	86.5373806993455	94.3821055631919	93.0545013553677	115.447734191427	117.643690188625	119.166249375488	134.140581159581	145.221404990054	163.386779804031	163.661428706635	191.030229065177	190.242417676377	216.023014883048	238.440820179239	230.160070076031	249.010999739362	288.666908290556	279.93428191726	295.675411265771	315.191742862306	339.916658345518	348.15859677226	356.044176156639	382.296853461596	388.643012899463	429.557161161821	464.94308403541	486.001258469138	482.959337067101	489.395829316468	499.351679432979	492.441391165088	528.765118447939	532.067413620411	499.78714813019	534.907378827678	554.625521449549	0	0	0	0	670.553978282891	801.633093334269	817.512587552933	929.371437900873	942.205214172069	1095.69140593296	1040.76910968724	1183.21405763822	1262.83723414683	1118.29502532279
600.076	0	0	536.845356282808	20.5879197255221	9.46928079254723	-0.753982655777498	28.053532465894	9.25326441813792	32.402211114442	19.2871361568036	23.0607893525847	30.6992003275755	37.5139045936366	43.0986782973164	34.6864931191601	35.1453212158638	40.4643767186167	45.7566417485274	70.1006934986224	62.3450573523032	85.1384052664637	75.1621717526761	79.86446229538	90.4147031532049	95.7721011633185	105.383041071269	111.414655484383	124.870556489724	132.30315368357	147.56300354531	149.980643115066	158.67852826912	167.919698775184	196.401843558781	191.369049185383	225.560027380151	258.43703823353	246.573897011113	254.701486263335	263.946565660213	290.7788383872	291.828021441988	321.716784796324	319.792762145871	349.169968114784	355.948944572953	385.43729458767	399.304322993762	426.452934987998	457.637320480057	438.929578368315	460.366932186855	463.505988959073	471.016133765158	486.301083498184	486.176021317954	502.133574367578	504.382633877442	0	0	0	0	650.218061783875	705.988760623668	721.142642414672	826.239169421088	821.360287097751	916.295539725062	1040.6076087419	1027.68447867222	1107.70237256593	848.605653290389	954.169945056239
603.415	0	0	101.524485538248	48.125152702844	46.1379489462988	42.3233705868838	20.0957791628921	20.8364085635608	18.7662378020918	44.9163862614228	58.0341301456229	61.2683625505566	40.1686350767911	55.3001155271952	50.0228793827728	64.7142486960981	72.7597486128418	60.220337533188	75.6060040582591	53.3664190883125	75.2358957775221	70.4286806875397	105.170929333439	99.5396640135987	95.9968529262843	103.992887664927	121.007550941884	118.063566406302	131.888681544035	133.489797427208	150.915393286634	160.79114286603	173.877591473214	167.537644756643	195.900359425757	205.460574499532	222.614475691704	237.285646403202	251.485046478319	268.906265073957	272.368935492944	287.092107714268	298.183360462631	333.455209195729	340.125693815214	348.62609006555	365.03748285228	397.624772927312	424.92461181863	427.996614554844	438.233523373438	455.078293565573	451.29809606923	456.432001430609	469.94527928335	480.679717455548	487.780392731852	496.525661802783	0	0	0	0	608.787215705987	650.420928377944	698.079746130339	754.361159829128	868.21968403337	950.232508829222	1044.76934370203	1059.21213233053	911.87866819057	1132.86746941907	1217.81392334253
606.753	0	163.804551754905	12.4096383740792	14.1340821961618	-3.98593502172886	6.17773093247292	17.1557807764619	-11.5182636850089	12.5395238313081	22.1745949476162	4.53971997297583	5.58306089826088	26.0584437205655	2.25299941255155	56.609503309478	24.186813205999	16.7423236146927	46.7063612495567	47.8156709220669	50.9139222832416	62.7836512024394	61.0607744732865	68.3592576075031	80.2337063408983	74.760988217841	97.0513068428688	99.7303191390403	104.706980569097	108.618241584963	122.236506913912	125.092163031607	136.801914977499	143.805296112	175.395466835748	180.968012358802	185.33674925312	193.709786789264	207.42216926345	215.030838760022	226.073214183483	252.65511500955	250.743217985347	270.801893209456	293.122408419162	295.391889539735	308.392569652902	336.149882122407	364.746280634833	353.157375328465	395.28972446893	404.373089209595	406.107943268068	392.835264553241	420.082738124464	412.990385944908	433.103923214849	446.039775291363	444.393792919886	0	0	0	0	542.505724285809	587.778777650414	620.53845052433	738.886715451962	750.060941153593	788.717147891056	876.796669843991	835.304940339131	715.990130671042	880.896384119762	739.640281575646
610.092	3309.22193530764	49.0977024432297	3.52990177694597	10.011461075657	-4.79617759676607	-7.7204051641353	2.9872134706021	10.0917886945278	23.0483489353878	24.9288623296484	20.7563187284745	21.1459813992355	33.2525741625041	35.7181949320777	37.8405055229334	48.5169355466639	39.5086410831129	62.889930659119	57.4437212632664	49.3201509855787	48.2421826283328	54.3323659293817	54.8255921483367	83.4565824242125	84.0610263787281	89.1187042420764	106.201874278289	105.715172445537	113.673460012038	124.311752523424	132.511576708915	138.887384315337	152.827005195962	152.431921195313	172.394652173037	183.131546768228	177.156412738389	214.151254044034	223.93438100164	220.581407389323	219.316641960376	259.760467668354	248.844137902051	295.838191763956	300.633276285838	288.811293938017	304.451163917888	336.380794005973	365.1757387645	371.442606969487	379.214625269036	375.711651205261	397.345906098653	398.547713640664	398.582935675902	409.973281306939	418.385540248498	0	0	0	0	506.227848899176	513.411499367425	535.933161483125	589.812792468842	675.096150771188	711.312003001187	767.365158469171	776.198369468608	894.932406469055	867.701269409007	854.13440909545	748.350465767804
613.431	888.801285165476	10.3633003933544	28.3695497769437	34.1439847320077	7.18052218065676	49.4530383312975	-3.7379947061829	12.2448972580016	9.7598035608462	1.34480914474516	16.8413814520452	14.2834369545523	43.8662349050029	30.0136435824518	20.5107744374464	32.9815682372094	37.4752995493336	39.6726250887086	41.554406238819	67.3838056218277	69.3916117859657	65.7078873888415	64.1154672974937	80.6280649868626	87.5265502278158	82.0476860626707	83.3165417895704	95.9111861417051	106.18132548943	106.866362427119	112.399009738885	136.095762311516	137.339832751672	158.314438871943	157.736356586626	174.746165989646	191.091376099687	182.349261781967	202.042141586753	212.535620726859	221.120551449962	227.736345481855	255.875412768825	238.844129495571	266.830598664176	270.817708417243	281.144824585853	302.741788403733	351.847556903447	336.779300372484	351.402855235297	350.618634232303	349.983682564546	359.437568914098	392.096656770814	379.277545233042	379.786848378198	0	0	0	0	473.027591726706	502.667482057655	512.674281162851	581.084007257115	639.481990397626	683.324630793247	700.980284634932	836.694692269379	771.146580960166	786.41527311958	819.274369239253	855.761529996777
616.77	50.2949479070724	8.60106765041901	5.38384890325739	-7.59751189775035	12.9537520709386	14.1184108812971	3.02735193330472	19.7353845347665	14.1485805175795	21.1541066800152	16.4162039128158	20.7878153814552	29.4700550800645	29.8632830068384	30.1136471996553	39.2168816197426	45.5291628374066	46.4629373990575	58.182334623755	58.2669166487929	66.2445175754347	60.0603266220928	64.0265372700634	68.3569966660488	66.1481821947657	74.4329164281067	78.2143754329162	91.0127886287865	93.4101409015235	103.525479309557	106.043988712034	121.743972187988	136.281774770905	141.672772173852	148.453978022459	158.399620691275	188.775371735744	193.652030215133	186.501004247159	203.63119752584	214.822248487709	222.558258915514	207.642100547646	245.793029346729	247.734396415658	276.136507374988	267.273920355061	302.856385046015	312.225321714967	321.066983206069	311.810641651411	326.93180851762	345.162855350687	343.460803399219	345.479297791901	343.560376290513	370.007226717835	0	0	0	0	444.055849996243	435.486866729893	517.085585839162	492.977316874592	614.74540127379	645.038427474252	687.287268935616	696.50939047694	769.020163840476	621.25705849184	509.032159005234	503.656361402589
620.109	-1.2523202723228	12.9581247177359	28.7860240582545	55.0508211828134	67.7270839710561	37.5860293790991	42.8678671961537	16.2144321432447	40.029662388334	32.7365995024712	64.6121382259286	38.744069326422	53.2364375193706	14.128077125087	59.9370979641283	54.0165017385009	49.8678062152848	61.2617030733004	52.4031242691689	51.2030042883363	90.1176895690156	75.302067628004	98.7725478374364	85.9715282486225	79.679183980475	91.2310845963046	97.0873796359064	113.078086476749	106.204444663934	122.68466165012	129.457327554143	150.443685436806	155.617108317356	153.948234801024	179.676010369918	176.701811352282	191.860254500135	201.476365479246	228.02749228663	253.531002691762	245.705831734649	236.866214090232	276.830394671704	261.057846353197	293.14787048625	315.100460075267	312.758046755352	323.328122294249	367.696547679553	380.313560979996	399.634850511019	377.982110476388	386.923806099279	391.108638637937	411.070629479981	402.489135908935	0	0	0	0	511.268896861003	511.976639104656	512.242212987774	547.687521571755	606.199396472193	672.671231039875	769.643032414675	807.766497005958	728.440163549591	841.860240874238	1063.50987313993	985.402093088691	1185.65982998932
