Sample - Blank	600	595	590	585	580	575	570	565	560	555	550	545	540	535	530	525	520	515	510	505	500	495	490	485	480	475	470	465	460	455	450	445	440	435	430	425	420	415	410	405	400	395	390	385	380	375	370	365	360	355	350	345	340	335	330	325	320	315	310	305	300	295	290	285	280	275	270	265	260	255	250	245	240
nm																																																																									
213.328	0	0	0	0	0	0	0	0	0	0	0	0	0	0	0	0	0	0	0	0	0	0	0	0	0	0	0	0	0	0	0	0	0	0	0	0	0	0	0	0	0	0	0	0	0	0	0	0	0	0	0	0	0	0	0	0	0	0	0	0	0	0	0	0	0	0	0	0	0	0	0	0	0
216.504	0	0	0	0	0	0	0	0	0	0	0	0	0	0	0	0	0	0	0	0	0	0	0	0	0	0	0	0	0	0	0	0	0	0	0	0	0	0	0	0	0	0	0	0	0	0	0	0	0	0	0	0	0	0	0	0	0	0	0	0	0	0	0	0	0	0	0	0	0	0	0	0	0
219.682	0	0	0	0	0	0	0	0	0	0	0	0	0	0	0	0	0	0	0	0	0	0	0	0	0	0	0	0	0	0	0	0	0	0	0	0	0	0	0	0	0	0	0	0	0	0	0	0	0	0	0	0	0	0	0	0	0	0	0	0	0	0	0	0	0	0	0	0	0	0	0	0	0
222.862	0	0	0	0	0	0	0	0	0	0	0	0	0	0	0	0	0	0	0	0	0	0	0	0	0	0	0	0	0	0	0	0	0	0	0	0	0	0	0	0	0	0	0	0	0	0	0	0	0	0	0	0	0	0	0	0	0	0	0	0	0	0	0	0	0	0	0	0	0	0	0	0	0
226.045	0	0	0	0	0	0	0	0	0	0	0	0	0	0	0	0	0	0	0	0	0	0	0	0	0	0	0	0	0	0	0	0	0	0	0	0	0	0	0	0	0	0	0	0	0	0	0	0	0	0	0	0	0	0	0	0	0	0	0	0	0	0	0	0	0	0	0	0	0	0	0	0	0
229.23	0	0	0	0	0	0	0	0	0	0	0	0	0	0	0	0	0	0	0	0	0	0	0	0	0	0	0	0	0	0	0	0	0	0	0	0	0	0	0	0	0	0	0	0	0	0	0	0	0	0	0	0	0	0	0	0	0	0	0	0	0	0	0	0	0	0	0	0	0	0	0	0	0
232.417	0	0	0	0	0	0	0	0	0	0	0	0	0	0	0	0	0	0	0	0	0	0	0	0	0	0	0	0	0	0	0	0	0	0	0	0	0	0	0	0	0	0	0	0	0	0	0	0	0	0	0	0	0	0	0	0	0	0	0	0	0	0	0	0	0	0	0	0	0	0	0	0	0
235.607	0	0	0	0	0	0	0	0	0	0	0	0	0	0	0	0	0	0	0	0	0	0	0	0	0	0	0	0	0	0	0	0	0	0	0	0	0	0	0	0	0	0	0	0	0	0	0	0	0	0	0	0	0	0	0	0	0	0	0	0	0	0	0	0	0	0	0	0	0	0	0	0	0
238.799	0	0	0	0	0	0	0	0	0	0	0	0	0	0	0	0	0	0	0	0	0	0	0	0	0	0	0	0	0	0	0	0	0	0	0	0	0	0	0	0	0	0	0	0	0	0	0	0	0	0	0	0	0	0	0	0	0	0	0	0	0	0	0	0	0	0	0	0	0	0	0	0	0
241.993	0	0	0	0	0	0	0	0	0	0	0	0	0	0	0	0	0	0	0	0	0	0	0	0	0	0	0	0	0	0	0	0	0	0	0	0	0	0	0	0	0	0	0	0	0	0	0	0	0	0	0	0	0	0	0	0	0	0	0	0	0	0	0	0	0	0	0	0	0	0	0	0	0
245.19	0	0	0	0	0	0	0	0	0	0	0	0	0	0	0	0	0	0	0	0	0	0	0	0	0	0	0	0	0	0	0	0	0	0	0	0	0	0	0	0	0	0	0	0	0	0	0	0	0	0	0	0	0	0	0	0	0	0	0	0	0	0	0	0	0	0	0	0	0	0	0	0	0
248.388	0	0	0	0	0	0	0	0	0	0	0	0	0	0	0	0	0	0	0	0	0	0	0	0	0	0	0	0	0	0	0	0	0	0	0	0	0	0	0	0	0	0	0	0	0	0	0	0	0	0	0	0	0	0	0	0	0	0	0	0	0	0	0	0	0	0	0	0	0	0	0	0	0
251.589	0	0	0	0	0	0	0	0	0	0	0	0	0	0	0	0	0	0	0	0	0	0	0	0	0	0	0	0	0	0	0	0	0	0	0	0	0	0	0	0	0	0	0	0	0	0	0	0	0	0	0	0	0	0	0	0	0	0	0	0	0	0	0	0	0	0	0	0	0	0	0	0	2235.11028031844
254.793	0	0	0	0	0	0	0	0	0	0	0	0	0	0	0	0	0	0	0	0	0	0	0	0	0	0	0	0	0	0	0	0	0	0	0	0	0	0	0	0	0	0	0	0	0	0	0	0	0	0	0	0	0	0	0	0	0	0	0	0	0	0	0	0	0	0	0	0	0	0	0	0	-79.0726357231851
257.998	0	0	0	0	0	0	0	0	0	0	0	0	0	0	0	0	0	0	0	0	0	0	0	0	0	0	0	0	0	0	0	0	0	0	0	0	0	0	0	0	0	0	0	0	0	0	0	0	0	0	0	0	0	0	0	0	0	0	0	0	0	0	0	0	0	0	0	0	0	0	0	916.382175341455	131.299330366146
261.205	0	0	0	0	0	0	0	0	0	0	0	0	0	0	0	0	0	0	0	0	0	0	0	0	0	0	0	0	0	0	0	0	0	0	0	0	0	0	0	0	0	0	0	0	0	0	0	0	0	0	0	0	0	0	0	0	0	0	0	0	0	0	0	0	0	0	0	0	0	0	4479.47704152374	25.3452434570132	-221.439150306606
264.415	0	0	0	0	0	0	0	0	0	0	0	0	0	0	0	0	0	0	0	0	0	0	0	0	0	0	0	0	0	0	0	0	0	0	0	0	0	0	0	0	0	0	0	0	0	0	0	0	0	0	0	0	0	0	0	0	0	0	0	0	0	0	0	0	0	0	0	0	0	0	307.43380469312	154.872714657952	-293.918860213238
267.627	0	0	0	0	0	0	0	0	0	0	0	0	0	0	0	0	0	0	0	0	0	0	0	0	0	0	0	0	0	0	0	0	0	0	0	0	0	0	0	0	0	0	0	0	0	0	0	0	0	0	0	0	0	0	0	0	0	0	0	0	0	0	0	0	0	0	0	0	0	1658.84202938281	155.020018933509	-67.5769077667847	-593.355842938488
270.841	0	0	0	0	0	0	0	0	0	0	0	0	0	0	0	0	0	0	0	0	0	0	0	0	0	0	0	0	0	0	0	0	0	0	0	0	0	0	0	0	0	0	0	0	0	0	0	0	0	0	0	0	0	0	0	0	0	0	0	0	0	0	0	0	0	0	0	0	5551.56886551182	72.7586110298947	-29.0303974642211	-411.394831245096	-350.953095238053
274.057	0	0	0	0	0	0	0	0	0	0	0	0	0	0	0	0	0	0	0	0	0	0	0	0	0	0	0	0	0	0	0	0	0	0	0	0	0	0	0	0	0	0	0	0	0	0	0	0	0	0	0	0	0	0	0	0	0	0	0	0	0	0	0	0	0	0	0	0	619.815861732758	191.92087993208	133.15620105931	-140.89856638293	164.899538711784
277.275	0	0	0	0	0	0	0	0	0	0	0	0	0	0	0	0	0	0	0	0	0	0	0	0	0	0	0	0	0	0	0	0	0	0	0	0	0	0	0	0	0	0	0	0	0	0	0	0	0	0	0	0	0	0	0	0	0	0	0	0	0	0	0	0	0	0	0	2251.1950301553	19.8808966808035	-87.3787778488565	-290.560554276498	-367.435301354388	-240.073642503748
280.496	0	0	0	0	0	0	0	0	0	0	0	0	0	0	0	0	0	0	0	0	0	0	0	0	0	0	0	0	0	0	0	0	0	0	0	0	0	0	0	0	0	0	0	0	0	0	0	0	0	0	0	0	0	0	0	0	0	0	0	0	0	0	0	0	0	0	5554.74748732035	190.849741272661	80.3989539545076	70.7342705143343	-161.61664566163	68.6522844934638	-9.91685376755687
283.718	0	0	0	0	0	0	0	0	0	0	0	0	0	0	0	0	0	0	0	0	0	0	0	0	0	0	0	0	0	0	0	0	0	0	0	0	0	0	0	0	0	0	0	0	0	0	0	0	0	0	0	0	0	0	0	0	0	0	0	0	0	0	0	0	0	0	778.878697729191	146.909022576884	76.5801277643889	-89.6460991962848	-150.572575056997	-97.1098465222488	100.71461364705
286.942	0	0	0	0	0	0	0	0	0	0	0	0	0	0	0	0	0	0	0	0	0	0	0	0	0	0	0	0	0	0	0	0	0	0	0	0	0	0	0	0	0	0	0	0	0	0	0	0	0	0	0	0	0	0	0	0	0	0	0	0	0	0	0	0	0	2081.34353013938	162.588891966036	140.328601682737	149.314383739071	-169.098950063542	63.4155286631858	154.326105917755	235.069799608586
290.169	0	0	0	0	0	0	0	0	0	0	0	0	0	0	0	0	0	0	0	0	0	0	0	0	0	0	0	0	0	0	0	0	0	0	0	0	0	0	0	0	0	0	0	0	0	0	0	0	0	0	0	0	0	0	0	0	0	0	0	0	0	0	0	0	4312.71320684799	215.077081916155	210.453383524873	173.567969415789	45.8689967651616	-56.889478314648	147.209037622112	37.4865395853051	69.2730226390687
293.397	0	0	0	0	0	0	0	0	0	0	0	0	0	0	0	0	0	0	0	0	0	0	0	0	0	0	0	0	0	0	0	0	0	0	0	0	0	0	0	0	0	0	0	0	0	0	0	0	0	0	0	0	0	0	0	0	0	0	0	0	0	0	0	0	710.513520949899	209.450566399746	236.790493645324	142.871557072446	1.2671487494996	76.4412108868849	51.8612521801361	134.916517334563	14.1874362394335
296.628	0	0	0	0	0	0	0	0	0	0	0	0	0	0	0	0	0	0	0	0	0	0	0	0	0	0	0	0	0	0	0	0	0	0	0	0	0	0	0	0	0	0	0	0	0	0	0	0	0	0	0	0	0	0	0	0	0	0	0	0	0	0	0	2101.61616481713	238.773640533244	296.287413673111	326.180250387034	193.490560288892	183.376397696047	256.947032206442	372.096928396023	278.172907188769	420.789049464242
299.86	0	0	0	0	0	0	0	0	0	0	0	0	0	0	0	0	0	0	0	0	0	0	0	0	0	0	0	0	0	0	0	0	0	0	0	0	0	0	0	0	0	0	0	0	0	0	0	0	0	0	0	0	0	0	0	0	0	0	0	0	0	0	0	305.758840767242	308.126649296363	327.908944659528	366.757475351477	155.365768699207	254.590841444639	305.338471705482	208.261946155691	251.408354414341	220.654033343272
303.095	0	0	0	0	0	0	0	0	0	0	0	0	0	0	0	0	0	0	0	0	0	0	0	0	0	0	0	0	0	0	0	0	0	0	0	0	0	0	0	0	0	0	0	0	0	0	0	0	0	0	0	0	0	0	0	0	0	0	0	0	0	0	827.415873642123	255.879611579774	346.444389921485	426.811769558956	313.470534000938	298.108171404309	343.935015737993	212.703040337016	368.927289501226	285.88095843961	425.822609221189
306.331	0	0	0	0	0	0	0	0	0	0	0	0	0	0	0	0	0	0	0	0	0	0	0	0	0	0	0	0	0	0	0	0	0	0	0	0	0	0	0	0	0	0	0	0	0	0	0	0	0	0	0	0	0	0	0	0	0	0	0	0	0	2199.59714995604	127.647511673467	285.522196931038	392.717273504201	402.177666476404	345.762475972017	359.719362871016	260.876929826079	218.432785668139	146.075865941246	222.22069231807	286.166287742781
309.569	0	0	0	0	0	0	0	0	0	0	0	0	0	0	0	0	0	0	0	0	0	0	0	0	0	0	0	0	0	0	0	0	0	0	0	0	0	0	0	0	0	0	0	0	0	0	0	0	0	0	0	0	0	0	0	0	0	0	0	0	0	268.601053521633	164.590217798478	330.212910130435	436.976823201194	443.733420017262	440.473339468948	402.118643533356	409.744464292648	391.920872023426	330.512600464407	316.255566690999	507.506671964328
312.81	0	0	0	0	0	0	0	0	0	0	0	0	0	0	0	0	0	0	0	0	0	0	0	0	0	0	0	0	0	0	0	0	0	0	0	0	0	0	0	0	0	0	0	0	0	0	0	0	0	0	0	0	0	0	0	0	0	0	0	0	988.732829024355	96.7991324855971	196.210258347665	329.408997882959	452.731650294712	407.992795157657	458.806755267168	418.637194454107	317.275644828162	316.059823720417	372.431217508159	378.280989556574	112.18997147685
316.052	0	0	0	0	0	0	0	0	0	0	0	0	0	0	0	0	0	0	0	0	0	0	0	0	0	0	0	0	0	0	0	0	0	0	0	0	0	0	0	0	0	0	0	0	0	0	0	0	0	0	0	0	0	0	0	0	0	0	0	2401.97698443626	92.9504895054008	115.94682984541	201.610175696312	365.777619089187	454.191567712683	478.215105867404	528.109383047451	456.385870259503	413.804717832375	375.66722670101	286.028056778062	326.162241051813	216.711084097659
319.296	0	0	0	0	0	0	0	0	0	0	0	0	0	0	0	0	0	0	0	0	0	0	0	0	0	0	0	0	0	0	0	0	0	0	0	0	0	0	0	0	0	0	0	0	0	0	0	0	0	0	0	0	0	0	0	0	0	0	0	344.840715040849	132.768359249686	188.02296312099	292.92362310306	471.030232414567	503.656007964243	553.718221108731	575.141596607995	500.687884770519	424.977762216305	420.180689609902	449.698068509213	410.015059478307	502.014067484531
322.542	0	0	0	0	0	0	0	0	0	0	0	0	0	0	0	0	0	0	0	0	0	0	0	0	0	0	0	0	0	0	0	0	0	0	0	0	0	0	0	0	0	0	0	0	0	0	0	0	0	0	0	0	0	0	0	0	0	0	1186.38695537653	99.4627608578155	141.81400664962	212.091127388757	344.178809740988	454.933135555509	547.013060762005	604.325617272412	586.705168829492	511.130279242077	426.426941635364	435.624978113918	377.382887494223	370.108316840992	306.783081492378
325.79	0	0	0	0	0	0	0	0	0	0	0	0	0	0	0	0	0	0	0	0	0	0	0	0	0	0	0	0	0	0	0	0	0	0	0	0	0	0	0	0	0	0	0	0	0	0	0	0	0	0	0	0	0	0	0	0	0	2497.48370054272	141.011999481679	134.844467621948	180.855322682371	245.913878905361	347.955349817678	460.511508806621	575.694692282646	643.381937918783	582.22766956863	521.183880260699	511.966405523789	358.491982915687	545.144471730673	386.625294948034	444.501925167601
329.039	0	0	0	0	0	0	0	0	0	0	0	0	0	0	0	0	0	0	0	0	0	0	0	0	0	0	0	0	0	0	0	0	0	0	0	0	0	0	0	0	0	0	0	0	0	0	0	0	0	0	0	0	0	0	0	0	0	419.339812349534	111.154805715411	131.976792577464	208.460287277492	277.928706350962	388.071595053451	532.896794993402	633.126468353418	642.402918397783	650.710946414347	513.631428966915	486.537113677949	424.657345250981	398.835209050188	449.584324671009	337.063205523599
332.291	0	0	0	0	0	0	0	0	0	0	0	0	0	0	0	0	0	0	0	0	0	0	0	0	0	0	0	0	0	0	0	0	0	0	0	0	0	0	0	0	0	0	0	0	0	0	0	0	0	0	0	0	0	0	0	0	1187.26936148432	74.7774941123753	100.959603904125	207.225151746568	229.76643650042	329.287104234763	426.054840980727	547.112038819972	609.481687563698	614.666540187352	589.672466077908	554.463664990742	472.096566732849	365.05132438097	354.163787172848	283.423388683664	256.961881463753
335.544	0	0	0	0	0	0	0	0	0	0	0	0	0	0	0	0	0	0	0	0	0	0	0	0	0	0	0	0	0	0	0	0	0	0	0	0	0	0	0	0	0	0	0	0	0	0	0	0	0	0	0	0	0	0	0	2343.94361611751	123.156922703722	82.8076056192794	169.916043831199	204.62614452109	312.591493141489	355.394168492405	471.989906197363	604.223130666103	648.428984225486	676.996063859606	661.593985165288	588.046535010188	529.173317587915	547.746962382338	482.478602969131	576.230633392862	526.232837361084
338.799	0	0	0	0	0	0	0	0	0	0	0	0	0	0	0	0	0	0	0	0	0	0	0	0	0	0	0	0	0	0	0	0	0	0	0	0	0	0	0	0	0	0	0	0	0	0	0	0	0	0	0	0	0	0	0	405.584193355784	69.9068290747086	135.412663914238	197.176365410424	268.039789354144	343.619377366629	372.37155992236	495.490844573085	598.972507380699	633.622610602731	660.636648145978	618.436943374494	575.482070831984	551.822651629489	491.780844309732	441.065750898472	434.654842758852	643.589640541799
342.056	0	0	0	0	0	0	0	0	0	0	0	0	0	0	0	0	0	0	0	0	0	0	0	0	0	0	0	0	0	0	0	0	0	0	0	0	0	0	0	0	0	0	0	0	0	0	0	0	0	0	0	0	0	0	1090.59903710314	64.7906861921967	99.3399723019635	148.359930080781	237.154835415232	285.017974612666	378.433670318102	441.696173663334	498.402884090808	594.65411403537	649.960039567877	661.446015897612	605.135788396293	607.491868014371	503.634892331463	481.131976259064	447.740548850426	599.978727858013	513.589174150456
345.315	0	0	0	0	0	0	0	0	0	0	0	0	0	0	0	0	0	0	0	0	0	0	0	0	0	0	0	0	0	0	0	0	0	0	0	0	0	0	0	0	0	0	0	0	0	0	0	0	0	0	0	0	0	2184.20342578382	114.572467204346	81.9997038952401	125.851747035583	179.508893484262	261.770619825123	312.653979005739	392.1706946145	462.510417521385	539.666012451817	628.31874338182	627.313043581802	585.462634310367	644.460039762073	604.024383947185	531.470599292847	473.725392396028	400.259952912663	521.476415346561	674.233727958422
348.575	0	0	0	0	0	0	0	0	0	0	0	0	0	0	0	0	0	0	0	0	0	0	0	0	0	0	0	0	0	0	0	0	0	0	0	0	0	0	0	0	0	0	0	0	0	0	0	0	0	0	0	0	0	405.010728666059	80.1676003777392	112.882798719828	163.25468718163	211.862156065664	292.599661660129	338.319594792806	421.331444358516	524.579102604468	574.228536026821	632.459661526735	677.242504004436	663.67823830231	568.011663792416	570.317683767659	505.818394008129	477.302068613325	512.712667904329	509.318152104531	502.962063343685
351.838	0	0	0	0	0	0	0	0	0	0	0	0	0	0	0	0	0	0	0	0	0	0	0	0	0	0	0	0	0	0	0	0	0	0	0	0	0	0	0	0	0	0	0	0	0	0	0	0	0	0	0	0	1136.83895664588	82.1746191940847	101.281217365972	144.170232319959	188.371146268988	251.657924970308	364.825395695595	394.859052563257	489.04109538338	545.463233777434	601.864388056475	639.218435387616	669.168598631693	615.323948814317	673.43740852657	596.161931771741	558.405657220466	544.187667918662	423.754327867437	589.802843022961	504.571635428568
355.101	0	0	0	0	0	0	0	0	0	0	0	0	0	0	0	0	0	0	0	0	0	0	0	0	0	0	0	0	0	0	0	0	0	0	0	0	0	0	0	0	0	0	0	0	0	0	0	0	0	0	0	2123.53401141367	134.229219417151	87.1948766212262	140.8437909814	186.500619697853	253.259714563426	340.897453296092	416.392839890412	441.870118045073	536.582055541684	552.559321823003	627.136075745233	667.269199677474	677.070835484446	703.241060563525	611.437892659159	628.531334253425	582.910377590877	504.534301043161	575.455575752396	570.493704034287	842.502596711774
358.367	0	0	0	0	0	0	0	0	0	0	0	0	0	0	0	0	0	0	0	0	0	0	0	0	0	0	0	0	0	0	0	0	0	0	0	0	0	0	0	0	0	0	0	0	0	0	0	0	0	0	0	442.301866264262	86.6273932994687	117.914365324611	160.12304611583	227.625284899621	288.912204836906	340.724858906503	428.485300803506	517.141118057396	548.024687516208	622.041372754432	642.230530889115	656.545471395987	699.909686461819	666.970080422866	644.483533992298	698.075060732252	596.67082539128	661.145365260449	694.869877431801	869.129184787672	808.599591672434
361.634	0	0	0	0	0	0	0	0	0	0	0	0	0	0	0	0	0	0	0	0	0	0	0	0	0	0	0	0	0	0	0	0	0	0	0	0	0	0	0	0	0	0	0	0	0	0	0	0	0	0	1094.14138326037	40.5396368965225	71.6549975969497	116.009788120062	176.658113972296	231.923987700632	318.418324573817	367.271671861397	443.417134301608	534.283919376492	575.535184885156	568.342447092018	637.441485323205	638.014241198595	663.48711491152	594.739334920785	560.534442020475	509.328383828307	552.013057130612	530.17662305522	520.658827336809	595.733868669577	757.780567152026
364.903	0	0	0	0	0	0	0	0	0	0	0	0	0	0	0	0	0	0	0	0	0	0	0	0	0	0	0	0	0	0	0	0	0	0	0	0	0	0	0	0	0	0	0	0	0	0	0	0	0	0	133.352150036822	86.6596253576122	101.285199263693	165.545924742335	235.879923139062	294.274501956278	349.133571597661	442.412048267346	512.070088313522	581.207724451028	630.566102972209	636.535078084603	661.795384037205	692.927812443677	674.934848614233	685.948566529052	648.040960934609	634.497967740739	641.026875656133	599.063624768258	677.190604163356	836.10947547417	867.145002211602
368.174	0	0	0	0	0	0	0	0	0	0	0	0	0	0	0	0	0	0	0	0	0	0	0	0	0	0	0	0	0	0	0	0	0	0	0	0	0	0	0	0	0	0	0	0	0	0	0	0	0	493.258846387802	52.6937169006244	84.6296972985742	150.621474995083	193.088295304342	270.924929587126	350.511785022368	400.099572565691	474.215727456295	565.571374764619	632.515281923305	646.835906710876	676.031611067388	682.288932034118	674.590559795975	639.05971158787	645.295940153502	672.099677319366	577.233056086155	555.456729147068	646.497426755109	595.384015488209	753.45734422201	921.680872553738
371.446	0	0	0	0	0	0	0	0	0	0	0	0	0	0	0	0	0	0	0	0	0	0	0	0	0	0	0	0	0	0	0	0	0	0	0	0	0	0	0	0	0	0	0	0	0	0	0	0	1132.78080851632	72.1123543571086	86.2515917657484	121.835621305305	165.525261591595	226.64599408379	295.847634243603	365.562616881056	432.910082487167	565.350943479978	605.860380749401	664.537611232584	679.854260053296	690.945775338446	709.904923135499	691.342199975789	690.193613288423	712.897029854137	666.198443500311	693.363402718951	728.350101578057	678.618365114052	885.017123148284	958.945934758105	946.192910751805
374.719	0	0	0	0	0	0	0	0	0	0	0	0	0	0	0	0	0	0	0	0	0	0	0	0	0	0	0	0	0	0	0	0	0	0	0	0	0	0	0	0	0	0	0	0	0	0	0	0	159.431587549777	67.0795831799857	94.1982122206689	135.695718802267	204.873145473147	269.085177279152	343.304731543138	430.653039695707	502.291256790082	585.501787253001	658.136139453486	681.004974095716	735.083491337432	722.103484041798	734.618043045325	710.235336347512	692.676366742091	723.633195993075	697.378585902586	711.74837462754	639.895236765134	821.829818171778	813.694653295343	810.218837601251	1020.06981444724
377.995	0	0	0	0	0	0	0	0	0	0	0	0	0	0	0	0	0	0	0	0	0	0	0	0	0	0	0	0	0	0	0	0	0	0	0	0	0	0	0	0	0	0	0	0	0	0	0	475.431281774907	55.212494128546	77.3101082410583	113.944012511963	152.406874858123	192.912363394058	267.097893422892	375.373392885592	455.481631386961	532.263966590603	628.366361753728	683.048398908865	719.427645447195	707.509178551655	719.866212005675	711.268651674295	710.051401349739	726.997489448271	682.497756579367	673.684631139031	687.477879669169	671.958698857354	723.366183318651	839.338022308152	835.671142092158	1052.45317045075
381.272	0	0	0	0	0	0	0	0	0	0	0	0	0	0	0	0	0	0	0	0	0	0	0	0	0	0	0	0	0	0	0	0	0	0	0	0	0	0	0	0	0	0	0	0	0	0	1152.69222599109	70.7086084323633	57.1385860751263	112.74542922743	146.587921112354	200.935688909562	251.024655141728	315.026251255777	401.431542080385	476.443014960658	562.024068892527	651.375159940267	707.605435386728	730.359582211689	770.475536894669	753.784982569487	740.084399784153	743.057798619398	732.579600034914	697.387950411715	691.227779507031	723.538107527518	781.6595407649	847.633912075225	908.121079244342	1053.7477663595	1099.5570967573
384.55	0	0	0	0	0	0	0	0	0	0	0	0	0	0	0	0	0	0	0	0	0	0	0	0	0	0	0	0	0	0	0	0	0	0	0	0	0	0	0	0	0	0	0	0	0	0	140.307304244314	39.3367796085054	63.9129091369221	95.8072721644071	154.543340509455	200.174445596332	256.270023103598	325.8478340421	416.500698017043	487.037726505077	591.046343885194	654.81838833516	704.800943207282	751.720091395841	739.971351685408	739.776238681021	695.6386357875	717.484995664204	714.036449192059	681.056056847674	662.245343814522	693.814656525991	721.553176416951	788.441064982385	867.236423676068	1026.90452726107	788.670087537447
387.83	0	0	0	0	0	0	0	0	0	0	0	0	0	0	0	0	0	0	0	0	0	0	0	0	0	0	0	0	0	0	0	0	0	0	0	0	0	0	0	0	0	0	0	0	0	531.162399661333	58.0419127301621	63.2971365651289	103.586258331697	136.694270964323	181.363762161321	249.310198245373	295.741147664734	385.661186671644	445.186692708025	519.512763948477	637.001106221311	698.233032454282	738.782381716587	770.349415947585	783.634280261698	774.918480988737	741.408297814433	743.075682703618	717.064871737467	705.084932902843	707.128925228207	752.466481461417	856.643005802404	888.578289547033	1079.72430663115	1009.36875372174	1161.54361632427
391.112	0	0	0	0	0	0	0	0	0	0	0	0	0	0	0	0	0	0	0	0	0	0	0	0	0	0	0	0	0	0	0	0	0	0	0	0	0	0	0	0	0	0	0	0	1226.19428015485	53.159719086611	58.6224112418471	102.418322612189	128.182531671441	157.048366427605	209.05766434403	273.624687525097	324.179865902716	384.816915701664	474.715059685132	573.666849591501	630.259368733908	674.476406682886	737.029501735583	758.771657397212	768.354093750824	729.717898727483	734.126610933295	752.45024078917	722.689900717028	704.177486854124	736.715480618189	724.050934137597	783.023168478571	870.662134249419	999.106178491955	977.297807059725	1291.19570559185
394.395	0	0	0	0	0	0	0	0	0	0	0	0	0	0	0	0	0	0	0	0	0	0	0	0	0	0	0	0	0	0	0	0	0	0	0	0	0	0	0	0	0	0	0	0	181.777047187607	29.8734458114083	63.4636003194316	90.2284985739505	130.309002756928	197.203751301028	227.184360565565	287.913959036415	353.21970911281	414.275966184243	481.702736054387	567.003970531163	636.620231806193	701.10633500265	746.675456101138	770.459833267412	768.24906614857	780.314265436117	731.077668327643	745.761655050009	745.141663455363	752.840850768165	703.473593276092	787.3513900717	844.230286426356	868.894804425378	1010.63676407605	1127.93316625278	1067.26754163811
397.679	0	0	0	0	0	0	0	0	0	0	0	0	0	0	0	0	0	0	0	0	0	0	0	0	0	0	0	0	0	0	0	0	0	0	0	0	0	0	0	0	0	0	0	616.303083885361	37.2267320721103	43.348332924263	64.3067475842203	96.9096134674505	161.433791691571	193.254808698202	253.751144614376	296.590745915891	346.330514204225	426.627027918186	503.965393793846	585.14215674351	639.644012139468	688.441656427459	736.999481978228	760.094874791884	796.212250455781	757.834115200705	734.549969836636	722.609589052832	717.781915723566	707.420760573168	710.475918955746	718.848328026009	760.792205158819	909.966205293541	929.471754873246	1107.66184690454	1051.81599554828
400.965	0	0	0	0	0	0	0	0	0	0	0	0	0	0	0	0	0	0	0	0	0	0	0	0	0	0	0	0	0	0	0	0	0	0	0	0	0	0	0	0	0	0	1286.47537963206	32.5427065607193	50.0516699664791	51.1892367579101	82.4508189866358	130.923429279351	178.329287198809	235.080202734762	268.973961185683	328.418173231256	387.963681092729	452.230602203103	535.234926442052	581.040573979746	644.736048897905	686.4888498255	745.925559740502	748.469098753493	779.501310222122	753.503818595227	719.245894818176	742.000819755022	750.603365450212	690.266533918428	747.093846807612	718.811490906107	834.342305240527	889.829722750981	964.826578503141	1028.39136026645	1296.4415584553
404.253	0	0	0	0	0	0	0	0	0	0	0	0	0	0	0	0	0	0	0	0	0	0	0	0	0	0	0	0	0	0	0	0	0	0	0	0	0	0	0	0	0	0	192.829456136754	53.1802855430104	55.2324538729403	89.6987403666983	113.498581149592	157.14922961015	209.699090008692	270.439610613553	307.949440111173	361.063132498329	438.121195687035	486.126846047968	553.410462973115	610.41313170614	683.379249198453	706.157001921723	774.96852365325	778.155568968386	797.573193907041	756.99032598436	755.869941082605	761.666808070105	757.464956194533	760.016245855329	785.688701940483	827.350400897287	891.712872962589	1073.40551013169	1099.00136298892	1325.19244616734	1458.90419251756
407.542	0	0	0	0	0	0	0	0	0	0	0	0	0	0	0	0	0	0	0	0	0	0	0	0	0	0	0	0	0	0	0	0	0	0	0	0	0	0	0	0	0	584.164707321146	31.0821175687027	28.050222223888	39.9076558134671	76.9478457110572	103.193364479569	157.537542095431	219.398521084738	265.20209361298	319.351629381486	356.266305534468	440.313334072048	474.994569945873	549.878767504756	592.585461916839	667.098452575002	703.152486400572	743.743654113413	753.057677206634	740.654443837413	721.698985403196	714.830575906468	714.573101449416	682.53857815801	674.786713529069	773.292655967542	807.852037896537	890.226912461667	947.619544807295	977.287461840709	973.426426642205	1119.73172729466
410.832	0	0	0	0	0	0	0	0	0	0	0	0	0	0	0	0	0	0	0	0	0	0	0	0	0	0	0	0	0	0	0	0	0	0	0	0	0	0	0	0	1290.30541176704	64.865415056135	45.3640793887624	62.8530530201314	85.4446218609089	117.963128722751	161.278996863079	189.127349395657	258.936996787071	315.592528153821	342.832084680887	415.942686070473	464.524347244887	526.633709913303	571.312920390099	624.939518867129	691.455266545884	728.47558996018	743.04506645906	784.044880745975	783.010525592941	745.815516521464	750.955073301849	735.864000052128	759.080071244856	789.707299834604	819.95832432759	894.272586269753	941.805689580227	1023.04018100536	1309.12685224451	1427.30972256546	1416.02778450977
414.124	0	0	0	0	0	0	0	0	0	0	0	0	0	0	0	0	0	0	0	0	0	0	0	0	0	0	0	0	0	0	0	0	0	0	0	0	0	0	0	0	220.082919008906	42.8640377163404	53.0213455344832	75.8683832164965	101.632947594628	131.604277950139	143.618443759709	211.630836910318	267.845276238102	317.102611310829	367.469283715807	414.101910355906	462.588552795031	524.482516534985	571.321960527239	644.763697010552	668.526556551159	701.749436181844	743.707052871714	734.654924088692	756.675942365377	729.098757690556	739.584571558088	732.388609947732	736.807339453257	747.095507694869	793.323308896387	869.448911147159	898.417159320333	1021.78403780355	1036.93640309829	1238.98036615493	1219.89549744571
417.417	0	0	0	0	0	0	0	0	0	0	0	0	0	0	0	0	0	0	0	0	0	0	0	0	0	0	0	0	0	0	0	0	0	0	0	0	0	0	0	593.777098155121	28.1554037863188	45.0036823709659	59.4905573478982	55.9367664786773	99.8840493507033	130.714113870151	167.572089650836	220.042310268181	270.231216913189	335.101618478104	382.870667559925	419.72578063861	465.048707241701	525.963970017785	571.953700923957	618.941275432489	651.601916558261	693.817078648203	730.50320753221	736.048517409984	719.754357580753	719.639331773267	711.338464899107	721.413522505164	743.005688908981	746.768850920032	812.40138256774	818.463935235106	949.710933689911	958.320176550628	1192.36105224505	1241.55446645054	1449.4482116948
420.711	0	0	0	0	0	0	0	0	0	0	0	0	0	0	0	0	0	0	0	0	0	0	0	0	0	0	0	0	0	0	0	0	0	0	0	0	0	0	1145.59082319646	71.8484137812316	52.8127699980117	61.3911402751642	84.7805757183102	108.37534685714	137.137300287034	160.741916373721	206.318288034643	241.792935198859	302.091831036176	372.067911622193	424.746016906263	451.568474411027	494.155889677507	537.898221158836	598.754618079349	648.960725835596	670.862826559161	705.570869441445	702.191733638652	718.243033630165	735.787048738663	722.593278850243	749.180396386669	729.121974394466	730.464157844267	772.803542586881	848.183012810592	896.512912308826	1013.45684812971	1114.29234181843	1213.12774322325	1223.41360996918	1492.49137305032
424.007	0	0	0	0	0	0	0	0	0	0	0	0	0	0	0	0	0	0	0	0	0	0	0	0	0	0	0	0	0	0	0	0	0	0	0	0	0	0	185.425407219088	24.3319486382276	40.6105893982781	51.8115081471408	69.8378048450827	90.5233220316703	122.133279121111	158.259997918403	194.25232244642	246.194136687406	327.469503924504	356.52049147305	388.376943794605	450.474490655012	486.403565258881	512.95350820097	568.155697521665	584.430732719433	625.059550435943	660.235177789622	694.267413395216	703.500127239583	701.826066188631	689.792843929821	677.600451540153	716.608137147531	686.887230099599	735.148776212564	756.25788167587	836.666387717368	973.603800842676	992.160154007055	1129.97098968143	1089.84252781878	1399.6560726586
427.304	0	0	0	0	0	0	0	0	0	0	0	0	0	0	0	0	0	0	0	0	0	0	0	0	0	0	0	0	0	0	0	0	0	0	0	0	0	503.638311847555	33.6333738560717	34.131531851306	47.700907537735	84.4481912845035	93.9815839719689	121.757650571177	138.601422934097	168.47369138716	216.669467829122	262.379213879467	314.132847352137	383.950511344361	416.876711290849	457.813819089173	500.920629152972	528.653388802138	568.922490835751	614.187449373262	633.882298884627	674.009525706048	672.214895361053	661.779489773288	675.199602889116	688.779194652889	672.136093556732	687.705792136661	734.604700649185	746.490735074232	816.711894130569	898.674389363771	969.787581448719	1093.52667055065	1177.78853115889	1344.34609152417	1224.51719247265
430.602	0	0	0	0	0	0	0	0	0	0	0	0	0	0	0	0	0	0	0	0	0	0	0	0	0	0	0	0	0	0	0	0	0	0	0	0	1630.11377627013	55.1063876843536	37.531652844904	39.5194992482581	35.8142575646881	87.2914063885088	94.9630030796306	133.469076987466	152.642449721907	186.055060523132	231.251773386045	274.227318283401	343.450936304871	376.783682783279	427.621420123296	454.354015974509	501.349117793052	538.691877352317	566.863274140008	594.68994514166	621.324581754602	636.543460849123	655.85161278005	669.555981098946	654.673468358672	663.575304386749	666.257082351187	665.898208219723	713.502774894375	733.888844249104	798.000413285772	900.295361894903	967.773992641131	1034.29514686973	1231.55401062201	1270.19490649443	1312.77621608947
433.902	0	0	0	0	0	0	0	0	0	0	0	0	0	0	0	0	0	0	0	0	0	0	0	0	0	0	0	0	0	0	0	0	0	0	0	0	218.785445862816	17.5843556386377	30.8133312794872	44.595665103056	66.7380634724752	85.4720539460925	108.473726591061	135.711828722755	163.487291906266	193.080529842164	232.093921190157	273.55149706752	330.500206908477	384.186944936683	431.907639318517	466.633685619486	483.493302722966	519.004608866741	550.828860714428	580.444626829914	618.521424634272	640.43893874196	649.66631545936	654.588077913441	657.807921230655	666.7135909484	647.808225843792	647.750931731949	672.525629694136	749.913226731631	784.129808928318	916.646161409197	950.373641462906	1079.67429572553	1149.61938980875	1207.48091856725	1188.1063102979
437.202	0	0	0	0	0	0	0	0	0	0	0	0	0	0	0	0	0	0	0	0	0	0	0	0	0	0	0	0	0	0	0	0	0	0	0	2007.65736703259	7.71743666527829	23.3739977518794	30.3484152056132	38.7367289966139	63.6953551975851	69.9265856230138	107.005856524511	139.174371332044	175.15261895758	215.501522029807	243.470149005099	294.233863748919	344.24457979548	396.370580238131	421.814341375722	458.126828562608	491.908973537518	536.577813612432	557.540531896577	590.300827150048	599.587889987352	599.911257575618	619.817934368655	624.292734851102	628.590491382869	655.35914222019	634.387775644897	637.416388074881	670.335378083061	701.367542886404	761.781253825105	795.309865296024	907.099477719171	1076.246292155	1059.5476693223	1081.60840380524	1207.82345955026
440.505	0	0	0	0	0	0	0	0	0	0	0	0	0	0	0	0	0	0	0	0	0	0	0	0	0	0	0	0	0	0	0	0	0	0	4171.89697879622	102.933297474698	34.5829434953762	26.1732179524423	34.1409353633183	56.8809394089565	72.5727180806773	120.467341871345	120.683835191724	158.770705546296	184.582611461681	212.087714239343	240.928417337462	299.304354214572	360.235979079333	404.86947292611	433.556595890661	453.36319309763	490.520342223759	514.59705706973	543.433891438054	560.579132010287	589.472848940299	604.507144229067	623.162747182765	647.531591278881	634.26252293412	616.753415538793	623.688557923614	630.208664209986	694.161496644698	751.768561438643	712.159998641735	893.767359175374	1051.93421228455	1051.19531333533	1096.32460327764	1237.96256549441	1229.14850558458
443.808	0	0	0	0	0	0	0	0	0	0	0	0	0	0	0	0	0	0	0	0	0	0	0	0	0	0	0	0	0	0	0	0	0	0	387.286496623671	57.8838638482263	45.4832702970922	50.1370492306168	56.257263646132	66.0314394692692	100.393510408595	127.931601467806	156.840471644994	187.026099088775	206.241601546723	229.835194974075	280.280473028973	324.88435091802	381.112799420182	404.57557219733	442.215711052993	468.790226848993	494.580260280511	547.959497999202	545.076811054054	576.560845043362	572.498552869169	599.032937851348	619.292223831451	611.039793350235	635.532385485384	628.096608949252	622.831743983139	671.478086108457	712.47467460061	732.41136991391	827.978438766393	921.017587258994	999.140505387612	1224.57274185903	1196.13968681276	1287.6462163533	1407.33223749812
447.112	0	0	0	0	0	0	0	0	0	0	0	0	0	0	0	0	0	0	0	0	0	0	0	0	0	0	0	0	0	0	0	0	0	679.726718375688	25.6359506303717	23.3114834572061	41.7668384526255	40.4838751320398	61.2972466860783	85.5605054207417	91.6603498355944	138.526097660623	134.450482093252	167.980852845477	214.244760031328	251.052738457485	281.881333437359	323.335586991982	370.399562059829	398.940112320601	428.162117477156	454.743806667684	487.013486668155	520.443504654814	525.31293676038	549.912028113528	568.401561786791	579.599213542184	578.355014145088	574.19871606463	575.330027439065	584.483024574546	588.198843869019	622.088116100669	649.031109934837	708.232311501928	776.247193184849	887.895277039115	998.429861438292	1001.23439510002	1091.32304656859	1078.17509819173	1266.38271820809
450.418	0	0	0	0	0	0	0	0	0	0	0	0	0	0	0	0	0	0	0	0	0	0	0	0	0	0	0	0	0	0	0	0	810.054049956341	66.8202882692663	36.132588626595	34.2311573717321	47.4204958601463	47.8169641920271	62.9602547289357	93.0405845985038	113.961843365587	126.627178562483	143.632853966974	182.7453719313	210.020577008333	243.686080431803	282.072573246368	315.784377355922	358.557716956491	394.674682246621	429.752371762242	440.014801819355	474.241837801302	500.675089593274	522.473597084314	526.288816645986	558.250123394764	554.607896937731	570.96568189245	574.090461183735	577.014852115433	577.427068072822	570.628030216576	608.222962312137	651.660440938575	694.797123692705	813.636252417438	871.90046154789	951.426120644682	1084.5579429578	1106.34118985541	1208.45412179501	1229.69311909429
453.725	0	0	0	0	0	0	0	0	0	0	0	0	0	0	0	0	0	0	0	0	0	0	0	0	0	0	0	0	0	0	0	0	149.016300637508	53.0173786633208	30.6926202044092	43.602906776631	61.3394611733826	68.317592235771	82.3916674581553	103.813077514688	123.915634793478	148.954510834822	177.089086434981	193.478790686124	225.017259963964	251.02839150635	285.665334968625	323.379626105988	373.893727349629	386.755083695314	403.319426861675	438.976250137201	472.105748787387	470.468101061206	503.091836759843	515.026059164637	528.59049789363	543.339426161199	553.075848135551	552.886256172259	549.021327495409	564.21426114822	576.14332335409	612.660838994924	638.264733463759	714.175333513844	817.962664127328	861.204439396741	991.254867110936	996.722759764821	992.186050645234	1272.62415909577	1254.53613989009
457.033	0	0	0	0	0	0	0	0	0	0	0	0	0	0	0	0	0	0	0	0	0	0	0	0	0	0	0	0	0	0	0	305.181943867319	13.6562564217462	22.707949786313	35.8177187822831	39.7911770853847	54.7359856254766	68.7574331934821	79.1150967751117	97.3191331563402	119.79777434929	133.609695821976	165.177825849462	197.714275495459	226.749442914074	255.28436278779	289.713286127262	319.879423409642	355.096024354976	384.004966558908	412.232806197745	435.876053946051	455.672678994347	478.359781597573	499.769389215997	496.040630527046	512.784176764807	515.416287934272	539.891377363655	513.582978388604	547.27050074338	548.895322098054	572.06280730277	576.86853345962	633.15789147138	656.445781825701	751.479798279893	831.015348944363	939.234369940647	982.027288894462	1096.36766342321	1135.99741415973	1031.97096593675
460.342	0	0	0	0	0	0	0	0	0	0	0	0	0	0	0	0	0	0	0	0	0	0	0	0	0	0	0	0	0	0	611.817902509357	29.0803775887218	15.0759091306297	29.0560411961196	33.7733657406261	53.9568100074583	45.4323073799969	74.5011450325555	100.665694100946	96.7736517205204	140.990312765066	159.722947257482	198.95502525386	193.453136988157	236.349348325566	258.597044292331	281.141173000037	321.205693667553	350.232039950314	369.102545726946	407.669780086784	434.929081412363	447.561375168763	454.861084611361	464.29048650989	497.880804827357	500.076830153231	506.608115157411	512.087307544273	517.217979177965	528.716779726581	519.982765980915	543.684867630063	585.011297771246	607.488797448949	679.553260064002	770.00457836738	851.750112883285	890.487887508612	979.099232874025	944.435878192514	1026.20647329102	0
463.652	0	0	0	0	0	0	0	0	0	0	0	0	0	0	0	0	0	0	0	0	0	0	0	0	0	0	0	0	0	0	108.917275637764	23.873437943015	24.7937959155552	28.1798042125067	55.4903161512175	60.4618796580106	80.5608537396738	90.2903889686031	108.8291274588	129.021433329216	160.326976952211	183.816385323297	185.586399311043	219.400389604414	232.949060933549	277.346818884085	294.7594978729	311.831368834753	353.352788042475	382.378356309762	405.764761784318	421.47053573745	425.452298562423	445.451413221806	460.966678845545	478.667978527617	490.521255670076	500.381982680715	505.452338631536	508.689784134423	523.597938297589	511.366183278554	528.07698479302	579.285284963252	632.182540145486	684.404038733325	752.893369004653	818.544290507379	964.169219521252	965.677345809532	1167.68657419846	1166.1712086747	0
466.964	0	0	0	0	0	0	0	0	0	0	0	0	0	0	0	0	0	0	0	0	0	0	0	0	0	0	0	0	0	260.120384186229	16.6690715835831	23.3775935688437	40.2049415986115	47.3133733247762	45.0720177969646	78.1950360154386	73.1353089474078	86.6642295140819	104.401107499378	122.735316979146	156.822479430141	168.531456322173	196.57887808744	213.536670882424	239.143433945618	257.550103535	284.794757598624	319.168507262121	340.61826660901	370.29537408891	394.497506411374	405.292303948777	422.535925725389	435.681035209867	450.894238623508	448.831261969433	451.659952399532	463.525807455677	493.544376425594	497.605684986157	494.97811227468	513.116543094021	516.43312973999	536.236724510521	590.24853846895	648.159906875376	749.429236790852	857.73922807903	884.410905628378	997.548688414976	1028.50283000911	996.19874022186	0
470.276	0	0	0	0	0	0	0	0	0	0	0	0	0	0	0	0	0	0	0	0	0	0	0	0	0	0	0	0	454.447613837023	27.2104273713021	20.0022834541391	21.1292113700995	25.7917591473555	31.2497443069322	47.9244752694992	53.0473623441343	77.1590123487623	99.9480491146171	111.370738336379	116.711096545132	153.915918212168	162.01277723967	203.871577035044	204.085488295937	223.178021924188	267.048110134755	273.022804857169	293.187706525575	339.902432042679	366.951581771065	357.643535663976	383.167925545335	396.350046790885	417.771657818716	421.485303411653	445.971482565385	438.586070646817	436.947207055348	464.280366096687	481.383237351228	486.919536549883	509.670969167064	487.60198143036	519.570321678872	582.724133079498	631.541376929819	685.516575413294	766.900765852656	842.928686972234	960.499556026621	942.759244753988	0	0
473.59	0	0	0	0	0	0	0	0	0	0	0	0	0	0	0	0	0	0	0	0	0	0	0	0	0	0	0	0	68.4081212659084	13.5353574794496	17.3861744965817	28.4287853043976	37.1015872709097	47.056250764507	56.0438291490204	76.674082471712	93.3731973842955	102.344184937296	117.946717853957	146.700195958913	156.026260683993	180.292872142964	194.282380194036	227.664568899648	225.340783806269	248.011318254266	270.217994076286	305.591442878429	327.537312967993	358.966036888499	375.492027745357	381.000565479162	391.674047924453	400.697977147676	416.886464341304	419.997192843641	425.226497831942	447.644523691229	446.564136569669	438.295696491526	446.997261992937	486.380002776004	492.414434659889	540.207093663573	594.918417900151	587.940385985719	723.161199301535	768.65834222593	888.195003771921	915.193550319323	1022.01717303199	0	0
476.904	0	0	0	0	0	0	0	0	0	0	0	0	0	0	0	0	0	0	0	0	0	0	0	0	0	0	0	186.045566589352	8.25437930178173	10.6004251769181	17.9850740016477	10.10911419076	31.9747067425797	42.0313873160143	50.1734578513095	64.4462884894603	75.9057941810306	98.5619893690153	117.331699356074	133.372227713086	140.656969110047	166.225658952236	200.574020160527	208.608173208934	225.419316265516	241.45442945022	258.820483741276	273.909140824125	306.977526324943	348.454959856318	352.258396551727	342.408673605559	373.122697079418	385.559021888127	398.245909195022	407.292216824574	411.3108294021	411.50105509259	431.573344063698	443.903403552005	457.208377026655	447.043121717644	462.130233190766	496.646212797625	519.259879491317	600.300086888091	665.967781092757	787.512450819318	810.003471714349	833.168875584127	910.328377309464	0	0
480.22	0	0	0	0	0	0	0	0	0	0	0	0	0	0	0	0	0	0	0	0	0	0	0	0	0	0	396.645422053312	15.8243864696501	14.4385906755107	19.6923823959449	24.2915963462637	38.4105256499103	35.5458056403435	55.4369982473898	60.6901791755738	79.6663399617821	103.108570422226	107.436152579163	128.366892677805	143.416492413735	172.874646791386	185.15454485095	192.837309603472	210.979695856339	229.104613494953	244.454775411847	260.475446357772	293.449609602662	315.929797444487	349.363751503583	354.170720736812	347.560775675728	351.64592654233	374.982780503987	367.355398659491	388.112382500118	401.000550597397	417.166473560516	419.565754832553	416.166035667991	439.30909715697	461.85198855604	468.513676335894	502.166155279909	561.463447484816	633.522444926586	689.951051318796	774.121150032108	821.868707277771	892.256679987089	0	0	0
483.536	0	0	0	0	0	0	0	0	0	0	0	0	0	0	0	0	0	0	0	0	0	0	0	0	0	0	65.0116230318448	10.5518508023348	12.4452832156254	16.7480650509035	16.1628290483914	21.9778205337703	33.4336290148924	35.4731401916214	54.8710094477348	80.4163487055155	82.3918168127336	97.9909082445845	106.875135871633	115.152332377477	141.059879329949	166.582929902568	175.338039067504	181.98702148679	218.898623831888	223.89269150318	249.982344364413	274.513218451931	283.524410899662	318.769973513315	319.753178989555	328.790060094765	333.644179335253	359.192078526946	358.592789139464	359.344912925533	357.669590649557	366.426736250131	398.004775302517	394.574164946198	394.579186153972	413.254811683921	429.833135073645	461.52133110404	472.707358328987	537.318181729972	619.926381197003	668.324143276694	716.262296177947	804.040477177298	0	0	0
486.853	0	0	0	0	0	0	0	0	0	0	0	0	0	0	0	0	0	0	0	0	0	0	0	0	0	196.207550752358	2.61580992805657	8.09347789660236	11.6284825944909	12.7346943038021	19.8257121852626	20.6976086499064	33.4027950501645	39.0132999660717	56.2899942703661	74.1426914317487	91.8822366138583	104.146884960546	114.619691296762	142.670880818082	141.662675134371	165.738561599896	166.219665519329	191.243212518351	206.559602655921	225.741533681049	222.650569144688	259.085607814021	298.354107047389	300.380811854611	302.133552936121	315.688032225445	332.268625428538	333.056982299403	347.945396363179	351.154267587999	353.051335457568	366.095633450076	366.709828160999	383.611729899741	397.812381861074	395.040763901398	432.745153547321	450.329558863007	496.102007377908	538.8682662807	578.26042160768	630.007033479526	782.057216702753	744.930272633021	0	0	0
490.172	0	0	0	0	0	0	0	0	0	0	0	0	0	0	0	0	0	0	0	0	0	0	0	0	374.709517880605	22.8490430486023	19.6730418206754	20.9039877000879	14.0961474195436	22.5725878119387	21.316053058127	43.5740155618645	50.1512650421732	65.4981031475184	65.3470397655241	87.1945925125114	102.465652633508	114.113060538436	125.244766494888	145.31909732006	168.576726187625	179.311635811217	195.224540431367	213.513975941558	206.151262532115	245.165718502589	218.956641790691	260.42040400887	282.677876162077	307.939869911494	316.044622519698	312.86693034755	318.405723250959	329.198455842596	350.4519808289	354.0432669718	350.441703852882	351.730984039276	370.866613608169	392.365472227785	397.969078635411	410.310857681753	407.455465299871	467.193183556933	495.311560166198	555.834350248277	644.938932060539	724.185520362675	731.601568072663	0	0	0	0
493.491	0	0	0	0	0	0	0	0	0	0	0	0	0	0	0	0	0	0	0	0	0	0	0	0	67.6640811038387	8.19658664876399	3.7076638726363	9.93128681975226	14.7080990046969	29.651726190821	32.3176909337799	29.0861917688562	48.9074519133836	41.2093748118145	67.3125720188592	73.4373217662261	100.441137786242	103.244382422982	128.002712199547	136.29802453545	135.814919979335	165.143020326658	170.631991952912	193.979561221535	195.861439681047	213.966837206297	235.781270232015	242.22975323947	263.371973508315	287.591836243247	277.09414199642	303.383757617224	314.665644735706	321.876668967025	314.078702189138	320.706192588947	336.948733660861	359.87286828366	355.666833904223	359.486431961758	361.137146000067	371.619352375587	402.644379842005	414.314771813956	442.316882670881	520.631602901355	591.15410366165	653.374689140603	707.752144873753	0	0	0	0
496.811	0	0	0	0	0	0	0	0	0	0	0	0	0	0	0	0	0	0	0	0	0	0	0	191.616438416318	11.6393938080808	14.3984310800504	19.2238782250053	18.2714493438552	19.5545896576578	25.6123373785716	30.4660897031572	32.8789258409285	49.7735458630426	68.3862129353708	77.297137625418	82.3137058134341	107.525363834618	106.191269292319	126.031359894433	142.595110822356	151.148392946303	164.402106769587	174.62081766227	196.242770363905	204.577995640492	209.549637856776	232.902641817305	235.606048836506	260.149785923974	273.429744697328	286.075316290407	291.362924420282	294.320906690947	302.225758471471	305.657084100851	314.211536271837	324.86482732155	330.171052299694	344.950759167765	353.2794341833	360.0331710122	368.528655016998	377.301975157094	436.791655360862	457.804728046959	532.663631120436	565.581904650766	655.237549832394	670.861864918416	0	0	0	0
500.132	0	0	0	0	0	0	0	0	0	0	0	0	0	0	0	0	0	0	0	0	0	0	382.130603029469	4.29487790445605	1.72245522243221	-0.222682421438135	3.07716107735673	12.057782651845	14.5471876726025	22.5448148838147	35.7836210671239	36.6805124319438	44.5484167758231	48.3813418507612	67.3186635940804	63.9667855709573	75.0709139038148	90.4552900661642	108.054833848357	127.889653163191	140.599129682069	152.642782454369	163.346071782603	188.808419495602	190.275358915323	197.569566069624	198.910141731877	229.639242880556	237.282452928836	239.152248305026	248.238761571819	258.305878958358	262.662959937633	284.318714998456	285.028043756434	294.385208765113	284.181206362301	297.326909004621	304.015307615743	321.096169104493	333.226166347213	318.769258777928	341.312672430156	396.995221434953	404.604124729779	450.892998977534	496.466752618353	566.846214141025	0	0	0	0	566.237989375633
503.454	0	0	0	0	0	0	0	0	0	0	0	0	0	0	0	0	0	0	0	0	0	0	75.2185295628472	9.83751921007381	11.9611500615234	12.036188923348	14.2526439468424	18.0373996940654	22.8389783411628	28.9195732708646	35.3562720644492	41.9767074951289	56.938775099011	69.0374174856688	76.650082051421	91.8486632569093	101.338810069325	119.552196418992	134.21859471243	143.662324305559	149.32811552815	156.751197255864	168.570886940512	176.849416549235	187.019470792139	195.430075985638	212.577772310301	229.6546739168	246.707598025898	258.466787218531	260.74268610587	253.533894850057	274.452452275562	270.861638225227	280.689095125343	277.449339357764	290.141302584549	302.606899206452	312.818543116493	334.10597990626	331.614259149157	341.917383444276	353.49881642861	372.16291271974	445.170845263312	489.109234396323	535.165620955497	602.146498166232	0	0	0	0	725.785217020051
506.777	0	0	0	0	0	0	0	0	0	0	0	0	0	0	0	0	0	0	0	0	0	199.619162392142	6.45371267535341	7.34370132990711	8.45336867273749	10.1439726219726	16.7292184100417	21.5968081672668	28.0263140097051	35.8347594623095	37.3426957940175	50.5123890475481	52.475894964475	62.8468909664212	72.1606084672672	86.54578897714	89.7241996010639	107.777712047311	120.577675962686	125.628644581304	135.897317346378	144.909337460052	158.164153166647	157.300299321922	181.429017102783	191.321559143014	202.970777075561	215.04519794268	224.100086689323	241.976070140456	234.467800883594	245.017085448923	255.369608281595	259.450636139419	263.48606411521	271.390521169452	283.766861466047	284.620213039001	290.335496334247	291.727163260228	309.596911304541	330.191622926986	366.019409255419	380.776395695699	396.817246592102	448.420962296248	504.545962445416	547.329069833793	0	0	0	0	537.579208661168
510.101	0	0	0	0	0	0	0	0	0	0	0	0	0	0	0	0	0	0	0	0	391.019857637169	1.29488667985988	2.26933919244992	6.23284340568971	3.52925995517518	17.0804234413017	12.5353867258157	21.6797610963519	26.9394115417357	29.3235187721164	41.8332493054699	36.0772024018308	41.5244538336951	61.5800273730258	70.2337020937943	87.5998643169003	94.4281302870145	106.021836716653	107.901650183807	114.771825465256	132.296345136872	138.151872809763	162.848837472892	151.50904363312	161.09261182637	179.049209058924	186.141034388073	201.079303824334	222.19994040855	218.210435317195	236.243058231518	224.153268222831	229.851717009683	252.149361171642	246.571324966137	249.786021824342	267.274187547765	270.319402438077	274.956965745694	292.840391450887	294.811105837755	313.731569436692	316.84467710888	352.162563683475	390.925059552092	427.325964956387	483.911809593922	0	0	0	0	663.367840062895	572.333798126234
513.425	0	0	0	0	0	0	0	0	0	0	0	0	0	0	0	0	0	0	0	0	61.2211783580602	7.94470040029751	9.589372742906	6.48526932875995	10.9776916116101	15.590322392844	12.3094223814543	22.1555868883649	22.5998813767919	30.0939575567598	31.1804741186334	40.7179974685846	53.604831227214	71.9629114729896	70.8099676742234	80.7813252421029	89.0855692709172	93.1659509675898	110.777842267079	111.0880846544	129.882460613459	135.781859636931	148.145128252175	153.749042879265	167.465733513008	166.097203210061	172.410999594453	190.62983283966	199.586379410623	212.429258312498	220.621957122389	215.267887471701	222.875167103159	230.952718636013	232.08881045735	242.522275488955	246.508920701999	244.572418000523	259.926828219429	264.141917422004	271.047508087403	311.249466267828	308.158185827584	331.50442797267	362.113377620288	400.240742030208	465.014076835915	0	0	0	0	571.954048469497	623.341755876291
516.751	0	0	0	0	0	0	0	0	0	0	0	0	0	0	0	0	0	0	0	202.027328212582	21.9043096247343	4.02876563108477	10.3250666454845	10.5217795568181	15.2501158833306	18.8264285344901	22.208075363391	27.8780169138511	31.562031260225	34.9898563808386	51.8578063586722	46.6881259522596	63.974966930006	65.0204032094498	77.4944452970578	83.0068869204046	83.6283937884854	112.670790795305	133.022093991608	135.50675540813	135.160855110196	150.497295631376	152.697936651241	159.263523041095	170.596300788224	173.725328300082	174.677049386798	183.888155609434	203.64580455371	209.071407873523	209.028969566835	217.289194347489	227.930560352437	228.135529330955	225.293266951526	236.281492380318	247.050884799012	254.083362630304	268.596141432911	281.028931473777	271.117550431564	289.320087338268	289.916567617188	334.884773514216	355.470769246621	406.102934010586	493.644040872931	0	0	0	0	554.037560338684	569.640684848154
520.077	0	0	0	0	0	0	0	0	0	0	0	0	0	0	0	0	0	0	470.596808902877	-0.466188282093623	1.44828650254972	6.15514917081039	11.6930329223585	13.8970502249146	16.2323061625559	17.1474726208148	18.2495163712692	29.301391134217	28.2212369610237	44.6848946738129	41.9296552070476	52.7072538891154	59.2332839504642	67.8396875159009	69.4049629739165	97.8620604228835	92.0266476284119	108.56904659877	102.340470793673	121.996666558476	128.997240118806	130.943219542525	139.636214682227	155.355329704984	139.580871720141	163.115730187991	170.660649616092	187.126775849333	183.559761959993	201.224657626193	196.782061380669	211.072640031001	200.649704507677	216.643655576242	217.791329559178	217.096575940579	231.708807027275	235.425327001908	237.156488151131	253.507425795107	268.346996311195	274.671075028372	295.326495861628	330.957563889712	352.858378744277	391.36804299309	0	0	0	0	671.115678914532	626.535751455319	501.929939191102
523.403	0	0	0	0	0	0	0	0	0	0	0	0	0	0	0	0	0	0	70.3592404485543	3.09115003223513	10.6492396429441	9.27164655618665	6.90058214103299	10.4949431006537	16.828076548589	20.3741356570702	24.1590852055306	24.5971482687518	34.5729049625388	39.4751589934331	41.5551309059792	47.7896466712795	52.6953598483262	71.6229065727831	66.3989720026874	77.8557499021996	91.4713077061065	99.8793717793226	112.257738956961	109.935806191726	113.1416020161	128.321954463132	138.329053810328	145.446824985616	154.643488830284	156.689995780501	159.050801966015	165.550131397622	184.337397080921	193.20793839034	199.350860722458	195.616300661973	210.528605894802	213.883289386872	210.168972731054	218.12252353393	221.369101106272	223.29720650983	236.58017278551	244.392845784253	254.549262731425	255.424013649146	289.260839090878	307.586376750005	342.193454367398	376.116368696346	0	0	0	0	540.537620773437	484.998453478036	576.018154306959
526.731	0	0	0	0	0	0	0	0	0	0	0	0	0	0	0	0	0	225.763444253042	21.3390786148765	1.91492403923545	20.7122803774973	10.5477573184818	14.3144684014325	18.1107159891189	8.07220994561842	24.964190037326	24.5161320789399	26.4343849066434	31.6356270434692	35.025672163259	45.1871942384397	50.7585287191854	63.9032405994982	57.8392135951834	70.5998606259702	85.7697749261048	95.3363449066189	94.9216093482956	112.618789430682	122.214830937404	113.687820147033	131.128208396032	125.936643015501	132.55092832595	135.030209088048	147.677018030281	157.548679138216	171.356404361971	175.097266857575	185.344097458085	177.156345636212	176.389945244002	184.31584625882	190.475408914232	212.229296330358	204.090197797415	204.838234639115	217.596920426035	221.074381786701	228.418508063987	259.499369461761	264.184034540423	273.289507123893	300.407683134172	346.55464325513	374.528629645577	0	0	0	0	560.901103332017	512.39737901786	490.093235411553
530.059	0	0	0	0	0	0	0	0	0	0	0	0	0	0	0	0	415.248865531967	10.727920786618	-7.1570853264436	3.74037400426763	-7.54020763311378	-3.70639815693313	-2.98061383831751	2.86420722850059	9.83835715638863	14.2144186305732	16.8465153443879	32.6583515304059	21.8601756308661	31.3028147190388	33.2588240544492	44.7745716617836	44.7495141527778	47.312411587067	57.1493496009092	67.6594298019379	87.4606269008247	75.7573399960644	83.0795079590246	97.356595414307	98.6810319248158	109.195227504952	119.333539416704	127.852187833423	129.476892004202	118.155450487401	127.15402547356	151.241093235423	154.132842108014	156.753350353704	167.958601555341	163.111637337696	176.291811980695	182.851892554865	184.005705683344	188.506759160452	194.581434879664	186.745455996672	204.152569207198	206.987111004498	212.006557013254	228.071981395251	241.822020390136	267.239717990503	287.458888935729	0	0	0	0	538.641295406659	363.255695746084	362.563538437933	407.578385528981
533.388	0	0	0	0	0	0	0	0	0	0	0	0	0	0	0	0	73.2157730147178	-13.5435710380893	-1.190384800378	-13.9062394137448	1.41868303219837	5.31242658531891	0.837909177192773	11.6773957970235	13.8137926375152	21.3460151247829	19.1168828272223	21.0387440228481	33.7860982800692	31.9456185073611	37.6291768374029	37.5529629112177	57.2367372275399	57.2590041328284	61.4597985282963	68.1951463884665	69.6964202260959	82.79573629908	96.5300992010816	98.4976667592699	95.3406028880048	94.8393764425189	111.854685818222	110.082839608703	114.493454092489	129.530794927071	133.450264447663	133.840132974154	151.653778845138	143.956951932714	159.72871448852	156.948737344604	161.910104962017	155.211371359943	168.582848719208	168.474376202949	186.590001806203	186.919309182234	198.502232371372	202.807652490377	202.156811675515	210.604289889363	228.411893578296	257.533411170661	273.072795794989	0	0	0	0	452.802091649612	357.784700939524	412.96592780074	504.647350258805
536.717	0	0	0	0	0	0	0	0	0	0	0	0	0	0	0	209.329062136387	9.89159560510331	31.2478100028011	17.7126885243211	37.5787458526832	1.05230996919067	23.6163177454968	24.7686791494327	17.1563900927116	17.9318181458804	31.2377968769762	28.1520709729658	33.0849443100372	29.8145826430014	46.6773089084287	33.3030727243232	60.5907968139468	49.4882729718259	71.5290029393165	78.0664451766472	84.0853718064319	85.9775063578988	93.8921898849051	87.5792367537511	112.279071844238	117.074535135022	103.318194709213	108.253011120954	132.329367972991	121.980013462464	128.122097904179	135.134173242264	145.520656426235	144.980126653746	158.772493745393	166.890166892444	152.836610797729	150.768304052921	170.033243062097	169.234406702071	174.511305833842	184.924839862096	183.295893691932	191.854160667648	210.561381649731	208.500144843131	215.111048127986	242.51677889573	255.889991965515	267.778617781443	0	0	0	0	481.944243692122	479.805989369951	473.690552562799	580.367717015386
540.048	0	0	0	0	0	0	0	0	0	0	0	0	0	0	366.661097078028	12.7179975208129	9.58921857057704	1.66311567032612	7.97799184162771	5.27235185915952	10.0853561560665	7.75814234962751	12.7016727834816	23.7775712119781	29.3813881312115	23.0292138745124	25.5391181570536	29.4250706460848	35.6629813156682	37.4302280947676	46.4839558938119	38.7125579757632	44.2644930420219	56.2313759545204	67.1670250468039	68.540372863529	70.631785173571	74.0777290178558	98.5709557596852	91.9843818245615	89.1582044753619	110.869457284942	106.33507824117	110.763265469295	118.986667099842	113.127931021648	118.148740605821	131.727722865976	145.24492588362	139.46314905204	150.45677202781	152.498607123363	154.963237480515	156.906892007643	155.392241607108	160.855483147896	172.041151542254	178.532897370766	167.672563287636	196.655253227926	194.502059128089	212.111941920739	220.662552314329	249.656096035225	0	0	0	0	498.328182053209	370.487852034929	382.90471128088	408.203467871885	376.006313264687
543.378	0	0	0	0	0	0	0	0	0	0	0	0	0	0	58.0316336225006	14.9130338193036	0.885797056741301	4.67319443726751	10.5881522978273	-1.98215922347665	6.96522687365291	18.9151743679396	28.3431966588607	18.5727571527767	16.5624420706012	17.9389053588901	33.9060818288104	23.7949031897544	25.228780925579	34.9321014077445	39.1038425776922	43.248207767921	52.3879178483836	64.7900752600048	57.0058603427733	66.0225858267347	67.9874084937136	76.9877944776801	73.6441104774052	81.8432532071527	96.3690926326759	94.464678753066	107.419241123183	112.265668886721	97.581665253152	110.044690420988	115.291373731598	123.096422898887	122.205594225121	140.144368758361	136.56016175543	144.02592365687	150.937769829034	157.767796999332	151.974409646094	161.321956620356	170.126655032688	175.884801089215	183.283541065618	168.208782638889	192.540458900278	193.764251080429	218.31441097546	220.756134691339	0	0	0	0	379.449792844337	367.526049538222	395.891328804541	341.598877904164	463.560617392242
546.71	0	0	0	0	0	0	0	0	0	0	0	0	0	187.502151508387	-21.844304073507	-28.928866235739	-15.8436179834775	-16.3972916406655	-9.11491177766334	-2.01331601838366	-2.62681293476451	-4.23416342211109	2.38118173436904	6.53711345294408	12.4824731541013	17.053096896597	16.2892466643211	24.9186938578234	26.5565135221686	25.0941808390742	34.7043832796192	36.9049065105331	43.3585197643418	47.1847811251575	44.9553335771066	49.4925853669578	58.8604649987474	69.5974724506815	66.6583638078309	74.3969836821097	83.5789567880927	87.0595648716079	82.539437968881	91.0107748101943	93.8177074670864	96.041055986738	98.848000214912	106.97694281149	116.171790900178	109.816012382291	126.120970669414	123.979517992874	127.931080260058	137.776201207848	136.979834530387	143.580609613127	144.528865855105	145.510997628777	147.874595728978	163.826476838704	176.922984681649	175.910342615706	192.238331118931	211.325265173924	0	0	0	0	324.211209808374	284.908747402479	253.316794746165	286.59234904232	256.987361682172
550.042	0	0	0	0	0	0	0	0	0	0	0	0	379.607521386437	9.3655471944378	8.43795169310553	16.1070007921372	13.5575954262701	-3.03598024293303	-1.25419284092519	11.4384970178607	13.0584866071223	12.5889347436487	34.9601126229727	18.0650638366622	18.3756645254565	21.8277056576282	19.2890293966275	25.1653756387504	27.1275771457881	32.7728533499718	40.8353630968431	39.3077926613678	49.3844116900475	51.5703211273016	54.3376201088588	61.9674580439415	61.5417493558002	73.9976589112852	70.1700198741734	82.4232940041652	80.8523025129078	75.67593184496	97.9915615681687	92.9097556341855	104.554108878777	114.78749667081	103.77164948904	112.242405882034	117.695765901284	121.023741817693	125.937182432736	122.986071390622	125.540841600926	131.507370114671	135.917003410862	132.973880961931	153.72231663067	156.723938998202	160.842247760732	183.109337149033	171.223301224416	196.08051949478	180.086339250651	0	0	0	0	439.228764551062	366.142087334984	331.694246656026	377.112202975397	349.576390529361	467.422953560769
553.374	0	0	0	0	0	0	0	0	0	0	0	0	48.6470337576935	-3.12189192238561	8.37442824321417	7.08552971147328	-4.51843825455828	15.0530004356779	12.7627861005127	15.3365311206932	18.5627149481528	23.9997461004371	14.921719443509	26.4056775492004	23.2991779006587	25.0829532609169	28.6222355026819	34.2714501150404	32.4179478526467	38.4357670709269	39.0098368939715	38.8637140555346	47.0904632080413	61.2846902546105	63.5905793590623	66.7583130415196	63.7439907094545	79.0586087812434	73.141986235738	88.4195601757225	85.2641686959329	85.4392581541117	82.7126500314281	91.4740254925697	93.9597406577798	98.8085910203241	106.741008749648	107.349757250994	122.71667602547	123.620081667062	132.692669080038	116.570678573263	137.00876529783	141.070907554443	119.154250033082	145.08341806701	138.62066451374	143.576862665061	148.254045986154	161.406177623033	156.619825153818	175.141549922561	192.646115571819	0	0	0	0	330.316283001264	318.781746708778	341.968254358672	358.191428939743	296.339257501914	305.806738229388
556.707	0	0	0	0	0	0	0	0	0	0	0	140.945723420444	-28.0580032719806	-8.76164178347942	-13.2649797491629	-2.87448414999588	-12.0782896534496	12.387945165706	-1.22786610359648	1.94128684001632	10.3459575194809	-6.25559082001922	10.5830961398247	10.0029936905186	21.6489533502471	14.45297964966	16.7702754291907	25.1572692918669	27.1540374310927	23.2711065321103	34.0647572721203	29.4567190761173	40.3292949753376	35.0686252810153	42.1920831276173	46.6684602223548	56.7817210182502	60.2902060745474	57.8375637678526	60.3098158615051	59.3609694235057	74.0984260256735	72.4490939983761	71.5536989722215	81.0757598311637	84.5545399348618	94.7870560203435	89.0161784610052	104.063363166804	107.735868103587	100.208818458374	110.533810330361	117.535139539286	112.712222015788	117.175606833633	126.116274434268	128.962721025553	120.866024289417	136.188854312893	134.070840492852	149.395892577039	153.26611920121	158.76747890336	0	0	0	0	269.975181543789	266.312678769454	277.734062054499	324.867679579591	229.388029938113	292.793079017543
560.041	0	0	0	0	0	0	0	0	0	0	341.133861822417	19.7241606606273	13.4286958470689	5.66647563108023	23.5276478124606	17.2872438213288	9.37625814095196	11.9429711820632	20.4104761737907	17.9186352152101	16.9447007323991	15.8676718821269	25.6989609378556	8.63329159869675	18.8361026936904	31.7572867985398	28.3587410810585	27.5550286745531	25.3352792804301	32.8418054950342	33.3389638409742	33.2138677623659	48.1422207718951	60.7728663630297	60.4025282161006	70.6527217957332	57.6275201653972	71.2254406425648	74.1679222079622	79.9314781720021	78.3261464220038	82.94881116296	94.7046757878384	85.8067881415236	91.9158677877733	96.2103244075167	92.6469809337796	91.7752525859325	103.619521488955	108.992121881888	113.034784346355	113.458764120672	106.225556888986	118.022780928628	119.820657093232	126.833355198483	121.966443166567	145.91754228211	138.975514187066	141.113004475313	163.571767596557	156.865017356988	0	0	0	0	325.737667985534	265.564732909904	270.714351792826	338.963502599659	282.581894285879	378.470438268676	408.342571672867
563.375	0	0	0	0	0	0	0	0	0	0	25.3490130270117	-23.1895104530192	-20.5291521016253	8.76985028251628	5.90004474260532	2.81343145973503	0.877820082932779	-3.4230073104973	12.7131858859706	-10.181732044544	-0.728562395651287	5.5390645045229	10.9451682157592	7.30981936929481	6.94947309615644	12.2542493891328	13.2419916196458	16.0013509969741	22.7756855139152	24.7990921775885	30.4222024947574	30.2709883448997	34.8415964534461	32.4405565827416	36.0661778611272	39.9094462108038	57.2111645209237	58.9041750167508	55.9754496107597	47.3500706954292	71.9762073136092	66.7080046642835	64.9010557412793	63.831755929375	65.8720763688614	65.534917528321	75.4031962295054	71.5855740167061	90.5474237136194	92.8401187233948	95.901779581065	93.1897726503728	96.2277076459476	103.613996587088	101.633934546675	111.058701116424	101.880345016392	103.23808307371	116.664418270333	125.008950383416	121.916553148277	141.296878133696	0	0	0	0	215.683375203269	181.379890140637	192.66073830495	219.310248836245	210.968681699062	208.905775440353	250.788600931743
566.709	0	0	0	0	0	0	0	0	0	170.411176139814	36.600992384804	18.3895580850687	12.0716926361719	-4.71938084783139	4.9893770432206	11.4411829660554	4.54520196239691	17.8246205450184	18.7368313326174	16.7153700419756	20.2710739207151	16.8927149158063	12.3258259484975	18.438985874999	22.7817262896184	12.9006548108513	24.2269163443041	26.44701446721	24.1172001744877	35.5862993965745	28.0881957060911	40.5687689974591	39.5592267981472	39.668389320157	52.2604154550305	52.9521688623738	58.7517062250444	49.8207533649017	61.8835224155373	59.2140405919257	57.8229101209443	67.394156611592	67.6330200924858	73.494700669716	68.1914668495085	74.6758622191638	85.6641178994897	88.2696642639066	85.7556738681622	93.4240522847235	93.419996085536	88.2545206875962	103.864357368521	103.034975620921	101.253108852675	102.936251033615	112.967484759067	120.040577558835	117.503113155411	117.877489369917	125.685412765296	134.611938583852	0	0	0	0	219.879522835709	230.007190874634	218.804561136824	246.972440809675	252.956807787176	259.703774050061	244.226826977632
570.044	0	0	0	0	0	0	0	0	305.255390992684	-7.63304394059363	-0.607012864605172	4.10640654007911	11.1168981873429	25.0330656579931	25.3530496384679	10.6611497572305	-0.0191749446095535	-3.08965049561882	-0.855778507895624	7.26741176632288	7.64044260511249	20.7136782944177	14.399410513319	24.8852254353475	24.2301789750371	24.6012257262738	22.6525333813755	28.9242092326183	27.4989550263759	28.3806572788013	34.0140500574774	26.5097872287974	39.8784899805214	47.7378161778075	52.7825745477984	42.7189255091506	46.2042689628935	54.9329978005665	60.8214164305985	50.3141131269751	70.1030018201347	68.8767683533225	73.5356259984915	64.8565919381911	71.2150804173197	76.1535666427321	76.3243350403908	84.5945769924538	95.239923350605	88.9407365156585	80.3451060831555	89.6487819343641	86.6474747463882	96.4570633999436	100.232900697576	96.0548362666564	107.706072003246	116.568192993075	108.258960049298	121.874313840349	114.266790455782	0	0	0	0	246.290665785786	233.604430821663	231.554327376574	244.433269255751	244.538647525858	237.016395536518	287.544634601042	204.047277745039
573.38	0	0	0	0	0	0	0	0	54.8471707087036	13.4063107804819	-2.45957678022312	21.1598853937545	-3.36744003335887	6.97282875965493	-13.8098867308441	-0.490821793209305	20.9431005198241	2.22966966163065	6.79501176698256	5.67643852340831	26.1125170317446	11.5074582757948	5.67621411905655	11.5270088458077	12.63994119907	16.1876797209792	16.540327163072	20.4087571873017	14.3627106712778	23.1332633758958	28.2171719273091	29.3125538705939	31.3134974099941	36.4862782419806	42.3593225094009	50.7168701048591	55.8487001278229	51.5330216754073	55.3834771930085	45.8546650943286	63.6797852611679	66.2965886798457	59.7526631959457	59.8234827744247	65.7859575896366	68.0448518251505	72.3132806778425	69.5303334766379	83.0909360401379	80.1524400831019	81.7447986415803	88.4359333359546	83.2082100469949	91.6429553863122	97.3389040189628	89.9150419311556	92.5530368050617	100.440321862283	107.567747205133	113.659569212996	112.350829108368	0	0	0	0	191.559331391057	188.543859291546	240.21557488801	264.575591720034	264.508493071255	316.018864626909	246.429548131516	238.598858231005
576.716	0	0	0	0	0	0	0	135.782628089545	4.58910414405816	-0.0223484413552647	-9.18733846055182	-21.7360185765153	-13.9970067241446	-17.6543919925158	3.07475260648245	7.29388812256459	-6.50277133751865	14.6371095940807	-1.27748528497642	11.3407435927785	-7.29857674616673	-3.97048616453403	-0.360982177706776	6.16382075992614	14.9217294672861	6.92343655797129	18.7197790894774	14.6007432921568	23.0758260700502	26.7063922130065	24.3077423099224	26.3648197051481	23.977691540978	32.3772420657835	31.5623877525141	36.1183803511299	38.9968100003087	41.8503842136582	38.2250066028025	46.5191900611907	58.2328696199748	48.3118421562143	53.4032317426724	59.3798538229043	61.1198565899709	52.0209710704683	74.8739242008022	58.3416519387557	65.3861282766096	71.5546840840674	90.6608629866491	81.502507490199	80.2526715584447	80.9792238096803	87.5494968734994	90.6891858857524	87.8983244165368	91.1915298928615	84.75758953578	107.742158536085	83.7455590867382	0	0	0	0	167.394646185824	163.347953159353	178.618175051831	127.871463867764	186.280232076143	154.917252212743	64.7882103857813	164.800273121539
580.052	0	0	0	0	0	0	260.045591750418	-10.8674243118838	-9.84449766467614	-15.7921389846007	-37.7243297323014	-2.89819135015503	-10.6108404902462	-5.85412441033188	0.503588449611768	-2.44513128826881	-1.85330712001154	-12.7812573202678	13.0856231133067	-22.6173649741709	-0.00629173974460737	-1.43563737305905	9.04595989780618	13.1129266369919	17.6298203092167	16.976211120869	13.4532431561603	16.0360424375486	15.9112876687591	18.1639034662851	32.0316234990027	20.178849062987	34.6745506467302	16.3891607647305	24.3540134300359	18.0951608228544	38.4194911384029	47.7324193117215	31.1996469022294	46.5708203802373	36.6806671009065	32.8450795876861	49.6073300619014	51.5858307965048	51.6880300864648	58.3750901466153	54.245559829826	55.5920094061262	74.6050287057962	65.4198453564241	61.562031684705	73.0370385821784	58.9442494789518	60.9841246694212	83.2199649911057	84.0389554246031	83.1758048812093	86.5962324538104	89.7611652642786	85.7164769724648	0	0	0	0	195.209473999063	160.035329010495	154.601978306344	158.905857785679	204.539240460597	160.961344499621	228.575874946515	135.710128020251	123.642988618573
583.389	0	0	0	0	0	0	13.2102294761307	-3.37143102824675	5.84749577582078	21.9395097886652	15.0814159920674	2.30169564211628	18.7471787214524	18.9756377313999	-4.50724518141309	1.91388680633435	3.21666375007545	10.4873558547456	12.1434094817421	18.8030624863239	4.14568066835208	21.9311531564591	15.4934258064002	10.2178692689459	15.1675721567173	11.1444711942522	19.5299644550179	23.1241760380018	18.4255002450401	26.879052321322	20.4062932842755	23.8958355189146	21.5283331943793	42.6390388365793	40.753512098968	41.364093804182	41.2758542736935	42.7500906567949	40.3482105627625	43.6511385455168	50.2514433915356	41.0197462765766	46.798695898445	62.1701802190153	61.5008379647913	54.5619566588659	60.245341329882	64.2603207387352	49.1920248282592	76.1540484956069	66.829859192307	66.0009441133175	70.434878504119	88.1688569253143	74.4607531254618	73.0830580224865	89.7703609768657	89.830337098767	92.0936374189054	98.7368578877107	0	0	0	0	131.304423628029	164.179622899312	200.657852402256	184.050164905712	156.388603233308	199.928855495987	226.639506505679	213.508923942032	209.260765733383
586.726	0	0	0	0	0	106.690292076519	-6.92994956864701	-17.3706066801926	-16.7759594840509	-6.83323042065829	-17.3626839556028	1.75095141374227	-1.05936442067012	0.00531462270997705	-1.50458062265374	-14.2728864760848	10.9022854411458	-6.94569701762592	-6.2362334778383	-2.79010289231147	3.37870989503372	10.1899945138388	-1.26138866320988	5.2086529669325	12.2926478181299	12.4240526583315	14.5611706973812	13.6366423398617	15.8200433139427	20.6152023984463	21.6588011764808	10.8406146318929	21.676467793063	12.1806129054053	26.0828308637393	26.2734995165149	29.3252059265644	30.9331293548433	38.3975054538543	44.7759530340433	17.4962721191959	55.6756783897712	44.4394076560285	28.2197292637114	41.0310810463683	42.5083208390622	39.3989159963132	43.6076090826932	69.9158034526105	64.4354690991845	43.7439121941695	57.12286743794	67.7177810195038	48.6489868272892	61.3818803139253	72.2884769498885	74.3373213161606	82.9419861681709	76.1439298216169	100.847333366634	0	0	0	0	96.3809182309634	117.79366024804	160.599384095894	123.98072309019	172.259719113079	155.187573660987	141.601814245006	120.298777474658	100.543618050526
590.063	0	0	0	0	200.49245135318	20.8517923510405	9.02977368358876	-9.39221225985762	5.85164226344776	-1.88253423098054	6.003837165992	-12.128543956101	6.58917523328896	-24.7067316186333	-1.99720882047555	12.4105743873369	5.46048944152554	-0.00579990865805399	16.6902034050036	4.36998228345694	7.14870912860734	4.91856247754061	18.2014226647892	11.2842739081568	0.38128423623258	15.195631537624	16.5019290056134	11.8444966835478	14.7324587825228	16.5903452433494	17.0334611758732	27.9652290866628	25.6330139947924	34.5547504392628	30.0954702398725	39.7215687988286	37.3507310433354	32.5748572248304	30.1676351408976	36.3240402147781	37.760452575259	35.7685970336746	37.4641459228353	54.3186971387975	37.9921487659963	39.3726996455802	41.8983180581639	49.3678414356647	53.5014248964374	53.758643837254	52.2489894189611	64.9323137439533	56.3336038517216	55.5376075166011	73.6587242619439	55.1512429171187	73.6795695310961	76.6839197731668	77.1277343685617	0	0	0	0	159.785608394236	130.844352858596	127.312164041952	112.311953613552	138.763854805612	132.821004800217	185.826460898287	150.060718175898	157.760612285657	133.07762819265
593.4	0	0	0	0	8.76490478992962	23.9955966907655	16.1558649226248	10.1489356388806	15.061015391158	4.97755714902154	-20.6870254667521	-22.7510283195097	-17.2709346402747	-5.31926857916609	-10.6439950805075	-16.0085313186702	-7.424050872646	3.07337992739041	-5.91921778866694	3.16762106051667	6.8328392573019	-2.17806204908953	3.02308232642122	6.38388102503181	8.39780217634904	2.0627954888299	1.8866895157074	20.9223761532327	18.4158717052519	21.1448806603824	16.7539130412127	16.7634194902247	22.3081531185067	20.085514262018	26.4691897588745	18.0842018768069	20.1513407851066	21.5750325236589	23.0454732385736	31.3048649404125	43.0908636844117	29.499496166381	32.701519971038	31.3510739810495	45.2023579173906	26.743905165668	42.0669531460953	49.6146217861584	54.4025781417139	51.3447786273142	56.8799803858139	52.0231332640731	47.9583486248631	55.5903573416061	61.7366985317861	66.0857012976632	59.7814121147711	72.8530340805353	62.4432946344184	0	0	0	0	112.881955331294	102.431354729654	84.9278229067484	119.55699178404	104.218768203162	107.247715339651	115.381036232314	140.128853261841	45.554425975453	-17.872208669197
596.738	0	0	0	140.28639437714	-4.5457505650421	11.1108969931852	-14.3168293461231	-7.58044710176319	0.0208437789596041	17.3907817037938	5.57219487805357	4.15014454974041	7.92260641155538	11.8992537669868	8.23889316203726	21.6520884293174	11.3015026589968	-5.82584952409348	10.3134150922226	16.4480321212384	4.64109832541662	11.9747105044664	25.0899948450559	17.5939557491989	15.4207248861521	22.4119572847309	16.3351698250345	8.05363049784302	20.9388734898881	17.6413961318007	27.2261176900618	26.3831866186322	24.5391633047645	16.3655852438012	23.849505330991	30.583353502906	23.4475155660447	42.2837324990467	33.120671164029	37.3743759189131	34.6295433350628	36.0815988926389	38.2066424291886	27.1053176012053	50.6192042982278	48.5599647050644	44.6305160651571	47.1850551124495	68.8678579153587	61.7425406746332	51.145255560076	55.3185195468395	47.9887100239465	58.5904063546309	61.060117545007	72.5410926881108	65.7433661901864	72.1071222183693	84.674678033823	0	0	0	0	103.929753302603	135.784271012334	142.922029590524	109.493194650991	142.748323527469	166.689329911085	75.692403522086	242.258621061386	116.175238975176	229.415350022651
600.076	0	0	281.501743402884	13.6846683858685	18.6044506075839	-3.01012201354372	31.2233611923242	-7.02193745204878	32.5062527287795	-9.20138301136211	35.182204999821	-3.61357044743934	28.7216629987201	18.1197028605014	12.5343428587456	15.971399285069	1.4305859984096	35.0429411404583	18.3010929579051	30.7985459945003	18.0779280391225	9.54052526991306	8.97272359768067	16.9874876448494	16.1807887742564	17.0604938893015	17.6885217426629	22.3383586752601	21.2551764657776	22.6444280467665	21.2416171664956	30.5663336437191	40.1581796520281	30.0259406215723	41.497802918936	34.2068630841704	32.0699370014344	37.2062474056709	37.1160297633915	40.5690918383519	32.7979008127611	50.3858283448442	52.6581038785259	57.0856074417853	37.6880247911282	57.4437115425371	45.9073760284691	63.2385597864245	48.4520468167779	48.7172608067882	61.498224631628	50.2708850690431	66.6842618215703	71.7046172137869	50.0129136168288	57.6303824639693	70.0356249837703	65.5875346626869	0	0	0	0	131.526115967444	110.502403134455	121.824326711317	125.007965622836	155.220922964892	120.390631072123	162.85632000982	212.846568254106	126.455992790487	161.939617609157	213.916166383326
603.415	0	0	-6.16717463876686	-4.82937518717689	7.87962695310322	-15.9040233217718	3.66950816873094	20.5176358944908	3.46835133091256	-20.9992775963453	-31.0188688753912	13.3935438229111	-23.1228781403739	-21.5851207524441	-6.8331207321076	2.48052788946719	-7.69431059226768	-8.71585216165776	13.6358410324558	-5.44419379523296	8.72995509828918	-0.0227979925040131	-11.4685399421359	10.1687017309805	9.36103534606361	13.1403376740087	3.56523258691295	8.6114095263963	16.7246204444836	14.1150183405887	11.2088555629871	12.5491048676865	10.9886458209654	14.8150898985036	16.1694486360302	24.9094719673413	27.67624723261	22.4449976316536	19.4169327915501	23.4829359679187	29.1383585861106	35.3930964397596	26.5420364326049	24.5640705184076	27.9136004864739	21.5250470524254	26.8439828639415	27.850034407538	46.9794434845313	49.4838544129	33.5462144987584	49.5014419234109	51.1546241028567	47.6075128728194	44.3711128690272	42.0018372228833	42.9575691686516	40.7314039737195	0	0	0	0	73.9484299380735	84.0407315144834	76.690229454315	96.3322679514867	90.6712892917745	109.558073368963	134.642249405186	33.2692526230634	61.5784254583126	80.1625164535245	170.249053539137
606.753	0	139.978175277912	30.5616688342027	-9.86572562681195	-7.02219863506222	7.59871218041856	8.07651839486666	11.3296134963283	-1.35946093631699	25.0619875200876	12.0498445536926	-23.1384548103804	6.96704134120479	1.66574240284305	10.052548656328	6.57463837153603	-3.8528942605116	9.66358475607951	18.9512530363828	19.3626238617867	11.5101767611954	22.3119324161585	22.8199420680765	14.8499004237963	2.92959115155109	7.18354630400651	19.6701012931905	15.171541379885	16.23897150137	17.4710368578841	12.9878130671019	20.7744923353004	28.6375480696868	31.6380190173244	20.6548344300856	30.4187370871809	12.0237715523467	18.3272260137775	31.5013863448102	34.1660884491051	41.8502557270213	33.922321899155	42.8053534831836	42.9236646294768	33.0433699503253	34.5903893093094	36.5036480829174	49.3395727066564	42.7053730820669	45.8581059200521	50.9619811449267	43.7280905051969	42.4964195089892	58.6317086735885	51.4465762222969	60.7980046662454	53.7520661047654	53.0509795801893	0	0	0	0	93.7937036737931	83.7880094973079	88.9005636419058	103.151917827469	140.821420988756	120.595346773886	120.900712448991	156.584342537109	154.322521108323	255.164196285509	204.761514011279
610.092	227.194549222421	8.33189531131092	24.4634025577278	-10.7089602592552	-3.14774542462809	17.5226686901531	1.4641686886068	-12.0728891813979	-4.83541854237217	-5.28298035062641	-8.27860524100257	12.8288584384079	-10.5068046157216	20.0243577092348	7.95652586270703	9.1061567719823	10.106454838681	4.61638578615891	3.08735134509769	-6.36834413692979	-3.61029583651628	7.06361887400404	2.57907321634165	3.79598732770194	19.9081266609795	12.0109801363462	7.61932223884061	9.8890529389942	13.8428353210456	11.7053185090112	10.0269842871803	5.48810117536407	17.9936079730858	22.6678825598408	20.0774520619715	15.7329152002777	27.8209122336402	20.6506166281295	34.0783120084843	19.8150814852337	29.6882220257932	40.225547980788	17.6659925708908	34.5841760577538	32.1260110416289	31.8254771936457	36.9222330704653	28.0014315530689	35.8955805030131	52.566334768808	29.1756478644199	53.6581776910546	37.0276134356606	41.0797699359805	38.2466413655565	49.2268968838778	41.8599271692315	0	0	0	0	94.6120038492037	50.4395174742595	76.8888906458404	93.9807293634417	69.9234539044131	71.5817820521662	139.319029906397	107.073910825907	87.2749430030716	62.1282245277646	141.830009751178	174.963296271521
613.431	80.286431644917	61.5445284817109	28.0831697224742	21.3617325381421	18.932912310905	16.7394801793952	9.56562781437075	10.6523261298057	9.6452924589867	15.2043905517421	42.6260207844151	21.3443808408393	12.2674827339262	10.0119011764753	13.2558177358418	16.7279322216302	12.0944579035325	19.8184760431127	25.1667094886891	37.5384170648011	33.8374351210641	11.563146525279	16.6969385905807	12.8378397141045	14.5435433334365	17.5152701511775	20.1770868774811	14.6654702485821	16.6050469124305	18.9525839806819	28.2187336179908	24.0956785059461	23.0073267992038	37.8547294424173	22.6040007892999	18.280112585229	37.5017679286987	26.3938181181048	24.8187497910313	42.1869699532282	30.8528935445279	37.4834286923955	37.1133530810034	46.5179638631198	53.3747126304873	39.4098672604288	48.9584237390832	54.7136240665796	44.6664066894002	50.6496152079405	41.018946473298	49.1878558332222	64.6133714267171	50.1709179075775	45.7729383508636	59.3302710807036	65.9108258665719	0	0	0	0	92.3701954757446	81.7635494024357	94.0468709488553	92.6390827166242	117.081275736273	108.015529936063	104.552298783814	169.995104092875	125.17900358449	205.764839638796	161.014914232169	318.787216171047
616.77	-7.95474572600527	-3.77718110305742	21.3312584882042	3.31773251311498	8.74166319621043	5.39126502798984	23.8746953202916	7.90257444716069	-1.40540939003526	-18.7933657622907	-1.29563467481608	1.83838288824883	-2.996746353019	-14.6691245535112	23.0798669372106	4.08618575442583	-1.50164098758692	12.159352106611	5.36077603067411	-2.20165877215126	4.408726029789	18.1352217056393	8.92079019567125	0.588109531175229	12.2422637854494	5.84057396645324	9.99374463419734	11.4602938123423	14.2080516942021	9.7481148967828	22.0619661024565	19.4555669569524	9.27797232112178	8.85126337675853	14.8544279448262	16.9181693233232	18.3368368456792	26.1421382420719	29.8572687388662	10.4446219714854	36.506267991288	26.6423983922083	30.6981462394191	25.3982560986898	33.2419163849292	32.5751233952983	31.4422357131287	24.9080935862903	38.2906800605896	33.9104755082923	40.9764202063776	33.6218418448122	34.2450962129268	38.3348054954659	45.8330942158816	34.426384285593	47.511241213844	0	0	0	0	46.8940022640508	52.977760125648	65.0471135145478	74.4845932859233	76.8077082372154	86.0789892029988	88.6671281631824	91.5427028286915	90.1141098051876	62.9352330711509	115.674560308801	50.1073610494746
620.109	-30.5458034986799	-39.5262591756672	-27.2572933526662	-23.583021616177	-60.8301119572542	-19.928134123509	-48.6499336995472	-25.6740090043047	-35.1360999277889	-22.2456088815156	-30.1837360701317	-23.5765312792632	-7.93273778774219	-39.541550289625	-29.1303373092965	5.05245369222503	-38.5420618778968	-20.7138376041678	-29.7699282583772	-17.4322404417733	-13.9563490925949	-25.1524574207177	-6.93127248538375	-1.82509365579844	-9.77353113437656	-9.58745153326845	-3.08732303994002	2.19806936718193	0.461815701057227	6.5251318406371	8.41949128049407	-5.58068745782345E-4	-0.389460376602455	-10.5097993329042	-1.59623070485141	14.8131569382238	7.92964678463169	-7.61648022452992	6.63938952162738	8.07275644298675	16.2874735657574	5.74083568925168	29.6877147805813	16.2813009356053	3.35616626888729	30.9508230194475	23.9839730723452	17.4563226280357	22.3722531306697	22.628803374411	32.6259035221836	28.0628156636921	24.1720415732911	19.5278029588324	32.5465383735072	38.0096711062267	0	0	0	0	81.9273570973933	33.9934157408491	48.8253228156273	43.8246891018484	51.8261010324588	34.5548321210162	91.3497568063736	65.935769948394	99.6753452332615	4.16162867118715	43.9147780716151	41.6152782015966	-42.2633563483868
