Sample - Blank	600	595	590	585	580	575	570	565	560	555	550	545	540	535	530	525	520	515	510	505	500	495	490	485	480	475	470	465	460	455	450	445	440	435	430	425	420	415	410	405	400	395	390	385	380	375	370	365	360	355	350	345	340	335	330	325	320	315	310	305	300	295	290	285	280	275	270	265	260	255	250	245	240
nm																																																																									
213.328	0	0	0	0	0	0	0	0	0	0	0	0	0	0	0	0	0	0	0	0	0	0	0	0	0	0	0	0	0	0	0	0	0	0	0	0	0	0	0	0	0	0	0	0	0	0	0	0	0	0	0	0	0	0	0	0	0	0	0	0	0	0	0	0	0	0	0	0	0	0	0	0	0
216.504	0	0	0	0	0	0	0	0	0	0	0	0	0	0	0	0	0	0	0	0	0	0	0	0	0	0	0	0	0	0	0	0	0	0	0	0	0	0	0	0	0	0	0	0	0	0	0	0	0	0	0	0	0	0	0	0	0	0	0	0	0	0	0	0	0	0	0	0	0	0	0	0	0
219.682	0	0	0	0	0	0	0	0	0	0	0	0	0	0	0	0	0	0	0	0	0	0	0	0	0	0	0	0	0	0	0	0	0	0	0	0	0	0	0	0	0	0	0	0	0	0	0	0	0	0	0	0	0	0	0	0	0	0	0	0	0	0	0	0	0	0	0	0	0	0	0	0	0
222.862	0	0	0	0	0	0	0	0	0	0	0	0	0	0	0	0	0	0	0	0	0	0	0	0	0	0	0	0	0	0	0	0	0	0	0	0	0	0	0	0	0	0	0	0	0	0	0	0	0	0	0	0	0	0	0	0	0	0	0	0	0	0	0	0	0	0	0	0	0	0	0	0	0
226.045	0	0	0	0	0	0	0	0	0	0	0	0	0	0	0	0	0	0	0	0	0	0	0	0	0	0	0	0	0	0	0	0	0	0	0	0	0	0	0	0	0	0	0	0	0	0	0	0	0	0	0	0	0	0	0	0	0	0	0	0	0	0	0	0	0	0	0	0	0	0	0	0	0
229.23	0	0	0	0	0	0	0	0	0	0	0	0	0	0	0	0	0	0	0	0	0	0	0	0	0	0	0	0	0	0	0	0	0	0	0	0	0	0	0	0	0	0	0	0	0	0	0	0	0	0	0	0	0	0	0	0	0	0	0	0	0	0	0	0	0	0	0	0	0	0	0	0	0
232.417	0	0	0	0	0	0	0	0	0	0	0	0	0	0	0	0	0	0	0	0	0	0	0	0	0	0	0	0	0	0	0	0	0	0	0	0	0	0	0	0	0	0	0	0	0	0	0	0	0	0	0	0	0	0	0	0	0	0	0	0	0	0	0	0	0	0	0	0	0	0	0	0	0
235.607	0	0	0	0	0	0	0	0	0	0	0	0	0	0	0	0	0	0	0	0	0	0	0	0	0	0	0	0	0	0	0	0	0	0	0	0	0	0	0	0	0	0	0	0	0	0	0	0	0	0	0	0	0	0	0	0	0	0	0	0	0	0	0	0	0	0	0	0	0	0	0	0	0
238.799	0	0	0	0	0	0	0	0	0	0	0	0	0	0	0	0	0	0	0	0	0	0	0	0	0	0	0	0	0	0	0	0	0	0	0	0	0	0	0	0	0	0	0	0	0	0	0	0	0	0	0	0	0	0	0	0	0	0	0	0	0	0	0	0	0	0	0	0	0	0	0	0	0
241.993	0	0	0	0	0	0	0	0	0	0	0	0	0	0	0	0	0	0	0	0	0	0	0	0	0	0	0	0	0	0	0	0	0	0	0	0	0	0	0	0	0	0	0	0	0	0	0	0	0	0	0	0	0	0	0	0	0	0	0	0	0	0	0	0	0	0	0	0	0	0	0	0	0
245.19	0	0	0	0	0	0	0	0	0	0	0	0	0	0	0	0	0	0	0	0	0	0	0	0	0	0	0	0	0	0	0	0	0	0	0	0	0	0	0	0	0	0	0	0	0	0	0	0	0	0	0	0	0	0	0	0	0	0	0	0	0	0	0	0	0	0	0	0	0	0	0	0	0
248.388	0	0	0	0	0	0	0	0	0	0	0	0	0	0	0	0	0	0	0	0	0	0	0	0	0	0	0	0	0	0	0	0	0	0	0	0	0	0	0	0	0	0	0	0	0	0	0	0	0	0	0	0	0	0	0	0	0	0	0	0	0	0	0	0	0	0	0	0	0	0	0	0	0
251.589	0	0	0	0	0	0	0	0	0	0	0	0	0	0	0	0	0	0	0	0	0	0	0	0	0	0	0	0	0	0	0	0	0	0	0	0	0	0	0	0	0	0	0	0	0	0	0	0	0	0	0	0	0	0	0	0	0	0	0	0	0	0	0	0	0	0	0	0	0	0	0	0	4910.13995095562
254.793	0	0	0	0	0	0	0	0	0	0	0	0	0	0	0	0	0	0	0	0	0	0	0	0	0	0	0	0	0	0	0	0	0	0	0	0	0	0	0	0	0	0	0	0	0	0	0	0	0	0	0	0	0	0	0	0	0	0	0	0	0	0	0	0	0	0	0	0	0	0	0	0	267.554148336601
257.998	0	0	0	0	0	0	0	0	0	0	0	0	0	0	0	0	0	0	0	0	0	0	0	0	0	0	0	0	0	0	0	0	0	0	0	0	0	0	0	0	0	0	0	0	0	0	0	0	0	0	0	0	0	0	0	0	0	0	0	0	0	0	0	0	0	0	0	0	0	0	0	2162.91808636358	106.040160378104
261.205	0	0	0	0	0	0	0	0	0	0	0	0	0	0	0	0	0	0	0	0	0	0	0	0	0	0	0	0	0	0	0	0	0	0	0	0	0	0	0	0	0	0	0	0	0	0	0	0	0	0	0	0	0	0	0	0	0	0	0	0	0	0	0	0	0	0	0	0	0	0	10880.2664377442	179.512437621569	-77.4345944583851
264.415	0	0	0	0	0	0	0	0	0	0	0	0	0	0	0	0	0	0	0	0	0	0	0	0	0	0	0	0	0	0	0	0	0	0	0	0	0	0	0	0	0	0	0	0	0	0	0	0	0	0	0	0	0	0	0	0	0	0	0	0	0	0	0	0	0	0	0	0	0	0	705.509062161855	155.631177189728	-353.514169421727
267.627	0	0	0	0	0	0	0	0	0	0	0	0	0	0	0	0	0	0	0	0	0	0	0	0	0	0	0	0	0	0	0	0	0	0	0	0	0	0	0	0	0	0	0	0	0	0	0	0	0	0	0	0	0	0	0	0	0	0	0	0	0	0	0	0	0	0	0	0	0	4162.50928132281	108.84244209397	-28.1478796931158	-758.474120740722
270.841	0	0	0	0	0	0	0	0	0	0	0	0	0	0	0	0	0	0	0	0	0	0	0	0	0	0	0	0	0	0	0	0	0	0	0	0	0	0	0	0	0	0	0	0	0	0	0	0	0	0	0	0	0	0	0	0	0	0	0	0	0	0	0	0	0	0	0	0	14268.1132266265	227.774832684824	152.260124228307	-297.362728700498	-357.463905609659
274.057	0	0	0	0	0	0	0	0	0	0	0	0	0	0	0	0	0	0	0	0	0	0	0	0	0	0	0	0	0	0	0	0	0	0	0	0	0	0	0	0	0	0	0	0	0	0	0	0	0	0	0	0	0	0	0	0	0	0	0	0	0	0	0	0	0	0	0	0	1250.40924418262	135.555064659682	35.8050393782206	-283.936927377013	-0.680386717367818
277.275	0	0	0	0	0	0	0	0	0	0	0	0	0	0	0	0	0	0	0	0	0	0	0	0	0	0	0	0	0	0	0	0	0	0	0	0	0	0	0	0	0	0	0	0	0	0	0	0	0	0	0	0	0	0	0	0	0	0	0	0	0	0	0	0	0	0	0	6199.71947222558	201.813654890658	80.8027385736232	-119.044921228944	-395.951932188701	-128.627192232618
280.496	0	0	0	0	0	0	0	0	0	0	0	0	0	0	0	0	0	0	0	0	0	0	0	0	0	0	0	0	0	0	0	0	0	0	0	0	0	0	0	0	0	0	0	0	0	0	0	0	0	0	0	0	0	0	0	0	0	0	0	0	0	0	0	0	0	0	15301.9527990346	380.763668116701	132.649477445423	160.727084954911	-228.077416719153	161.030344768781	240.508135164155
283.718	0	0	0	0	0	0	0	0	0	0	0	0	0	0	0	0	0	0	0	0	0	0	0	0	0	0	0	0	0	0	0	0	0	0	0	0	0	0	0	0	0	0	0	0	0	0	0	0	0	0	0	0	0	0	0	0	0	0	0	0	0	0	0	0	0	0	1912.69944854221	222.819890876607	161.905486174847	-47.0821984723605	-277.57871015936	5.35415978981996	-59.4006511099498
286.942	0	0	0	0	0	0	0	0	0	0	0	0	0	0	0	0	0	0	0	0	0	0	0	0	0	0	0	0	0	0	0	0	0	0	0	0	0	0	0	0	0	0	0	0	0	0	0	0	0	0	0	0	0	0	0	0	0	0	0	0	0	0	0	0	0	6553.39317940428	307.225979235104	262.783976795775	200.106578895609	435.659716402796	72.6326473892158	299.219830326219	297.151788553802
290.169	0	0	0	0	0	0	0	0	0	0	0	0	0	0	0	0	0	0	0	0	0	0	0	0	0	0	0	0	0	0	0	0	0	0	0	0	0	0	0	0	0	0	0	0	0	0	0	0	0	0	0	0	0	0	0	0	0	0	0	0	0	0	0	0	14352.7005890352	488.806352053845	315.241732446095	245.684756086073	155.933955641508	-75.5470631512769	90.9097319748637	18.5306320768668	29.2408636515757
293.397	0	0	0	0	0	0	0	0	0	0	0	0	0	0	0	0	0	0	0	0	0	0	0	0	0	0	0	0	0	0	0	0	0	0	0	0	0	0	0	0	0	0	0	0	0	0	0	0	0	0	0	0	0	0	0	0	0	0	0	0	0	0	0	0	2272.90400795397	467.150739315882	482.963857714368	378.896872910948	95.4941874171168	134.485823689318	218.458862548421	307.225184599653	169.107582046354
296.628	0	0	0	0	0	0	0	0	0	0	0	0	0	0	0	0	0	0	0	0	0	0	0	0	0	0	0	0	0	0	0	0	0	0	0	0	0	0	0	0	0	0	0	0	0	0	0	0	0	0	0	0	0	0	0	0	0	0	0	0	0	0	0	6953.59497224355	430.420579998482	474.052886229096	516.805970077707	347.966970057135	177.055303923531	317.400929313477	300.410742362103	378.677998761888	320.090885737338
299.86	0	0	0	0	0	0	0	0	0	0	0	0	0	0	0	0	0	0	0	0	0	0	0	0	0	0	0	0	0	0	0	0	0	0	0	0	0	0	0	0	0	0	0	0	0	0	0	0	0	0	0	0	0	0	0	0	0	0	0	0	0	0	0	773.596891546646	563.416620487279	641.603733099373	628.518444497559	406.83473826336	488.544528804025	397.415896125125	379.169379718264	424.214241246844	474.826186497705
303.095	0	0	0	0	0	0	0	0	0	0	0	0	0	0	0	0	0	0	0	0	0	0	0	0	0	0	0	0	0	0	0	0	0	0	0	0	0	0	0	0	0	0	0	0	0	0	0	0	0	0	0	0	0	0	0	0	0	0	0	0	0	0	2688.89081327921	445.644818074328	623.9118185928	715.479355145529	597.548391722459	505.660407796625	573.096197929099	418.798357162617	462.972337149649	359.46024518124	489.79146399774
306.331	0	0	0	0	0	0	0	0	0	0	0	0	0	0	0	0	0	0	0	0	0	0	0	0	0	0	0	0	0	0	0	0	0	0	0	0	0	0	0	0	0	0	0	0	0	0	0	0	0	0	0	0	0	0	0	0	0	0	0	0	0	7810.72789048219	300.77258033453	484.714920205442	689.637178366029	789.21941539002	646.817018419689	656.72354065726	504.435005568464	385.012089535401	267.533145120026	287.17952587095	418.830312402115
309.569	0	0	0	0	0	0	0	0	0	0	0	0	0	0	0	0	0	0	0	0	0	0	0	0	0	0	0	0	0	0	0	0	0	0	0	0	0	0	0	0	0	0	0	0	0	0	0	0	0	0	0	0	0	0	0	0	0	0	0	0	0	811.963860236146	290.982288996993	536.69654688716	728.443824770433	850.919600967653	781.817234372285	658.753117376608	717.127506011255	524.556140615702	366.831283688695	427.797264586262	455.749984105978
312.81	0	0	0	0	0	0	0	0	0	0	0	0	0	0	0	0	0	0	0	0	0	0	0	0	0	0	0	0	0	0	0	0	0	0	0	0	0	0	0	0	0	0	0	0	0	0	0	0	0	0	0	0	0	0	0	0	0	0	0	0	3468.23172075059	206.031218572015	353.138670593472	585.030615400077	814.393145707578	879.17110303986	907.626839087104	798.835179916049	660.410076634977	591.263447653484	485.230472909245	435.717499391239	402.259552132818
316.052	0	0	0	0	0	0	0	0	0	0	0	0	0	0	0	0	0	0	0	0	0	0	0	0	0	0	0	0	0	0	0	0	0	0	0	0	0	0	0	0	0	0	0	0	0	0	0	0	0	0	0	0	0	0	0	0	0	0	0	8649.13973356293	251.326531744222	217.730354729762	359.16045420993	676.168144733187	850.613604930752	985.822121577437	982.096461670115	910.964324308018	747.519068759981	676.681224193615	535.699907739391	586.423155003597	331.205875596521
319.296	0	0	0	0	0	0	0	0	0	0	0	0	0	0	0	0	0	0	0	0	0	0	0	0	0	0	0	0	0	0	0	0	0	0	0	0	0	0	0	0	0	0	0	0	0	0	0	0	0	0	0	0	0	0	0	0	0	0	0	1157.25425363626	234.660996804092	301.194636121225	509.692637565875	779.605246601599	895.410935367635	1045.81266275684	1089.4287145063	949.647167079104	754.716479051597	639.602357182687	569.234039621136	524.140162598301	706.866752873575
322.542	0	0	0	0	0	0	0	0	0	0	0	0	0	0	0	0	0	0	0	0	0	0	0	0	0	0	0	0	0	0	0	0	0	0	0	0	0	0	0	0	0	0	0	0	0	0	0	0	0	0	0	0	0	0	0	0	0	0	4277.51444953908	232.112859590743	267.983071897595	358.073096221242	548.023038033029	828.178801519636	1034.332872272	1136.03589361477	1113.3686131666	977.382884937226	815.207432280692	689.065256065562	644.541375713527	544.347799312974	551.793492743801
325.79	0	0	0	0	0	0	0	0	0	0	0	0	0	0	0	0	0	0	0	0	0	0	0	0	0	0	0	0	0	0	0	0	0	0	0	0	0	0	0	0	0	0	0	0	0	0	0	0	0	0	0	0	0	0	0	0	0	9787.04079431733	360.469844040687	228.862767049175	283.241261948015	420.051193347918	597.707791529489	846.566659344645	1065.86199330027	1161.21818894404	1111.32305068721	927.579050488448	859.883463748484	647.969220898611	552.288268129156	596.015408661603	473.627264395503
329.039	0	0	0	0	0	0	0	0	0	0	0	0	0	0	0	0	0	0	0	0	0	0	0	0	0	0	0	0	0	0	0	0	0	0	0	0	0	0	0	0	0	0	0	0	0	0	0	0	0	0	0	0	0	0	0	0	0	1526.07884013906	212.158173917051	249.009992441362	324.624099543935	446.029951898235	600.070815585512	887.932966833401	1109.67770532599	1192.02501892987	1136.74890261542	1021.31955523984	917.870517705042	687.710393552187	551.859958940193	591.888038938177	611.065119107101
332.291	0	0	0	0	0	0	0	0	0	0	0	0	0	0	0	0	0	0	0	0	0	0	0	0	0	0	0	0	0	0	0	0	0	0	0	0	0	0	0	0	0	0	0	0	0	0	0	0	0	0	0	0	0	0	0	0	4577.3229094549	169.161048529042	225.407493121151	290.370850834832	387.556235098816	500.318190229667	657.675204904019	991.517517507365	1130.19468750241	1203.21388609387	1197.45969877847	1065.17728982757	915.973332910857	837.753835660843	774.371105499353	589.320531901946	714.705739595319
335.544	0	0	0	0	0	0	0	0	0	0	0	0	0	0	0	0	0	0	0	0	0	0	0	0	0	0	0	0	0	0	0	0	0	0	0	0	0	0	0	0	0	0	0	0	0	0	0	0	0	0	0	0	0	0	0	9008.86577944969	361.087790862777	157.825841606655	255.46791554009	343.011218978137	465.043617493675	563.566956850498	778.3711999069	1018.18481152475	1138.03225035761	1154.60144083262	1177.01822317811	1031.49796210901	915.839366143792	769.293245486297	666.431896602302	676.115496475321	683.503197570674
338.799	0	0	0	0	0	0	0	0	0	0	0	0	0	0	0	0	0	0	0	0	0	0	0	0	0	0	0	0	0	0	0	0	0	0	0	0	0	0	0	0	0	0	0	0	0	0	0	0	0	0	0	0	0	0	0	1496.97828051324	145.369954615807	227.432457716745	303.765684011315	402.618413310161	505.511574298347	592.506481427863	796.690664705572	1016.70147673913	1177.49106255983	1219.95831200294	1139.47682279244	1084.6121309506	995.850094545228	891.890598265896	803.848488861285	769.013918694108	949.705951715532
342.056	0	0	0	0	0	0	0	0	0	0	0	0	0	0	0	0	0	0	0	0	0	0	0	0	0	0	0	0	0	0	0	0	0	0	0	0	0	0	0	0	0	0	0	0	0	0	0	0	0	0	0	0	0	0	4310.1535865175	135.002427863818	157.970432795297	237.105187536395	347.163366511595	412.985879804225	517.675561446519	630.462395477419	789.521423405608	1037.24937487633	1122.99833386955	1158.46220123856	1096.21624651672	1009.00509533427	846.722278902899	751.741066778677	647.543385335623	729.786342858965	877.122729250102
345.315	0	0	0	0	0	0	0	0	0	0	0	0	0	0	0	0	0	0	0	0	0	0	0	0	0	0	0	0	0	0	0	0	0	0	0	0	0	0	0	0	0	0	0	0	0	0	0	0	0	0	0	0	0	8884.11824808201	382.669200592556	165.018282032553	199.302092544409	289.380848735752	381.977241001829	468.014533521299	542.936929440016	680.197829898895	802.212538156408	1027.37761802612	1105.37653993524	1088.84635366864	1028.8316910242	1018.80338784882	875.246451840982	718.003553796066	676.876117424073	716.671678797658	922.939001114003
348.575	0	0	0	0	0	0	0	0	0	0	0	0	0	0	0	0	0	0	0	0	0	0	0	0	0	0	0	0	0	0	0	0	0	0	0	0	0	0	0	0	0	0	0	0	0	0	0	0	0	0	0	0	0	1682.86205573082	145.059780149755	177.115681005492	226.144804610931	296.514198897462	449.257731342544	485.632397127599	611.252577362795	732.117623618783	842.754658076586	1002.48186432875	1095.54396952019	1068.03502340357	992.981453771963	909.39162480183	762.576246578711	692.275074244214	664.956331540861	698.440666053249	723.365995545017
351.838	0	0	0	0	0	0	0	0	0	0	0	0	0	0	0	0	0	0	0	0	0	0	0	0	0	0	0	0	0	0	0	0	0	0	0	0	0	0	0	0	0	0	0	0	0	0	0	0	0	0	0	0	4615.5807475053	167.341660669823	169.7922553819	225.689056889053	285.785947287949	392.032289897978	499.020404719904	587.091015726461	679.732601995955	784.287103737175	876.620970995012	1032.53121158108	1088.98487452538	1079.68993058618	1035.77422171132	957.473657610816	891.604172877733	765.661599019529	682.034042939683	730.664105668624	826.456605351309
355.101	0	0	0	0	0	0	0	0	0	0	0	0	0	0	0	0	0	0	0	0	0	0	0	0	0	0	0	0	0	0	0	0	0	0	0	0	0	0	0	0	0	0	0	0	0	0	0	0	0	0	0	8838.71161431516	437.068016453432	143.240665973178	206.326121547349	278.541027871727	381.267056405331	494.764323436101	627.693335680405	632.539264777869	766.095005946526	818.129676088933	888.452761519235	1038.6969503419	1050.00047187965	1087.22672337299	1010.97180473301	947.534546317836	789.240296882322	747.231163933446	886.810555184764	946.380455076588	1046.2707213703
358.367	0	0	0	0	0	0	0	0	0	0	0	0	0	0	0	0	0	0	0	0	0	0	0	0	0	0	0	0	0	0	0	0	0	0	0	0	0	0	0	0	0	0	0	0	0	0	0	0	0	0	0	1738.60759247559	123.928483256511	177.367816507487	228.559335999501	334.781856413324	424.512558650784	517.655487195612	632.446253366997	709.56893501904	773.670440088161	836.394950909707	894.672955949472	966.394901911873	1062.01681303153	992.333841178761	964.919518018635	894.179514353642	761.919214368182	742.263141137853	738.98360809624	849.831552809186	949.153779885759
361.634	0	0	0	0	0	0	0	0	0	0	0	0	0	0	0	0	0	0	0	0	0	0	0	0	0	0	0	0	0	0	0	0	0	0	0	0	0	0	0	0	0	0	0	0	0	0	0	0	0	0	4733.38968154566	119.402518421191	136.642103870544	170.560397049874	271.950275309997	372.213819928055	512.497012805752	607.235127712721	678.313710754248	766.052259256575	807.584074541508	822.645872141753	860.173523840635	944.55176115633	969.092244189053	985.701762127654	902.286982376059	851.24866768693	830.832298775853	772.741892019434	739.581655707978	865.219339333186	913.695315579847
364.903	0	0	0	0	0	0	0	0	0	0	0	0	0	0	0	0	0	0	0	0	0	0	0	0	0	0	0	0	0	0	0	0	0	0	0	0	0	0	0	0	0	0	0	0	0	0	0	0	0	0	512.297924441863	131.243641683655	159.787761866152	251.779513138572	361.604388377871	470.950350976452	569.314449160383	667.293753739216	793.545689259093	851.30410474076	916.360336849816	904.800227535052	940.649639704473	982.469569051405	1000.45527548062	1026.24637638319	912.349150407179	931.686103466053	887.568215017625	849.316618343699	948.66025885982	1066.65121632742	1198.59238629317
368.174	0	0	0	0	0	0	0	0	0	0	0	0	0	0	0	0	0	0	0	0	0	0	0	0	0	0	0	0	0	0	0	0	0	0	0	0	0	0	0	0	0	0	0	0	0	0	0	0	0	2629.26570543975	94.3236829810409	142.922754641483	183.071212227663	269.96811061168	378.498143004684	519.35640750291	613.004061931254	717.538842694511	833.093633358441	880.425579127831	912.022866910502	939.683561439034	933.814514156192	936.664997499841	952.881013753656	948.360887915453	893.15716209351	832.193831116841	751.560163889068	794.375901443107	822.521380424113	883.115291615367	1125.48518646276
371.446	0	0	0	0	0	0	0	0	0	0	0	0	0	0	0	0	0	0	0	0	0	0	0	0	0	0	0	0	0	0	0	0	0	0	0	0	0	0	0	0	0	0	0	0	0	0	0	0	6269.281483798	202.7478323801	118.813327096179	168.395654592012	217.795422144318	312.875867238983	448.316654203357	566.474885694222	673.426105064617	806.958897247217	919.249416685741	976.107403131459	947.533936624931	951.249389466799	963.286234229311	988.071633402458	946.800085164903	947.458579450448	946.425416848002	914.719608009229	880.821126451557	839.61674840798	951.537522838004	1089.36948800063	1101.237656981
374.719	0	0	0	0	0	0	0	0	0	0	0	0	0	0	0	0	0	0	0	0	0	0	0	0	0	0	0	0	0	0	0	0	0	0	0	0	0	0	0	0	0	0	0	0	0	0	0	0	912.608297817247	126.07602548731	146.479482870349	189.826950596333	271.934981822013	384.273175024481	493.070704648073	636.221517947765	726.992894916125	884.051224209881	953.776158834327	976.121177275973	1027.74797750683	990.634188666763	976.824333140417	958.814664522962	999.085320726596	998.210426268528	938.745198954478	987.711295346414	840.535812948213	951.48282474167	944.8457360022	933.459213642889	1337.30318579674
377.995	0	0	0	0	0	0	0	0	0	0	0	0	0	0	0	0	0	0	0	0	0	0	0	0	0	0	0	0	0	0	0	0	0	0	0	0	0	0	0	0	0	0	0	0	0	0	0	2187.72669577191	109.214781765219	114.179700784942	155.882219184065	215.574036182485	294.032052424249	400.594989469879	536.168465364894	658.07658972467	795.519723510089	964.039607753325	1036.48146049023	1045.18150084115	1043.98192895991	1000.51433007498	1000.41192400158	997.689053321306	1001.45373756192	942.307160174033	966.638336501511	940.890429691101	948.369402378399	1018.98578321422	1061.75850874217	1188.96170937794	1363.3865580284
381.272	0	0	0	0	0	0	0	0	0	0	0	0	0	0	0	0	0	0	0	0	0	0	0	0	0	0	0	0	0	0	0	0	0	0	0	0	0	0	0	0	0	0	0	0	0	0	4837.8433208298	148.615623383607	89.4279456074288	127.882152619265	177.750039496176	237.008026224133	328.282713461985	436.230098244298	578.526727623004	727.548421333023	850.14539664667	971.892761292568	1044.0201563261	1041.44774176765	1047.59914408682	1018.2897972863	991.967809924842	983.854586901548	962.371108904836	944.558278546852	906.761112535865	861.091133195009	857.5651336863	898.900136583591	1056.69762235649	1149.36761108068	1264.09082043361
384.55	0	0	0	0	0	0	0	0	0	0	0	0	0	0	0	0	0	0	0	0	0	0	0	0	0	0	0	0	0	0	0	0	0	0	0	0	0	0	0	0	0	0	0	0	0	0	567.695021083423	87.7498553087411	98.0170807038926	131.384384104941	188.986923665465	257.735181496232	358.632726934421	467.531510239965	581.638643839225	736.900079963513	857.30635899259	984.740712375267	1057.05865953527	1066.69421833563	1061.30910906301	1032.82995313147	951.346635275499	978.683524669189	949.683690483072	934.187371945361	981.442219454656	871.621293990401	977.259110705926	1025.03252169504	1077.21309201727	1255.82980596997	1186.99048711508
387.83	0	0	0	0	0	0	0	0	0	0	0	0	0	0	0	0	0	0	0	0	0	0	0	0	0	0	0	0	0	0	0	0	0	0	0	0	0	0	0	0	0	0	0	0	0	2202.0160990086	85.6653893250172	86.2687349991064	145.604750813895	189.608824628982	235.196912113149	318.658929147122	401.14588028584	525.280174234553	649.32645321874	770.29479407315	917.943614934966	1017.98940563056	1071.07117316033	1108.60191232276	1109.01511407983	1052.76484184471	1026.17920448459	1007.2595433545	965.281055102434	953.718192986998	930.210776127754	935.819745072926	995.396103099438	1058.63143614419	1353.46780590788	1208.96601580647	1484.27652462207
391.112	0	0	0	0	0	0	0	0	0	0	0	0	0	0	0	0	0	0	0	0	0	0	0	0	0	0	0	0	0	0	0	0	0	0	0	0	0	0	0	0	0	0	0	0	5339.06901240235	150.672907517788	101.582661640599	114.480330240717	169.281556548809	204.358142227937	273.601568786208	330.009827188673	433.626163973428	537.192327885669	661.082346620436	825.843051591027	923.031154576331	1007.26888660669	1104.89972775345	1099.32394845835	1091.12450527716	1021.55137903611	996.87193468909	956.213888736919	936.564873536648	915.17079486316	932.202119078705	943.51875409865	953.619661576204	1077.86827040301	1044.07335713299	1157.65029144828	1418.96409741684
394.395	0	0	0	0	0	0	0	0	0	0	0	0	0	0	0	0	0	0	0	0	0	0	0	0	0	0	0	0	0	0	0	0	0	0	0	0	0	0	0	0	0	0	0	0	725.624072044963	66.6118361833931	99.8820331618715	123.226124048122	165.541788114128	234.070104364881	299.921286280044	372.337252342138	487.523875821524	555.966381808628	703.642329936911	820.960919496997	965.858112961195	1044.57419794007	1128.20912248402	1101.90066075721	1106.00883893047	1063.85126718493	983.831590087698	969.473017194883	948.67857831539	955.245887639395	939.827172399658	997.629222539403	1009.5863370523	1067.6847334094	1224.0859459036	1434.29544970542	1525.91203681276
397.679	0	0	0	0	0	0	0	0	0	0	0	0	0	0	0	0	0	0	0	0	0	0	0	0	0	0	0	0	0	0	0	0	0	0	0	0	0	0	0	0	0	0	0	2634.48371809593	57.9154987508579	64.794261123383	85.6665337553194	147.018690941559	205.901511118293	247.739857749739	328.776327717372	391.209704936302	456.546051787154	599.672138370428	713.712702640785	825.975350764536	935.213439478477	1021.71396570081	1091.15469585586	1110.036223835	1081.94770277979	1030.15908733562	989.003618482571	979.573426281675	945.506858131064	893.387917744683	922.911527271015	890.385398292004	918.604398861935	1070.50813139697	1077.68546235533	1297.66020700599	1323.41418867549
400.965	0	0	0	0	0	0	0	0	0	0	0	0	0	0	0	0	0	0	0	0	0	0	0	0	0	0	0	0	0	0	0	0	0	0	0	0	0	0	0	0	0	0	5977.10632131845	174.844761698829	84.1124055701742	96.7637489350016	128.993984467836	176.255779643431	244.936581600795	317.113752354362	363.49010760025	409.729351671674	514.346993534939	615.278845018587	733.2225475339	839.553437926924	963.485054559257	1047.58740687499	1103.36267964569	1126.31595714304	1082.6905444422	1037.72197393416	1009.64545967173	973.027341371809	979.275355415982	901.776220264542	930.512471919725	985.543441121602	1081.1590289583	1231.82308388663	1361.73663303436	1346.95764704441	1620.61302248876
404.253	0	0	0	0	0	0	0	0	0	0	0	0	0	0	0	0	0	0	0	0	0	0	0	0	0	0	0	0	0	0	0	0	0	0	0	0	0	0	0	0	0	0	886.490263333539	72.6904112609319	74.7472030131972	92.909012205933	151.153613826656	190.625697714443	251.260722111657	321.88379830331	392.93854489378	450.392200230878	542.653313739248	647.956424651554	754.807449974013	857.210719706814	976.720188663242	1016.76095050232	1097.40741047318	1108.11445349709	1078.99271760129	1049.27820147749	1006.30568934809	957.920884474085	955.76113440706	907.915010949519	930.913246672698	947.202742901037	1079.10111107206	1172.17462802025	1325.97453167147	1500.1040216748	1814.96799752216
407.542	0	0	0	0	0	0	0	0	0	0	0	0	0	0	0	0	0	0	0	0	0	0	0	0	0	0	0	0	0	0	0	0	0	0	0	0	0	0	0	0	0	2967.82309741826	62.5246593233372	64.4430069948223	91.9909036800644	133.671279604395	165.922684613263	229.922201626883	272.802881917495	366.597619990289	420.008189804597	483.220124669816	588.521695274104	645.815350561435	776.277863556036	860.489530425735	966.017939248475	1021.34234879895	1079.8740276851	1106.25851633802	1066.46340504618	1023.42520942632	952.97783875528	955.214543370629	910.272015114158	919.715511885568	947.68159173318	974.69582414015	1114.44432559434	1241.9341274412	1217.77551347601	1383.73230807523	1546.55842151621
410.832	0	0	0	0	0	0	0	0	0	0	0	0	0	0	0	0	0	0	0	0	0	0	0	0	0	0	0	0	0	0	0	0	0	0	0	0	0	0	0	0	5731.49877465857	220.538240731719	61.7280484425924	93.7724326498632	111.907336728979	142.170930254922	188.898585470413	242.279948948702	333.026882862034	409.376908742027	458.036184279783	534.567356519873	599.643174235294	710.725113961598	777.285251885232	859.211671573318	955.174285299791	1038.98319254605	1078.52538535128	1057.30099612526	1061.53999292807	1003.45678979088	974.622540091739	959.828915240196	940.43437301753	931.508337378408	962.779683771467	1025.69999344	1147.07211714295	1236.17996740141	1462.25872915181	1657.55966605909	1795.37835900743
414.124	0	0	0	0	0	0	0	0	0	0	0	0	0	0	0	0	0	0	0	0	0	0	0	0	0	0	0	0	0	0	0	0	0	0	0	0	0	0	0	0	924.405961957639	71.7483445325876	79.6345430760938	99.827894360809	118.140830953382	167.608934684112	210.957414920739	288.820090546551	355.923189862941	410.854395217679	478.435019055496	532.642274272247	626.137170679306	695.713810742097	773.670254877428	876.745495749522	966.878259143881	1024.52466043735	1042.92205949462	1045.96343039652	1016.02944290054	974.0212481358	942.788158440873	934.816813656603	943.593423803488	922.853483150245	1001.88801910815	1056.67325273197	1131.76884977151	1301.59187298528	1367.03631140963	1533.31901907527	1691.70244915438
417.417	0	0	0	0	0	0	0	0	0	0	0	0	0	0	0	0	0	0	0	0	0	0	0	0	0	0	0	0	0	0	0	0	0	0	0	0	0	0	0	2581.61843522279	55.2610541747593	58.6624668112822	93.5799930520469	95.8056763194905	130.826393071697	177.520018833888	233.047082343415	294.982064704055	363.939047999624	429.585028662372	499.060447215662	546.313168749521	622.923239753791	699.136951246788	767.511876980617	857.992087895661	940.891783695958	979.922154343031	1044.60926981929	1022.44047362203	1005.1464621558	973.350782813727	916.503756489462	929.199828794151	914.654210304409	901.909727454195	983.409622836596	1000.25453465594	1129.22160257489	1288.29304978718	1486.9352303634	1651.61931360587	1746.76806639404
420.711	0	0	0	0	0	0	0	0	0	0	0	0	0	0	0	0	0	0	0	0	0	0	0	0	0	0	0	0	0	0	0	0	0	0	0	0	0	0	5156.27402849758	208.533185820683	50.0248942171272	62.9903096621601	86.8742489832676	105.409092315141	150.183660369737	186.922273854226	243.158556817882	307.650007510682	373.206944353829	440.266930055001	512.916059799369	557.837578224432	622.45041015735	720.234621440443	751.748600798354	847.688867412657	932.216500512819	966.414387857511	972.418112451501	986.41330599738	977.415912605619	933.585444531278	890.716590416486	892.133273641453	854.479315837074	936.173496675319	898.949788625421	1051.14199981042	1101.976008236	1209.7098335951	1380.0149985579	1387.20838551109	1645.30906283427
424.007	0	0	0	0	0	0	0	0	0	0	0	0	0	0	0	0	0	0	0	0	0	0	0	0	0	0	0	0	0	0	0	0	0	0	0	0	0	0	941.47709278036	50.316657937599	67.0440226576395	85.6220369086051	100.363300127501	131.81528638751	170.97754319915	210.333302761022	275.564884160471	335.368237006164	406.688557971172	481.611297483321	518.436278349536	578.038577516703	629.565241120607	691.811676799132	777.859895153725	825.375867647248	874.124305539878	950.021743873282	957.683288985898	973.772786989206	932.118990723458	928.484641755421	914.055916963103	889.407569457269	868.454832125672	916.846345143701	976.656034947813	1058.6019173758	1177.67991486613	1259.01217809485	1496.75571292472	1577.4020275997	1703.68451434647
427.304	0	0	0	0	0	0	0	0	0	0	0	0	0	0	0	0	0	0	0	0	0	0	0	0	0	0	0	0	0	0	0	0	0	0	0	0	0	2255.77733607868	69.1201576918421	62.9476951982943	60.9969117639287	104.7800050652	124.251527641382	148.375711836406	174.500640491561	223.10228579682	289.858912820433	340.233872319373	421.449377676496	496.206787784892	547.915312735558	579.065663141652	645.003487168365	705.760282028101	759.384150866958	823.130138333655	879.027905589439	908.517920517673	939.309276047465	940.675228390767	917.641015193716	902.859596642077	840.457392752715	864.22027310402	862.316843701996	890.35161613657	959.70701960064	1046.89886354274	1139.41033252529	1306.79008267069	1411.52891095029	1498.34489802374	1531.87608324083
430.602	0	0	0	0	0	0	0	0	0	0	0	0	0	0	0	0	0	0	0	0	0	0	0	0	0	0	0	0	0	0	0	0	0	0	0	0	3891.85020899792	194.411979642269	52.1813245768291	54.7244116472112	68.3462707540888	107.798910629006	125.233206878512	163.494608606639	203.852573028653	249.625419492588	303.102974990582	344.169800748308	429.672051793894	485.280481480185	532.449542752306	585.609217032901	640.589830616343	698.768920997788	758.014058762134	793.75822341194	845.580747957807	883.441019846635	899.86893636311	936.950351199059	895.7138084518	871.553650708215	846.850975734906	852.428598627718	888.067700568577	921.185363999994	976.030446681533	1034.47689070921	1156.81160358628	1279.93716160152	1481.06746696912	1481.27865262316	1670.01135089701
433.902	0	0	0	0	0	0	0	0	0	0	0	0	0	0	0	0	0	0	0	0	0	0	0	0	0	0	0	0	0	0	0	0	0	0	0	0	721.580214124388	35.5177904407721	46.7173207687096	72.9285559178151	96.5170848602585	98.7138775031732	129.470733787353	186.055135355473	204.781634998995	269.544414755103	307.884431432021	368.684761123263	437.477037396054	509.466631035368	541.574182706002	603.137826392758	637.729138201846	698.843806066664	753.115530750013	798.123878840314	821.253762851258	844.466271151927	883.299269120191	891.568047984364	900.375311451719	855.891232790297	826.772948502263	815.240653373864	849.346436820683	891.131758667421	945.860925710811	1122.61260559056	1252.40646947467	1275.49903034173	1437.93067095278	1571.25459981566	1575.22231139242
437.202	0	0	0	0	0	0	0	0	0	0	0	0	0	0	0	0	0	0	0	0	0	0	0	0	0	0	0	0	0	0	0	0	0	0	0	1818.5210801636	29.3083876437763	34.7610919307339	29.9938541727269	52.6084634959325	67.6226242817721	105.813526902687	129.387555797749	181.495914711863	222.264113000162	257.635116748638	298.875640700179	372.805388039674	432.100743778355	504.142345411178	553.46559862355	597.981514125807	644.223657566963	675.053132889225	707.547012624133	759.977096384354	813.657643606953	862.957358300174	848.45740662372	835.622454024826	824.070239750642	808.224286350349	782.091513328092	794.756427593772	818.723746227236	851.626145499533	926.219797422956	1032.36035960572	1096.90843902461	1268.23457647046	1283.27983190151	1286.36144622028	1468.95024645031
440.505	0	0	0	0	0	0	0	0	0	0	0	0	0	0	0	0	0	0	0	0	0	0	0	0	0	0	0	0	0	0	0	0	0	0	3905.22679631876	168.98444955264	45.1234967131123	56.779122449404	56.8161280010175	76.6382528940713	101.418128268937	146.961149347392	174.873277836338	213.267754483814	244.949446629888	281.707840188934	335.969241406325	394.634595677091	467.342466116179	547.384674131728	570.934955393912	614.23227453489	644.005312609568	673.544368778774	736.729521750003	754.324597323644	797.794650611973	835.342033363244	853.137022755213	846.648275783271	832.224833690309	809.174372834515	809.654389427085	820.615860489678	817.153952212518	878.68050212892	971.034934790352	1070.13127376478	1257.65654130903	1372.30824325905	1436.86633710031	1606.10675257578	1681.38476832342
443.808	0	0	0	0	0	0	0	0	0	0	0	0	0	0	0	0	0	0	0	0	0	0	0	0	0	0	0	0	0	0	0	0	0	0	658.797008218587	43.9327732465586	51.9880244887025	55.4761851859618	74.2846980342142	89.0808159501978	137.906826411547	148.79016066216	185.528280587357	217.551665406638	268.871238203042	300.467176826272	353.228086114105	394.831246625444	479.389658991399	508.321620371604	560.560285093987	593.032343061907	642.900941771143	667.311058469248	696.340012103374	746.375077769276	771.931338870847	775.314034436795	819.77092949254	813.777618643715	814.921061787663	802.827840693778	773.186351803412	798.912264981617	848.04132581357	863.547554206684	931.820083035894	1043.77012578542	1113.88895803973	1298.32539342476	1334.13618770171	1381.57209616458	1564.89263699643
447.112	0	0	0	0	0	0	0	0	0	0	0	0	0	0	0	0	0	0	0	0	0	0	0	0	0	0	0	0	0	0	0	0	0	1886.99327294792	49.4898354534112	46.6899534458395	65.7756828724246	69.3128342172816	84.8303694025832	116.110775861309	125.605955689316	170.034647396245	178.741971135248	235.822270636665	267.31631953818	331.64366903074	360.004454264576	414.834420674729	490.111426105922	532.31637208743	550.975695356958	583.839818052521	633.560929416127	648.320690334754	689.687031709367	712.949979145469	751.265947724825	784.608628591795	788.123321796795	764.434828402846	765.610747424463	753.983923519391	755.425988703242	798.321670520248	820.73147583951	887.333866504629	957.867778573854	1054.35044385249	1219.73839688115	1343.55065919846	1385.34744564382	1546.80083032878	1687.078334464
450.418	0	0	0	0	0	0	0	0	0	0	0	0	0	0	0	0	0	0	0	0	0	0	0	0	0	0	0	0	0	0	0	0	3721.82479084473	121.286748245708	29.8861963250534	40.1564810618011	49.5527176062206	63.1221184399767	83.8115312626964	113.222798779996	140.349702593081	152.74571693094	191.727871063352	234.37934189103	262.070758190734	309.523503320913	348.611529424037	391.1542539636	469.900274302073	508.936745506233	544.240547629656	569.119326649385	596.084297964996	645.937605338558	665.736709172091	679.843619452342	709.495670536871	739.978065554968	753.532897169112	743.350702791268	746.680662782654	717.1288522739	728.90002956517	731.24315862983	829.782961597615	841.262982241575	966.546808935073	1074.56345801923	1120.52707045915	1257.83140807149	1342.10593101852	1395.51178004955	1292.79861539464
453.725	0	0	0	0	0	0	0	0	0	0	0	0	0	0	0	0	0	0	0	0	0	0	0	0	0	0	0	0	0	0	0	0	693.062082434952	53.4798209841543	35.5737620457981	56.7261425125497	81.4953566336875	80.2638690368211	118.137290242814	129.121782423616	162.540916835616	189.422908347312	228.34949619077	248.968330626592	280.120820362535	334.100160039248	357.81179390631	420.397598137851	483.075947054842	511.372741129845	546.30866299523	570.333688135604	601.933372054801	605.051963797655	656.051786820946	681.272196206938	681.973249969257	706.478556440937	714.958877880425	731.191139912913	724.253643821326	704.73058939211	702.0894698553	751.406209924707	770.375501029058	869.341697051964	962.869281912711	1093.00630463049	1224.90659692185	1276.32728868639	1370.39060983791	1523.10422278165	1547.1483116207
457.033	0	0	0	0	0	0	0	0	0	0	0	0	0	0	0	0	0	0	0	0	0	0	0	0	0	0	0	0	0	0	0	1662.39998594911	22.9876693086326	35.1384707200717	33.0071846227293	46.9360934989634	71.1995832951921	91.6000340570671	113.337717073186	136.878779899218	170.167851625879	192.240093815698	229.115441221203	264.004847944987	289.877189819455	325.172494074032	355.026353189183	403.85570456246	463.7385386475	505.799995981153	541.287568455536	557.847814521237	588.873910830027	611.722811155785	635.015412072981	640.965892361951	659.921207429606	674.62429996506	698.537787563324	682.703338612447	688.063762579492	690.297646500397	699.692118198398	738.864772746369	764.081462807713	826.281788752223	902.311031918433	1048.76630245879	1103.68662761825	1175.95109186591	1337.50326237649	1461.74349515591	1453.15466837067
460.342	0	0	0	0	0	0	0	0	0	0	0	0	0	0	0	0	0	0	0	0	0	0	0	0	0	0	0	0	0	0	3175.32579392036	128.796247590832	23.1338934003329	35.8557436275626	36.1728943958025	52.5101819782442	74.636023167774	102.220513991911	114.684906442034	122.495875936163	167.19887484455	211.182015547297	240.896579589651	241.227085960821	300.776352964972	325.596114867491	367.194443016779	425.95022458606	454.167926244321	496.87751780331	512.996152920415	542.068913294708	553.957741112406	571.027706424798	595.550435219497	641.893544559472	636.37137398773	655.1996370907	664.003070308506	651.007851773029	669.078949176841	628.751402034171	670.419594613922	710.828814469933	738.224848096655	804.70001709244	899.37250694146	993.846063883118	1061.63007335511	1148.42430465362	1196.58071581815	1243.76003178281	0
463.652	0	0	0	0	0	0	0	0	0	0	0	0	0	0	0	0	0	0	0	0	0	0	0	0	0	0	0	0	0	0	480.25779363741	28.5023821088312	27.4342704152982	31.2050096115792	58.0262636458814	59.381105738624	82.5956133520048	114.197375052172	135.355479872766	151.87038163249	197.073989701877	223.278977510936	221.83701757266	261.575646211864	291.912159587088	329.927157613715	364.153752610682	397.684082020175	450.663293778981	474.221803904253	509.56020150971	516.438013945723	530.066506915068	572.899145394582	572.642733144138	597.29262154734	631.884131457858	625.46149234156	635.704809742627	638.286453922911	648.005360003263	632.123202944289	653.377965309883	692.099061924595	738.377471712229	814.17480406569	900.644446646836	945.213496191466	1053.06112867491	1225.55528005326	1282.81158978318	1374.13884926125	0
466.964	0	0	0	0	0	0	0	0	0	0	0	0	0	0	0	0	0	0	0	0	0	0	0	0	0	0	0	0	0	1303.11630670987	26.0313525639783	21.7479047276815	33.3965111943719	31.8045315859904	59.5387786730667	60.8997577330854	77.0107053327497	105.432449193236	120.218320292666	148.18528646572	163.633715785258	210.754560694523	216.534590651805	266.256758962592	289.273791931371	310.343116861838	351.631700071307	385.997738279553	436.254748966033	473.532790599655	484.530627043328	492.149821229271	535.564749721919	528.660220957807	563.378430155725	575.518432346852	577.810561279638	600.545503586738	599.657708940346	602.76437021711	596.640507885536	628.031811494104	624.052120032401	638.350625834484	710.173740022496	773.876767592392	851.259466958232	978.927262466837	1009.16502210809	1124.78688450613	1167.01527225826	1177.00514905774	0
470.276	0	0	0	0	0	0	0	0	0	0	0	0	0	0	0	0	0	0	0	0	0	0	0	0	0	0	0	0	2377.72583319672	82.5922867440456	28.6063839131514	27.7061376520913	30.7724412261513	41.5228976886045	59.3069384553626	69.6591638986122	102.068985996188	124.719319700405	143.765615003986	154.724448161116	201.141951536517	202.71064644154	231.84332978403	274.459940923568	287.949045148895	335.580320936085	350.83694647353	388.961919811338	436.787994089056	447.338116111245	463.426500254222	481.579574918265	511.991570957292	511.959880075517	540.063921517515	548.505480011389	557.530442797169	563.949864145387	576.893613087073	567.894552203849	583.587692249045	574.138302773211	595.991488312004	628.705929836291	689.570998737781	758.0164039566	805.639160206997	948.734946926501	1018.50361118452	1232.37922402916	1115.50332413255	0	0
473.59	0	0	0	0	0	0	0	0	0	0	0	0	0	0	0	0	0	0	0	0	0	0	0	0	0	0	0	0	330.483945574613	22.6178483566608	15.4288979832446	19.4416540064226	32.4206902583917	46.535188141944	53.7826766669785	76.045699972595	96.7592421827095	114.416821154116	122.440651710938	179.154202278375	167.624049964237	210.857575490712	241.950147976171	269.036466003117	268.775363865757	309.036045604716	341.372577766132	381.999577341243	407.250115253245	443.737984737685	453.890735253132	471.883781192532	462.329203637706	507.135138248019	520.234128081259	520.294875528659	533.60148869616	545.579481200106	545.593830495105	542.091632357338	563.567565234324	565.410459698525	577.237785174256	614.781388182493	689.119518265414	726.883983373698	807.340963385799	888.849541963955	999.535534785955	1063.23413232742	1037.44056313246	0	0
476.904	0	0	0	0	0	0	0	0	0	0	0	0	0	0	0	0	0	0	0	0	0	0	0	0	0	0	0	996.709468080549	22.5966855143089	19.4246599321542	36.0250534860775	24.9490168263056	38.1366876323557	55.3125129584179	63.8447790099132	91.1323450809247	94.389234124233	122.829716984584	144.93962335973	163.066259207241	207.595168059836	216.254345336782	262.474767224675	267.627751780304	288.426941090449	319.840540517379	331.810523285925	370.45016698195	401.297797846718	435.316008220227	440.234952965533	448.411881533283	466.20584006619	485.461031510079	480.161617474708	504.805509191093	515.838278629612	523.173721061155	532.267099576862	536.115298489782	543.887723295198	545.542811528571	569.642692058995	600.651503553227	665.899697159077	720.317629643267	782.219432327514	874.061231031889	957.955603258063	1037.02269881555	1121.82701784386	0	0
480.22	0	0	0	0	0	0	0	0	0	0	0	0	0	0	0	0	0	0	0	0	0	0	0	0	0	0	2030.58186386405	55.0308366341619	18.2448657744034	23.5222035002335	26.7980461073697	32.8840341251777	47.5260960469133	55.5944583644589	74.9487123581839	95.9490280803455	100.660460506787	123.599893801183	153.953055103727	174.433959384939	192.495951534525	213.613559180274	247.6513343253	260.561723608507	283.670781898898	300.973753340771	340.821328070026	351.370383528395	388.876272886083	417.88385289644	425.413438653855	437.398434181716	440.695679669429	467.049911114244	466.131112505857	475.357447836822	481.22778464714	496.216126235034	531.585263852535	501.573695575299	515.815000384486	525.478250362881	549.946373780264	588.033804693697	638.803352473269	691.557644286189	788.514552978211	862.018079221311	943.892487161141	953.448625105142	0	0	0
483.536	0	0	0	0	0	0	0	0	0	0	0	0	0	0	0	0	0	0	0	0	0	0	0	0	0	0	307.609967769745	16.2329842375558	16.0968264106053	23.6805089121544	26.9890957086717	26.728445183297	36.385774547998	58.916088500299	68.8638716829866	82.4891528395024	105.596493599322	130.634379885978	139.710837075248	149.981491899982	193.953832256494	207.238656027352	235.300957962906	254.505458065708	284.638435573542	301.493414074787	337.844861820531	362.038260149563	385.194189037576	383.287230900893	411.349771002136	412.529410581222	422.924011241791	447.637299910027	446.71662132979	459.643198340242	473.944105285265	468.703597873567	496.701394721613	487.703055008454	488.537859029609	484.097414345955	521.081569602484	551.273922744125	629.578720855067	662.697272443021	751.064815983308	792.927120819131	874.076055038962	947.138431440343	0	0	0
486.853	0	0	0	0	0	0	0	0	0	0	0	0	0	0	0	0	0	0	0	0	0	0	0	0	0	901.513810379928	6.7022891634493	10.8223092324961	13.3246985583559	14.605442157057	29.7392064110435	27.4671287851954	48.0638854939353	52.2559532269837	77.6606883035389	89.5544509880854	103.631313723193	127.245500575347	142.549968832247	169.923037145355	179.804914438877	208.851876448024	211.305262455096	252.633368790688	254.231444416031	297.967546042851	303.224114434398	330.182806985985	378.141928179321	390.501985013845	376.049109987929	391.210667578585	414.056200910874	405.100693403602	427.057554970846	437.835207552119	449.809767164105	454.598882549495	460.758673996287	477.170736481039	473.90369747157	469.756621132687	512.978573590648	559.836349050291	580.22012170169	653.199058706894	756.257399480809	806.392041515548	865.922856107881	884.908450517787	0	0	0
490.172	0	0	0	0	0	0	0	0	0	0	0	0	0	0	0	0	0	0	0	0	0	0	0	0	1784.14304436475	43.4999357300459	28.0201398627124	22.0743822005068	25.5853358055494	34.4298081664944	27.3272745476388	40.8421116912385	59.4197243245977	66.6358715837651	80.64154058768	94.6958600274345	130.918577429263	130.195332657956	149.39353121919	173.060531261254	208.946381729494	227.762032093562	241.417566208095	263.176131828495	283.314654156216	287.602308403063	299.520807475569	343.127956164821	366.748721100118	396.146390230164	403.984915249759	398.89099296724	386.89438625097	431.050666784433	411.136780703204	446.129475525421	430.945504142715	427.325563355838	453.781508476823	464.750608252464	474.706498924961	475.07905853963	497.269965182463	531.33846052302	572.32936448309	636.573536095221	728.001769346362	830.937244549695	869.460597362258	0	0	0	0
493.491	0	0	0	0	0	0	0	0	0	0	0	0	0	0	0	0	0	0	0	0	0	0	0	0	253.314769658171	23.3906755704265	17.1699394054879	22.8232582660097	30.2468710917168	33.3895915537679	45.1374407747297	55.0366500576787	57.8509663549683	76.1638276463689	95.9151294590485	107.371074072324	131.652690144654	150.10590905699	177.867784887877	177.377470100537	192.033584206971	228.491791421193	231.633007644207	252.247334742425	275.638364699436	289.220854394923	318.680604932283	333.894884258436	355.33877957181	365.373616581432	369.949532255631	380.051634947466	382.996974965976	393.3535353311	406.794217604193	423.097248285498	419.966801633101	438.410160681995	436.112858597658	439.269418262714	443.68404747837	453.072310658848	485.029451727749	531.409568111358	564.037340772012	673.871628703056	744.500898949833	782.928169817435	915.320940314837	0	0	0	0
496.811	0	0	0	0	0	0	0	0	0	0	0	0	0	0	0	0	0	0	0	0	0	0	0	891.022178228179	30.6007813907946	28.7342926350996	21.3378476620234	30.5506546411091	26.5051065038977	49.7018794518075	48.3870831383514	64.4599037729009	74.8627243717936	82.7773519617592	95.3107894561147	100.201551486612	129.150710782056	150.659312373324	178.815919954623	187.259228965084	199.381350155314	208.282517508326	238.327937787974	250.250974338245	270.89072490244	271.135988107889	298.698214011427	315.890266893134	334.493007726246	354.86845155101	356.691195367342	375.06936007816	376.656803732928	385.280373951915	382.073344481504	379.95105800848	391.455728438286	395.929766228788	423.877784365049	432.600864463213	442.916005916678	441.397548865823	485.413853547461	522.624975899548	555.379995670657	637.357512842649	675.424397459752	803.117876886526	870.268445853129	0	0	0	0
500.132	0	0	0	0	0	0	0	0	0	0	0	0	0	0	0	0	0	0	0	0	0	0	1834.38547331606	53.8287659554746	18.4035093766625	20.7182489433218	25.8540588106086	26.5922136463259	37.8919594057761	39.4328490661464	57.4731253718939	58.6123202449145	66.9601647504706	77.9820499608173	89.4097319391181	113.644957243855	122.013553587313	131.19040185775	155.394674853925	175.984436808996	211.594478041734	209.039807924898	225.622922134353	243.414502308228	246.717852041604	266.464951244013	276.51584798824	312.777783267823	333.414600438781	330.811901521969	332.972848122281	347.756826408484	342.460901043694	362.738934368678	354.386004507959	362.176281695775	384.987959509798	380.02911957578	390.77366121517	394.378414666142	409.847020034575	412.524400486171	448.394069815171	485.840458084799	541.379611282243	601.913495324701	675.599825113319	784.061802540489	0	0	0	0	1024.37671477064
503.454	0	0	0	0	0	0	0	0	0	0	0	0	0	0	0	0	0	0	0	0	0	0	282.404831034169	6.40227374636138	11.7583655674483	9.24000873511545	6.88174200408255	24.6626303509725	25.7087727168036	33.3731914652756	38.3892604378416	44.2961865478689	70.7576032472442	71.6597793588728	82.4479174860157	110.17001759253	110.633863854734	143.113108765433	145.289914305776	159.106928500193	180.207534453413	180.100543297024	205.911513202034	215.746740669881	225.944937807396	243.857335231362	266.50945560878	273.395975776647	302.084331868142	315.27892270412	315.519486719693	325.182056815248	321.434166601808	326.036592152369	342.401084254424	335.353874140508	339.431017120646	355.639954767754	371.520780349157	387.044120385727	379.531045194001	406.232795757553	414.413973514396	460.369206985673	512.174081575349	549.565369344443	595.669659879328	662.972230089745	0	0	0	0	765.926233362959
506.777	0	0	0	0	0	0	0	0	0	0	0	0	0	0	0	0	0	0	0	0	0	908.549753834828	16.4501182274676	8.42785428362861	19.3985028456595	15.1880509271814	29.6863434353944	25.1028487305406	35.7980657789984	43.4967298999753	46.6965654222564	63.2821901448813	67.5105908402687	86.5115116525907	97.748986824955	112.136823910493	123.389838556964	136.47390035077	151.343909026132	158.659951140777	176.293860391634	192.033194161582	205.044251495863	219.175840241324	248.593918048534	240.79199443169	265.639965118993	267.660724273597	291.098233914877	298.452795202907	300.411129567911	311.308634272222	309.264388002496	323.97343832064	328.038126717731	346.36325363311	336.598044601294	344.390524310808	348.919905200047	364.747351054586	360.839460631784	367.865002243813	399.202976438592	439.026172830703	484.039090477579	518.015012857909	595.696317643817	670.677030335035	0	0	0	0	782.97375306014
510.101	0	0	0	0	0	0	0	0	0	0	0	0	0	0	0	0	0	0	0	0	1977.32887485582	56.5755643453729	8.0352368020188	28.946296677497	10.0063976821895	29.6219368544644	27.3175247456094	30.9749284077297	34.6216173034152	44.150117073189	47.536888543001	52.0513333499355	77.5315519133518	80.636489106439	103.522354638482	101.143196793687	122.934587359268	129.772519831397	141.731010996885	160.333634072523	179.696945604505	193.052474978138	196.336464443092	196.536269791771	210.997027890434	231.031592469628	240.745580482559	256.639147300939	268.426606140428	281.212449620863	292.799992667889	285.27687586873	301.394160604227	300.204199336185	322.247547230528	310.484823161483	323.884851806486	329.933583437101	340.211154268562	346.652873144059	357.233594415085	376.135866126227	384.304223626798	426.347720575868	455.890346525181	535.505390237836	596.451315118542	0	0	0	0	1014.77856326713	819.551966862061
513.425	0	0	0	0	0	0	0	0	0	0	0	0	0	0	0	0	0	0	0	0	283.205373483153	5.96990329051411	19.488568155096	5.46635375561103	20.8539802762314	27.2664883995432	15.6899079863727	34.5960056326609	33.0777267384878	44.1874830647965	43.9840011745742	66.5465305692398	65.3811075340675	83.5594009247542	87.2766518357331	95.4247502010656	103.428714141258	121.436428424682	136.348717202639	141.612917881086	170.150954228583	180.943433911255	189.267624682585	199.428376067581	213.484545051395	203.134317692491	228.554404696598	240.504797725363	264.527560712615	264.467663783682	259.911506509304	279.229850268328	266.862573687999	288.317820160202	273.148251249622	301.683525074828	292.01304742144	301.707995079053	308.954196156142	296.701364793103	323.273233721683	337.808229752169	364.474387240089	381.269947545491	430.250401681561	469.392500514392	540.638180314162	0	0	0	0	676.855980704578	580.200500167958
516.751	0	0	0	0	0	0	0	0	0	0	0	0	0	0	0	0	0	0	0	1019.78996649656	32.3994830477395	18.8943314566903	23.6163325473643	22.1924667494637	22.3589275971727	31.7599100049292	26.9000906467036	38.9101799820932	46.0361972419186	45.8838535657141	60.1991973041601	58.4624383822755	76.2630096697265	87.3018897266418	109.528293195108	108.328099754253	113.611707863817	127.977433469399	166.195348268807	160.380770989178	177.057203040565	174.182976272249	201.581939527247	191.769843663761	212.298296925776	228.33917304666	226.449281840202	235.73137004329	259.433774260779	262.061080656615	258.671530023523	262.111067417349	278.659238379989	274.291359193742	286.398589202845	282.675267915887	297.988402159885	305.981550151519	315.637295431725	332.89616802749	331.750447859526	332.041605190534	338.31179975044	408.12453287681	430.312122097044	531.087492018313	548.471014982356	0	0	0	0	669.538671445164	823.237645683521
520.077	0	0	0	0	0	0	0	0	0	0	0	0	0	0	0	0	0	0	2274.35460888548	39.8360470912061	8.38049370077366	7.89867093467866	21.9082131759997	13.1508913120544	21.7285882808068	24.7489263231504	31.4269607905827	41.8115355622062	39.3538908205755	51.7625012433161	49.6310581072116	61.6708614213707	64.9906352331753	88.9952068672082	86.9063659705229	94.6786037883658	114.187923874066	137.745751900372	144.92189256889	151.004986550017	165.990479933108	171.234480166628	172.501784429679	189.291248562181	190.081503190542	188.819930023287	217.434094472895	220.523816705787	251.067490084825	241.691803126092	245.131421735058	269.375338293836	252.648220422699	266.873604590194	260.293315712574	273.33465043158	277.317951109465	277.837330194812	290.095885955265	296.37981426482	311.370678193967	343.077375545018	367.508675094717	378.047610673892	413.990883471772	444.344200243426	0	0	0	0	843.910460899253	698.429706546411	653.833576031157
523.403	0	0	0	0	0	0	0	0	0	0	0	0	0	0	0	0	0	0	316.023164888733	21.455640441065	14.3465306989216	-0.0268467930385179	8.98660752752262	12.9690514220183	13.4093821781425	22.7039320182441	23.5651581979317	28.9985585607219	35.424283854844	39.9814218877013	55.8205678759871	60.6017280333152	63.4466656291502	81.2263598278621	78.3815856479737	98.6482339409547	106.921313247101	113.316127434065	129.486487546815	125.254442999835	129.648855029717	145.474080015201	177.790410631581	174.940533558287	194.939269715083	186.065932538373	194.779125090753	222.142145207761	225.987833250334	244.367598850541	237.611217766337	232.366962313006	249.298941312483	245.931056696216	249.751717807952	252.43470484706	259.036935435476	271.395445858474	264.458908905539	280.092103121137	289.624568856004	305.836100434474	320.476531488834	351.125452614637	381.998773234074	435.930080708521	0	0	0	0	673.692552951652	627.314894224972	705.716118711108
526.731	0	0	0	0	0	0	0	0	0	0	0	0	0	0	0	0	0	1030.65771537395	21.8382739769967	2.69545021589784	19.6721189151439	16.0556262686181	19.1062011632126	22.7384181115578	20.395419374609	24.4308058985589	32.7413366389216	35.8098078612269	35.5135550988937	42.2031055701751	57.4775787891777	64.2067049762548	82.1711481922572	77.3363498532385	98.5625600096388	97.5420954375635	107.258534466388	125.939540787873	126.059253418625	137.810887558115	158.047353979768	163.426422389101	179.44166923906	179.129195404186	168.496861867221	183.09347445594	193.716508323111	199.310780172829	208.685563148192	218.668360891113	222.662318034196	214.729655057382	220.483205916368	231.441839955051	243.542736265665	239.314372638102	235.413994023291	257.053758643693	267.175266322874	271.091652386092	291.387533635972	303.096331904455	314.767320625455	342.861516613216	370.865537290366	413.317963850016	0	0	0	0	594.824767742545	617.362639128157	584.632998723701
530.059	0	0	0	0	0	0	0	0	0	0	0	0	0	0	0	0	2301.36041487783	34.0755351404901	-11.5732946119013	0.336854536882885	-11.5486209048503	2.64899453918207	4.89058268984934	2.86296792460583	16.8806770264736	21.2108539906044	22.883674454702	36.1667193022474	32.0982657282237	37.0283510286666	45.5005908983017	54.9996029226329	55.4494308539552	62.0228038970903	72.1980788655822	81.4413141140673	96.0994659861844	103.797732592	102.488680823966	117.676798474642	119.6360735187	137.967326981201	137.664720004681	158.634148411546	156.853627917641	155.633438545846	158.247512654652	178.285571056683	177.31388954562	198.075500097807	201.662854579468	195.874913427072	209.666216140365	216.360307147056	204.58408913345	229.017421162455	232.763366209367	231.255097407999	226.894902091407	233.782416327569	238.451970393707	257.202325136021	270.252036271871	293.080838598149	326.833472438673	0	0	0	0	733.010564951636	409.033069797006	421.687366595427	355.699415335679
533.388	0	0	0	0	0	0	0	0	0	0	0	0	0	0	0	0	370.433388003229	2.0496331877961	3.92389758117879	1.83066326816894	17.7493555238734	17.3229681699326	8.36536163853892	23.1932596984139	22.0093139062275	25.3161692251647	29.320576304145	30.7839917978248	38.2091891214841	40.6197533217549	55.1764590987633	55.4979003891714	72.7258191148123	69.2953741113117	81.8254950161853	83.0150737754622	97.9458676932132	106.889175972681	124.474351551178	126.162155393069	126.374582472015	139.872767403422	134.175208748195	149.629531177358	147.275968541494	171.350010407038	167.672584834066	173.623449357901	181.414328081908	191.849567945685	195.309815397565	203.481757344696	194.065386956945	197.416693050482	219.116279035529	220.948376826084	222.261814006687	225.421514109171	244.441159152432	242.087508001027	252.802059764939	254.523457093425	280.399004926691	294.007360419868	321.675041408544	0	0	0	0	611.275887881547	511.998089390276	510.448537364056	503.632052485323
536.717	0	0	0	0	0	0	0	0	0	0	0	0	0	0	0	1041.00745386501	30.2064296051333	19.014564106171	24.5113671776936	17.3894358069148	1.74728583834144	31.3948178869497	18.1025608896338	14.0863254078926	13.433916653227	27.3126672083564	26.6032273104807	39.1157914242642	35.3233502831954	52.8479397807573	39.8679526919294	59.0557432940581	64.9331836627049	67.4167530419404	83.4419734141114	98.1795732909051	92.1444193196668	104.52069502638	104.662222743042	123.362730651876	136.619682842267	130.100085702908	133.506719972347	148.057326654144	140.318284393335	150.306174469018	154.09277582873	176.262125748745	170.504072209197	184.720090792442	194.441078728531	190.631022353724	191.334764184278	197.298207941431	194.416929153293	192.154699914876	212.803738226614	196.625965088018	217.522705004686	233.540847281029	224.533905818726	242.007155000057	266.693206503973	273.00067902852	307.576798740188	0	0	0	0	500.874005790305	390.371028973428	402.731551904306	442.036481317332
540.048	0	0	0	0	0	0	0	0	0	0	0	0	0	0	1954.29625507321	69.9651372900859	20.1337762994034	13.8364288049844	6.00309873199208	7.20616673694363	18.7642681075327	18.9681238909868	22.7584323032004	39.5297704488376	27.5371873091917	28.384087202703	29.4346293744232	36.6452946718847	41.604004553818	48.1986863093692	66.2362134529172	60.4687996887516	62.4955923887485	73.1799128620365	83.5672398197195	88.8744980597314	90.5113930417509	97.9287565029999	127.005133169236	122.500909685105	130.423979375944	135.64246062414	130.628269576414	153.244162314512	144.651326826942	152.917522969389	157.89665179522	168.184474771485	186.072544832012	167.665488722832	177.708117141022	173.241416789968	187.567784102316	186.025891426939	188.53537022543	205.025736455688	198.309992200867	218.862127863669	201.623554306272	234.080597667612	232.992559272353	235.142054060316	256.364986875033	290.215277447133	0	0	0	0	694.763337293762	479.583554792417	532.703970713667	507.487416555127	516.466677203802
543.378	0	0	0	0	0	0	0	0	0	0	0	0	0	0	290.629668834102	1.41321431374443	1.78069603549474	-1.71507351120807	-1.63375215426374	-3.94647963995213	3.27368680167621	16.2202077340348	14.4927537593085	13.5066727431163	21.3414078071044	21.8100219609453	35.4182409933694	31.3044216618572	31.3833393921698	40.6635230315274	43.1421636245139	50.4230322136725	55.44939834895	63.7676110008764	68.9131127529363	77.7804373118487	76.9898357515574	89.0096240738013	97.7723835096319	106.134807152104	109.009364682783	116.29563649714	121.424801411287	129.959896339129	134.859811606672	133.398448262753	146.783512783401	149.721006317919	155.102837408183	165.962017471745	177.210685005878	173.877957654916	176.413423108037	183.249509707092	164.695582841774	174.833601019788	181.520892619397	175.801253229736	201.456466613182	194.392697072057	213.471082649705	229.632398317192	226.721974819342	246.598906062968	0	0	0	0	431.894153658814	348.112308524422	388.532936611246	480.19065175761	518.239276181255
546.71	0	0	0	0	0	0	0	0	0	0	0	0	0	873.240860379827	-3.06996400288386	-20.5540493326649	-11.852918667419	-0.447599121217608	-9.99571410238935	11.4232956900862	11.5118723722475	-6.37584384874213	1.40486336007099	15.5949340596547	13.0178539264229	17.1338740226048	24.0378676687987	33.9930746580432	41.8506243979173	40.8610391311234	44.6461861329742	42.0638392270937	51.1574389138349	61.8678325706835	60.2315462836151	73.9717788656368	75.7975027662602	88.7073383060176	91.3756871141328	87.1151214701502	93.6608880685297	118.931829520974	107.385549633735	118.720785350198	133.135303901306	131.862572039124	139.659079088774	128.215706918523	144.6896248754	154.551725037309	158.050220834449	154.004764705151	161.243542092527	164.17371223819	160.576184658127	168.403329915245	176.630365981468	178.783083359762	189.711713701192	184.253990192102	199.314656360913	208.412163209819	216.958685550268	249.901851641486	0	0	0	0	426.488462787433	443.845528011286	351.28906446117	396.285765793691	311.462822388668
550.042	0	0	0	0	0	0	0	0	0	0	0	0	1738.3356966473	36.4331074345344	7.97187696745904	9.5126039659295	4.53284619755514	-0.877018286518547	7.87595570841053	6.72882307581739	1.4769378649226	17.9025927531859	25.2171636458762	22.8149931265282	21.2231286933893	17.410936254621	20.3462481115396	29.3071885036196	33.0582962095162	40.7491027267472	44.4477464899922	46.5570978735812	58.723214322973	55.6187412642847	60.699281391589	65.0960250913864	75.6864231452231	84.957874384711	87.9134970499098	95.2369660206553	106.261592166489	92.9042951631678	115.186600648784	111.370439699374	121.383338923136	121.105066300868	129.181315298089	128.575732264912	142.148990285838	142.712505850992	152.82251780497	148.59187839082	144.437822815179	148.339327265421	162.688985949544	154.361299754649	172.682261709025	166.020571645505	188.847879009916	197.121553156654	207.60561763254	206.572329705164	193.486119216436	0	0	0	0	575.268391171888	422.61654118475	356.565001056706	412.610174548508	286.881694919281	387.531701614026
553.374	0	0	0	0	0	0	0	0	0	0	0	0	255.621261054757	-4.20583024045553	-2.50731915377411	7.11264209256113	-1.38142710741865	5.61803127024327	0.412469518300116	14.6160501022012	7.03807404557408	16.7528809703586	6.37670117093354	14.4800465341679	20.1171232172579	20.4785812512357	33.0533874478951	36.2462987539095	31.2875183079796	44.2505281540684	39.3018307296759	56.1128460437032	54.2959067044575	61.1285366232949	71.1758048600688	68.3959267983798	74.3763693786568	89.7077924005914	81.4922968413148	90.842088249095	98.3008180466917	104.119479802671	103.771485908741	112.154728949967	132.236768916037	111.548360914927	126.488977329597	130.002683602103	141.769401433976	133.748194927963	139.789798273609	132.225173162748	147.072532675428	147.619370486255	145.051195282752	176.439947530255	162.367955149514	163.89859174521	164.32121042701	170.466352283285	171.646009056565	186.835822334571	186.993847504891	0	0	0	0	381.64381632906	297.789592124851	354.886469196904	387.285918830826	291.467052451877	317.363882870145
556.707	0	0	0	0	0	0	0	0	0	0	0	774.732792612501	-15.7555398144142	7.16961431411061	-3.96935584180787	5.05218462905709	-2.26634560922713	3.86458310214339	13.5451271049044	8.22011867208799	21.8482464001693	-1.79024911705126	19.9667341633345	30.128642389734	24.2267527308395	31.0572756888493	19.4665073472439	29.2013719230969	36.2778475157649	29.9025256110563	52.9813330199835	41.6714570138862	52.4412615609031	51.6364410289894	71.2648885464947	70.3056336466746	65.3983779104204	90.8713764835039	92.8349313866072	81.335342548008	83.5588385875969	100.852374191225	103.037855695753	107.080724028108	99.4133606841593	118.180286325142	118.649402142348	118.614543997742	130.179553249851	133.472657352564	130.27806122202	134.336406341944	152.077410770677	142.406809846569	142.283235802069	147.142516497774	142.40095482674	146.689111740078	173.685608363297	171.713176628253	188.685779342035	190.947795426883	199.207514119562	0	0	0	0	315.777738370492	351.722299195106	355.203339939872	360.653347860931	352.013428171609	376.038714321357
560.041	0	0	0	0	0	0	0	0	0	0	1618.87082975612	61.742529638728	21.0391568315239	24.7531294644957	19.6890366911886	12.1827753334478	27.766731237761	12.4308969026239	16.8055811798363	20.3462958872161	8.11642578849464	32.5486001486717	16.0444664681416	25.1977514847372	22.3863965217806	38.6083232732057	37.0924772915125	28.1354186184306	32.482843523718	46.3242442285929	45.4712623467344	51.0489932618134	72.6295790470125	65.1354815640266	67.0174110456543	69.0186371663764	72.4996744424326	82.6189199576538	86.4113689761959	87.2425890138023	99.6859330300542	99.2785813047691	106.604475485671	105.942480736125	112.840082488573	107.642545378445	116.157405969829	126.295525904208	129.694038019263	141.067281835775	133.553312968513	135.046714796214	129.620685090393	134.192022622263	143.793076594983	148.423041364022	135.934084906017	158.92099129359	158.185889815147	173.55781336284	182.953218643135	177.501447438599	0	0	0	0	483.596030930569	317.362528373573	295.146671816398	366.713679701113	350.615020960229	312.262005692016	461.63920340227
563.375	0	0	0	0	0	0	0	0	0	0	229.631793890163	6.82166339341127	-10.3331051208127	-0.518729750464356	9.37527403326426	6.10843983333758	-5.86206269163918	17.2027720186619	28.8130798392512	5.08748485422555	24.4681470637478	13.2039064569704	19.7775902096008	17.3983311346441	17.7235942018876	28.2096140277533	25.7014806392551	32.3300553162817	37.1196197863891	36.8912603162425	46.0768706673207	47.118787833581	46.0376777387028	62.023543561618	63.3710366800855	72.241560151685	76.1839078693732	80.4818490533305	84.0521105528579	76.8636758682758	85.1997182147508	90.9070675685127	95.4817747851393	96.718026948359	102.460553979175	98.4787939828055	93.5931539594494	107.487877306574	118.96126399786	117.638838820741	120.616141289095	115.755232806751	121.788509710754	134.356237237553	137.127453949175	133.361546779056	131.364374541405	133.199791953542	150.530992436745	162.22407534453	157.912248394895	161.747003672956	0	0	0	0	307.40368864309	280.689771149083	292.469387890076	343.694531600186	277.496797913316	317.696478784816	278.660686068079
566.709	0	0	0	0	0	0	0	0	0	758.82790231968	29.5007023330151	-5.77269299570464	0.0250488866787102	9.95225867438542	12.5218613605034	9.56723285353515	1.36693391202126	14.4169091409235	7.53602917711425	12.4029728165906	1.86548723773313	6.37390317681956	13.5675226590726	17.960527296229	22.3547291639062	20.4662546402462	33.5166110569303	33.4040087303277	31.387996315753	43.7697309682335	29.244383158319	40.5768348567346	41.3688187666849	52.5569688107131	52.8935997369017	65.1669595873576	60.5118760283524	64.309837962818	61.0835832847564	61.0811050930211	57.5755769296221	79.0976472819463	76.7736755421316	86.8517494521675	88.3408662599693	84.0216480540935	93.0007241797147	100.316221015871	110.07805494333	109.10918557037	104.083057805043	120.415871601088	123.728127770574	115.902968742085	109.194326605421	114.836083654179	128.977052666838	113.983071184763	131.119778906973	131.705746351589	137.723270465203	164.727226278098	0	0	0	0	245.926752593986	236.387132207712	212.564985703147	245.410960347694	265.48248382514	266.724084191968	206.245906659658
570.044	0	0	0	0	0	0	0	0	1538.97231354821	24.7214447302754	10.390153202859	18.196570977616	-3.36119223919629	26.6929419428722	0.508869662077914	23.2952462929449	12.0228971338039	3.9948862140942	0.834722680494449	10.1354317210406	21.8093226873298	21.1453958834141	21.6100239892424	29.4770354721137	30.5216311384904	36.0358250126715	30.3442835181949	32.131059638563	36.246168382168	37.2472981362134	40.7646079648306	42.270781408487	49.0122138766937	55.5666286349291	62.321571420382	55.0518214103838	70.8431474305433	64.0852768680679	65.470467382872	68.6559745842088	71.4752720545594	80.7353051089736	91.9050184504814	84.1258063690446	101.152931048979	95.163216642944	94.7597653923854	97.0799920797333	104.505849227747	112.987507685085	108.658180278564	108.846249021774	116.567484183719	109.126262683363	113.840914574109	129.900326066807	125.822024603309	136.762050739675	126.158465642115	141.354324859946	135.362172432025	0	0	0	0	412.780633424087	226.181456097779	278.000251374703	286.495625712733	284.603581143834	297.712026406985	338.828484790895	302.361685981547
573.38	0	0	0	0	0	0	0	0	242.850885007999	35.187512302179	7.35914195809813	14.7666233836962	7.2966256843907	35.960535194787	6.61036591827074	20.4719078305854	27.0897695310614	20.54495619554	24.3280674510746	22.4168989125925	31.5665169685905	20.932007709009	29.3130687340443	12.9808489121129	27.2184270515618	14.6307772045499	23.8472417063529	27.7118364058096	23.773253076827	32.0195327568137	37.4047897609616	41.9997240483346	40.4506451790446	44.6046061141992	58.3804322755043	57.887408683424	68.3538258824401	75.1048836176332	73.1175731210461	77.5787276338491	96.9138981815122	95.5151990384992	87.9251714457697	73.0054111996895	81.0930873878679	85.5619733161707	81.4789447009592	91.6346858821121	103.323469125919	118.544067379644	107.027624343509	89.5855914215165	105.556454778689	109.519828173676	117.206147304478	122.636724319123	114.844598521065	122.963057721711	134.710625001575	137.504713290173	136.563339650432	0	0	0	0	263.140334965155	230.219554226844	296.659375551706	304.801595315311	295.980826610941	258.830893542217	247.376463744031	297.255053929769
576.716	0	0	0	0	0	0	0	637.565608080129	21.825203191109	17.2010595757131	11.6425216287313	-2.98003842154731	5.5815321054007	-3.78393261016772	16.3823249866671	15.5897490837712	14.8854441252533	15.154620278127	16.6217902217703	14.6459527275956	10.3161571091535	4.64548632999126	11.8581650606284	14.351844250284	21.9614083372004	21.5701711211747	21.096367103453	27.3398149148089	32.6867346311861	36.6152614410997	44.8413218039224	52.0175227537954	48.6421745870008	47.6665667585894	55.1985623111398	45.359712073435	62.3913533440688	61.8770213607945	56.8247199658875	69.3432369817083	56.8266260870211	71.6931042585853	70.6398600388964	72.8771085320789	75.7097880934637	71.8515053907446	90.6627046869947	85.4425670835797	92.4585417511264	99.8080039038741	108.590902079995	95.8186940911072	106.529112636459	102.152541611202	106.677478172428	115.29363434005	110.42640422041	109.836039121609	94.6107618670601	127.099858311919	121.165217964599	0	0	0	0	211.828520121493	201.843801297349	248.595968869591	206.968001692128	292.431764529165	226.121856471962	135.722324373809	330.255999253419
580.052	0	0	0	0	0	0	1458.51869472647	4.72171698916568	-7.9061196176578	3.15570764664277	-12.8562288187677	2.35309474760028	-12.8886979300616	-14.934689066373	-3.05059060332256	-1.9831975297365	1.83715236634645	8.41514077783254	13.141184281364	-4.11720219689821	14.8575459486247	7.85692857218111	9.35089580678676	21.0060670273477	24.8863827885085	19.1251968669958	18.5872607679503	20.084199646734	22.2243353622677	22.723458233509	32.9747652754767	25.0625619731648	37.6721828274727	33.9628480005327	38.2950402734055	48.1538085005926	39.0692784222127	55.2512934778958	67.7380506838757	60.0900239242911	62.5647474532795	41.013854006034	59.7571854097792	73.7707695231789	70.015389100986	78.4354039275073	63.1674868841346	72.2939496908365	82.4803492877167	73.612560225417	81.2010006557564	86.8939871199653	83.4133575575691	86.3511116909797	99.233900925803	97.9270566958334	96.4432086095984	103.723559051941	102.413574073842	98.8713432813495	0	0	0	0	321.15765010017	178.41349517128	182.208007603714	198.649178512392	264.549233327607	186.740923515596	298.999152961416	218.591110806294	178.822599853016
583.389	0	0	0	0	0	0	173.784117857963	-11.4837788196002	20.8789942673522	27.0586259624647	20.5738670759581	19.1442660623032	22.1428753024226	34.3170184338798	14.6147978206281	11.9881220142142	18.8259538119027	7.46450325809852	23.5369321418121	24.5012056593716	0.740674477566999	26.986086378658	24.804083499796	21.3515304855091	23.6266275713698	17.3646302992768	31.0340169431204	29.1811925171	34.8771731639125	37.630138844657	23.6598912407649	41.8315071528936	38.5753152634308	47.8823745541419	45.8705606900207	48.6662921772294	57.3006437404633	49.5568713523063	52.2382629988434	63.5773806846496	64.298704231529	65.8263371502319	57.5289852573072	74.8182539011577	74.5890719454654	66.5283591292118	72.9998742123363	85.0658510409581	80.540118718701	87.0587753753451	84.0477233164646	87.898064361414	88.9088754486375	102.306366457529	94.023217122339	95.2789020203521	102.370110377785	115.572017732438	116.142907847167	119.124137350746	0	0	0	0	200.024986219438	192.381478460636	217.736143004784	258.393716411902	223.613045763812	220.123669635235	238.335766492602	289.560983756596	247.693163479867
586.726	0	0	0	0	0	738.616425437024	22.858750902129	20.7363766408334	20.1094967734165	26.210738733744	33.01480378993	17.3130507090577	35.7141953841323	20.9658377698834	6.48781221953224	24.7323477542397	23.2391733384879	18.3118227533091	7.91600589131297	31.0414746967321	31.1783500473736	21.8578983068513	15.3198696215045	19.5592996192758	15.8668086869382	21.5605064133645	27.8913699700065	27.9511283163613	27.3382060810646	32.6358864680345	38.4091710328456	29.0912431904884	37.4136633815191	41.4138915505911	48.5692288597972	55.9220977033974	54.9920510998145	56.5542360222263	68.0347114031076	70.3459219920103	58.2185314487113	71.622899000554	70.1279405230944	55.5667125559011	69.2572278172816	66.6672495368075	68.3772695033628	75.0162539580713	95.2640980650981	80.8133104142731	65.0014601727752	77.9419521066958	82.6911085301675	72.64966429371	84.1246481870162	91.864955394052	104.520645921094	118.424930171356	100.140373632442	121.481712148796	0	0	0	0	140.741298184796	180.499827398125	211.109707447169	202.843442953202	255.499884341257	261.302964454965	320.324837125509	268.520590138186	180.326542642369
590.063	0	0	0	0	1406.70976838088	31.7028608923792	-22.2969990526302	-14.7988158228607	-3.23321181255242	-25.0695582422127	-15.6841437204021	-18.5428669554331	-3.30240349245012	-20.0846309260658	-7.52539740716368	-0.465224552036784	-9.60979491951537	8.31284125675901	9.2250127114289	1.58993538180953	4.14456986132577	6.69724915823931	18.505351569141	8.54219255251579	5.19208632500216	5.69361359437472	20.7569739023527	20.8570297050807	17.6402977500713	10.9642416475429	18.8247803031399	31.7971743506506	26.4333513439919	38.8041051628017	35.7356099401063	32.3448475588101	40.5290522133227	34.0642251943845	38.5575207956327	49.2561013090486	47.8865427465127	43.8653359934452	42.9295089155475	54.4327456617495	41.1956974644088	46.3362404819859	47.9373483890717	54.8544825448514	53.9197870293354	60.6233368802388	71.043606256907	72.6247797513166	65.0686414817267	58.2375540909446	75.1589843472947	59.999151007273	80.2963838325065	67.4564815161981	75.2270579063858	0	0	0	0	252.680097638395	115.61177117456	118.886015959198	130.163137812434	123.658302342798	147.06906336472	142.704101803201	193.849034840978	86.5082964212118	165.836557213058
593.4	0	0	0	0	218.074093187218	13.11930007387	20.3950929019221	6.05800125020143	14.4528981022583	11.9662216382341	12.7420435110151	15.1736011272097	6.61160742501291	15.8947640591555	11.6449473914603	-17.0563350157549	5.47483017342234	10.614614785891	16.064298660308	1.96427220151601	9.87019071552183	2.08458279119487	19.790565345634	10.5832262209879	26.4312320458586	15.2050726912259	19.4273365479985	20.4082722097419	22.5516852754638	26.7272102125686	30.1172552546804	28.4727916368354	29.7850511286784	32.6973039460343	34.9024524373256	34.8578366649751	46.468543793069	38.5208858502117	40.7079033705986	37.0109167199916	48.7997245952609	48.4422367491829	56.9409864952997	42.4873934112877	56.3041534912694	59.0974756312669	61.6232363646562	68.0506333488547	65.1305584824947	61.546761246631	71.800740719673	67.9523722958638	66.0578075895616	73.4500841258668	74.5534517120069	75.4213462298422	87.3207531788727	96.5679889167372	74.3118722136291	0	0	0	0	177.896496250001	129.329654930897	145.105851355186	149.065020602576	161.790471648682	185.300591874061	171.062931956058	236.794103054915	169.867181908013	168.310148337843
596.738	0	0	0	640.860063457801	8.46298274784451	18.5769795944369	-38.735312953799	0.0302493889934151	-12.0276942209291	1.34338783756827	1.87092262591919	1.19199722374981	1.71716136472071	11.3932144106416	7.23451091564451	20.2464380022002	19.3538332926235	15.7702351865616	15.0980883058046	26.3951168422129	4.25126900088128	24.0304650499244	20.6362731571648	25.6344572975817	19.4067007799325	16.417204188689	18.9699611073922	13.6996007363998	15.7427315972055	21.8521798505078	26.9166289947458	25.4787405341353	24.1026030994564	21.2348640994682	34.5931491777174	33.9134935126694	25.9485320647675	47.0277888783149	44.5428156829129	56.6442163770477	54.326382704201	49.3245471471957	47.3592431767706	40.816770648776	51.6821062239102	67.6306312025263	54.8100186806262	53.4019444149372	68.4912718155512	62.4420811275197	56.2178963035956	63.9891115642311	63.5027946016373	74.7302790334249	70.4707913145639	74.2282784805691	66.1721734825417	69.7674296075418	93.4652459400398	0	0	0	0	121.227732384362	131.996992664974	149.532914299607	175.591165246095	143.259778726611	212.659453143909	120.226916326499	233.682603463117	144.128116866366	189.416017503678
600.076	0	0	1443.84592809973	30.7005149759648	7.01096446353611	-6.04254320065623	15.3001637497123	-16.1920534822339	6.11347263803229	3.84796319317726	25.2264175607254	25.9778521616194	37.4695125476952	24.7758263980534	15.7202373878251	13.0208161070819	10.0304294037171	16.0026335862029	5.25544938848574	25.917391262248	15.3454098875293	12.1433968407802	17.9504407402649	13.5741038246774	13.047040630348	18.328366100143	21.9146454650582	22.1853023678822	22.5814439146684	24.669238945654	28.3500309127322	26.9497069630657	38.8795497679988	33.7715431745371	28.7817134070015	36.3280548988178	37.9956624350736	42.9444296101019	42.7332826063269	58.2461812269524	35.83739816377	53.9211747302947	42.3253700032681	46.3151121247506	44.7070591698111	49.6554200720706	44.4941616722717	66.8905041286995	69.1730437256379	50.835885387898	59.1447590179094	51.0416872247212	67.6703424533487	77.004601146201	49.4421029247554	71.2186474926428	77.184497638273	70.4526448718936	0	0	0	0	222.71342569166	114.302426984118	134.093859388916	122.536774512644	151.200714866287	190.956337540143	183.38180777055	156.956296197976	104.760357951927	163.385623294316	218.914397573327
603.415	0	0	244.587902259083	5.83009718235938	-6.98443981560381	1.51958199055129	5.16778885578681	32.6549839117518	6.91634596544977	2.66357322585344	1.2654878049605	2.47827711219202	-4.06518150113539	-24.9662298268483	-3.67942328228936	-2.06046387899841	-16.8696249132535	2.30575612898404	3.99654065945502	5.05603012099945	17.8878574330992	7.78477272317736	-10.2559840718224	17.2030111250403	5.10449132507505	14.8798441112928	6.24530283942416	13.8821519224492	19.2614532080179	20.4861486646566	18.053464635418	10.9840230195568	19.9307739778064	29.5059443256902	29.9753276457157	35.6604047748441	31.9161329237754	33.2808908335942	40.2255093125084	23.2595077700366	38.9037561693949	39.9860436320743	33.9881834403259	49.5218553978709	43.3799813434694	38.8999279715456	49.8334617757711	47.4492504828441	52.7085873573763	60.7383124267849	49.5357269767886	50.8575515527465	57.8824242617833	59.1900213649049	55.2985040653779	54.1632205036124	61.968572237301	52.0349788967952	0	0	0	0	114.818315396198	105.363107499869	88.6936241072624	106.512587512346	140.578436806174	110.472027594856	131.016499204016	118.173921249972	189.382514592454	144.672107382454	162.551479472691
606.753	0	617.551696633528	3.58776100553036	-32.0386410140529	-5.47525369468553	-15.1941626626996	-2.92244915793938	-8.50785522109744	0.698559152443771	2.01364449853681	-15.2855781695847	-18.9572075465107	-2.31219084993383	8.88530868849076	11.6791461966024	-4.50049735211473	6.26719010855303	6.93329332882608	7.09472256468351	16.4871054744343	-0.826450444205336	21.6307492026935	15.3240856201744	2.9218244080391	6.96572461041193	9.13686689890183	19.914897200453	18.0046071312829	16.1441593155962	20.3114228264336	13.5795394849887	27.775866353735	22.819263701499	15.2783017237956	17.8993324955412	31.2425322077674	19.5395489048153	18.4698129923483	22.8398243493594	36.6881062413082	48.5513257456109	21.0094831009321	39.8783903524251	47.1603583251825	29.8978943114803	31.3257477950371	39.9638410463454	50.7018284355248	50.624654629276	52.7135337773565	60.1121879687358	44.7297451659664	53.2906507617539	62.0124499714495	57.8851073551787	57.1835111875765	46.5898229803184	53.9278430889119	0	0	0	0	95.8012804931727	95.3536323414398	104.238197647289	90.5248307101332	99.9981544650654	117.320128130081	105.168400846776	106.763452195596	149.734383938828	125.071076336078	193.861744727851
610.092	1189.61170249096	52.1899656022331	19.2562078660635	-10.7435313872902	6.29818673610196	48.0895413126197	8.81583043770033	9.95463793006429	-23.4515516093165	5.30705390871765	5.73220907124005	26.3507906479332	-12.2975358086651	-7.77948011790864	-1.58045384490367	9.12827406126097	-6.32555109692134	5.09908116968098	6.19907196942893	3.75832940013074	15.5012317442893	9.6925280810218	5.15855151197974	15.8218709564338	19.9741678824174	21.2287725317368	13.6808880717764	11.4632501417929	15.319229038523	12.0009903883447	17.6564918169022	9.93805408299405	17.4928214412405	23.7962717601159	20.5140465627327	28.7433320411221	37.8325764916025	28.2884852755481	43.3091486349251	26.8430128501099	36.3208234332009	32.3932673696145	40.3467442348625	38.4092706405343	39.8637153478308	41.3511849572319	48.2256697981793	35.7750651732824	52.6592178919979	54.7604254620802	38.4952190788531	53.8506459611051	53.7321426895038	45.7734908103058	50.9974381867226	59.2779613868379	63.3197496818464	0	0	0	0	194.487021988458	82.8517850744804	94.5482418994844	91.0045436380216	120.491420635316	109.548373875646	144.047774034203	127.889915744101	146.173762525775	84.9775301834641	179.712382072499	159.445039312233
613.431	239.925952554925	67.3228471167274	24.7017604167628	16.4867221278578	26.0815363054726	-1.50103007438617	12.5485390805225	11.4057026184798	22.0637074889189	10.6231042774393	31.9246235137425	12.2534997725477	36.1978307214807	35.0628078819792	44.6129199669439	27.9113572424495	24.2267461903961	15.2738386966596	20.3942201005732	35.1478632626483	21.9339914390368	29.5469829429614	28.1631822391484	15.2243361365219	26.708303227785	20.2392537495636	17.5274856431372	19.9695389903447	23.3652886146081	24.7398740595995	27.8852099829087	26.9898203416171	40.9397413630881	33.5284653909895	31.0547635186786	25.8031505627546	41.1531649800064	32.7457255103381	37.1687262316994	57.0131313417239	49.4200811972847	44.8261221985862	43.5681294087915	45.8057187273186	53.4299580511737	48.33798946752	50.3310775047521	51.7219078840261	60.8407099558918	54.1018622686754	53.1671201547029	55.3080837028173	68.5113284354869	55.8300166588348	58.5829538908751	60.7888735129733	77.7986793605246	0	0	0	0	131.801496951998	86.727962785157	97.4290043294515	107.412296723916	110.580187499958	146.586429020375	161.387733208775	178.911543526336	154.032192726821	170.47686062934	213.506984469389	290.674406422779
616.77	6.92483523152399	4.72165031477266	44.4643001430018	-10.8442561460449	-21.5719325760752	-21.685453617913	20.9404032284446	-25.261157160719	-0.016780759546502	-19.5302555499236	9.03580082859845	-11.1807487796163	-9.51120731893979	-17.5460645387225	-5.38894906049547	1.52426286060294	-26.5225470467308	6.57519670100408	5.3753802639537	2.50054234658918	-2.50877404294834	2.25037489894967	-4.02318000779231	2.66506828350622	5.44886785436171	-0.492492358354274	12.2724827239215	11.8056181025887	7.49645195878943	10.2450717271771	16.3271052058361	14.8195558000903	15.1463663632853	9.90995042059834	19.8093679875546	20.9404312211804	27.3820359132967	19.4261727497084	22.1296242183253	12.4485384171244	30.7338370942567	28.0697400953734	32.0409792854865	19.4676944999929	43.496868756834	32.8030736012676	35.5346602222449	31.1596504314454	45.3190024962735	35.679628952305	35.6072451870758	36.6509530436067	40.0017225578618	49.1013538291466	38.908940888848	42.7748184765279	43.2281213413618	0	0	0	0	54.8067662038183	35.7962065574164	65.3342106205774	85.9827919365392	88.2505637665128	95.1928171756763	91.3648302906936	76.21281208159	110.352929444672	49.6180431565301	78.2126499136263	114.487409548674
620.109	2.4436976013833	-17.5293488298224	-14.2159085147781	-6.21143976697012	-51.2026176139912	-3.76097384902126	-15.6855527471911	11.5261073868225	-6.91448209509845	-2.48522197674623	-28.6844164637951	-9.1654501308795	16.034377408228	-15.3318688420384	-26.5834160082367	5.69724378379909	-7.89869184464241	1.72764324427502	3.26182421046515	-8.00817283181465	-13.0426958152851	3.6894289490461	9.77522413866333	10.9479386811691	9.33194718138681	11.1161737473433	10.0405548734952	12.1062185215285	10.1208233366989	11.8154724261873	17.8912108886742	19.2556271428863	15.8659097404758	9.34726111497576	18.3731361199525	27.3740369107526	16.003050797708	15.4189857716645	33.4526522948259	33.9255188823337	36.3148614831468	26.7315329764689	45.7659051734688	58.9598897794943	17.3967097812639	35.5591931029507	49.960337910123	35.204591722946	34.3920310216244	49.0199715021181	54.5418300668959	45.8328414993644	48.8355944235369	48.8378696437381	49.7772616194608	55.8201691322641	0	0	0	0	177.180096918432	68.9569942835271	64.4420788141569	99.1392878543229	72.8105820339222	92.8023521403564	163.596312528129	134.292019412283	98.5129276328238	12.5042857960924	76.7549845165704	167.243424100082	20.3742494328807
