Sample - Blank	600	595	590	585	580	575	570	565	560	555	550	545	540	535	530	525	520	515	510	505	500	495	490	485	480	475	470	465	460	455	450	445	440	435	430	425	420	415	410	405	400	395	390	385	380	375	370	365	360	355	350	345	340	335	330	325	320	315	310	305	300	295	290	285	280	275	270	265	260	255	250	245	240
nm																																																																									
213.328	0	0	0	0	0	0	0	0	0	0	0	0	0	0	0	0	0	0	0	0	0	0	0	0	0	0	0	0	0	0	0	0	0	0	0	0	0	0	0	0	0	0	0	0	0	0	0	0	0	0	0	0	0	0	0	0	0	0	0	0	0	0	0	0	0	0	0	0	0	0	0	0	0
216.504	0	0	0	0	0	0	0	0	0	0	0	0	0	0	0	0	0	0	0	0	0	0	0	0	0	0	0	0	0	0	0	0	0	0	0	0	0	0	0	0	0	0	0	0	0	0	0	0	0	0	0	0	0	0	0	0	0	0	0	0	0	0	0	0	0	0	0	0	0	0	0	0	0
219.682	0	0	0	0	0	0	0	0	0	0	0	0	0	0	0	0	0	0	0	0	0	0	0	0	0	0	0	0	0	0	0	0	0	0	0	0	0	0	0	0	0	0	0	0	0	0	0	0	0	0	0	0	0	0	0	0	0	0	0	0	0	0	0	0	0	0	0	0	0	0	0	0	0
222.862	0	0	0	0	0	0	0	0	0	0	0	0	0	0	0	0	0	0	0	0	0	0	0	0	0	0	0	0	0	0	0	0	0	0	0	0	0	0	0	0	0	0	0	0	0	0	0	0	0	0	0	0	0	0	0	0	0	0	0	0	0	0	0	0	0	0	0	0	0	0	0	0	0
226.045	0	0	0	0	0	0	0	0	0	0	0	0	0	0	0	0	0	0	0	0	0	0	0	0	0	0	0	0	0	0	0	0	0	0	0	0	0	0	0	0	0	0	0	0	0	0	0	0	0	0	0	0	0	0	0	0	0	0	0	0	0	0	0	0	0	0	0	0	0	0	0	0	0
229.23	0	0	0	0	0	0	0	0	0	0	0	0	0	0	0	0	0	0	0	0	0	0	0	0	0	0	0	0	0	0	0	0	0	0	0	0	0	0	0	0	0	0	0	0	0	0	0	0	0	0	0	0	0	0	0	0	0	0	0	0	0	0	0	0	0	0	0	0	0	0	0	0	0
232.417	0	0	0	0	0	0	0	0	0	0	0	0	0	0	0	0	0	0	0	0	0	0	0	0	0	0	0	0	0	0	0	0	0	0	0	0	0	0	0	0	0	0	0	0	0	0	0	0	0	0	0	0	0	0	0	0	0	0	0	0	0	0	0	0	0	0	0	0	0	0	0	0	0
235.607	0	0	0	0	0	0	0	0	0	0	0	0	0	0	0	0	0	0	0	0	0	0	0	0	0	0	0	0	0	0	0	0	0	0	0	0	0	0	0	0	0	0	0	0	0	0	0	0	0	0	0	0	0	0	0	0	0	0	0	0	0	0	0	0	0	0	0	0	0	0	0	0	0
238.799	0	0	0	0	0	0	0	0	0	0	0	0	0	0	0	0	0	0	0	0	0	0	0	0	0	0	0	0	0	0	0	0	0	0	0	0	0	0	0	0	0	0	0	0	0	0	0	0	0	0	0	0	0	0	0	0	0	0	0	0	0	0	0	0	0	0	0	0	0	0	0	0	0
241.993	0	0	0	0	0	0	0	0	0	0	0	0	0	0	0	0	0	0	0	0	0	0	0	0	0	0	0	0	0	0	0	0	0	0	0	0	0	0	0	0	0	0	0	0	0	0	0	0	0	0	0	0	0	0	0	0	0	0	0	0	0	0	0	0	0	0	0	0	0	0	0	0	0
245.19	0	0	0	0	0	0	0	0	0	0	0	0	0	0	0	0	0	0	0	0	0	0	0	0	0	0	0	0	0	0	0	0	0	0	0	0	0	0	0	0	0	0	0	0	0	0	0	0	0	0	0	0	0	0	0	0	0	0	0	0	0	0	0	0	0	0	0	0	0	0	0	0	0
248.388	0	0	0	0	0	0	0	0	0	0	0	0	0	0	0	0	0	0	0	0	0	0	0	0	0	0	0	0	0	0	0	0	0	0	0	0	0	0	0	0	0	0	0	0	0	0	0	0	0	0	0	0	0	0	0	0	0	0	0	0	0	0	0	0	0	0	0	0	0	0	0	0	0
251.589	0	0	0	0	0	0	0	0	0	0	0	0	0	0	0	0	0	0	0	0	0	0	0	0	0	0	0	0	0	0	0	0	0	0	0	0	0	0	0	0	0	0	0	0	0	0	0	0	0	0	0	0	0	0	0	0	0	0	0	0	0	0	0	0	0	0	0	0	0	0	0	0	1206.2177500204
254.793	0	0	0	0	0	0	0	0	0	0	0	0	0	0	0	0	0	0	0	0	0	0	0	0	0	0	0	0	0	0	0	0	0	0	0	0	0	0	0	0	0	0	0	0	0	0	0	0	0	0	0	0	0	0	0	0	0	0	0	0	0	0	0	0	0	0	0	0	0	0	0	0	-115.894654536104
257.998	0	0	0	0	0	0	0	0	0	0	0	0	0	0	0	0	0	0	0	0	0	0	0	0	0	0	0	0	0	0	0	0	0	0	0	0	0	0	0	0	0	0	0	0	0	0	0	0	0	0	0	0	0	0	0	0	0	0	0	0	0	0	0	0	0	0	0	0	0	0	0	538.124485359205	90.9533703665153
261.205	0	0	0	0	0	0	0	0	0	0	0	0	0	0	0	0	0	0	0	0	0	0	0	0	0	0	0	0	0	0	0	0	0	0	0	0	0	0	0	0	0	0	0	0	0	0	0	0	0	0	0	0	0	0	0	0	0	0	0	0	0	0	0	0	0	0	0	0	0	0	2725.06117788463	-24.4628756958461	-400.534162474595
264.415	0	0	0	0	0	0	0	0	0	0	0	0	0	0	0	0	0	0	0	0	0	0	0	0	0	0	0	0	0	0	0	0	0	0	0	0	0	0	0	0	0	0	0	0	0	0	0	0	0	0	0	0	0	0	0	0	0	0	0	0	0	0	0	0	0	0	0	0	0	0	199.278537809579	48.6951792700197	-350.487553612663
267.627	0	0	0	0	0	0	0	0	0	0	0	0	0	0	0	0	0	0	0	0	0	0	0	0	0	0	0	0	0	0	0	0	0	0	0	0	0	0	0	0	0	0	0	0	0	0	0	0	0	0	0	0	0	0	0	0	0	0	0	0	0	0	0	0	0	0	0	0	0	1195.26735547242	3.8056230108853	-182.024453934207	-530.918172284886
270.841	0	0	0	0	0	0	0	0	0	0	0	0	0	0	0	0	0	0	0	0	0	0	0	0	0	0	0	0	0	0	0	0	0	0	0	0	0	0	0	0	0	0	0	0	0	0	0	0	0	0	0	0	0	0	0	0	0	0	0	0	0	0	0	0	0	0	0	0	4180.20533205131	73.0863223713778	77.8303612050182	-299.412208404418	-231.536349528155
274.057	0	0	0	0	0	0	0	0	0	0	0	0	0	0	0	0	0	0	0	0	0	0	0	0	0	0	0	0	0	0	0	0	0	0	0	0	0	0	0	0	0	0	0	0	0	0	0	0	0	0	0	0	0	0	0	0	0	0	0	0	0	0	0	0	0	0	0	0	435.757113106168	34.5646495698585	30.1365072011042	-174.543761305382	-160.785084286036
277.275	0	0	0	0	0	0	0	0	0	0	0	0	0	0	0	0	0	0	0	0	0	0	0	0	0	0	0	0	0	0	0	0	0	0	0	0	0	0	0	0	0	0	0	0	0	0	0	0	0	0	0	0	0	0	0	0	0	0	0	0	0	0	0	0	0	0	0	1921.08567703701	49.457060160685	6.90637283214647	-117.730622990998	-316.482682359974	-227.530644474418
280.496	0	0	0	0	0	0	0	0	0	0	0	0	0	0	0	0	0	0	0	0	0	0	0	0	0	0	0	0	0	0	0	0	0	0	0	0	0	0	0	0	0	0	0	0	0	0	0	0	0	0	0	0	0	0	0	0	0	0	0	0	0	0	0	0	0	0	4845.0211875626	206.489047102588	126.917003317963	103.341665329045	-163.691960515	155.537466230376	68.0124466188888
283.718	0	0	0	0	0	0	0	0	0	0	0	0	0	0	0	0	0	0	0	0	0	0	0	0	0	0	0	0	0	0	0	0	0	0	0	0	0	0	0	0	0	0	0	0	0	0	0	0	0	0	0	0	0	0	0	0	0	0	0	0	0	0	0	0	0	0	669.694435161973	151.370794683499	107.936909593866	-4.33421264842034	-111.26800273648	29.5498745555335	300.338480170631
286.942	0	0	0	0	0	0	0	0	0	0	0	0	0	0	0	0	0	0	0	0	0	0	0	0	0	0	0	0	0	0	0	0	0	0	0	0	0	0	0	0	0	0	0	0	0	0	0	0	0	0	0	0	0	0	0	0	0	0	0	0	0	0	0	0	0	2082.78550970041	128.950075262405	107.193531477996	10.5340198882725	-233.665363999981	-130.906680853282	16.7437573270199	-81.2887198342041
290.169	0	0	0	0	0	0	0	0	0	0	0	0	0	0	0	0	0	0	0	0	0	0	0	0	0	0	0	0	0	0	0	0	0	0	0	0	0	0	0	0	0	0	0	0	0	0	0	0	0	0	0	0	0	0	0	0	0	0	0	0	0	0	0	0	4650.1212813068	233.336978760799	212.571205566313	171.337955234597	134.881834931809	-71.0013711553656	150.673713229346	71.9453139077672	214.145204209765
293.397	0	0	0	0	0	0	0	0	0	0	0	0	0	0	0	0	0	0	0	0	0	0	0	0	0	0	0	0	0	0	0	0	0	0	0	0	0	0	0	0	0	0	0	0	0	0	0	0	0	0	0	0	0	0	0	0	0	0	0	0	0	0	0	0	752.903159436988	242.852912748107	247.498582954896	124.356113485496	57.4796845520659	78.6051207448363	40.004205415796	268.773810405322	-48.8970829289107
296.628	0	0	0	0	0	0	0	0	0	0	0	0	0	0	0	0	0	0	0	0	0	0	0	0	0	0	0	0	0	0	0	0	0	0	0	0	0	0	0	0	0	0	0	0	0	0	0	0	0	0	0	0	0	0	0	0	0	0	0	0	0	0	0	2459.51086388735	260.155756890551	318.630383088327	352.845796334092	246.399343027701	107.046446514192	215.509442186709	321.073572174017	290.058752915029	299.169779647187
299.86	0	0	0	0	0	0	0	0	0	0	0	0	0	0	0	0	0	0	0	0	0	0	0	0	0	0	0	0	0	0	0	0	0	0	0	0	0	0	0	0	0	0	0	0	0	0	0	0	0	0	0	0	0	0	0	0	0	0	0	0	0	0	0	315.257155515477	324.880428536263	311.234567602017	293.22177544169	218.848747283292	287.381334660801	256.916668594222	154.154212978721	237.136703662322	209.422687811877
303.095	0	0	0	0	0	0	0	0	0	0	0	0	0	0	0	0	0	0	0	0	0	0	0	0	0	0	0	0	0	0	0	0	0	0	0	0	0	0	0	0	0	0	0	0	0	0	0	0	0	0	0	0	0	0	0	0	0	0	0	0	0	0	1101.4210378666	279.628026981082	364.770453858143	423.529740015015	332.976864712462	301.624483656952	372.624797011089	289.2028077009	383.034765753591	226.720239066709	407.487661934158
306.331	0	0	0	0	0	0	0	0	0	0	0	0	0	0	0	0	0	0	0	0	0	0	0	0	0	0	0	0	0	0	0	0	0	0	0	0	0	0	0	0	0	0	0	0	0	0	0	0	0	0	0	0	0	0	0	0	0	0	0	0	0	2894.4067410807	175.943321988321	330.817186624602	424.65565155914	474.223607865297	402.771766892403	421.937756618773	346.03733898105	278.420286520711	278.918090736252	321.498251038193	431.367792274616
309.569	0	0	0	0	0	0	0	0	0	0	0	0	0	0	0	0	0	0	0	0	0	0	0	0	0	0	0	0	0	0	0	0	0	0	0	0	0	0	0	0	0	0	0	0	0	0	0	0	0	0	0	0	0	0	0	0	0	0	0	0	0	311.063094016336	180.200341956551	336.687097205344	452.454433957154	448.450751681089	419.265245658071	422.124737536023	393.736380053473	380.82851154361	269.8837935229	312.377964854219	418.672741008684
312.81	0	0	0	0	0	0	0	0	0	0	0	0	0	0	0	0	0	0	0	0	0	0	0	0	0	0	0	0	0	0	0	0	0	0	0	0	0	0	0	0	0	0	0	0	0	0	0	0	0	0	0	0	0	0	0	0	0	0	0	0	1148.39038895429	129.266189038629	219.510418897757	355.150182495076	473.616277527054	434.800250521612	460.85626245315	439.01048841935	353.72434587286	330.599905523588	287.093822756269	282.957221253972	158.779746696828
316.052	0	0	0	0	0	0	0	0	0	0	0	0	0	0	0	0	0	0	0	0	0	0	0	0	0	0	0	0	0	0	0	0	0	0	0	0	0	0	0	0	0	0	0	0	0	0	0	0	0	0	0	0	0	0	0	0	0	0	0	2793.31546832346	140.768678979306	161.605281750489	251.322364302169	435.193497830543	530.018953618378	559.229805021125	563.518473412594	522.013816773863	454.169822716124	401.953169791291	329.44104353263	371.996348050526	410.282140364543
319.296	0	0	0	0	0	0	0	0	0	0	0	0	0	0	0	0	0	0	0	0	0	0	0	0	0	0	0	0	0	0	0	0	0	0	0	0	0	0	0	0	0	0	0	0	0	0	0	0	0	0	0	0	0	0	0	0	0	0	0	449.582952598964	185.541096593722	265.851053211498	384.140840528443	513.377848197012	555.909926972642	611.346464908417	659.578469979352	599.710976558103	462.726990417652	471.766554193243	516.807647662743	483.833782637847	479.268895157237
322.542	0	0	0	0	0	0	0	0	0	0	0	0	0	0	0	0	0	0	0	0	0	0	0	0	0	0	0	0	0	0	0	0	0	0	0	0	0	0	0	0	0	0	0	0	0	0	0	0	0	0	0	0	0	0	0	0	0	0	1382.15806108417	214.330039908775	244.715824700926	328.33496326848	400.075926728656	565.149454453402	627.44873471817	696.222922203171	650.730336281844	570.927124282471	494.845082935697	435.648084272688	432.59927121866	427.850281321426	380.221287942635
325.79	0	0	0	0	0	0	0	0	0	0	0	0	0	0	0	0	0	0	0	0	0	0	0	0	0	0	0	0	0	0	0	0	0	0	0	0	0	0	0	0	0	0	0	0	0	0	0	0	0	0	0	0	0	0	0	0	0	2838.3708995363	244.751539271917	227.22536025839	343.882929286768	390.974443105091	491.150728543107	561.671470524007	700.238923125798	687.001795299661	690.668638801657	564.402739928284	554.576589818191	482.695254032492	483.782939292092	473.216808831531	439.521390484006
329.039	0	0	0	0	0	0	0	0	0	0	0	0	0	0	0	0	0	0	0	0	0	0	0	0	0	0	0	0	0	0	0	0	0	0	0	0	0	0	0	0	0	0	0	0	0	0	0	0	0	0	0	0	0	0	0	0	0	510.379329960428	200.693810505411	270.793275863816	343.343119520848	467.91348892723	521.483141426082	637.714133686718	766.898170258334	757.868059462716	712.596432907498	628.691757590576	598.382597307213	498.966875284907	474.418899312364	555.902304012081	636.782635247579
332.291	0	0	0	0	0	0	0	0	0	0	0	0	0	0	0	0	0	0	0	0	0	0	0	0	0	0	0	0	0	0	0	0	0	0	0	0	0	0	0	0	0	0	0	0	0	0	0	0	0	0	0	0	0	0	0	0	1344.74218610003	115.856330568096	222.532999461705	319.41438632089	407.996813329202	499.710356511076	594.039941983098	683.729094051903	741.772453440054	728.935876418574	690.507469696496	620.949572569212	490.81393317043	465.987637316488	435.26504455357	321.584412664813	489.472758871468
335.544	0	0	0	0	0	0	0	0	0	0	0	0	0	0	0	0	0	0	0	0	0	0	0	0	0	0	0	0	0	0	0	0	0	0	0	0	0	0	0	0	0	0	0	0	0	0	0	0	0	0	0	0	0	0	0	2595.6984742969	133.502854502112	138.955335934742	276.410940158442	377.301872490061	474.893631854968	557.036080059044	630.018786926598	736.707996918087	787.123694838221	781.04665791976	758.770821900723	674.421303415008	641.042538002664	550.235545043224	548.787781184174	602.346049583147	718.455635862269
338.799	0	0	0	0	0	0	0	0	0	0	0	0	0	0	0	0	0	0	0	0	0	0	0	0	0	0	0	0	0	0	0	0	0	0	0	0	0	0	0	0	0	0	0	0	0	0	0	0	0	0	0	0	0	0	0	488.571142243714	101.193882873627	198.60347337759	330.190203475062	427.097730847836	548.189333497635	605.389996763369	712.12677447322	810.483259627497	812.108782262894	849.255552205887	730.570009387155	693.967256250054	669.025638545441	686.025361482642	674.758183984145	693.12437243182	994.471339536212
342.056	0	0	0	0	0	0	0	0	0	0	0	0	0	0	0	0	0	0	0	0	0	0	0	0	0	0	0	0	0	0	0	0	0	0	0	0	0	0	0	0	0	0	0	0	0	0	0	0	0	0	0	0	0	0	1329.40576310134	77.0607981359073	121.751361552822	213.070843610119	360.487383093573	437.955056094092	559.208158106517	653.874237194709	741.146149432265	812.556915352035	848.403523767988	789.347932249964	779.731650850736	705.477297870463	634.172744369846	538.570742833863	676.732380661413	687.34583711748	790.207362009958
345.315	0	0	0	0	0	0	0	0	0	0	0	0	0	0	0	0	0	0	0	0	0	0	0	0	0	0	0	0	0	0	0	0	0	0	0	0	0	0	0	0	0	0	0	0	0	0	0	0	0	0	0	0	0	2737.21371232191	118.778350262048	88.2232921739101	139.358845011828	230.116074707232	378.980244710955	452.316713722462	557.261399041696	664.752780415165	735.418412056473	820.443496767874	771.11269257012	705.099812175259	693.682903497939	703.848823853258	604.233512432282	549.924125222968	448.041240517411	532.929645507306	849.707359980503
348.575	0	0	0	0	0	0	0	0	0	0	0	0	0	0	0	0	0	0	0	0	0	0	0	0	0	0	0	0	0	0	0	0	0	0	0	0	0	0	0	0	0	0	0	0	0	0	0	0	0	0	0	0	0	517.609925950524	75.2239272143684	103.884963786545	166.948976302223	253.940686568557	393.038078355783	470.616392710508	619.493774533661	670.408967166779	745.306557609348	810.053854983359	782.549791685785	713.270875100145	664.382437475454	620.202916512853	547.093432383923	479.366857454927	469.364693448086	469.313966580509	553.047998185459
351.838	0	0	0	0	0	0	0	0	0	0	0	0	0	0	0	0	0	0	0	0	0	0	0	0	0	0	0	0	0	0	0	0	0	0	0	0	0	0	0	0	0	0	0	0	0	0	0	0	0	0	0	0	1394.45144996968	88.4021428222832	106.009255419221	157.180438028217	190.850646790404	302.653492773599	454.466820883387	533.433328132604	647.493618632674	751.365559823451	753.613495836965	789.870433843755	797.354386207689	751.512352092912	717.966658123421	661.073376240562	614.110333553317	603.506078337936	489.219914426077	605.676345415324	1018.67846987842
355.101	0	0	0	0	0	0	0	0	0	0	0	0	0	0	0	0	0	0	0	0	0	0	0	0	0	0	0	0	0	0	0	0	0	0	0	0	0	0	0	0	0	0	0	0	0	0	0	0	0	0	0	2438.134722293	155.72103529662	76.4057056839869	135.548303020771	189.171448549482	255.102510248931	370.447446107231	500.368756898594	570.6733485321	691.988209627974	744.960801452665	792.376387305843	824.068068188068	766.260818487932	766.924531972392	673.054398655098	640.550856854668	587.2629410645	572.932077306044	681.401476888447	773.956975968742	705.863445384871
358.367	0	0	0	0	0	0	0	0	0	0	0	0	0	0	0	0	0	0	0	0	0	0	0	0	0	0	0	0	0	0	0	0	0	0	0	0	0	0	0	0	0	0	0	0	0	0	0	0	0	0	0	489.60413727168	82.5753970077962	122.799299250975	152.351870117191	246.905585983112	296.778079099286	402.400993780582	523.317153472258	656.374117480379	696.315126954134	789.976383577062	776.53686180475	795.861781745653	784.158736144839	762.636518015646	698.217069336376	716.32154416241	583.539390800787	558.293112890861	673.20591888029	792.169932739842	1003.27076388428
361.634	0	0	0	0	0	0	0	0	0	0	0	0	0	0	0	0	0	0	0	0	0	0	0	0	0	0	0	0	0	0	0	0	0	0	0	0	0	0	0	0	0	0	0	0	0	0	0	0	0	0	1228.1229553636	37.14812630665	76.3502765487378	117.676026581762	187.111198714966	257.45838515388	350.670966157812	438.839118646197	513.848381445402	645.494599858676	719.168137219421	744.600316344745	719.72853527323	725.132515894936	725.825664240861	704.661640206517	615.455653802884	591.87867415498	700.955973958947	560.582039615294	574.26636921775	619.4891741576	743.78503684583
364.903	0	0	0	0	0	0	0	0	0	0	0	0	0	0	0	0	0	0	0	0	0	0	0	0	0	0	0	0	0	0	0	0	0	0	0	0	0	0	0	0	0	0	0	0	0	0	0	0	0	0	163.497512680669	82.5924219074014	125.157075437794	179.21445926429	249.094707704588	326.396855953162	386.719285378305	505.241477616997	629.504233033212	709.337041522517	737.866847878752	808.053213518976	806.747405213539	864.571733272806	805.042593685874	761.851607023817	762.872327167664	767.211965420777	704.24845162077	680.26636515977	800.219268878459	961.355426613399	1175.38777293972
368.174	0	0	0	0	0	0	0	0	0	0	0	0	0	0	0	0	0	0	0	0	0	0	0	0	0	0	0	0	0	0	0	0	0	0	0	0	0	0	0	0	0	0	0	0	0	0	0	0	0	505.766741340143	42.8393634931831	93.5925365330522	137.864311314686	182.452301472527	272.06453982304	357.523707324106	402.718581986233	526.954029814136	619.619048319511	709.120690676472	730.180789984	773.760231948019	769.1298980111	756.380583280176	762.549585443972	689.599532052569	690.698481315995	611.233740477225	635.638162182493	677.339980401	725.916011291495	820.471286709427	840.846829746085
371.446	0	0	0	0	0	0	0	0	0	0	0	0	0	0	0	0	0	0	0	0	0	0	0	0	0	0	0	0	0	0	0	0	0	0	0	0	0	0	0	0	0	0	0	0	0	0	0	0	1277.91960747793	74.8700086368043	62.0807405256551	97.7701891941424	139.689479253584	225.85876778164	316.432982112299	383.52679609075	460.258060635837	562.379321985632	689.363542085006	717.373814524749	781.837538444901	780.707069718841	775.986798538735	772.621446404215	751.387319403241	702.525489696688	700.465850872771	673.094791617016	678.575937931137	694.198843978998	773.845563701576	809.662868955571	834.722746962081
374.719	0	0	0	0	0	0	0	0	0	0	0	0	0	0	0	0	0	0	0	0	0	0	0	0	0	0	0	0	0	0	0	0	0	0	0	0	0	0	0	0	0	0	0	0	0	0	0	0	166.078950416977	71.9520243540118	96.5508091838966	135.936589601167	191.965779983561	276.903762889496	341.186110919243	428.154881190629	506.183309445831	610.660904965631	712.888592987743	763.479685985861	818.834602046761	815.983493291867	803.858487059015	765.965304054451	772.039010946138	767.987146446389	758.598614943	745.949696578599	707.57972424053	714.525022820433	854.289416536269	789.862146031852	1160.01705941807
377.995	0	0	0	0	0	0	0	0	0	0	0	0	0	0	0	0	0	0	0	0	0	0	0	0	0	0	0	0	0	0	0	0	0	0	0	0	0	0	0	0	0	0	0	0	0	0	0	556.753022646486	77.1083907275386	91.6996159380433	123.597888420768	180.420328560948	213.953338305846	299.565874915274	402.787223175824	472.159964869604	575.929648204533	690.344373720238	762.863405369266	808.739848795238	839.15055796803	854.072789798698	828.65940525069	827.175758862949	795.940156682018	764.604304021296	772.824960867365	753.91167246799	875.983452072678	836.166160988193	906.696826693134	1038.98447613532	1403.74545960416
381.272	0	0	0	0	0	0	0	0	0	0	0	0	0	0	0	0	0	0	0	0	0	0	0	0	0	0	0	0	0	0	0	0	0	0	0	0	0	0	0	0	0	0	0	0	0	0	1281.23565611377	69.2694330305729	59.2933605764301	105.273655159985	157.769548510637	204.179727274119	249.179854820463	321.148342579518	405.356294259711	482.824456985631	571.693169964802	668.774871958984	773.422654292398	784.027870711467	838.404808437213	851.178359875082	795.442189085551	790.82285199775	752.944112725078	712.21266070911	764.129558615189	749.351165199339	725.526844665275	927.749529304313	950.250299547701	973.236375691812	1119.38463354894
384.55	0	0	0	0	0	0	0	0	0	0	0	0	0	0	0	0	0	0	0	0	0	0	0	0	0	0	0	0	0	0	0	0	0	0	0	0	0	0	0	0	0	0	0	0	0	0	160.136480390532	48.2111108623149	82.9575347505297	96.4661175907522	147.196420781933	195.021461813083	272.955122481036	336.816809513888	424.745228481987	507.188237041738	616.086331378616	716.607986530711	757.212669848922	802.952625620769	817.337279448284	781.042616868663	818.203345618302	781.164574445147	760.246259073422	712.393440594602	719.718200735083	674.685386411396	785.569586016893	836.113921595237	881.910923935106	1034.11402038529	992.382753676243
387.83	0	0	0	0	0	0	0	0	0	0	0	0	0	0	0	0	0	0	0	0	0	0	0	0	0	0	0	0	0	0	0	0	0	0	0	0	0	0	0	0	0	0	0	0	0	617.981638198018	62.8864278618335	76.7945696156768	111.318579762357	157.950013326672	194.909423859522	248.212462639725	329.687187289408	385.873362058438	463.048651751997	544.697143488803	638.599323956655	725.647117752377	789.638124556744	821.8133412209	854.058826013669	838.559616494089	815.094906954655	804.597884575333	782.325951722944	779.236916454498	819.071591405368	827.745962447172	851.887401802449	923.874060882676	1048.22298902283	1111.36703390492	1292.09893393999
391.112	0	0	0	0	0	0	0	0	0	0	0	0	0	0	0	0	0	0	0	0	0	0	0	0	0	0	0	0	0	0	0	0	0	0	0	0	0	0	0	0	0	0	0	0	1861.64651334387	55.6002999408297	65.224351762835	84.0619632762831	126.116601216416	164.359488240683	212.260114039197	277.099575768352	306.559069666805	411.081563068276	481.061388503297	578.574967535399	646.168095045634	695.477634515225	800.287560294834	809.247484294288	838.184784916116	817.655938917151	792.987781915432	766.763980856889	750.767544273676	745.036517960993	717.55542090769	778.523175100538	816.062431346863	901.034640774629	887.554839015724	1059.57646281598	1363.79381674128
394.395	0	0	0	0	0	0	0	0	0	0	0	0	0	0	0	0	0	0	0	0	0	0	0	0	0	0	0	0	0	0	0	0	0	0	0	0	0	0	0	0	0	0	0	0	273.412009799582	64.8571704015283	78.2257655787939	103.234996089333	156.733056257872	204.153520519501	252.04047958503	321.937977548835	381.332485264601	439.588918830347	532.659255081298	587.945515544504	691.943759110619	733.264778127579	801.707030376038	824.843395663759	867.248216459255	852.343706848831	813.605191377458	774.647677209374	817.390828668982	782.827921696116	794.575141862899	896.040184986717	875.525648922246	931.447573547241	1189.94339814551	1277.28984467096	1270.50129921816
397.679	0	0	0	0	0	0	0	0	0	0	0	0	0	0	0	0	0	0	0	0	0	0	0	0	0	0	0	0	0	0	0	0	0	0	0	0	0	0	0	0	0	0	0	1079.71175682916	38.495230372781	55.5255013217058	72.9440433015842	114.164733597443	156.863773290099	199.334582518026	272.868184992163	317.200547529347	372.251806096157	447.390782156916	502.648665921962	592.655506156012	645.587811298221	707.583906751084	798.131845666866	810.086971123973	802.706228010092	797.272255331755	776.24127698472	791.631749727275	754.407976571423	780.985066746043	740.667268600419	733.243570698788	843.432678109465	881.158218507305	1014.89234563516	1155.46070575653	1284.56097137246
400.965	0	0	0	0	0	0	0	0	0	0	0	0	0	0	0	0	0	0	0	0	0	0	0	0	0	0	0	0	0	0	0	0	0	0	0	0	0	0	0	0	0	0	1841.99671625095	26.3730515237522	53.3099033858652	59.4769532846518	83.3872213423414	121.4548512336	175.342076915157	242.286659590323	272.526424125506	319.042979211926	398.865078237993	457.911668592008	518.783784584972	604.437981266631	676.471177347905	708.608871498113	771.478444179552	810.7407866623	792.243218674764	780.26780525721	723.448350183706	763.530385237152	750.162790333067	724.247241142722	741.435380843015	767.024404312504	840.55323989042	930.152099343227	959.644143719655	1078.21821010474	1106.37513261617
404.253	0	0	0	0	0	0	0	0	0	0	0	0	0	0	0	0	0	0	0	0	0	0	0	0	0	0	0	0	0	0	0	0	0	0	0	0	0	0	0	0	0	0	254.483438642745	62.6225626614666	65.0817385383635	72.278356011088	120.587621958084	171.923458083325	197.735272609232	272.946030443905	326.976570633288	375.83841931473	462.624025528153	515.39050130619	575.385330948471	623.733862410185	676.190741952197	733.660498766034	805.783041254855	825.15912485623	827.763084582652	824.895993583693	803.752973627871	775.400884748848	789.121863420102	794.73763055127	784.401371990448	879.055180629843	963.620813675862	1077.24527560929	1225.64193252249	1211.92484127287	1511.32976189887
407.542	0	0	0	0	0	0	0	0	0	0	0	0	0	0	0	0	0	0	0	0	0	0	0	0	0	0	0	0	0	0	0	0	0	0	0	0	0	0	0	0	0	705.717370003403	28.7010242449531	48.5521599774584	64.2084514856977	94.8526467821996	118.28428901895	166.453046639653	227.285454454005	285.790830930106	319.466407832737	369.078734419312	448.781867418045	505.531680684084	568.102158246261	634.287062864448	684.374942375429	723.939025625165	754.235972416807	789.586131351427	791.084111454281	770.731540423222	758.342067040481	767.439155624364	748.514207751576	758.542395387794	768.935704556078	869.862734207369	927.395339883461	1090.20601440475	1118.30747519262	1120.44923884468	1351.92324353341
410.832	0	0	0	0	0	0	0	0	0	0	0	0	0	0	0	0	0	0	0	0	0	0	0	0	0	0	0	0	0	0	0	0	0	0	0	0	0	0	0	0	1475.81660525727	58.2051937153958	58.7639742287277	63.7422329888369	88.6272373366706	120.349820486071	146.455997756788	214.979199389328	253.394037098812	343.93149885374	351.875569138622	415.151640449027	488.358849939797	521.794187090958	589.259346470569	635.127252046656	692.430012094436	751.641594282554	780.898303928795	799.666617095748	815.735118994245	795.874101163944	772.20268204688	797.583512135663	779.038400132207	787.694822187277	850.87128720564	898.769121810883	998.696143751972	1030.20244055427	1310.42924357043	1343.36811164132	1479.66459797023
414.124	0	0	0	0	0	0	0	0	0	0	0	0	0	0	0	0	0	0	0	0	0	0	0	0	0	0	0	0	0	0	0	0	0	0	0	0	0	0	0	0	242.084899655561	41.7243961853924	58.3133073767655	77.1586359455507	87.703948274584	131.889457817648	163.769809690213	205.680713433017	275.136978039802	318.886210804483	370.466269101399	421.498331746023	464.736216703308	528.176686916462	573.66121619239	646.16384141399	684.537700070617	723.386852292746	754.358222667638	740.41192522593	757.151007635903	755.21270496675	728.810256284358	740.976179403028	759.727243579877	781.081497052209	802.061437789223	877.360513424093	944.400690216081	1079.55809664859	1112.15377113965	1351.95279645783	1449.62986734428
417.417	0	0	0	0	0	0	0	0	0	0	0	0	0	0	0	0	0	0	0	0	0	0	0	0	0	0	0	0	0	0	0	0	0	0	0	0	0	0	0	675.518309121655	39.7892983399642	47.6590755701204	87.6933207404357	62.8643632299835	111.743563886506	137.84464456527	177.01501600202	248.146835969422	286.117065076992	349.388035566246	394.364111202563	439.493683695036	476.641769448673	530.174460635898	589.914116993386	635.610972867697	669.013922107488	704.756753120881	746.723063241206	764.226991568899	762.07588871742	752.775890973652	723.431694128828	768.369973459317	743.317097212052	769.043105564329	854.815568707356	855.104896066146	948.922855590412	1021.59820863481	1126.02316597019	1267.89677276578	1349.96026021659
420.711	0	0	0	0	0	0	0	0	0	0	0	0	0	0	0	0	0	0	0	0	0	0	0	0	0	0	0	0	0	0	0	0	0	0	0	0	0	0	1298.07198940322	54.1906986254364	42.0189558487973	60.3468237884714	65.4460747237331	103.264007607633	113.677399383576	152.583755417304	190.954139822426	239.339276026722	297.649907227096	340.346881703929	418.000034518203	453.078340727361	506.491073779066	550.147992651112	584.786825963456	629.24973614283	677.952839306768	686.532040413619	717.139620408171	736.651726524001	754.171202480161	725.21956910523	726.169513630815	708.532231007714	738.318208918902	782.294902776386	834.733321455761	879.831269572374	912.717539925091	1070.58003478144	1141.39018630757	1157.58893073799	1391.14719450554
424.007	0	0	0	0	0	0	0	0	0	0	0	0	0	0	0	0	0	0	0	0	0	0	0	0	0	0	0	0	0	0	0	0	0	0	0	0	0	0	240.496567369115	38.3499866923299	57.7411311381601	60.4858539586981	68.4694050029601	107.264402506999	132.586606655802	167.529925255981	206.682370426079	257.458726611614	328.105731033108	366.785707316006	416.048552709479	455.366709285403	490.825138138423	526.503381354489	592.762093982692	627.739910274706	652.984541648209	675.031891523382	708.579712829427	729.792964592746	712.873733856692	712.179362301463	720.730845129827	746.523621184728	733.692588481015	773.435724649821	806.449491558177	872.06516373629	1016.06836436921	1098.48233098664	1221.30950198065	1305.20291451467	1455.37101300379
427.304	0	0	0	0	0	0	0	0	0	0	0	0	0	0	0	0	0	0	0	0	0	0	0	0	0	0	0	0	0	0	0	0	0	0	0	0	0	586.272905110278	41.4308530109154	36.5424050046311	49.0363433552423	69.1024283927103	101.985519707317	110.243023322651	130.065911487908	181.865596974477	229.568368715311	283.118118091766	325.175534234507	397.972143488122	418.098613375175	452.232430221452	518.04532323697	540.793755882745	580.894937376612	616.1852877603	635.776944102502	670.868792165997	699.631002758123	685.177963630284	700.836429758461	686.906528640035	679.247290729022	685.919912844362	740.334859616431	751.813050299928	801.604069491354	868.969800838067	960.882492240954	1032.82768026721	1235.85283971202	1203.06334547162	1278.36764441323
430.602	0	0	0	0	0	0	0	0	0	0	0	0	0	0	0	0	0	0	0	0	0	0	0	0	0	0	0	0	0	0	0	0	0	0	0	0	1144.60048682985	46.0973865668697	19.1873991109522	24.0647778657178	56.0665915837374	80.429810896403	85.9642018915023	125.703196304528	151.80839183187	181.142800620316	228.831708462586	261.758404589756	333.26326993988	384.229448455217	435.972585317127	460.325577975967	494.283204400945	536.539548114376	582.068744323051	624.455448725942	643.292844813488	639.794139369923	657.366270353426	690.389787199418	683.47346626015	677.222619213509	671.875168364562	694.206653262169	747.979003966984	763.627484237047	804.923786238491	859.97554188715	982.662464604789	1059.97036286601	1181.60307682752	1195.64344136598	1249.22379811046
433.902	0	0	0	0	0	0	0	0	0	0	0	0	0	0	0	0	0	0	0	0	0	0	0	0	0	0	0	0	0	0	0	0	0	0	0	0	229.698681807349	30.0458794286032	57.4847519237375	66.9950012698445	80.8992599152879	103.708015783702	109.049777924747	152.96407192451	169.507458585941	212.970434415063	243.183379189561	294.861523892185	371.919577037745	398.872122505968	441.74706374425	473.517003706248	502.011359821885	536.557743657715	568.661556865887	604.496279880363	612.879487379915	635.881201142972	665.828671150896	672.210586936873	671.051554701107	668.576056282438	687.947091095533	692.836042842871	714.539177482468	738.911675057647	853.415284699367	940.014496222526	976.866113116673	1106.91441891238	1290.02377845908	1311.09380025084	1317.95690739203
437.202	0	0	0	0	0	0	0	0	0	0	0	0	0	0	0	0	0	0	0	0	0	0	0	0	0	0	0	0	0	0	0	0	0	0	0	493.3907588348	10.7823279778361	32.8948076452146	21.5082177038428	39.5603007670639	55.4686198690879	81.8449507236872	110.856200008982	143.217927282431	179.118708214594	208.733823396527	255.816224618299	287.931446200243	344.323130074455	392.764630996759	438.363892968591	465.003939087185	501.823822604472	554.453317536733	560.042018815261	589.661896426358	610.842406442811	629.183632627809	642.04839891689	643.670095727798	643.696815911666	652.639073269392	637.632143162274	654.05074249481	683.662686643788	723.387597179485	798.317638388936	886.853527822716	998.484745538001	1082.62404569803	1101.38080775782	1204.56656795094	1307.06351200918
440.505	0	0	0	0	0	0	0	0	0	0	0	0	0	0	0	0	0	0	0	0	0	0	0	0	0	0	0	0	0	0	0	0	0	0	947.773932463692	42.8620250003885	34.986005863466	33.0639285526352	53.1593862751395	65.7650052106061	82.2923254975024	105.276087795504	133.972621198144	165.666934382639	180.740060574749	222.290327666211	269.44866975334	302.130871984596	355.64066347768	411.705137835505	431.177367385161	474.542762545562	500.440856369773	508.639523908072	563.337752047337	580.329900507845	587.93504292244	619.71702706127	635.163789539708	644.511907643609	646.649975025989	638.056910138816	642.345926473266	651.397010381896	691.836321328908	729.271551390539	781.72009636372	879.044004755925	969.819200685821	1107.03232135154	1136.13048401829	1175.85815470358	1281.79147296651
443.808	0	0	0	0	0	0	0	0	0	0	0	0	0	0	0	0	0	0	0	0	0	0	0	0	0	0	0	0	0	0	0	0	0	0	166.85807889444	35.6865648590467	50.5616705755467	48.0513961493301	63.8375096949772	79.3731875990375	108.496925576517	137.526436911959	158.969723241748	191.095263777245	220.592492985686	234.623940534157	279.949927817123	317.262841753586	374.455898042926	402.984900101278	459.254081947168	467.733813199111	509.707562589092	552.203294556537	551.253670471112	585.784848928134	578.311243121082	600.918445632063	614.670536274982	627.585360723309	633.929380560171	632.453135521427	631.514934996933	645.563396361314	741.501314828477	744.233014478323	806.610307226616	900.193640753719	1039.66436178298	1140.09202677302	1162.11213489911	1271.31514299421	1407.62658873186
447.112	0	0	0	0	0	0	0	0	0	0	0	0	0	0	0	0	0	0	0	0	0	0	0	0	0	0	0	0	0	0	0	0	0	488.158878552576	28.1785107810665	27.143709696517	39.8723205319387	53.3000101880522	61.8317716386832	95.4500837426088	97.3425590086351	132.458610188656	140.422940411911	188.95009792781	218.852002591314	239.607323014934	286.764568637025	321.9271610782	373.716770162577	414.609224205681	432.174802387924	455.434212394372	492.760837551064	510.067026174322	542.771797401699	537.406192297334	577.819581582763	600.074118522343	602.803644407607	596.34503021608	611.476482228428	605.775402769423	628.201664480975	662.508455739241	664.508537980362	752.909341421269	811.306169556574	888.515760535578	1042.47602063513	1107.51703700909	1136.5438854606	1156.61417744349	1269.10394490792
450.418	0	0	0	0	0	0	0	0	0	0	0	0	0	0	0	0	0	0	0	0	0	0	0	0	0	0	0	0	0	0	0	0	1025.86214994102	40.5447838358017	21.646413453498	35.8571808810755	32.8705180119343	58.0060498178791	68.6872394539246	94.687393274927	119.632036237798	119.125852199746	145.005564324691	180.158319076882	210.969620034824	235.778205952256	286.305733571498	318.92170283385	363.64822930515	413.499971176799	435.217982804089	459.707376478758	487.047593723887	509.352759458758	522.047776094927	525.015067570058	547.374869849467	561.558585080686	581.410192701181	593.841137443803	576.069829679091	581.205611323937	604.437025550373	608.47623144339	671.114184974515	710.57534075023	805.834131908862	908.166020995618	1004.85250018529	1097.27362870462	1147.16898095803	1192.08434838261	1247.63546523971
453.725	0	0	0	0	0	0	0	0	0	0	0	0	0	0	0	0	0	0	0	0	0	0	0	0	0	0	0	0	0	0	0	0	187.230882775787	19.9941306836428	23.9722643690598	36.8651660006992	53.691849818655	54.2079955990901	81.2661117648745	89.6593725879737	105.101733337011	132.953532096343	154.143352175184	181.038183451618	213.263625128326	243.162445810077	276.974422806365	299.450249243046	367.103251773908	397.251278841131	414.812511094195	448.460758366581	464.058681819673	479.52537038567	496.716783690884	521.639512021631	528.647153770972	549.84624433926	539.502402686095	551.826927849542	551.669996140749	559.103735549569	556.261483773699	592.648519371301	631.252015146875	679.136906839294	728.09370288971	885.643519058641	1010.74681348444	1008.97924661309	1016.24418600403	1183.58620199951	1183.46378434459
457.033	0	0	0	0	0	0	0	0	0	0	0	0	0	0	0	0	0	0	0	0	0	0	0	0	0	0	0	0	0	0	0	401.260844357196	20.0843748124651	41.4421775818156	32.4922345645803	40.1694092329183	56.7734058214693	74.556314598448	97.815151606795	126.068040927689	133.802164066297	147.057929800953	191.214395288119	193.807528800328	220.562812517936	263.361998042365	282.533956363131	325.650162710475	374.320918031315	394.755684890687	422.819400744413	445.87828084951	470.794878227012	478.001626810963	510.047901138394	518.77046590351	533.741158635225	536.989930671373	530.781400324224	551.846800026705	560.37018166448	579.132786791749	578.20434832247	604.403531593905	652.849776709531	685.181412692263	809.78005208143	858.425210901569	965.916863756542	1004.86970880681	1110.73682075433	1275.08927425957	1250.80268615185
460.342	0	0	0	0	0	0	0	0	0	0	0	0	0	0	0	0	0	0	0	0	0	0	0	0	0	0	0	0	0	0	864.681217160529	44.4080281093984	21.7651092830828	25.081662330748	34.7312400509583	59.2732065209263	67.9632389226806	83.9911532736198	101.639163233909	98.0202223393112	153.445382695416	173.541105971063	187.978529600467	216.239007813672	230.859387420615	256.584618913575	290.611001048742	339.45076783541	364.816361329137	386.935788221737	401.590379629856	431.235251474905	436.965627380977	455.855860617099	478.77874230831	513.483236412365	517.350343252036	498.93997822448	512.976788393952	534.924827967629	536.838948893423	527.016714613172	566.947097529479	591.891977114835	623.499533333778	680.27760307567	750.935024710945	863.530158344241	946.500073766382	1012.43998276512	1025.47283609539	1134.72186931331	0
463.652	0	0	0	0	0	0	0	0	0	0	0	0	0	0	0	0	0	0	0	0	0	0	0	0	0	0	0	0	0	0	159.060696599047	17.9540942617926	17.9699039994192	31.9129273539747	47.4072298666166	49.6078128865515	64.5009590824096	89.6331013331679	97.6914207845394	113.346365457931	149.057142806508	168.976032499687	190.067035121473	207.932428754383	231.34759596366	271.461321641634	278.868533443124	309.525533795198	361.248518246	376.350492610808	397.716256530448	412.131224611488	421.580389920208	458.465821445877	479.348821697272	477.775912288727	498.084426282859	508.694880253347	507.311296143303	504.611467221724	509.818560745031	528.501473958991	525.964589222033	566.71618214555	624.670540691763	665.064347364161	740.741230014499	845.499165282875	928.091656753719	979.098291210595	1117.42090044182	1131.08067824028	0
466.964	0	0	0	0	0	0	0	0	0	0	0	0	0	0	0	0	0	0	0	0	0	0	0	0	0	0	0	0	0	667.428331821275	15.9821990429803	15.7194551307738	35.2565369412063	33.7212262002552	40.0485155466582	60.8555012263978	70.1276250149236	105.092757787621	111.710685217007	134.368095855709	144.191001840714	185.775885148327	180.394154990728	216.087727332008	238.211287090921	259.758614064449	294.974281837733	318.376463130967	349.604178661191	364.612434679284	379.667482004307	412.723830431023	424.513872471749	443.007046660327	462.254520053945	452.342335528078	465.671697900391	472.707048390683	477.329594395777	504.404689575106	494.429553851512	487.845122909375	526.571802817546	541.372623235388	606.480203767722	677.556699652633	742.47664577481	853.156672758801	867.870812509159	975.19137515755	1022.93536410869	1015.97660171225	0
470.276	0	0	0	0	0	0	0	0	0	0	0	0	0	0	0	0	0	0	0	0	0	0	0	0	0	0	0	0	956.005014807564	39.2968670629814	9.78836530799718	11.7460310531943	12.9410559011181	15.3499870445548	43.8412136580984	33.7388702685029	66.0823368131764	81.9397856236488	111.371699215196	107.694618357935	135.1529034839	136.61585995256	177.796087265668	203.334581807694	213.757452757691	246.193429767308	256.844623547158	288.896110386494	334.495902826805	344.462998825198	359.020171563846	379.446210784231	371.462443848689	404.659838301438	416.912568900797	431.728106005082	425.675147456035	422.964600246857	453.156914218706	463.452939335581	472.975382816009	471.58585010205	471.248118741101	518.915397801621	538.171323628711	608.387927760099	677.625868023051	742.107800766402	862.512712830427	957.529298721489	860.060528624714	0	0
473.59	0	0	0	0	0	0	0	0	0	0	0	0	0	0	0	0	0	0	0	0	0	0	0	0	0	0	0	0	132.741628246016	18.0109866603192	23.2063705801533	24.6927158586978	33.9688871761972	48.3370279265168	62.3224777032974	69.366774772106	87.0241666156247	102.953941561698	127.857375180678	143.764784591282	137.32980334119	178.32221928561	201.718071233592	218.771708561519	216.578682334429	259.94072643526	267.037163695477	307.698125200159	324.17115579892	357.135009964434	364.504021676427	391.051860724178	399.860000609782	406.512040821724	422.465178184011	420.159230419239	424.448197038489	434.075803464251	456.22065581531	447.24952672992	459.68462715401	504.307370568469	484.484381074737	548.674873536943	588.079437343697	610.731701730931	717.950304959472	777.013809851416	849.212096428286	934.213888768155	968.659624575273	0	0
476.904	0	0	0	0	0	0	0	0	0	0	0	0	0	0	0	0	0	0	0	0	0	0	0	0	0	0	0	236.448970545395	10.2147963738002	8.88702447585415	14.0839006367699	17.2395349438802	30.893863578677	36.7320677065226	50.5363487062667	65.1580877395702	75.7457050605502	87.2628286169715	102.958109272192	125.858364831233	157.092882250155	171.004692277388	182.033192404914	212.110017018467	218.269161802217	240.398036353432	252.490090756343	280.535744276383	304.469843074118	333.344190394785	349.424071304963	350.910689453836	357.076327484485	384.763836827309	394.240526159437	421.216281246451	410.825817700823	412.795662295384	423.073121573032	444.232598299149	430.346195873011	440.746357413284	466.636479066731	496.874534667867	538.35416075883	603.515439952673	635.834653417076	749.087877934208	786.476257870735	812.276957552801	866.374656159261	0	0
480.22	0	0	0	0	0	0	0	0	0	0	0	0	0	0	0	0	0	0	0	0	0	0	0	0	0	0	449.067256378895	16.8002400134238	18.6464724018507	14.3651684247625	28.6830344394977	31.9696619188602	37.3723429030256	41.2800103283372	52.301062711982	77.4532597032575	89.4715415952068	103.62301670264	136.923646399312	143.652286943158	155.132665701047	177.174037767708	195.568757255806	198.942639780108	231.934039151361	227.948863584929	257.32443210708	281.248539831779	313.18492349879	336.649601566299	346.903925523099	347.595794741296	350.482800139016	372.004319864566	374.195066001417	378.262371742157	389.437207729527	402.133555641873	421.343832916506	416.732958588156	426.126220790803	437.463719800544	456.954411956086	499.138781240123	537.424509045107	577.942332963652	703.630508574744	749.805093770117	772.491005411976	774.047336188296	0	0	0
483.536	0	0	0	0	0	0	0	0	0	0	0	0	0	0	0	0	0	0	0	0	0	0	0	0	0	0	66.1125053146414	5.01371863521005	12.6352978430508	17.7409576873469	15.7188689863268	18.000892106653	33.2341479199397	39.7207107694932	46.1303827782347	69.9020254533059	83.7903808338788	97.4207852875061	96.1190828605094	119.198583784435	143.233561989153	158.509968536119	176.0451540559	196.184678174131	215.168751272445	222.802621640531	249.072523491644	277.98529833099	289.117745794297	304.740530310308	314.310850364661	329.291920620067	341.636777852189	365.415217498667	352.266095431241	362.233661492981	362.913395370047	381.211824154687	385.612985049911	399.849355530877	401.260227348925	417.910482335111	430.549160906757	453.086442885529	495.49285470083	575.969172950534	591.293885757898	697.348173718599	734.122786413644	790.38186231281	0	0	0
486.853	0	0	0	0	0	0	0	0	0	0	0	0	0	0	0	0	0	0	0	0	0	0	0	0	0	215.111722250076	2.40904484081923	7.44042573039458	11.8166860225282	12.9521584110216	23.077006461592	25.3222710662372	40.7698546757102	45.0554217341914	71.9284393569303	68.3609406126377	84.9547764665294	97.9542787354753	123.87630785049	154.842333589024	150.043233970754	156.596335887891	173.889405597488	198.937833765034	200.313032490077	228.766468326314	246.281321717601	262.802619595806	305.711014224297	311.413741217253	317.68835265473	331.740055044841	329.675233603201	337.289061008449	349.718589223252	364.559803791949	372.179236830414	379.595092578559	388.621815109374	387.111530152667	392.644666858781	403.447009391992	432.648432372678	465.387954763513	499.478925165551	578.838525554025	633.677464523056	658.915152417013	794.171774882785	714.987812524063	0	0	0
490.172	0	0	0	0	0	0	0	0	0	0	0	0	0	0	0	0	0	0	0	0	0	0	0	0	490.016731219274	17.0868527400572	22.1844989549044	22.2257504995913	18.0183741739037	25.1232826199033	25.0429423883706	34.8142770431286	45.8930708773026	52.431400858341	63.0786609597827	87.6507875433423	112.591554890913	104.059565753749	123.703120091704	137.461255513794	158.352416554518	180.189084146106	190.633498055174	192.554727882277	210.523777503448	231.745032718427	227.740575825708	268.19139290233	282.470782227526	307.741702881345	309.738717604298	315.772259226229	333.184444951834	334.804445351484	348.031770058705	353.366540933465	346.069771510602	353.933931828637	368.352235676842	406.260404819173	392.413778989515	414.978459636618	410.645732364836	453.551705222142	486.956037613967	543.329101360035	627.906046083486	730.499798744713	720.875533713968	0	0	0	0
493.491	0	0	0	0	0	0	0	0	0	0	0	0	0	0	0	0	0	0	0	0	0	0	0	0	73.2529169677498	8.64699011130737	11.1619394637522	11.5672408451722	24.2902820986234	29.8958045036556	29.8167479273646	31.9589724172757	62.7437614434213	55.3441281165437	75.94153979672	74.1669454017907	100.951770220642	104.218672533265	136.61914355903	138.645465601917	162.499060812421	176.349690126872	177.665952715821	193.889788103995	210.839586951959	218.160686317296	239.432727798647	262.610782722189	272.742058225707	300.945857982002	282.797202775367	303.230136856715	308.488532115836	321.992356857561	335.440423109705	349.596886910424	354.235045735121	364.073872945316	375.160793656088	366.665829698735	396.851629223829	391.825568130353	413.746733111513	436.304529630278	461.64970788127	545.101667061791	613.699706903983	652.556726076629	729.223568797315	0	0	0	0
496.811	0	0	0	0	0	0	0	0	0	0	0	0	0	0	0	0	0	0	0	0	0	0	0	285.996511136088	15.3835974479067	16.6283015834201	21.5243657969543	23.5082138020387	24.1276731851794	32.7941278421036	43.6821323234335	38.3008628234007	54.5621775377144	67.6094360826177	73.5796862627445	88.6988257595905	120.754836220782	132.808099733646	138.894379535823	152.699203321033	165.05735786509	167.744744532861	199.332595843206	204.306249428532	225.194331384503	219.618625838469	230.244398986957	251.660347185665	272.713263425156	284.15480836445	292.089219066076	299.941867046248	309.564292537168	325.523386983927	319.997182205381	321.047724422519	330.355543762803	342.399998133722	344.300524062139	381.131278767444	358.66110033846	402.100993197458	404.995324831321	437.644151082605	470.5091320501	547.072190989368	584.737730127297	681.447870263649	716.085943535462	0	0	0	0
500.132	0	0	0	0	0	0	0	0	0	0	0	0	0	0	0	0	0	0	0	0	0	0	516.730194818886	15.0901829610513	7.93293702228584	11.3074704421644	4.5288240647865	17.9409187718605	17.4920402750128	29.338388956517	36.2943821288504	41.09871219943	53.7080259812187	49.6691106725466	74.7753618297794	79.8226017426307	86.6994773819635	99.1325513905978	111.021866054757	131.98880046251	161.444928921872	147.734860855875	163.371306341272	179.594054663978	184.007304760389	196.449564565533	214.824945115197	231.592561965718	245.756888071568	264.843738410262	269.351446911578	267.047217058864	274.562915387351	294.727083046862	293.999740710983	303.793336905113	304.751008635019	320.529849396963	318.581721379678	318.475488353335	342.197051621863	351.820195452851	353.552134709221	409.465457687572	426.576306324791	490.619601882588	527.827776668947	600.814329305271	0	0	0	0	730.758024472142
503.454	0	0	0	0	0	0	0	0	0	0	0	0	0	0	0	0	0	0	0	0	0	0	95.9286242453996	15.9792940704417	17.6241852569231	17.960354928318	14.6774031705783	22.5640773744526	27.8458070693542	36.4032079606032	47.2781549724209	44.3529949095876	60.247498393551	76.2546300645741	83.1571137473219	106.977778013736	109.508315102876	125.527066199187	137.547776272677	148.089845478204	154.034455772204	158.989066963958	182.442432568488	178.674458001524	206.751016955411	212.624479791345	208.783971537695	223.917620374809	245.618053745965	257.904805338888	258.583196501416	286.012598075065	276.045682925014	277.870919653456	290.385551613975	296.568879502328	295.184960877877	302.542711493075	316.648636713218	332.254130245	345.099335104576	350.877572329388	365.627753764071	394.169222658283	451.635324613721	498.532862237134	545.035762934577	638.768247183841	0	0	0	0	760.127319482315
506.777	0	0	0	0	0	0	0	0	0	0	0	0	0	0	0	0	0	0	0	0	0	250.907294905261	13.4901844029615	8.93086444260929	17.6599093946011	9.93501946605255	27.4396217791014	20.4979552147974	31.3970743341615	34.7710945461958	41.6726035004082	54.84944783127	56.5895913630134	59.1744255619574	76.8545043593349	92.217272872309	95.9486763470152	111.028079042173	124.789072497806	111.108594805255	151.213969292577	167.296990844867	164.685284577401	173.055540936787	199.373428263042	199.11660938992	211.794251822302	219.735896784832	241.710548813799	240.831301129565	246.805537189582	251.094609565753	253.193850780661	267.944774685015	263.183870124454	279.917025458124	277.881002834009	283.613902468396	283.24431149252	300.155151799844	308.103387652472	331.943148463988	347.242973324032	384.609494215727	434.543568563705	463.502958910561	498.095328013612	594.059893320462	0	0	0	0	704.430043985294
510.101	0	0	0	0	0	0	0	0	0	0	0	0	0	0	0	0	0	0	0	0	514.452136854738	5.24403001029246	-3.85762232131329	18.9796252216916	-6.98881860265583	13.0383178963662	12.7507752106111	19.3366364495294	22.4704805363565	27.7042590421961	35.2067717805727	33.0103103654674	46.9782852466815	60.2579212835434	71.4739344446459	81.491693804565	95.5183265198566	102.049441297281	111.722276858337	126.173483881435	123.108727068001	126.162241567023	149.721817347129	150.129347387987	161.950067889823	176.82918991447	186.275678608013	187.68198974535	222.246467645253	218.155229150413	228.688369820002	230.896436232055	228.691772173375	244.478658657737	247.344347606924	247.677329803371	259.340126661447	252.188809637058	275.637283147453	283.919638769733	298.150209843155	309.183267611753	315.421903988934	354.927369263505	369.089706471254	420.733433814484	449.611698212385	0	0	0	0	685.457850450597	543.114635852386
513.425	0	0	0	0	0	0	0	0	0	0	0	0	0	0	0	0	0	0	0	0	79.7303761504626	7.59382307028096	14.2305953470402	6.75518855542391	12.1964689492453	24.3728708691466	18.311167767963	25.1634561669193	29.0520942231138	32.0132523307636	40.5861869196854	52.3337223933817	60.2214907263061	68.3595282341024	81.9923384769738	79.5237028911232	82.4120551852692	101.81920279815	112.400301844926	123.515715918982	135.163299263337	134.486350640687	145.279194233206	155.533869627522	162.329989381289	162.44508373743	175.572343642983	192.474310046412	209.985405276424	208.197907857619	221.719699846239	221.997667426805	232.19885649509	233.515311659534	247.448354727124	238.141098776305	246.596626991431	268.187388625312	260.239165118408	267.097214402755	277.797696735863	297.886974054355	307.94344069449	340.135716668493	380.528113543499	443.001759965285	460.979917832847	0	0	0	0	618.365059805463	727.828415742122
516.751	0	0	0	0	0	0	0	0	0	0	0	0	0	0	0	0	0	0	0	1888.29242334457	5.04221017940113	-4.04155642768333	3.85301062166605	7.90423847275088	15.5234698503927	18.6343973801142	20.0168125629376	27.1084454890181	26.4126252230696	27.8984356890013	44.4852198191819	43.3621546055283	59.0155121514975	57.8561849138573	74.4590893735538	77.6759863895073	76.8529779201459	98.4720005849916	115.478418621817	118.246164021337	122.290304006706	135.943959887726	136.781053037874	139.441816817858	168.76671765547	161.719541835202	163.883366732126	171.131458981323	201.136225002329	206.197975878143	205.173872087108	205.887130331399	211.903433749126	221.645912813476	229.07183293959	248.184555599677	237.770516662238	260.062499335541	250.24335105892	259.476174705313	271.256473399647	276.830365355397	308.35677059183	325.161654699922	350.640995146136	415.168875023001	432.30007187991	0	0	0	0	552.779417099419	449.955886168321
520.077	0	0	0	0	0	0	0	0	0	0	0	0	0	0	0	0	0	0	8517.86669507985	207.861136077034	-1.47388272147289	17.0846735194065	15.2875402497763	13.1168702315072	11.8302320627616	21.1276910483995	24.2338689493385	25.2818739588607	34.3916381009222	45.1550273844612	40.3878676382186	51.1063533858507	63.1716589865344	67.6925499484226	66.8905180416772	89.5234667640482	87.3103370128209	118.985235811674	117.662200208516	117.701397195847	127.886903388498	139.171947890947	151.222973565949	162.70414355913	161.219133023191	152.055820682139	169.073251435306	186.446843120794	185.586111930946	204.014121412562	202.034603200893	216.594927042096	220.155676554565	224.113377409806	219.940407173494	223.850650465712	239.747975648172	236.651123810242	245.275325314414	261.254275522121	270.960593459369	291.492567889453	319.05447959121	333.696739462641	378.375190009694	397.821462299415	0	0	0	0	660.85131103304	497.451823582298	629.251383594441
523.403	0	0	0	0	0	0	0	0	0	0	0	0	0	0	0	0	0	0	1882.21001494705	8.57017389096014	6.98346253528302	4.09367568077028	8.08617384360926	9.70284316922356	19.3451237453133	23.721498863781	23.9872206188492	29.0234870428477	31.8993343663781	32.803536244394	38.3821126331115	47.9407614730281	58.1150889689422	71.1830240956222	63.5657586520442	81.5811522444277	99.1056145859062	91.8690405528485	101.137052280257	105.578917435385	111.254327308036	121.226399587947	129.996485961087	143.050957322318	151.793818763656	145.533699541094	154.839359048238	172.861786208222	188.126120466723	194.841234481814	190.589186259538	192.891587021378	211.72337365445	210.188745465544	212.588254161828	223.154805229997	218.595058008273	225.146424005217	233.674174036857	241.105291631004	250.276477295073	260.072401409187	280.26853631827	316.823060259849	320.412930021827	384.560753738403	0	0	0	0	527.635572077089	653.666595145375	609.331486014594
526.731	0	0	0	0	0	0	0	0	0	0	0	0	0	0	0	0	0	778.465322487352	31.8347111066815	21.2058985113873	20.0129484595668	8.16445539407556	14.6083824586084	20.8069806334774	23.7951713209896	23.0179264081798	23.3234211585092	32.5894353776023	31.8668761245047	37.7636937314303	49.139863038652	52.4263999442122	61.2117910641659	70.3856808355029	77.6968343258733	85.6485213528123	93.7029807784454	106.134678060648	113.302433613789	124.54143286944	124.48095483502	124.115042061411	138.427814356397	138.539468601415	145.452736903096	157.557558799886	159.331102472721	178.595204481217	177.385133197945	191.507960644647	181.773661974744	184.739935910454	192.936595788152	198.635457630242	215.740713083734	204.358799123921	209.694913992682	222.295886218311	219.109497684407	238.056391986452	242.110541638309	268.81234826123	270.11814738458	301.559098750967	333.304509829285	352.847182147058	0	0	0	0	512.333220562236	584.784689724718	540.086441039213
530.059	0	0	0	0	0	0	0	0	0	0	0	0	0	0	0	0	661.258108202591	37.7024177096423	-2.42344642336834	-12.1596033604295	-16.1440145437621	2.29312182985588	0.512687538395801	3.65380106503906	9.61675371848079	13.3616492210114	26.9292371301534	25.5427123317367	22.224258527941	27.9857087441437	36.2232302437374	45.4238598828824	43.193653807797	41.2994555549695	58.093139366641	65.1974925878586	77.3991027339977	70.2092509278567	79.8383638793352	91.031781608193	86.8338729869417	109.185128063653	106.635764430897	138.15823016095	118.745672445482	122.081504257643	128.825548202825	137.88115425524	147.83667901032	159.358666824567	173.008928719978	155.523942224257	174.427797345158	172.769050678253	180.820246099434	179.834940324259	187.274038881899	205.430742609834	195.288061085565	208.650489282545	215.019949863617	217.632045055953	231.722812751504	247.558790045399	288.812109406651	0	0	0	0	468.925013475846	415.041906459707	274.89558099461	229.120483088346
533.388	0	0	0	0	0	0	0	0	0	0	0	0	0	0	0	0	110.721529981754	-4.12058241049823	-3.94830357152451	-4.91403705893324	-1.41564789461918	11.9459207054792	-3.8252884931908	13.5159556884699	12.4073412662435	14.7440926709236	17.7483551562524	21.8418195383384	26.5271928771814	29.0356136858254	40.356412115359	39.4106622611497	46.7185284787526	61.4127017242416	66.3819954822198	61.7608466308283	66.5647721141281	84.7929141197178	99.0564366257569	92.2481815794099	94.1834605073907	99.9661406839739	107.944855035827	114.636111256314	124.324486613008	129.785778398455	127.682243237119	134.718021943368	157.219941987891	152.942540920989	157.970520396358	153.123360860993	159.261685132813	162.284692509014	176.516995114094	181.362169457667	181.447573399382	185.873539871263	214.234220901103	195.814222205105	215.538006522541	215.330514985011	240.074883014939	263.479438512388	274.390241263549	0	0	0	0	488.27693720517	396.205414919174	423.222774539418	338.413767286283
536.717	0	0	0	0	0	0	0	0	0	0	0	0	0	0	0	724.771512403874	9.04948517071121	30.9022865716279	38.6001473853243	17.3521302492699	-2.85860222735637	29.2709581992264	20.1074528002127	13.0150088121233	15.0910414257604	30.8466670280398	27.9934048202317	32.8029331560567	31.9153435036959	43.0420897872848	34.9081823825415	57.3672833309814	55.2670273742244	57.7990842428009	68.525251914926	75.9426411411506	81.3767134171917	91.0296370477864	79.3020256831248	99.9249334328703	106.421585485477	95.6987909352336	101.426523922351	120.246099289954	116.154506592922	131.215587020494	122.707997707976	142.541743632031	138.745590788685	147.986021982041	156.185896551446	154.280097347835	163.044253337685	174.527456639708	169.059451576153	168.706712198594	177.071838226711	178.489396495806	185.897186565564	223.238075594604	194.462720908089	225.027736706784	225.736300839832	217.157867099944	289.554546581469	0	0	0	0	432.50027855544	480.049653290205	369.732584729419	445.150407525884
540.048	0	0	0	0	0	0	0	0	0	0	0	0	0	0	761.907565368116	25.9775506032455	10.0424967676089	2.92209488290045	7.57822745485084	-10.366799095784	6.84797858837063	7.0749019604848	11.2086696681826	18.2583462941698	18.7247819417305	13.9151520535093	26.790486521014	26.5669679122042	29.7039212537585	33.3382049909144	45.6339445946348	35.865120981437	32.0828187936764	55.4567945320309	67.2661484151661	67.5077091495669	71.9916294847448	69.6412721209052	87.600845911119	101.470904070062	96.5638907061199	99.2766162921184	88.2641016976449	123.692765913199	120.404150598691	119.678415945159	126.563701448583	117.358900360675	152.586995675674	137.797223238852	141.443747354396	137.519269186878	152.215901860018	154.159671918244	157.627980786612	170.438633078183	182.524517794282	162.86170652323	171.987060273242	187.432990068741	203.453127085086	200.778352096262	221.878914935707	256.517860252285	0	0	0	0	464.891694279289	393.26750722798	339.553845798965	403.527888639278	309.961400962985
543.378	0	0	0	0	0	0	0	0	0	0	0	0	0	0	102.66513290578	12.1313707781768	12.0279472423021	14.9141330488667	10.5963528184982	7.3869511121323	11.3835735035813	12.7061574732664	22.6027856858958	16.4418152930554	13.6157537245986	22.8297531490365	30.639318935103	27.5640911851944	25.7703375822359	38.0850473738766	43.3064282735388	55.3017529679088	54.8517492322052	58.6264721935684	67.6823123710914	69.1124047397293	84.5358529375759	89.7492731582302	84.7112125315222	80.5801879896591	90.020466340475	102.618260816481	122.986727599549	109.473305632948	98.3497326618248	115.529873045679	120.700616668022	131.713382492466	122.946916752442	148.551136435279	148.689826054781	157.777509807425	145.937092326993	159.327564676894	145.819729709256	150.214224242156	158.499760818868	165.683860898447	183.361484584424	172.806180557579	190.475619931797	202.371862523041	214.54007639374	234.201292387766	0	0	0	0	404.594825323369	339.309189505663	449.148898241656	336.26508337931	400.099178554152
546.71	0	0	0	0	0	0	0	0	0	0	0	0	0	785.552231999514	4.39606490644924	-8.67258607363934	-11.3580199904204	9.48628587675583	2.82978090285014	4.32059123270403	18.2365302256224	13.144616640709	4.78997601755978	14.1951635222632	23.0678846600203	17.2873640852892	17.355155573955	26.0887520572034	27.2719046030732	35.6968138553066	35.2079175522049	39.3363960481312	43.7700731595955	60.6069868165378	59.0319504014895	64.9147286137747	68.0761837775616	71.6416150990748	74.52424539827	81.2953906992016	100.841665339712	110.142599054513	87.4449682199679	101.674577131061	95.848930839508	111.393918916781	111.836204869517	107.790780038467	132.221869201851	123.229037698281	132.675999726382	131.719311373677	132.421945785372	149.528884376781	140.354491592468	153.088926470518	158.074013751863	176.379652789511	167.441120715452	174.736755892519	183.503144363449	200.029835407077	190.01031189986	224.8813675359	0	0	0	0	377.277932989518	364.613031282672	314.485161355299	427.463853492839	284.71985165644
550.042	0	0	0	0	0	0	0	0	0	0	0	0	1066.23677627955	39.5657149886902	14.9143353674737	2.38853400225614	-5.8883208523742	-2.1739693856256	-1.67628331461074	10.2931135801616	-1.87809424467536	15.028956839806	26.3843336215228	22.1993569307622	12.356155116942	15.7628794820103	18.8896897040857	21.0352135621595	28.3386740781362	35.3811125197416	43.4654674404826	44.0525084155297	40.017320175885	48.0124957553448	51.1213875337768	56.6526210959516	67.3213066058841	69.3748243459328	83.0507956526038	97.2168134873344	81.4160718567618	71.5426032437429	87.0229446016752	82.7510418934001	108.517611051211	93.4779573862404	96.9930244737384	112.191296598459	121.98515773535	127.451390291639	121.940419873531	123.196660119227	131.686527745088	131.327136823251	136.177554502845	134.988375814961	149.708551934652	153.893191725485	163.803436096436	168.877519543417	185.088359768716	190.065765563881	183.751661170743	0	0	0	0	399.339259256391	306.728315536442	350.596362396402	330.118565300195	336.214034501198	338.101540242743
553.374	0	0	0	0	0	0	0	0	0	0	0	0	117.864011345737	-7.29057052551538	-13.3789787262666	9.92418498088238	-12.637089018608	18.0998315757485	10.7104080943112	-1.57148656053949	9.28104274603586	8.67948555948131	11.552500609337	12.5366748149878	22.5870901260325	14.3443282523981	22.5889752121211	26.3725595638949	25.7833955263627	34.9961887690622	30.1752586927288	38.4588080051463	47.2079290054198	41.4317471538958	51.1796932602686	48.5850462769761	57.918555656012	56.0897135873397	69.3857738800709	65.8055151032705	82.5084991230406	79.1797310165232	73.7898579042744	92.2390184227268	86.8383178823295	87.0877821697448	100.586591473827	95.9514090715103	109.951781882594	99.9215274228666	121.060142850183	114.546311867644	121.731120641269	139.266562722338	105.756137876449	128.406791676752	128.958136282139	141.074377790134	144.384715905136	156.224130672753	133.976826986727	160.990618144108	162.275294814467	0	0	0	0	268.316596431627	261.906799732782	259.886981926546	282.407059024034	214.977378648376	319.321971731176
556.707	0	0	0	0	0	0	0	0	0	0	0	481.830421629645	-22.1720213488613	4.61036281268997	-4.44448319874159	-17.8688190009805	-3.15125024677159	12.4121955428959	18.8151704098575	5.08399007491907	28.8262688801081	-4.90374993606512	13.2917777388192	22.4700316311566	18.4479674541778	21.1401622524973	22.1900730768038	26.1483544214626	29.6568685470219	23.8965652334809	41.3017095066485	27.5135300656453	38.6749652421346	45.9431117752675	51.7047956584135	49.7310177227355	61.8658806475832	64.968144244622	76.46733779853	67.4764084481175	66.857484680236	85.0862703857376	80.3006428483992	82.1023766447556	85.8972226664096	96.5076640171202	92.97065416851	80.8380197115861	120.844248968824	124.226323925519	104.38996375508	104.097826623822	123.05121400045	120.173232272356	130.911308928016	131.629411861543	141.10700503021	121.911270604128	149.083333338192	138.509689981314	177.485083417493	152.956548869367	183.663192676922	0	0	0	0	272.430501721765	298.34630102249	322.810284991906	316.620117557399	347.62926918447	295.292403321342
560.041	0	0	0	0	0	0	0	0	0	0	921.317846280382	31.0660145203345	-9.16352726452901	15.9719014472574	1.00093429705413	7.48870676965947	-3.56458640000641	3.41940089823029	11.8438214033808	8.5978808791044	4.05495936714154	4.82366939527845	22.6635573294286	5.40071641168282	4.93717561607657	30.6771968965017	24.8656321098005	23.3084996658918	21.3398292042607	32.1272528482449	26.8924661382012	29.7513467983784	48.2520837333786	45.8851265823194	46.3244262564746	55.3143987534907	49.3593319022974	71.1405007210334	74.0559015158828	56.4385655899813	69.343363211843	74.5844821302113	85.5529230053162	77.7448438050691	85.7951926571244	80.7566933276765	89.3946749574084	99.4756944050599	99.0942270816509	103.435484006219	107.664196079025	105.38127934109	109.796776767261	114.805749049417	109.086541525778	117.603115895718	99.622729279555	122.731856445574	126.033531509807	142.453485966316	146.922551596282	150.829861709233	0	0	0	0	312.636503719114	246.053601993973	233.332209554564	322.358330832226	287.60947294198	223.129034334216	404.542581226689
563.375	0	0	0	0	0	0	0	0	0	0	94.9225214078545	-12.4692254607078	-0.0255289831847018	-6.70925161587649	17.7237322749861	4.69236185671439	-3.60446196000685	-4.28762340725447	18.4688874201231	7.05188750316826	19.6254518996239	7.61212554568996	14.2843283569558	9.21875489714397	18.696911531747	17.8400670203862	19.9162420662472	24.5349475536316	25.9195929540752	29.4996136286348	28.3691973459422	28.8273584016	38.4496820852642	37.9142862281238	43.518368258443	52.217839363487	56.6988664022927	55.1819844704501	61.7615223023696	64.4205266779765	63.3171595737923	68.3457140300073	66.3836826336309	74.4002031478273	78.2260179469521	82.2106087204258	81.0435417504305	88.8139238821726	93.896885896755	91.0124035393399	90.1884667547858	101.295104924851	97.8697667944937	106.392875653855	112.556011173405	112.379957797391	110.55541841243	120.213692559023	122.069960708412	139.812752973237	140.533788316723	143.263096086835	0	0	0	0	197.20667817252	243.87535956372	205.309584234301	239.201578307662	234.967456873704	337.507382331137	274.212037081777
566.709	0	0	0	0	0	0	0	0	0	251.011474653248	18.6200041876202	6.91115268698592	18.6898534377344	3.66243169985819	-2.00254725680189	14.3134130130001	19.1256960763974	13.0684167613348	17.9224658077572	22.7350544300085	8.63840174341472	17.948751546005	20.0137263876688	20.1184128938739	18.0036612150565	21.7445782018988	24.4649181939998	22.1220306012393	29.1301825054924	28.5511830903802	36.3894973030434	34.977990024178	41.1457855188357	39.1269825359143	51.1298801838852	51.8343789430748	58.2312861164861	61.5521696924764	57.3724861275475	69.0255701834829	63.5732378428782	64.6720344279618	67.0974863763959	70.5872678406459	75.314521581802	71.4991042952014	75.2976475640635	82.2935202153622	94.4945560535413	86.244829869342	98.2331043408154	107.674705128674	110.547153411999	109.200070113218	106.318694718989	105.746828541557	108.830626662262	106.285410416206	116.128536311233	120.898324191962	126.211007396166	137.746043473267	0	0	0	0	228.178760782714	216.137942069245	245.143660376037	231.222737502898	252.064793284086	192.822538841308	202.910816672956
570.044	0	0	0	0	0	0	0	0	448.367989211205	36.0387281611695	9.14041354648399	45.0522873674657	-10.6060800827894	13.875066843391	18.7923937461524	32.9350317017215	1.83009464796575	22.124319751763	-5.09161930448811	15.3848382398366	15.2876336456609	12.1296262107789	18.4543681596369	27.4382690252731	33.543786911554	31.0627509274931	24.3924976572387	30.9720143274402	26.5430559051148	36.2355574487251	37.895324547522	38.6859763130944	40.8774354331065	44.0911197961961	53.7686061907978	42.7966392781684	52.0751468637187	52.9351923619918	49.4137239698759	60.2581535050218	56.2152623183725	70.1797293585751	64.0024260858247	75.7546954426502	69.0506691151822	79.946573109158	79.7543790660132	80.8945901633943	88.7264469329872	90.9345775873898	89.5719960459876	91.4255823223463	91.6831349918523	106.660433053855	102.45932751947	98.2565377529557	120.834141769898	117.682685794641	116.56541763765	117.058982082191	108.390236408641	0	0	0	0	254.345063453598	229.180802007414	227.817463886254	267.536849881709	306.243216263624	265.742873372781	359.047934640414	389.47302532793
573.38	0	0	0	0	0	0	0	0	84.5914418314345	25.5296877332329	1.81910554406023	6.48751053423032	14.0293721662709	15.5623815861331	-7.699558726713	-1.95287635810562	21.4442913760263	12.4721757241167	-0.866315402737867	21.5824489637915	18.0763593651204	19.7668437718879	22.3503212250419	8.16296630533675	21.4762517392816	13.1793455913205	21.742645109211	23.8261292605164	26.0598247413943	27.4032917595156	25.1136371621016	32.302070533814	29.8681333213307	45.297575542182	45.7979688305188	44.6100755750839	58.5415712476946	61.0267524861232	58.6328794348093	61.7330269969024	76.441679211625	61.6315556483481	70.6704354904205	50.7025513329167	78.277315719091	77.6771041289286	71.8645246267312	85.9010413239767	87.1524134135723	89.9910561781919	94.8536755568526	82.4946664149023	93.0916726805219	97.6160513635833	97.8211564103297	106.846123923361	91.495496087697	110.645958919734	112.380025604424	119.225155833377	118.831611898318	0	0	0	0	205.054367277633	237.50630369881	227.138200378041	266.704199996524	254.586675721429	281.38431679954	285.735226566157	225.870312643809
576.716	0	0	0	0	0	0	0	177.052597759309	-2.6889373581133	7.60714266702418	18.9442376454472	-11.7841132306821	8.95128745146347	3.72271821760356	12.7728326567592	10.2184512736537	7.42564858303023	10.665917547855	14.8638981426194	4.87539160413848	8.7979421035263	8.91900312381749	3.3851015520047	8.42033484618148	12.6209471199642	21.4813335020313	29.7439443353468	18.689956579867	25.9899159632849	30.9751006322492	31.0860092261374	25.1130383440826	24.0380272794399	34.6174050759709	28.843521466406	36.1851449158527	47.7878627377533	53.7959337651343	46.2189326885333	54.3004732720624	48.0725200390535	42.4907714051652	57.6865022900606	65.564606678141	61.5322653776239	56.3978013410694	68.752942318407	68.0626946598533	78.8085651760214	76.8312017704896	87.3537781011925	71.8123597895827	81.3276279773629	82.9217640229201	91.5171335504618	92.8773940056616	91.0285998157093	103.386351021183	88.7803535848616	122.973520906561	110.755016926507	0	0	0	0	201.859952704532	169.019417308032	178.91532619348	181.775514951333	199.091012257177	225.310180638569	132.820078653236	299.110906325335
580.052	0	0	0	0	0	0	353.678527791548	1.98599529334842	-19.0306773367609	-12.6518350420785	-41.3882328171878	-4.65830132679006	-34.0031404211866	-19.1560464285509	-24.8407809462354	-8.73239224353759	-4.6266265642963	-7.50660855294277	10.5645027867402	-22.6624564418467	-3.81854849374962	-9.28059598322889	5.59977363175675	14.2476159755701	12.7774471459844	2.28041059423794	5.53524830423348	13.3393886658736	12.2539651840452	14.9977417091614	29.4376886006349	10.5231195150872	30.8220685713279	23.5466790150644	34.7515397936596	19.6663062120317	28.2265028080755	35.8225075209051	33.3307111096566	38.9946705195376	31.4617403266142	34.0579872990324	32.7915436094954	50.2918299168748	52.4074075005862	58.1670416725058	41.879631228153	59.5820513955233	68.0786190992368	58.6689603142487	55.2898472571081	70.4837927695005	70.3661265901976	65.9690003206322	75.8222037261089	83.4464468038658	83.7042274593763	82.6461092508612	83.3449339170966	85.0376556111462	0	0	0	0	185.704681883807	129.950045139096	145.647221856858	158.127674070637	170.592883546171	162.9504041562	172.065151781501	139.323750491804	117.267792292529
583.389	0	0	0	0	0	0	46.5299787000729	-12.794271776779	-7.81241597218917	13.8230934633831	13.8822459499248	0.571858991548383	19.3407487776903	13.1999609121721	4.02894877165012	1.9153711122887	14.6653579536341	-3.50299726927071	14.6685772364306	21.6514386264303	11.7047076692559	20.1637765619205	14.2472794853196	4.69034161372608	18.0003450284828	20.9357250910446	21.8897008150585	19.7885480801169	16.6321184397428	26.5255947850588	25.8888997018329	27.6041509894609	28.7728920383377	39.6351284576723	36.5740175251848	45.3943372141957	44.2128611224598	50.2264208629022	46.1981398463656	50.9498698087539	52.997547841473	53.624660788076	41.4173352125342	57.5583999159404	50.361125742398	60.0857188609454	58.5995136676703	70.008154080092	52.5277979231486	70.0816013314585	60.337965132217	74.7058729463586	84.8628397429929	75.7850029854839	78.9189295664491	75.179886674459	81.0918232584406	92.8915689904556	86.4182398439022	98.4664561913642	0	0	0	0	147.954820321465	156.540070228659	189.391016282502	225.421119865287	199.79429815843	191.483790449844	239.308745395247	206.926152666833	127.300204718467
586.726	0	0	0	0	0	150.199179206883	-18.010570126315	9.98745397733949	1.31373539203267	-0.619694431070728	-5.38718075290759	31.631952856223	10.4357446775047	13.0936832494212	6.97725630198311	-9.05722564661004	5.91986459427951	4.34530697228839	5.39335758272352	0.786858939785423	12.3873495870577	12.9980539197256	7.94094809124316	7.13950181258974	17.3782892880355	7.90643861828304	20.6981578764973	18.9695268269455	17.1702142321409	15.5336237203799	23.5699167259801	11.9142589803949	23.2183759663576	23.4891928296346	37.2209200301374	27.2271586244299	36.6404099469724	33.7640191011939	45.200292389734	45.9251433817156	38.066001957951	57.6479364986629	46.2287935825741	44.528389888861	45.5466623111982	47.3714870387419	52.9265852486278	48.9759355350794	65.5694485423961	64.2753662925553	53.5846466117994	58.1890834327401	59.5850549584983	58.5390738541249	71.2150824811207	77.3571284515781	77.3630084140578	85.326425475062	86.1552064295732	91.0851255876507	0	0	0	0	109.912716580533	150.605104350979	154.340805767883	128.208637356151	186.204350572045	172.125719023088	212.318630275331	181.607237888382	87.0571935316262
590.063	0	0	0	0	307.778047107275	10.0514747631433	6.2311573716495	-8.05389811742543	-8.40286708743726	-0.0119528885001017	-11.4303487028709	-8.68271012351722	10.4589001966962	-22.1212949396016	6.51661115828734	-3.33114047125773	-1.83222874763111	-2.18707225572092	5.02246012313784	6.7831143909843	6.77852816562829	3.49326605808546	4.29871917488081	5.22212008216202	-0.376199292890937	9.52822090435801	13.9767455941993	10.6795940828006	19.8987421892288	11.0887954603122	20.8375204551112	31.151381674284	15.8322446142448	34.6090764048537	31.9401734609848	31.2817756759948	38.6841424853071	36.6393957573598	32.9476986804465	43.585980973849	39.3431150585233	34.406557791914	42.9986112178341	46.0363990564692	39.3177974350273	35.5168306733259	44.3271826338323	60.0689205733191	40.1597037038366	68.3705645777216	56.1013540978513	55.3481817780088	60.1009174821537	57.9279968176691	67.7613300271965	47.246546236015	66.5680427157018	62.16434653105	71.0471527635565	0	0	0	0	164.505108795996	102.849288262132	91.9252034196194	123.642369149693	118.497128525499	117.348856064367	198.400518845491	174.134215516611	129.722183353027	224.82072701062
593.4	0	0	0	0	13.1738380503525	-7.26556197808773	-4.93567999868179	-19.0326886544613	0.630178809881164	-17.7556893562216	-1.27546662431848	-9.95178805895956	-20.6297178489637	-10.1146547363576	-9.64656481799575	-17.9698454264441	-14.3580745815416	3.52201167865149	7.14583145277938	-8.10470226868956	1.88466241691565	-12.5364442651707	-4.82516802900773	3.31828704399094	10.726011891004	11.7011298145375	10.8839681327704	11.9786107002847	10.7428127008225	16.5863344826797	12.7024602381836	14.9783300538101	26.2929081653638	11.7613811400842	25.8923417206116	27.6377581059131	24.6783422255987	16.412896238128	15.6480868542295	17.8733826347724	37.8844553660219	34.0328771166143	34.1469688062216	38.4545703803263	46.8790310347999	33.7815541050707	47.7876894558867	41.0795183970412	46.0327532824361	48.7534187086986	47.9775684697162	47.1199186596663	37.3930217133469	50.3664375066495	54.2886943100001	55.6899527848796	58.9620730052467	59.515810445945	66.633640650663	0	0	0	0	110.054963537384	99.4265887732775	95.7599620447694	119.037153476055	103.28990960716	119.925307064179	133.942600039321	99.165035213616	115.559113367627	81.1871221012639
596.738	0	0	0	149.253236459878	27.5178161834057	32.58243994891	-7.90428995423638	11.0664014810137	15.3779713549296	23.1980404115796	2.4845988974178	2.9701295539213	14.7358353376877	19.4789225676191	5.67322811568191	22.6599746201077	15.0771788525816	15.7246208370387	12.04288740245	31.6788347655873	7.74485318574517	12.3328054130263	24.4250053164237	30.1179687986739	15.7061815701111	17.9882637760753	13.953303195508	13.0397602746439	18.7578734258702	20.1065895325385	33.5907229403468	16.0266503794424	27.6649866163631	32.1516044024002	37.5233906260944	25.0061953864847	16.9638702074982	40.5067525399724	47.0512088078881	46.7025838740399	42.8046355317946	36.9330963574395	39.3350198552348	24.378133306933	48.0555936551246	51.7342343629963	39.8811644012191	56.0693707895364	63.1364958485744	71.0088438226394	58.3645668711158	62.7545813417647	63.2934524474345	62.7813998054456	58.5113101981088	73.1150342334139	72.7519171511959	69.4364038220042	93.6076241263793	0	0	0	0	139.759026877555	131.655400238016	149.174305876227	126.369449535705	149.285183597816	197.402701652728	140.881594132235	265.298209285246	144.06983107048	197.60964598455
600.076	0	0	286.530630634832	-0.891892377031772	-13.9226097356227	-16.5372263976937	13.8096202758498	-12.6529268548453	-9.48309493702106	-22.915565706146	22.0173916722192	-5.42714493356564	13.8301578788075	18.6943496575897	-14.1353647175831	8.00962816225267	-10.9585903827535	-6.38087963402497	20.4907841909923	2.10335445320295	10.2244220231071	-1.52731421845951	6.68025176332541	-1.4503242565199	15.6742502557853	8.06315519302542	14.8291267656041	17.4651746792965	16.098277344758	17.7271723508866	15.5778189799355	20.8812600975187	28.068552153747	20.1541356668205	18.5695044765795	21.2540200763112	30.4681741965959	22.9606732317215	26.6852029683288	32.7291616399278	18.3911499750635	49.3640909452063	35.6488238866374	37.6316665793892	34.0587202418541	44.958198280564	38.6338032983393	47.6778856474479	45.0869769407827	33.6617415932415	48.6997645938612	48.9954072120222	54.6504089260234	63.4198564501611	38.9863078566046	48.7287378474882	59.6072211365401	66.3238580422211	0	0	0	0	112.988285088459	94.3774435318345	124.73710564025	104.584232274321	101.716616567079	119.497808788158	109.757983378528	131.817751682491	86.1026578981031	127.042178157803	128.355987818813
603.415	0	0	59.1565804893559	9.05995278095874	21.9563408221592	6.81366343893427	16.1222940174148	30.4592714987891	22.6104966996071	5.28869159415694	-8.85982724886261	16.4443688134899	-1.16127476911432	-0.590699121169163	21.6453948524483	-9.08567730149427	5.26729107738307	9.65284736725068	13.2135199827959	15.560135141598	18.6548872959354	5.51861407439725	-5.97918730832159	23.5542071678361	10.7125042209228	17.9316981603798	16.2852782973295	11.4287624704812	20.9413042334357	13.9270294439757	21.1872523494651	16.9600349764499	19.193433920667	32.2513791876362	34.272944801727	30.7018634966544	37.7350149156737	29.2603728917924	37.8724936352667	34.8967784191781	34.7223266682141	39.3384539380564	47.4336005196199	45.3156996187294	44.1099662794627	38.0342370730275	45.4398077729447	46.8164722247141	47.662870179793	54.879671248713	34.8235041138832	42.8843753786698	51.2846688413669	56.5719007865982	56.5393885209493	51.9808014738388	56.7407069363467	46.658170070035	0	0	0	0	100.901298517505	104.283762951642	95.6696753165597	103.982657751394	155.133168281521	130.15250269925	144.067197698339	106.165512840874	152.474906246825	130.743110220979	156.198373273663
606.753	0	146.554283703496	19.2568545427813	-7.41790077879385	37.6064428319195	13.6795062972172	15.4100542434675	7.78270320382907	5.49007323214519	-3.9230161622843	-1.92431396435323	1.19157618038224	-1.73538699662247	11.0948560808821	6.89222596509924	13.1349746049109	3.36742441870404	11.9827168884517	26.014154346113	20.6724841984367	13.9015556488538	16.3314518691457	22.7951516749231	9.91032955344904	6.4218176844045	11.0180896403128	16.1088793450486	13.4150331964109	15.9144054562835	19.7874487000376	15.9971003294593	36.9868112173754	29.3247868925529	12.9312405478354	26.4022953172707	33.6658632602571	26.7732898224685	34.49694889458	34.0670331560972	38.0183785933507	39.9555316765605	45.9949146622836	41.0807576462082	43.670266964268	41.183312734518	36.2248602706025	43.3862465938941	47.8779698393359	46.8397886914037	46.5699771083296	57.4456155310001	45.6691625151174	45.2461438031643	60.5547626071436	50.3182783939732	57.5178033296765	43.831620145018	42.936865472435	0	0	0	0	86.2862725312375	83.6811341625773	101.338592580697	91.8893077033717	120.663975496799	111.072528841936	107.072078853	137.980391568772	136.310376676472	167.348134375269	164.065154724484
610.092	298.884232017906	24.166772922512	-5.25599912439424	-25.5130069993507	-11.7836661759065	15.2466512867909	-16.9359270148802	5.66752262568529	0.642180349508592	7.27575508582199	-15.9100142317553	10.4024137216527	-23.9169164225819	-6.11216491106205	26.5320642065443	5.57561192223611	-2.92561468316848	12.4788415873262	2.64422075565828	1.66456723206782	11.5346932420505	14.1158342178415	-0.707530931535967	9.06149580877495	18.3204718999535	12.2580057864663	11.8875584696388	9.53595664921244	14.0405890242458	13.8123837479348	12.5399872913977	9.35429374272523	17.0832193277998	17.1860950171683	15.9499757166082	20.2577462989768	18.1281091309285	14.9019243217612	30.9635244282713	17.9334043852154	31.3368717067548	32.5711206445071	26.7297832304301	29.6685286623	40.9638654927159	32.1865116137131	36.6743215699895	25.2440830274756	42.2341405748367	42.3236546064954	29.8388808999035	42.8431927979191	44.1878387140947	40.2937594298304	46.814842820358	45.2549751406916	62.7596531665036	0	0	0	0	113.469099163783	66.2665630154791	78.2721940865602	73.1967839629847	95.0533800113567	84.306287798953	99.4970344027989	117.735859683212	62.0491399155554	56.1738398672029	86.6545636930141	153.144978350641
613.431	137.136076247429	90.4317535168902	66.5727150487843	32.0530811163526	68.3550714533259	30.423230775686	43.3513860199353	23.4188097251243	31.6012612348656	23.8030783067451	40.7333167926165	32.3546302670762	39.6175110531066	36.1331519183152	28.104889569823	38.9602114827834	21.2782708164536	21.2327364508981	35.333004936832	51.127655275623	33.4626863357274	26.8235145772969	33.3310684670049	14.8940214334641	20.4723380760808	19.4459913393867	23.106740891534	19.793544664995	24.6892814272506	22.1075339876685	28.9964267258785	31.8282439419098	24.3083609996768	41.460107794003	32.1834955177337	29.5447579449133	37.555011938396	41.6280736934654	51.5361092202253	62.4344240587307	56.2646693990957	51.1222874594185	45.1146338227124	54.6745760384763	52.7605404317379	49.3322696839857	57.4219605825056	47.9629442103616	42.5107185739378	64.2003591497188	59.0525888090305	62.4217658405795	72.1253439086977	59.1712814562118	55.8633349514224	64.6176556105086	77.1192714073156	0	0	0	0	109.139553068983	91.8020749580466	101.109127189972	94.8249006386852	110.944573507753	149.502559513545	167.407991367058	183.416849550335	147.768212810592	216.812960740637	161.901252821408	339.96743569356
616.77	-26.8391028439786	-15.104919466159	12.4786041963394	-23.3270649536785	-16.721618725457	-50.1638501026909	-17.096265964803	-7.22954664216757	-15.3221763715181	-7.42115245178739	-25.147776446237	-3.72600056810529	-17.1527853518176	-24.832520553898	-0.00382222201210941	7.67056595019814	-25.00151969842	3.74868572649995	-13.8898258991285	-12.0323623593432	-13.3755045922033	-6.07534936865281	-7.64721092979119	-7.70539095817646	4.35245335052954	-2.19672231661909	3.86402248613452	3.39592444913932	7.29510136850168	17.5994881216738	3.29272006685316	-0.550421626815625	21.4766471600647	-0.9906269312312	5.49299963004044	5.53906212368642	10.5410742759836	8.52655983820379	14.0695517457752	-3.84453678352833	12.8614018439459	23.958282284437	24.8911553630229	22.5477383111437	17.4953940021625	30.3536719529651	20.1553398645546	15.1557214987665	32.5759969064676	24.7600124676488	30.2427906707121	26.811451779594	32.2348562568627	26.7190802774827	31.7272094394014	30.028120685708	39.1090748265691	0	0	0	0	46.1645164366029	28.8020228040292	48.2457551897703	67.4307487441484	63.7627143347167	74.494008868333	81.094954736545	60.3349837398779	58.0930578916177	23.304483968054	73.8401739079182	15.4345694043426
620.109	12.2237901881159	-25.616812656357	-8.74732400481064	-7.21237914921028	-26.5895885781448	19.964486672762	-26.6468200454634	5.30360335112739	11.0645950703749	-0.83055329134227	-10.3761102399057	-17.5195967994033	16.7286346991519	-1.42988997118347	-25.194415950691	8.20709319065372	-11.4870209541997	-3.46143291728622	-26.4908820675608	3.10999591364287	-3.53560694725599	-0.983247267215192	6.91738975921997	10.5625544597849	-1.06368552664781	-2.70785109584241	4.73943236083919	11.8989528513644	1.77913604176899	11.7463751232829	14.3608077501244	16.4457503552934	8.68333754290011	6.86453344802113	14.7081800539917	24.0503827782767	4.17744806994497	10.5144056589629	36.8199903030721	33.7557009441908	27.6922922544379	16.8807533237133	40.0939901242915	29.0593054544867	12.634423872642	30.5888229936905	34.4818712468636	30.3089867960495	29.8525966760611	46.4944234441847	36.8641732369828	43.7370918946917	35.6108595618076	40.994140572745	52.2953970375701	49.2610711313375	0	0	0	0	117.763864451119	57.8070897185371	81.4686228047732	78.4803571065327	67.8701477937271	55.6543161845198	129.602357467421	121.330440418083	114.472829794334	75.577313066965	54.4252741981243	80.2492868049853	-123.659936432424
