Sample - Blank	600	595	590	585	580	575	570	565	560	555	550	545	540	535	530	525	520	515	510	505	500	495	490	485	480	475	470	465	460	455	450	445	440	435	430	425	420	415	410	405	400	395	390	385	380	375	370	365	360	355	350	345	340	335	330	325	320	315	310	305	300	295	290	285	280	275	270	265	260	255	250	245	240
nm																																																																									
213.328	0	0	0	0	0	0	0	0	0	0	0	0	0	0	0	0	0	0	0	0	0	0	0	0	0	0	0	0	0	0	0	0	0	0	0	0	0	0	0	0	0	0	0	0	0	0	0	0	0	0	0	0	0	0	0	0	0	0	0	0	0	0	0	0	0	0	0	0	0	0	0	0	0
216.504	0	0	0	0	0	0	0	0	0	0	0	0	0	0	0	0	0	0	0	0	0	0	0	0	0	0	0	0	0	0	0	0	0	0	0	0	0	0	0	0	0	0	0	0	0	0	0	0	0	0	0	0	0	0	0	0	0	0	0	0	0	0	0	0	0	0	0	0	0	0	0	0	0
219.682	0	0	0	0	0	0	0	0	0	0	0	0	0	0	0	0	0	0	0	0	0	0	0	0	0	0	0	0	0	0	0	0	0	0	0	0	0	0	0	0	0	0	0	0	0	0	0	0	0	0	0	0	0	0	0	0	0	0	0	0	0	0	0	0	0	0	0	0	0	0	0	0	0
222.862	0	0	0	0	0	0	0	0	0	0	0	0	0	0	0	0	0	0	0	0	0	0	0	0	0	0	0	0	0	0	0	0	0	0	0	0	0	0	0	0	0	0	0	0	0	0	0	0	0	0	0	0	0	0	0	0	0	0	0	0	0	0	0	0	0	0	0	0	0	0	0	0	0
226.045	0	0	0	0	0	0	0	0	0	0	0	0	0	0	0	0	0	0	0	0	0	0	0	0	0	0	0	0	0	0	0	0	0	0	0	0	0	0	0	0	0	0	0	0	0	0	0	0	0	0	0	0	0	0	0	0	0	0	0	0	0	0	0	0	0	0	0	0	0	0	0	0	0
229.23	0	0	0	0	0	0	0	0	0	0	0	0	0	0	0	0	0	0	0	0	0	0	0	0	0	0	0	0	0	0	0	0	0	0	0	0	0	0	0	0	0	0	0	0	0	0	0	0	0	0	0	0	0	0	0	0	0	0	0	0	0	0	0	0	0	0	0	0	0	0	0	0	0
232.417	0	0	0	0	0	0	0	0	0	0	0	0	0	0	0	0	0	0	0	0	0	0	0	0	0	0	0	0	0	0	0	0	0	0	0	0	0	0	0	0	0	0	0	0	0	0	0	0	0	0	0	0	0	0	0	0	0	0	0	0	0	0	0	0	0	0	0	0	0	0	0	0	0
235.607	0	0	0	0	0	0	0	0	0	0	0	0	0	0	0	0	0	0	0	0	0	0	0	0	0	0	0	0	0	0	0	0	0	0	0	0	0	0	0	0	0	0	0	0	0	0	0	0	0	0	0	0	0	0	0	0	0	0	0	0	0	0	0	0	0	0	0	0	0	0	0	0	0
238.799	0	0	0	0	0	0	0	0	0	0	0	0	0	0	0	0	0	0	0	0	0	0	0	0	0	0	0	0	0	0	0	0	0	0	0	0	0	0	0	0	0	0	0	0	0	0	0	0	0	0	0	0	0	0	0	0	0	0	0	0	0	0	0	0	0	0	0	0	0	0	0	0	0
241.993	0	0	0	0	0	0	0	0	0	0	0	0	0	0	0	0	0	0	0	0	0	0	0	0	0	0	0	0	0	0	0	0	0	0	0	0	0	0	0	0	0	0	0	0	0	0	0	0	0	0	0	0	0	0	0	0	0	0	0	0	0	0	0	0	0	0	0	0	0	0	0	0	0
245.19	0	0	0	0	0	0	0	0	0	0	0	0	0	0	0	0	0	0	0	0	0	0	0	0	0	0	0	0	0	0	0	0	0	0	0	0	0	0	0	0	0	0	0	0	0	0	0	0	0	0	0	0	0	0	0	0	0	0	0	0	0	0	0	0	0	0	0	0	0	0	0	0	0
248.388	0	0	0	0	0	0	0	0	0	0	0	0	0	0	0	0	0	0	0	0	0	0	0	0	0	0	0	0	0	0	0	0	0	0	0	0	0	0	0	0	0	0	0	0	0	0	0	0	0	0	0	0	0	0	0	0	0	0	0	0	0	0	0	0	0	0	0	0	0	0	0	0	0
251.589	0	0	0	0	0	0	0	0	0	0	0	0	0	0	0	0	0	0	0	0	0	0	0	0	0	0	0	0	0	0	0	0	0	0	0	0	0	0	0	0	0	0	0	0	0	0	0	0	0	0	0	0	0	0	0	0	0	0	0	0	0	0	0	0	0	0	0	0	0	0	0	0	2038.57780177204
254.793	0	0	0	0	0	0	0	0	0	0	0	0	0	0	0	0	0	0	0	0	0	0	0	0	0	0	0	0	0	0	0	0	0	0	0	0	0	0	0	0	0	0	0	0	0	0	0	0	0	0	0	0	0	0	0	0	0	0	0	0	0	0	0	0	0	0	0	0	0	0	0	0	29.6992796388003
257.998	0	0	0	0	0	0	0	0	0	0	0	0	0	0	0	0	0	0	0	0	0	0	0	0	0	0	0	0	0	0	0	0	0	0	0	0	0	0	0	0	0	0	0	0	0	0	0	0	0	0	0	0	0	0	0	0	0	0	0	0	0	0	0	0	0	0	0	0	0	0	0	959.84167867409	192.990771753762
261.205	0	0	0	0	0	0	0	0	0	0	0	0	0	0	0	0	0	0	0	0	0	0	0	0	0	0	0	0	0	0	0	0	0	0	0	0	0	0	0	0	0	0	0	0	0	0	0	0	0	0	0	0	0	0	0	0	0	0	0	0	0	0	0	0	0	0	0	0	0	0	5698.57334752311	-25.6916548695604	-201.519362308537
264.415	0	0	0	0	0	0	0	0	0	0	0	0	0	0	0	0	0	0	0	0	0	0	0	0	0	0	0	0	0	0	0	0	0	0	0	0	0	0	0	0	0	0	0	0	0	0	0	0	0	0	0	0	0	0	0	0	0	0	0	0	0	0	0	0	0	0	0	0	0	0	374.988567142789	134.009329107595	-55.9612299832899
267.627	0	0	0	0	0	0	0	0	0	0	0	0	0	0	0	0	0	0	0	0	0	0	0	0	0	0	0	0	0	0	0	0	0	0	0	0	0	0	0	0	0	0	0	0	0	0	0	0	0	0	0	0	0	0	0	0	0	0	0	0	0	0	0	0	0	0	0	0	0	2347.05847316123	81.6888450488673	-67.7575811276741	-359.927006100952
270.841	0	0	0	0	0	0	0	0	0	0	0	0	0	0	0	0	0	0	0	0	0	0	0	0	0	0	0	0	0	0	0	0	0	0	0	0	0	0	0	0	0	0	0	0	0	0	0	0	0	0	0	0	0	0	0	0	0	0	0	0	0	0	0	0	0	0	0	0	9164.01237693486	180.831209515701	77.4710189839675	-124.742541123298	-279.186636458655
274.057	0	0	0	0	0	0	0	0	0	0	0	0	0	0	0	0	0	0	0	0	0	0	0	0	0	0	0	0	0	0	0	0	0	0	0	0	0	0	0	0	0	0	0	0	0	0	0	0	0	0	0	0	0	0	0	0	0	0	0	0	0	0	0	0	0	0	0	0	851.150534994867	171.370599928704	99.3182088804472	12.5177784409375	48.4293739247489
277.275	0	0	0	0	0	0	0	0	0	0	0	0	0	0	0	0	0	0	0	0	0	0	0	0	0	0	0	0	0	0	0	0	0	0	0	0	0	0	0	0	0	0	0	0	0	0	0	0	0	0	0	0	0	0	0	0	0	0	0	0	0	0	0	0	0	0	0	4143.85887164379	64.2030124913798	-13.9847905721456	-180.86284756657	-395.907688807604	-197.344277013265
280.496	0	0	0	0	0	0	0	0	0	0	0	0	0	0	0	0	0	0	0	0	0	0	0	0	0	0	0	0	0	0	0	0	0	0	0	0	0	0	0	0	0	0	0	0	0	0	0	0	0	0	0	0	0	0	0	0	0	0	0	0	0	0	0	0	0	0	11218.3628986485	252.716233225045	113.319591150746	141.553114348928	-92.6116624513937	150.362657275824	180.932475033448
283.718	0	0	0	0	0	0	0	0	0	0	0	0	0	0	0	0	0	0	0	0	0	0	0	0	0	0	0	0	0	0	0	0	0	0	0	0	0	0	0	0	0	0	0	0	0	0	0	0	0	0	0	0	0	0	0	0	0	0	0	0	0	0	0	0	0	0	1364.07065542278	132.42376544864	142.243066147671	-2.58992577261759	-321.467191947118	-71.3028716968422	-13.899869737883
286.942	0	0	0	0	0	0	0	0	0	0	0	0	0	0	0	0	0	0	0	0	0	0	0	0	0	0	0	0	0	0	0	0	0	0	0	0	0	0	0	0	0	0	0	0	0	0	0	0	0	0	0	0	0	0	0	0	0	0	0	0	0	0	0	0	0	5013.34318994979	172.495832832871	134.407370320612	119.696157178182	-200.140949040906	-90.0096798161935	91.7266168781108	8.61674552334072
290.169	0	0	0	0	0	0	0	0	0	0	0	0	0	0	0	0	0	0	0	0	0	0	0	0	0	0	0	0	0	0	0	0	0	0	0	0	0	0	0	0	0	0	0	0	0	0	0	0	0	0	0	0	0	0	0	0	0	0	0	0	0	0	0	0	11636.9726039383	376.005171013222	269.165427678723	279.868065143404	173.573098064288	-51.9962672453099	162.829014010064	118.532639030418	133.569793364425
293.397	0	0	0	0	0	0	0	0	0	0	0	0	0	0	0	0	0	0	0	0	0	0	0	0	0	0	0	0	0	0	0	0	0	0	0	0	0	0	0	0	0	0	0	0	0	0	0	0	0	0	0	0	0	0	0	0	0	0	0	0	0	0	0	0	1723.8357571979	282.001078114362	256.706727863953	207.790639488358	16.6292850834867	-17.6273247575019	23.3280030788391	10.1093226818521	-51.9351710145243
296.628	0	0	0	0	0	0	0	0	0	0	0	0	0	0	0	0	0	0	0	0	0	0	0	0	0	0	0	0	0	0	0	0	0	0	0	0	0	0	0	0	0	0	0	0	0	0	0	0	0	0	0	0	0	0	0	0	0	0	0	0	0	0	0	5959.39945742045	328.023497367959	378.849959698718	377.579656207603	331.352408498507	110.436587853953	311.290791675153	315.789515650959	310.826389181705	290.503591871755
299.86	0	0	0	0	0	0	0	0	0	0	0	0	0	0	0	0	0	0	0	0	0	0	0	0	0	0	0	0	0	0	0	0	0	0	0	0	0	0	0	0	0	0	0	0	0	0	0	0	0	0	0	0	0	0	0	0	0	0	0	0	0	0	0	534.85248626013	326.80817040246	376.129851609059	407.638954037098	225.61755695261	259.629378044465	298.990744972561	144.851299615821	180.987222382738	171.884948316087
303.095	0	0	0	0	0	0	0	0	0	0	0	0	0	0	0	0	0	0	0	0	0	0	0	0	0	0	0	0	0	0	0	0	0	0	0	0	0	0	0	0	0	0	0	0	0	0	0	0	0	0	0	0	0	0	0	0	0	0	0	0	0	0	2536.90393832148	241.391003043171	331.581456939595	430.007501282363	421.445776822004	259.879221623226	355.840133929462	187.551478204553	362.27762873614	239.051188214143	390.065619485173
306.331	0	0	0	0	0	0	0	0	0	0	0	0	0	0	0	0	0	0	0	0	0	0	0	0	0	0	0	0	0	0	0	0	0	0	0	0	0	0	0	0	0	0	0	0	0	0	0	0	0	0	0	0	0	0	0	0	0	0	0	0	0	7802.88137860169	173.071996470073	221.854284738637	343.983278688024	456.188673962597	400.266805416205	376.725672329329	311.562362934812	214.076580873358	157.832437442305	136.813026779595	287.270937338056
309.569	0	0	0	0	0	0	0	0	0	0	0	0	0	0	0	0	0	0	0	0	0	0	0	0	0	0	0	0	0	0	0	0	0	0	0	0	0	0	0	0	0	0	0	0	0	0	0	0	0	0	0	0	0	0	0	0	0	0	0	0	0	778.104349986876	147.265162951525	257.748423236895	362.259991651713	424.195710329246	366.067496096796	365.484482535569	358.296311304147	348.841537132761	286.187348610783	250.632103803757	371.495924825097
312.81	0	0	0	0	0	0	0	0	0	0	0	0	0	0	0	0	0	0	0	0	0	0	0	0	0	0	0	0	0	0	0	0	0	0	0	0	0	0	0	0	0	0	0	0	0	0	0	0	0	0	0	0	0	0	0	0	0	0	0	0	3760.45373838781	115.322852069456	143.288117087409	219.316554975116	407.435341249408	395.309205076223	498.92760074881	428.503976024098	341.032734877918	313.395511208829	252.553816206794	227.545280888852	181.267720568211
316.052	0	0	0	0	0	0	0	0	0	0	0	0	0	0	0	0	0	0	0	0	0	0	0	0	0	0	0	0	0	0	0	0	0	0	0	0	0	0	0	0	0	0	0	0	0	0	0	0	0	0	0	0	0	0	0	0	0	0	0	9927.3514030666	163.707283803457	72.9605805429243	115.200283056714	249.560758636889	334.289553650138	427.399248829267	439.187206267446	368.458709814172	251.745928561391	261.342207930649	109.330692478573	129.909703206366	-3.76418238543433
319.296	0	0	0	0	0	0	0	0	0	0	0	0	0	0	0	0	0	0	0	0	0	0	0	0	0	0	0	0	0	0	0	0	0	0	0	0	0	0	0	0	0	0	0	0	0	0	0	0	0	0	0	0	0	0	0	0	0	0	0	1237.83657730851	136.004007696747	137.216692437429	186.093431632638	287.423660638469	313.683621417813	463.749914786804	547.90475076258	489.22788224842	401.246760289209	318.920326636707	353.007858559102	293.155281211035	298.72942030038
322.542	0	0	0	0	0	0	0	0	0	0	0	0	0	0	0	0	0	0	0	0	0	0	0	0	0	0	0	0	0	0	0	0	0	0	0	0	0	0	0	0	0	0	0	0	0	0	0	0	0	0	0	0	0	0	0	0	0	0	5039.16363126439	131.005267829337	92.9329461601089	130.373790307689	204.112487368714	273.385762094023	361.317856058729	492.830877243759	512.49160949322	430.015157493259	352.8114298741	372.411462785069	362.426229967301	158.228231898173	253.194862486319
325.79	0	0	0	0	0	0	0	0	0	0	0	0	0	0	0	0	0	0	0	0	0	0	0	0	0	0	0	0	0	0	0	0	0	0	0	0	0	0	0	0	0	0	0	0	0	0	0	0	0	0	0	0	0	0	0	0	0	12136.3734060877	316.542633868835	67.9068243611907	100.616369653965	119.369917456929	187.770991115231	238.150241641643	367.84479325775	467.836846838356	477.271072672102	391.248766102188	334.472111930557	220.988238561059	358.654559909081	290.214014694683	353.702182295074
329.039	0	0	0	0	0	0	0	0	0	0	0	0	0	0	0	0	0	0	0	0	0	0	0	0	0	0	0	0	0	0	0	0	0	0	0	0	0	0	0	0	0	0	0	0	0	0	0	0	0	0	0	0	0	0	0	0	0	1790.97922376765	96.5081856721597	87.850760983158	96.2534640452972	138.684820382124	168.231010447822	251.396618700673	422.505454234814	433.388121860266	451.90768845908	457.891318364041	398.550595660741	277.935894617968	196.838884574086	274.436658524534	273.556196281226
332.291	0	0	0	0	0	0	0	0	0	0	0	0	0	0	0	0	0	0	0	0	0	0	0	0	0	0	0	0	0	0	0	0	0	0	0	0	0	0	0	0	0	0	0	0	0	0	0	0	0	0	0	0	0	0	0	0	6116.59939121094	108.419901127465	98.2458277249517	110.383923617171	109.457732634849	169.0868347372	201.112031992194	319.41127451671	394.872070862293	469.202053192393	469.666842301539	413.838997550576	334.786158050147	314.642178492539	256.300861163598	212.64116184614	226.017054128082
335.544	0	0	0	0	0	0	0	0	0	0	0	0	0	0	0	0	0	0	0	0	0	0	0	0	0	0	0	0	0	0	0	0	0	0	0	0	0	0	0	0	0	0	0	0	0	0	0	0	0	0	0	0	0	0	0	13040.5879963028	420.196586649762	127.454772061537	104.716790873502	121.610167448268	142.141979262909	142.15314072428	204.255543177579	326.567716648551	443.768915037786	438.710524549281	500.688269109844	508.221344269639	452.929496437386	368.436878644677	396.814989438006	393.361606380056	360.24356348165
338.799	0	0	0	0	0	0	0	0	0	0	0	0	0	0	0	0	0	0	0	0	0	0	0	0	0	0	0	0	0	0	0	0	0	0	0	0	0	0	0	0	0	0	0	0	0	0	0	0	0	0	0	0	0	0	0	2097.41382885562	82.4561861772055	83.9441716329873	81.5578713918599	102.899625443491	139.262770192769	122.298792778899	227.634975139267	330.624263055462	409.491071251061	455.965178282543	374.820745609926	314.200013148994	322.39259261656	275.461806054952	273.66212902052	155.03991453801	171.074575575511
342.056	0	0	0	0	0	0	0	0	0	0	0	0	0	0	0	0	0	0	0	0	0	0	0	0	0	0	0	0	0	0	0	0	0	0	0	0	0	0	0	0	0	0	0	0	0	0	0	0	0	0	0	0	0	0	6619.08917486255	131.775230682695	101.340095961214	115.893987729724	118.539044385331	161.264774401011	192.977650165925	190.045909413945	294.585617701819	365.142955128175	422.760474829137	462.251802018776	470.579520826553	437.250581003796	389.633045265349	372.728998135427	491.000667391518	438.153490778816	548.913198770173
345.315	0	0	0	0	0	0	0	0	0	0	0	0	0	0	0	0	0	0	0	0	0	0	0	0	0	0	0	0	0	0	0	0	0	0	0	0	0	0	0	0	0	0	0	0	0	0	0	0	0	0	0	0	0	14392.9160673579	483.53081566184	102.150536977797	95.1026082662734	103.277657328387	142.938255110631	133.79688229668	140.170240555659	210.184123483017	252.083389673836	344.701950458677	373.802411566833	377.877866666361	368.961935042405	365.703642364875	393.637705724174	272.592210667874	228.95281570634	256.16046866768	338.874448722231
348.575	0	0	0	0	0	0	0	0	0	0	0	0	0	0	0	0	0	0	0	0	0	0	0	0	0	0	0	0	0	0	0	0	0	0	0	0	0	0	0	0	0	0	0	0	0	0	0	0	0	0	0	0	0	2625.25598524388	95.4745448086351	101.649722725633	111.09364403502	109.375623350566	173.188538220371	136.210070029743	178.314910627964	255.550110428044	293.716604346026	372.496563866705	399.440927792939	398.821164059713	377.09687137344	380.363352179677	329.558162341874	256.84551436182	256.033998309297	292.167665175653	262.203136344007
351.838	0	0	0	0	0	0	0	0	0	0	0	0	0	0	0	0	0	0	0	0	0	0	0	0	0	0	0	0	0	0	0	0	0	0	0	0	0	0	0	0	0	0	0	0	0	0	0	0	0	0	0	0	7836.70704113818	139.047783489197	96.7285909026306	117.70070096257	129.44018794657	151.822889878332	187.192805177947	187.079353990546	238.328877574704	272.050761388614	318.264628227043	356.333973421639	438.033980612898	409.248520370895	424.605834253721	417.573009634879	368.925303804474	352.292545405985	256.879665406989	416.511388722088	485.926809209966
355.101	0	0	0	0	0	0	0	0	0	0	0	0	0	0	0	0	0	0	0	0	0	0	0	0	0	0	0	0	0	0	0	0	0	0	0	0	0	0	0	0	0	0	0	0	0	0	0	0	0	0	0	16139.8823245144	673.323131546406	111.031121108667	111.807777177937	139.592371073013	175.837304924673	200.344523230838	229.165835843703	209.724659163265	286.384867326877	275.149950701413	323.090986634804	390.30134053152	397.698430785019	466.015626440732	421.654132163047	399.429985357577	364.929106630302	331.145680860891	434.453940571321	401.357639722913	511.265506231695
358.367	0	0	0	0	0	0	0	0	0	0	0	0	0	0	0	0	0	0	0	0	0	0	0	0	0	0	0	0	0	0	0	0	0	0	0	0	0	0	0	0	0	0	0	0	0	0	0	0	0	0	0	3162.62883579557	93.4318960994598	102.669641085203	103.672575869856	152.680176642832	183.155480365548	198.630112378602	213.069824027545	245.823207505949	276.229658239789	305.647689519943	341.205733972314	341.359374625789	406.059696152589	386.44734169356	333.049724904682	411.790386695655	307.492012081322	375.518557738596	409.858889892225	389.931654095139	301.956751710851
361.634	0	0	0	0	0	0	0	0	0	0	0	0	0	0	0	0	0	0	0	0	0	0	0	0	0	0	0	0	0	0	0	0	0	0	0	0	0	0	0	0	0	0	0	0	0	0	0	0	0	0	8827.17175345163	143.004007630978	78.0094365507765	77.4274971756266	99.6709139821435	140.119619863768	194.743156929176	209.747756833726	191.751678717655	279.8066220037	266.126564334585	278.045594178185	295.270066557619	327.469802375816	410.417429522571	373.260613274801	350.930567887248	306.609422502254	306.30750752308	257.272400967275	230.28870969477	197.444976811973	215.166872059166
364.903	0	0	0	0	0	0	0	0	0	0	0	0	0	0	0	0	0	0	0	0	0	0	0	0	0	0	0	0	0	0	0	0	0	0	0	0	0	0	0	0	0	0	0	0	0	0	0	0	0	0	834.837263804833	109.340047321737	100.06949677074	111.134337133281	145.914486901253	204.119647792415	227.868288484736	258.47729571728	313.82358625147	321.237591806175	363.054951608014	353.724583725471	379.393023230162	396.727221005653	423.502392060786	453.348837515316	448.209647596755	465.294543641738	386.360723486526	423.286899188086	468.539624751265	640.242892766753	654.34544287076
368.174	0	0	0	0	0	0	0	0	0	0	0	0	0	0	0	0	0	0	0	0	0	0	0	0	0	0	0	0	0	0	0	0	0	0	0	0	0	0	0	0	0	0	0	0	0	0	0	0	0	3784.17580609373	82.1814013734589	90.3377025969812	95.3436869842675	102.969984540646	166.452063249662	190.398593361892	242.381928893636	247.760046001523	307.223954100661	333.793280334789	331.859464727054	345.161135940703	359.911425778657	375.65724979461	319.78438210295	382.827234202087	359.512336517367	307.587009125227	316.527223309987	384.238657120377	291.251020764162	353.042374368081	464.79951413157
371.446	0	0	0	0	0	0	0	0	0	0	0	0	0	0	0	0	0	0	0	0	0	0	0	0	0	0	0	0	0	0	0	0	0	0	0	0	0	0	0	0	0	0	0	0	0	0	0	0	10325.0816679892	216.144879986281	90.0773343669999	81.1486845699126	88.3241149206201	135.049424375082	191.582010242512	215.290878555814	241.219548878354	309.731670967747	339.898532680222	377.352734142238	365.162472072017	382.743064393679	375.278997032938	391.129737382123	392.493956356891	398.3822158002	402.030223358785	412.167414074241	382.278065682447	396.968510002578	488.706452881803	521.909516083575	492.659379363989
374.719	0	0	0	0	0	0	0	0	0	0	0	0	0	0	0	0	0	0	0	0	0	0	0	0	0	0	0	0	0	0	0	0	0	0	0	0	0	0	0	0	0	0	0	0	0	0	0	0	1054.044380063	82.4063076210417	82.2881639688354	85.1257894742273	101.586356157689	148.022372791144	192.886366358013	226.588821491607	255.980938017731	347.248059931396	347.07451729325	374.647852351627	397.331704987627	362.688540780505	388.619795763034	373.021651774585	411.030287644141	420.465262301408	405.099276954045	436.715485015452	282.35762948097	386.540400752294	387.309866699048	294.520318649802	483.588418311769
377.995	0	0	0	0	0	0	0	0	0	0	0	0	0	0	0	0	0	0	0	0	0	0	0	0	0	0	0	0	0	0	0	0	0	0	0	0	0	0	0	0	0	0	0	0	0	0	0	4514.27747558999	107.259521600935	79.3967104751406	74.041926675556	105.44388508108	108.825598742684	150.645657668642	184.590572885898	230.052627172659	291.366211126483	358.747107733924	387.701785186519	393.508240438759	391.315905830307	375.953220528783	407.709723243646	402.105419815911	395.971738894778	402.129775642122	398.626670218744	343.188579519502	395.336166479742	414.328338237885	414.589449698358	515.496108504469	624.644677960211
381.272	0	0	0	0	0	0	0	0	0	0	0	0	0	0	0	0	0	0	0	0	0	0	0	0	0	0	0	0	0	0	0	0	0	0	0	0	0	0	0	0	0	0	0	0	0	0	12047.0317802892	252.314461640996	70.4099810321051	94.9442610942447	100.239775487283	116.447972560686	133.45549567675	173.985183392905	215.977252600797	249.778649494708	321.100653633899	380.543712854939	400.004144999895	398.570663740533	415.565359868991	411.299549466478	409.803485877381	401.524429801018	402.376996180043	379.459935258761	425.450279229213	383.551248233904	490.424440942799	494.064890022646	519.740661043188	621.081440817688	691.227371301479
384.55	0	0	0	0	0	0	0	0	0	0	0	0	0	0	0	0	0	0	0	0	0	0	0	0	0	0	0	0	0	0	0	0	0	0	0	0	0	0	0	0	0	0	0	0	0	0	1403.587286252	93.9468088333817	79.9736101812226	83.410207793244	92.9638965048306	106.53205166112	150.248220786502	191.148944130196	247.679004490271	299.769191141851	352.049157770554	391.924708578925	426.313502676306	429.841028943556	419.482438293001	424.435088332594	399.201985758267	417.212255529133	437.672047374239	413.742180144288	418.517192978446	436.099931627822	457.771680903986	473.074776650675	587.012502494344	679.878560068668	559.04006088099
387.83	0	0	0	0	0	0	0	0	0	0	0	0	0	0	0	0	0	0	0	0	0	0	0	0	0	0	0	0	0	0	0	0	0	0	0	0	0	0	0	0	0	0	0	0	0	5727.24290560505	146.449316844993	89.0350401541346	93.8061320185887	122.175717584028	118.561393265049	150.250611446204	186.978420499882	181.627807303298	254.570972746257	301.877012813068	364.794212786398	423.30602876457	443.085090750884	426.989866294937	449.877136152926	431.841968911876	436.014128519127	435.522047095089	441.951667784767	449.113627888004	493.540968797973	511.994771448297	529.426162880656	589.209334283355	789.629219751241	728.418085620775	972.917001605688
391.112	0	0	0	0	0	0	0	0	0	0	0	0	0	0	0	0	0	0	0	0	0	0	0	0	0	0	0	0	0	0	0	0	0	0	0	0	0	0	0	0	0	0	0	0	14746.6292834088	306.474807269453	67.8795148794338	70.2737775053449	74.2993448582212	86.1258654727944	103.285048611215	152.157936108575	153.771132377016	196.105823392401	241.548713306334	295.498555154958	354.982637618383	366.80959810547	434.317785240558	431.750791648887	428.258166539771	403.439776572232	379.709058040623	405.894434148034	384.900480217227	383.727235995841	382.57637621023	372.901635004186	428.805892520275	463.6138060034	465.706061114274	453.151114075597	561.204983832496
394.395	0	0	0	0	0	0	0	0	0	0	0	0	0	0	0	0	0	0	0	0	0	0	0	0	0	0	0	0	0	0	0	0	0	0	0	0	0	0	0	0	0	0	0	0	1974.48832921234	75.6342173687951	53.4328580328736	66.5578847585531	72.1127126910576	118.210062334861	143.759369894786	135.763303589273	180.229066539881	200.580340112009	268.182815088151	307.457068586776	365.275423536547	397.103489104659	449.783259433934	404.359902502523	421.145580437579	436.615164119711	417.203404542894	431.969656505011	405.275343767647	411.276290910305	415.186746203974	425.202923418198	430.996617160322	422.23499995286	504.492826672778	527.353969209183	653.329905196732
397.679	0	0	0	0	0	0	0	0	0	0	0	0	0	0	0	0	0	0	0	0	0	0	0	0	0	0	0	0	0	0	0	0	0	0	0	0	0	0	0	0	0	0	0	7405.5279824488	108.071696843253	67.9930402542597	55.7672333127881	59.9964163935298	95.9260086151394	100.414503166893	144.6728832923	152.829363985891	156.826531669593	258.239175627895	270.783745709631	316.115044306986	349.774666516451	404.300561280254	407.756569112748	426.257921436332	415.418765997392	416.921766493939	384.954974330711	432.15707971128	434.723205264358	406.6811377777	359.592207916865	384.535885166319	436.944433393822	531.436196592535	482.938859799673	564.162038884154	468.372653580436
400.965	0	0	0	0	0	0	0	0	0	0	0	0	0	0	0	0	0	0	0	0	0	0	0	0	0	0	0	0	0	0	0	0	0	0	0	0	0	0	0	0	0	0	17230.7228312742	415.434098391809	77.4713035543484	53.825626861372	56.4039587256425	72.1552897479732	102.189758364691	123.246474399582	150.852585212478	157.976245165127	208.77519950818	232.495310668652	266.783220766494	320.434561759125	357.346265679525	376.270651515896	405.184257305222	449.089001775649	413.483069395872	420.77414115034	388.674633531132	384.75095494416	382.960258976555	377.23527342455	407.421898115236	373.222354782228	445.106842455283	437.354238655043	520.955689161186	515.298125572432	531.003162047571
404.253	0	0	0	0	0	0	0	0	0	0	0	0	0	0	0	0	0	0	0	0	0	0	0	0	0	0	0	0	0	0	0	0	0	0	0	0	0	0	0	0	0	0	2328.92910414405	103.222566101184	54.5281716227603	64.831423647095	77.7030114191918	94.0451365518196	126.622129458006	156.923669431906	171.013437143553	196.147662250428	233.749699571794	265.0920439728	306.883957999609	335.543195129051	381.541978344096	400.975162316675	419.119280997644	448.988686286853	433.823534603846	425.092515884501	433.688535407025	408.466203696907	427.628759433563	428.582866278658	481.433711371928	462.288165070294	578.84067016263	606.558793458814	718.934314723179	758.374434292837	944.60183390152
407.542	0	0	0	0	0	0	0	0	0	0	0	0	0	0	0	0	0	0	0	0	0	0	0	0	0	0	0	0	0	0	0	0	0	0	0	0	0	0	0	0	0	8671.03228683506	85.2467917510704	57.0934266421341	46.4295908706045	67.3939399938024	69.1571476852978	92.7596887688364	125.99004834028	153.979510686821	151.400693145159	190.608509577803	221.357875769017	259.349085223055	306.00382852808	345.111355495468	375.131225076865	395.924234776568	414.277824631698	412.599327087006	391.756838199436	408.554405378502	381.525922330417	392.595989941732	384.254912334411	380.066864687283	389.194726853218	423.382421454411	509.70245995181	493.58694190172	466.626532816512	524.535873267277	726.294018090188
410.832	0	0	0	0	0	0	0	0	0	0	0	0	0	0	0	0	0	0	0	0	0	0	0	0	0	0	0	0	0	0	0	0	0	0	0	0	0	0	0	0	20333.6613241964	523.825708270693	76.3510828828432	59.2954981916261	72.7069239927592	79.62654709892	111.538014653766	118.902754757404	155.472626960591	194.128936074031	194.321352433101	201.122380809084	263.418388931106	281.035399796782	309.592075698356	349.132237575715	381.096994976255	403.667274055812	411.581069086178	434.50357713451	439.43847519581	413.876078953665	418.275274109758	401.981507382459	435.727822804007	430.245956179127	478.771727853273	544.13264344253	553.731967399918	514.835237708239	687.80209260254	845.322134989394	832.012751381334
414.124	0	0	0	0	0	0	0	0	0	0	0	0	0	0	0	0	0	0	0	0	0	0	0	0	0	0	0	0	0	0	0	0	0	0	0	0	0	0	0	0	3157.27437235439	100.455165285633	65.9736999822509	64.9787857655852	47.2105121215145	68.7541902452666	91.0215824178491	108.77130528977	141.265009084598	156.572318759848	181.358933317477	217.725340146368	234.549471994959	270.979301097625	302.824032778105	330.591940049714	361.777290133792	375.370831084293	403.719708766227	416.380811802238	382.243710272542	392.521863157462	388.859438335835	401.693417405497	398.938025520125	426.372823568009	393.832599609877	475.366559619154	499.187077773736	554.455459806042	491.45643423829	625.580434526016	519.29703818236
417.417	0	0	0	0	0	0	0	0	0	0	0	0	0	0	0	0	0	0	0	0	0	0	0	0	0	0	0	0	0	0	0	0	0	0	0	0	0	0	0	10374.8969717498	133.268771707996	67.6528980801624	66.8528207583676	53.3326449869851	66.0833641219021	87.9986058714811	97.275405905866	132.096563470403	155.488504258612	177.323179970806	203.599993944113	222.277652099367	246.716116553978	283.353201066375	315.775472999396	351.148504948821	364.093293740159	377.406292063196	401.450979390746	400.087158338892	418.965450904728	397.598464516542	392.611313170516	428.339380230492	385.909170251617	422.772952138889	460.140504897604	427.696093886088	504.560366514297	468.451369409334	681.549320925441	693.413479754188	584.945764238342
420.711	0	0	0	0	0	0	0	0	0	0	0	0	0	0	0	0	0	0	0	0	0	0	0	0	0	0	0	0	0	0	0	0	0	0	0	0	0	0	20727.6791037641	744.402699906867	73.4141272484255	60.748774192867	57.1082306893999	54.3283154419961	63.3421708893946	82.7930561895228	105.978168273791	142.90444312857	147.305136058375	187.017885702561	222.053788242578	241.844873256533	266.873569022673	286.076846865656	302.482186133561	341.473504481884	363.365570585653	394.986293349631	362.190390059094	373.265511629195	386.623648970641	393.012220404541	377.826574166629	384.514209494221	383.502325411382	427.659516083248	443.008630841764	498.096255241518	477.227267267861	603.592116192218	547.518062072179	598.970530826573	721.505633653188
424.007	0	0	0	0	0	0	0	0	0	0	0	0	0	0	0	0	0	0	0	0	0	0	0	0	0	0	0	0	0	0	0	0	0	0	0	0	0	0	3540.22040443764	80.5918290882115	59.3433210810164	56.1814251358363	47.9960503534604	56.0225667544404	80.5648394816265	84.6305676339301	120.336300519887	135.971631041555	169.077844494901	198.815041267354	212.560406521426	244.484876994538	251.613384097621	280.679648509654	311.593184604093	325.774319064616	336.069128106763	374.067957447946	375.759414522505	382.654649160075	376.862080956651	371.573227276687	364.966779819385	394.866201211551	388.697400681717	411.609272620894	427.143915150371	473.65733040712	511.321999920413	554.25234623183	696.312924035627	576.359881892328	643.801923744519
427.304	0	0	0	0	0	0	0	0	0	0	0	0	0	0	0	0	0	0	0	0	0	0	0	0	0	0	0	0	0	0	0	0	0	0	0	0	0	9837.5568561349	152.28780920396	63.4636949661843	63.0911683287734	62.0074487288417	66.4895188588373	68.9325906129695	69.2389975613242	104.102826770198	135.733804399785	138.078684425814	170.117400972966	217.299874462943	226.558277631706	247.132323313981	285.072804429697	297.136695618906	309.615228223052	331.652658147398	350.004424524889	355.626836638123	378.790896379708	363.344637117683	377.614029750646	372.817866470929	359.727308145512	356.637500997584	381.283248974683	391.551002307371	436.957549575367	459.927300340675	441.841856529588	589.386630855363	594.38171389331	737.770423294583	670.264760716957
430.602	0	0	0	0	0	0	0	0	0	0	0	0	0	0	0	0	0	0	0	0	0	0	0	0	0	0	0	0	0	0	0	0	0	0	0	0	18678.6992579558	740.431318848431	58.1185536500437	42.1576633669833	28.5629919048773	47.8541797569567	57.0362521679549	73.319958406211	80.3132605710856	104.117357214956	126.341972040307	116.482878217043	176.70569545371	201.594993985625	236.8947682063	254.943679850372	257.26493424839	282.656435541006	308.361525574425	323.423084144493	335.958002722889	334.031697984006	358.225273099134	374.27621191573	342.711619134392	358.162680597578	350.108585364365	347.401249005973	384.288692381755	397.590869755364	389.889269998699	462.653758910236	511.909600515608	533.766721098818	551.542509902919	632.656832518059	667.363327151494
433.902	0	0	0	0	0	0	0	0	0	0	0	0	0	0	0	0	0	0	0	0	0	0	0	0	0	0	0	0	0	0	0	0	0	0	0	0	3209.32983896854	69.4881255780219	68.2584541101379	52.3685541460968	62.5929078271604	49.1040104147851	66.2077311840264	73.4939507338808	100.229420895242	117.692639121024	127.368594064767	166.774435741683	203.206408761617	220.337442726349	243.10722674578	258.614672945259	260.222319652165	281.691564610455	324.014418706645	312.091985637202	326.904429989994	335.099046856093	343.131045221813	351.258964503296	370.794192772707	359.683985538252	361.501248463432	361.296974624668	366.88121419099	396.704955254679	444.193180599131	521.162739015724	522.422785357229	604.440609415687	682.193204175967	726.699593709219	778.698804673964
437.202	0	0	0	0	0	0	0	0	0	0	0	0	0	0	0	0	0	0	0	0	0	0	0	0	0	0	0	0	0	0	0	0	0	0	0	8911.40207933296	102.255777557871	36.3539998681265	24.6041021574874	23.4717819811462	12.6405938171314	49.2139880995118	63.2375048663973	83.3480012957643	91.1291208412903	117.028160137524	126.4096241541	143.605492206342	174.920519804543	200.467828674312	234.586727690241	243.655027571544	268.503991032047	271.476031864825	275.142094739851	320.26485051044	322.044581005267	322.685367799059	332.208340229812	347.131335688646	323.121415451598	323.675638013286	330.532998050685	325.355002816554	361.888562690929	353.174412262991	373.494088195532	427.4400995315	446.787756657219	574.898942087087	470.911530677688	454.991943836026	480.5592830307
440.505	0	0	0	0	0	0	0	0	0	0	0	0	0	0	0	0	0	0	0	0	0	0	0	0	0	0	0	0	0	0	0	0	0	0	18344.0932740112	623.383335026221	41.4823634374603	32.4068273584541	21.0805187085563	26.1711667494542	30.6098554598305	51.1118515945458	57.6209652618054	69.1372351492011	98.8390540405753	101.958619632671	119.758533717079	160.411056989967	190.453723485666	220.762082646547	216.882387710217	240.691415270285	256.711506482877	263.050836191865	299.453755608851	294.985869508182	299.397946147337	337.346492892001	334.847423361732	315.450164711032	348.876300384689	317.873957913881	339.232508595994	345.399437207641	365.681050506402	362.644145139468	402.967767752111	429.771986414081	521.871442462655	546.228761612465	530.9237005274	645.08531401394	503.640361840176
443.808	0	0	0	0	0	0	0	0	0	0	0	0	0	0	0	0	0	0	0	0	0	0	0	0	0	0	0	0	0	0	0	0	0	0	2999.90133053499	67.882244374392	57.4438337309545	45.8151587416889	61.6761626878079	48.1213226270874	63.3848393506942	70.3392129609491	99.9524414660961	117.781955578732	114.193069898784	128.660681597755	147.82143825371	181.613873345037	214.204874271242	223.618065819185	249.820730920275	269.405806938351	271.457045219765	298.417382096822	291.139684285585	298.085995856414	315.691402708326	324.98392592229	322.597881650115	328.253944254025	334.645982978202	341.666695213468	314.769988573017	345.476516901951	383.380027903208	372.46054566847	427.007578293434	459.437487891747	524.857228984517	623.904528936262	623.657066456556	632.563508514997	766.250294883268
447.112	0	0	0	0	0	0	0	0	0	0	0	0	0	0	0	0	0	0	0	0	0	0	0	0	0	0	0	0	0	0	0	0	0	8548.4333538597	115.578006372093	64.8791137352143	53.0452590853393	52.3438340833937	51.8448548753093	81.474734811237	62.3362707173224	89.2919474294759	78.7457718885562	106.396511796564	139.627158865834	151.667153118242	167.885425897373	178.172278191987	228.332891476205	231.116279722706	241.626241886146	246.773723677916	278.419919835166	284.4272076167	300.406081029616	316.054541080495	336.300989566962	329.957983242062	334.570214954044	331.047413473115	337.640328736838	345.81240969055	332.64658028987	356.881518995355	376.010657924217	400.121956936403	442.37282219286	508.64751878406	579.726834018076	622.4579478604	653.605355200939	701.89420239478	899.752534982894
450.418	0	0	0	0	0	0	0	0	0	0	0	0	0	0	0	0	0	0	0	0	0	0	0	0	0	0	0	0	0	0	0	0	17859.8069567419	545.602672786035	51.8604366113383	31.0426077064951	40.7429657467423	51.3696857014504	46.1263662403685	48.9696403526906	62.750900162071	71.4374724823051	86.9155946962919	98.9390662396244	107.152754615237	132.423241933025	157.799542824701	175.880135600656	207.367249499589	221.405017650643	237.61020184472	240.263823482459	250.870795611969	269.651309874852	285.429795694599	281.916135150504	285.001989651592	314.033122193731	310.104435589041	315.129500193674	307.404727687503	287.377152155037	309.429351404858	308.555710523525	337.37264714741	353.121055419048	403.962857512108	460.652888535016	543.403560236718	547.610225598501	603.23091093588	631.192929725644	745.921808218575
453.725	0	0	0	0	0	0	0	0	0	0	0	0	0	0	0	0	0	0	0	0	0	0	0	0	0	0	0	0	0	0	0	0	3177.0631789617	75.0177901906929	44.4101370132834	44.1225979442969	42.8099668535546	31.0679680793437	39.6488001282153	64.8165104045254	53.457927982316	74.892847924445	94.3075847035892	110.402067647159	126.030456019147	141.162189168279	146.874822794824	163.884680752453	204.945923305653	213.174654432772	230.092732927885	242.177510676574	249.99577951811	254.556666750857	281.853824502626	278.276029968995	274.842750822178	293.480490215444	282.739225822132	294.522911941369	285.281100704706	307.171606155643	281.176197407069	311.782476284487	333.793720192534	388.608159806517	395.802196671167	460.550228271137	532.905744747143	565.462363154346	551.058324959326	687.63591573677	573.799496549122
457.033	0	0	0	0	0	0	0	0	0	0	0	0	0	0	0	0	0	0	0	0	0	0	0	0	0	0	0	0	0	0	0	7619.37284564564	90.9438301571528	49.0846983467055	32.3942057381483	35.2452200872117	33.53416069062	50.4921428834965	56.0396990044161	73.4384586187899	64.0969238173478	68.6489250458391	77.9020178537102	102.159385312263	118.163979684938	137.44519975263	153.612851664835	188.522905980213	195.024410057233	227.963432824146	226.257745789228	241.371005685266	257.74978499488	252.499235068706	264.056238158846	269.662088359789	274.2662340519	278.826678892718	283.975202597624	291.306884769393	294.796451228595	290.078697196883	298.994798145205	302.129883064921	329.616802250504	319.899332437429	401.475304078604	437.952848419088	517.428071541522	501.86982420307	640.565563615098	588.982721257288	704.456895577876
460.342	0	0	0	0	0	0	0	0	0	0	0	0	0	0	0	0	0	0	0	0	0	0	0	0	0	0	0	0	0	0	15112.7296205641	513.4805453782	44.2199596265069	33.8844417224787	24.5274463519211	20.8728918974705	20.1988345114917	38.8354888037525	49.9495834795644	39.3548306153732	61.6707458785588	89.8869774819499	93.3043055897606	77.6811566940327	111.587715816636	130.107339461399	141.636793530958	171.295245794526	182.631783507894	200.056196112595	207.631795925966	220.120111047518	238.038686192534	246.347788662829	242.231677625807	263.367203465381	274.067185949419	268.563299821814	261.845149520024	268.952430037835	272.352538194341	254.247676842918	255.156830504465	297.47744869194	307.907322787291	332.626398741618	368.371353570726	393.149274538904	457.935252942397	480.062052852099	434.456153325523	442.164110866442	0
463.652	0	0	0	0	0	0	0	0	0	0	0	0	0	0	0	0	0	0	0	0	0	0	0	0	0	0	0	0	0	0	2376.07590694956	52.3749452220731	32.2165806832818	24.9226438725658	35.6530802862314	41.9857907811434	51.9707373001927	53.8157556775171	54.4226692504473	66.1918317501647	104.428193068207	90.0816984851825	83.8390639842768	110.623708951769	122.295740824563	153.277111163882	163.506724397508	165.936388143352	194.989534698732	203.766471941428	226.198160388159	222.416903216362	238.076033023786	244.273533958281	251.634978728161	267.470724616216	263.824581575008	264.616514281129	274.697117018163	271.509472931236	281.577846487487	266.742959686813	285.641068154764	295.685491637752	307.142802914154	342.713970446612	406.153509343505	406.998331624905	478.046554433123	501.044624140075	557.023911556411	621.378961852714	0
466.964	0	0	0	0	0	0	0	0	0	0	0	0	0	0	0	0	0	0	0	0	0	0	0	0	0	0	0	0	0	6546.67591823814	78.8068861788284	40.0225972822972	43.2856386942613	32.5849934743457	27.4704798589824	33.0447838469388	42.8707698263147	53.5772584674864	53.8516993820563	56.8930252313461	94.3610355582619	98.2361436723324	100.398026338262	119.526878849421	119.0164679789	124.367401482556	157.76563653078	164.49269109642	190.126323549584	205.592812442844	191.555508015405	213.69304630383	220.333627147356	235.315699741883	240.042263445124	230.044744248336	244.311651071421	259.430323820819	252.712036923889	271.533439731499	255.912236031978	274.694366761203	270.035549284354	262.563096658403	315.590333588448	341.964859380795	393.273910634677	456.924588442202	490.333370608928	494.317338972179	491.199042970153	485.601383693447	0
470.276	0	0	0	0	0	0	0	0	0	0	0	0	0	0	0	0	0	0	0	0	0	0	0	0	0	0	0	0	10690.5499506436	375.985326144094	38.5642443644585	40.4373261048631	20.2648480750376	32.8900946216927	33.7090283482817	35.2272737970767	54.8615738015198	50.2465768468778	63.7346220686682	71.2059629136304	67.603957793797	74.3523218386945	98.4351830931397	113.248830865075	117.893255000452	149.941213392497	140.551108934098	155.36581661015	180.690822207262	190.876591376991	208.371444982808	201.548343674687	219.377759351724	231.672039948812	237.801203452864	236.232756762278	243.001753611366	237.390859311301	258.052300630349	259.652750993154	251.261600580333	253.904110428079	248.584937325583	279.087069577124	282.759270370656	340.221634502017	332.340604160549	389.830643492428	433.65732271793	473.129640772596	488.807618084388	0	0
473.59	0	0	0	0	0	0	0	0	0	0	0	0	0	0	0	0	0	0	0	0	0	0	0	0	0	0	0	0	1717.05201069422	41.3191892672783	29.4805424183839	24.6638666028918	26.87008565515	34.3658450471243	33.5935589315235	36.6638366100577	45.2404133534403	58.2137472969842	53.855440673762	74.2941017219915	72.3782855307704	88.1618256718785	106.531483140015	101.542588360705	116.488523567648	134.239677650634	147.609918548426	173.589997210627	172.717461117092	194.513831549343	206.53650627647	209.526462077765	210.687238034087	209.975076707575	227.86356068293	220.342034702232	223.716910679875	243.319911000691	239.020382992544	221.516420535855	231.714146868261	255.755044489283	252.429577090851	264.465579220266	316.052831207263	307.376075784943	395.007326805481	415.787656715073	447.759117195815	442.028808102083	431.045101438515	0	0
476.904	0	0	0	0	0	0	0	0	0	0	0	0	0	0	0	0	0	0	0	0	0	0	0	0	0	0	0	4668.20062191259	44.5368906874178	15.8767588036024	18.7432741641483	7.42565645932688	18.5505203988489	15.5149283426388	18.9987603778096	27.8033020344557	31.4045163112798	37.3733503461895	38.496216730912	62.5150005410988	62.0136124480764	79.1224453944541	105.919424303475	112.902336171405	104.739252073914	117.476428617503	123.042758702574	138.31609658613	154.693464037328	171.707077809486	185.466113235269	186.853022584781	187.696997937033	207.363579171792	197.069075393299	195.838987399693	223.73833720107	208.432339116547	206.447638768929	229.506074517662	213.686084782529	215.475132460856	208.250540082065	246.622249643221	228.971408310454	290.491713706794	315.878378586887	369.139325821447	357.752251814996	370.597416910235	338.751178075046	0	0
480.22	0	0	0	0	0	0	0	0	0	0	0	0	0	0	0	0	0	0	0	0	0	0	0	0	0	0	10063.1111460846	218.371305503299	38.3750779835414	31.8655546199164	34.1283883230455	26.7142364984244	29.8833192045665	44.1422525036115	34.7223992571272	50.3586094570766	55.63691447636	60.6273490451873	79.1834390685105	75.2729314626462	101.192407766699	94.283509665038	99.3908558570675	109.161012800214	125.855961255852	128.392098388814	146.180005813777	155.113256604781	167.077886410316	189.855344986951	192.495282487872	190.864431347152	191.066252484739	206.936246899697	216.179521393244	204.073741029084	205.732568070539	231.4709766182	213.108708555074	218.548993907091	226.410752242402	239.489336416843	240.048271148355	253.603195434972	265.883214835018	304.957507138682	374.534321058779	386.832759970053	425.731837098786	428.154363777248	0	0	0
483.536	0	0	0	0	0	0	0	0	0	0	0	0	0	0	0	0	0	0	0	0	0	0	0	0	0	0	1459.850395216	24.5888774181759	22.6873137350138	26.061062284295	20.9201008431343	12.1597412266505	20.673488045672	20.4625835626642	31.8410173337547	44.7550316238205	52.069899919442	55.4043327921864	58.7829110394073	52.5522181022608	72.2789362736067	85.3818559334495	98.1497562925375	101.223590241006	116.0611424592	108.147827947963	137.643829640028	165.541933554104	159.424749828298	165.750350022306	167.669551701343	172.695310674687	191.205832229052	197.215376931942	190.475035275646	185.891894589955	192.339512537827	202.554419505501	208.340762831363	209.375934185411	210.546112269673	198.409217470911	204.202380776155	234.336970453245	272.678680343465	298.520626096629	296.368908620621	365.911225662048	357.500239496887	438.128491506143	0	0	0
486.853	0	0	0	0	0	0	0	0	0	0	0	0	0	0	0	0	0	0	0	0	0	0	0	0	0	4898.1768810374	39.4819418421444	15.6553155890146	13.446201543447	9.09964155408159	16.5665531738039	7.14931792150364	15.4880325191349	7.7221090045914	26.2956323199749	32.3659834869846	35.8535182096604	48.2169051921051	49.4591060610578	57.2163098842815	52.3255273502965	72.6148539776578	76.1096226246444	88.4987015629294	94.7054963528245	116.587868576016	116.793035142837	114.905244398217	159.540051461122	153.843185653458	161.918676390548	170.474087626816	170.639182675068	163.438697284613	173.594006199081	187.476156895651	180.846161663272	181.559934956162	194.22697793507	188.835424244464	192.470463933004	199.324497983701	196.620581145945	222.882783383068	244.350214812035	267.325805693776	281.775203343627	269.12032534184	338.987740193473	362.508499863123	0	0	0
490.172	0	0	0	0	0	0	0	0	0	0	0	0	0	0	0	0	0	0	0	0	0	0	0	0	10501.0109874784	233.143726090662	38.5166274612056	26.9017700076304	18.8610305550253	25.2944112339635	16.425858463272	29.0679256513894	35.2898484549959	31.0936474982393	37.7465496031842	48.5731380840888	73.2530718895803	69.6258122599413	61.9838330903217	71.0195795893977	91.6100252599115	114.830582401676	105.031966017486	124.336764402449	111.756111073726	131.529110392825	117.221033338534	139.725182374095	162.248424851712	163.153175764838	168.780002379525	173.693106596845	180.904534619657	179.709107827309	196.167874265833	199.794895954062	182.471280155506	170.13939521789	196.666587932237	212.689647009071	197.628157968719	207.471266110242	217.495241708664	226.140485825913	245.830154596816	284.817034927663	337.199789471344	400.875014553929	369.136530770716	0	0	0	0
493.491	0	0	0	0	0	0	0	0	0	0	0	0	0	0	0	0	0	0	0	0	0	0	0	0	1442.70008052803	26.9979356479554	12.4951867383952	14.2274087497962	17.7912470606207	10.0067967862663	14.1544095361494	17.9227645465472	10.6284708911786	26.0696243701336	34.3053054757969	29.332415411896	51.1299131048337	40.8953087919467	55.2743252836142	62.7931821418982	55.0882773599449	91.4798044494082	75.5579768535055	103.293780625877	112.861578107273	112.765991232313	125.343159253788	126.229903533056	130.944206701363	139.702159203088	144.104778856987	157.660773646587	155.969277371193	155.724228492533	168.600600009413	188.386068300311	179.215622361562	177.172460638998	181.011638820875	180.931722550922	177.906849659068	174.080283565471	194.74359427108	206.272735189101	170.065077743846	254.538259724326	268.670259141283	279.487511553932	305.722205896848	0	0	0	0
496.811	0	0	0	0	0	0	0	0	0	0	0	0	0	0	0	0	0	0	0	0	0	0	0	5394.31280080559	56.3093368154759	27.8995159642421	23.9830435508281	22.3304282354886	18.7897277313984	22.2218735315779	29.2572462507408	25.5570789531498	36.9956688889712	41.2718292518304	48.6763466385591	49.3782908535102	57.5917519077151	70.9935705076768	80.9252774769095	82.5731586700074	84.119301184583	91.0439674918834	103.730535627194	96.7690765516503	108.566686272892	115.182014371002	124.383762379211	131.871350697452	143.92705834283	156.473063484185	161.33098897693	167.890654841421	162.964757906313	180.39120264078	178.738822076612	158.350350954928	174.625828532083	180.09858969456	173.303731017504	194.370088426694	195.274650561696	193.998437064434	196.37417669468	208.481283177822	233.139400786012	254.363165991353	288.697684861687	379.711245949017	357.218908687347	0	0	0	0
500.132	0	0	0	0	0	0	0	0	0	0	0	0	0	0	0	0	0	0	0	0	0	0	10994.2736191849	263.605152410032	35.3984631537594	19.6636007467102	10.5520464247607	18.4216511571992	21.7996226425898	24.0331325949424	31.1696684694709	28.4425411933463	34.2736972768123	30.0771154208981	47.7505934268063	42.8883807390206	56.9611101815123	51.7055725902947	66.5270880181599	68.9912200958881	82.1964125742213	80.5484924695447	97.7861143177646	103.570690397122	105.92322004529	106.854559803423	109.976991305044	124.643955389558	143.311318358799	143.78356726363	146.619349700812	156.961399308746	149.631441925242	153.064286485932	148.362725243097	172.690283599467	172.673319086384	177.397003117051	156.304362566759	150.242296982177	183.74662433001	177.13209542702	187.855963836949	230.765276135693	230.911848879013	257.916931796261	289.511373544112	302.438896713096	0	0	0	0	383.086172028675
503.454	0	0	0	0	0	0	0	0	0	0	0	0	0	0	0	0	0	0	0	0	0	0	1533.29930854511	18.59674571417	15.5474212404684	17.3811298519424	7.02414812154231	13.8951498400072	9.29449731889383	15.8125767763785	21.3201794603774	17.6867673134289	32.3220485718041	34.3048338180301	42.3044930764584	45.9955486831877	26.8621295566202	58.6257926363583	60.2442514451235	80.4241749712491	64.5403657652913	73.2528689741874	74.8959052951907	75.3474117695657	97.5091924523765	104.265939764624	110.940045148359	121.868298252742	127.400685324945	132.192246257536	133.859481679933	144.272432833373	141.076628009034	140.154050576108	136.940502820702	146.048132393998	137.771198096107	145.061608387629	154.64401255386	151.451229597948	167.818724338578	172.520158983339	180.766557733605	188.661159572746	182.334641725635	230.815282769149	252.781507100338	267.770342096879	0	0	0	0	246.580188065624
506.777	0	0	0	0	0	0	0	0	0	0	0	0	0	0	0	0	0	0	0	0	0	5286.71481917438	35.1628803864884	12.403853344213	15.6286769827536	14.6877226283031	14.485287616403	10.4177702902854	17.4647058318163	22.5902073024272	22.4140953019993	35.5959158342945	29.5260147743221	37.7319605687183	46.7722768690545	37.5349918779515	48.8032797067299	55.0813372057146	68.4068900591592	59.2998155338471	50.9792639028005	75.1664256940335	76.5568444986359	91.8583265982392	107.899586048673	105.180525754459	104.656305827424	111.381380154599	132.71275111346	123.260946391146	121.408878094065	126.41890781425	131.377710458037	135.131906466461	137.581545173181	147.845907657441	151.478030959872	136.175795819714	145.383646209127	154.175274260144	144.165350592852	150.98756447841	168.581914270505	186.883922676699	237.360041038309	214.333819680978	232.137991217191	297.257074188653	0	0	0	0	341.220300800248
510.101	0	0	0	0	0	0	0	0	0	0	0	0	0	0	0	0	0	0	0	0	11219.3521077051	259.195946061519	12.9628524434475	17.0812808836666	4.33718308728158	18.9245410957147	22.8344966302683	14.9923281350618	14.6823725421716	17.5293513869995	28.1698304724937	22.0658938007202	25.1183453880617	30.4314682900077	46.5387461917007	35.9256889134802	48.53525299482	52.0578895654793	51.8041313878313	61.1013028170533	58.5002107036727	66.3999685058273	83.0659694370594	72.4683210945038	93.7714352206302	101.337907776568	100.912346289029	115.04193355086	115.132386937313	125.937576958582	119.223147533527	121.412490017902	124.729691118133	130.322922209155	133.768482968157	138.538582418856	129.348924375656	144.305697936173	147.415125278785	151.75078467594	157.525942522898	169.679534619132	160.157898530317	178.237412187727	192.613846501169	214.538528803136	225.439016469154	0	0	0	0	468.170254107432	310.418618313704
513.425	0	0	0	0	0	0	0	0	0	0	0	0	0	0	0	0	0	0	0	0	1572.98463601171	27.8633511702	15.1566769843052	13.5937526694263	15.9220973042103	13.2017777048106	0.506162848669522	12.0791237826668	15.3536186774249	14.8654581247259	13.884577229434	23.5679873029744	31.5336628770706	31.6197736827976	33.8654118738608	37.7069364427359	46.0545782636254	52.3684243717481	55.4228137229449	49.092320446911	60.3338918984001	67.4614166953098	69.3191166159106	79.0138280516545	70.882914967255	78.2503543238922	91.3802918264321	103.181137184277	99.6220238445338	113.454252085333	110.466115117704	120.029334614118	112.768561887794	122.653872429427	119.165550739253	120.294705198227	125.934821121215	136.564234238716	123.72993866695	128.816024463479	127.185028311148	150.749969116221	137.53382970587	157.911984475129	177.196828103943	195.983725144766	204.542230322523	0	0	0	0	272.713157308806	256.526650922768
516.751	0	0	0	0	0	0	0	0	0	0	0	0	0	0	0	0	0	0	0	5199.73035014917	41.9166780025649	19.6300465775577	17.5022982650849	14.5884679655046	16.3937785581058	18.0511067682346	15.0945043233485	18.9711787729155	22.8707428505914	17.3698473241486	24.5353897634041	23.354973204597	35.7656054240037	45.2982719918466	41.4605765363516	47.514598899027	47.8875049183345	54.5180766637653	68.4665267011387	81.1747019417394	63.7122693531343	82.9130643529333	73.9410488006684	83.6698524889757	98.506673395437	96.6239804149104	92.5156796847125	97.4736430181308	110.087268749945	114.689463046218	115.339178713984	121.272402801926	123.024333538667	123.941775315566	119.817480210395	125.700433868286	126.916802805888	136.025488846693	143.877287871923	147.420230008465	145.415249683193	149.622467740047	143.879002785425	181.888215017208	154.429959912781	213.704414070754	242.11169491428	0	0	0	0	195.323005160204	194.573864615027
520.077	0	0	0	0	0	0	0	0	0	0	0	0	0	0	0	0	0	0	11197.2462321346	254.680964901778	27.5994982373762	26.25987705487	22.3757567775163	7.95562657287585	23.2079186427902	12.2215226588269	18.6748859727686	19.2809699508593	22.0705718759578	37.1812742849762	26.8334928204192	34.4043111750567	33.6747896284181	46.312080322466	45.1405788786446	53.45501338428	55.9942575639219	74.433895497189	84.142580437005	68.6455467181493	88.1722345906524	74.2133446337922	82.3404138629355	76.5479838482377	75.165643730318	76.2146728844312	104.650737243295	112.384323332659	106.088517667247	122.0826991943	103.240806965992	131.999506532926	120.751294458264	117.708322848686	122.267386929852	117.389345602276	130.178174633084	141.469300100988	130.356687982173	137.414038082771	156.141364374937	159.713110888908	164.211868024232	162.312808294736	199.029864919725	202.33704191218	0	0	0	0	523.092023614214	383.841875272259	339.341795016436
523.403	0	0	0	0	0	0	0	0	0	0	0	0	0	0	0	0	0	0	1586.77956091754	28.6637149108839	15.7755289432125	16.881761068248	4.85777349208117	12.9760730601767	14.1990562972729	10.7112266089361	14.1269145083638	15.1669399330161	22.7367459623001	24.5549532333398	26.7961043512728	36.2334557971737	49.677123049033	57.1464841570641	38.1354291708289	45.8280761193916	54.4494749975098	50.8296225536767	51.2648328276862	47.5614649495072	44.5865852813722	70.2436185205254	73.5354000495645	82.1838922131633	89.3441003670236	80.124323285932	75.1788618540767	96.4002833643289	105.624478012424	115.464722038316	104.827234393541	98.4172405693501	112.022511356207	121.08528462922	111.491812857031	127.038603533268	132.048252329033	125.108184796781	134.028310787445	138.371037747624	127.645460175168	144.453372225621	138.611514501223	171.685631136163	176.188709098322	183.915005009179	0	0	0	0	293.536071355147	304.786406340034	275.78967199478
526.731	0	0	0	0	0	0	0	0	0	0	0	0	0	0	0	0	0	5080.11097724754	35.3757174665944	31.1002196504667	24.9058698336485	8.71109753796897	18.58622213655	25.415506424771	16.3020353648864	15.3189102982474	13.1624424587999	18.9983102730293	16.2091339717711	23.2678237084035	21.7434184526001	27.5368708857594	36.8535910906735	31.7452075953084	39.5062926924219	48.9501773500521	50.9535879999432	58.7820261030935	53.6981159531031	61.4581007309337	70.0604849816005	59.5253116445858	71.6701473161907	80.8945119227338	72.5776974210625	82.2099075422876	95.3004694081372	89.6663932830214	103.809199401406	104.060012930403	97.8632114581052	88.5492385945724	98.4695173304984	102.315962988845	114.207025387043	104.195552832587	99.1601857727135	111.132884480306	111.654247761402	115.742382080313	141.142079266377	152.39043900738	137.41324592651	147.25353495651	176.832467427077	185.773458641829	0	0	0	0	230.052667144261	326.269701883367	225.431982034169
530.059	0	0	0	0	0	0	0	0	0	0	0	0	0	0	0	0	11004.0720841804	242.135689304022	-1.68774660174231	3.83300249670887	-3.36953253408692	11.2559823343631	-3.99697395730554	-0.300747758091509	10.5575490566711	10.8535214733923	5.67129810821196	12.3375812824497	13.6892745818016	16.7371600041688	15.1652714609355	26.1093752448613	29.811866616992	22.805319578435	24.6118094813507	28.3992973236592	40.7144806924673	35.8676271239639	41.5443099916277	46.9379741290479	40.374927476791	48.3890079740429	56.6317636247937	73.9382663296678	69.7700732363806	57.6159284733737	58.558518326986	68.3769283563396	68.2119149557884	86.2330098629301	78.0645845138329	87.0462186666537	88.347769854226	101.988093886941	87.1655517043805	96.5369332248534	97.1971412990909	93.3920435505433	96.7037362297734	110.722620226659	103.951401692761	107.318951754455	103.311473730956	117.816306981069	139.28854860362	0	0	0	0	318.241073025452	110.208889742261	110.970380897824	43.6990340423968
533.388	0	0	0	0	0	0	0	0	0	0	0	0	0	0	0	0	1638.84552313041	16.3017260225231	9.58526454011351	17.9834645814015	14.8462499160655	15.961446418309	6.15500076793155	13.8355028346904	10.9563548590094	11.4125387456408	15.2650194455233	13.6438389237128	22.0470159656678	12.7343262086831	25.6121973048661	23.1089353577685	30.3425943288103	29.1705289851173	37.3145518264334	43.8367586343981	42.1987859669049	45.3497961321231	52.3170244495883	60.5852773737977	56.5132098626007	58.7170402300089	52.7735276299065	63.4451005239371	60.0628705913232	74.7771309031057	70.6561775197081	68.8961076510932	79.8566694926767	79.6746533978579	90.877884340118	83.547732383683	88.6153912794568	80.2964298950917	99.7870709199593	93.8805402035061	102.161906256885	102.487526732815	114.76056275571	97.0324322089734	118.636131607647	108.574855499081	124.863183543331	132.790648104542	129.724108616553	0	0	0	0	257.431040779271	227.688722211658	288.372007751744	195.619719189043
536.717	0	0	0	0	0	0	0	0	0	0	0	0	0	0	0	4945.31841227422	53.085456907999	36.1247549207297	22.5146010230429	26.172763702669	1.06011387189485	26.8947420173564	28.8608956749366	17.309979622518	18.3566601940711	15.6145305959959	16.7439306234465	23.9015436047455	15.8207719814254	30.5993784227512	18.8215611509974	34.7707737179988	40.8727011030107	38.791588323301	41.5106591858026	49.565783087165	44.1449210873643	59.4847829512599	42.540300795629	65.6400138440821	65.8158707454886	62.7768698921886	57.2286469494975	78.3099328672502	58.2956208556403	71.3610044623465	72.5254280866811	88.9763318732826	75.0412236253961	87.0719776845014	99.2611664735065	89.4987238007	86.9062905588607	101.781450426193	95.7691767779703	95.2427747094735	102.054529884921	111.059688085433	107.658384799882	122.203490355771	108.894490888933	124.627487144414	132.838408953149	101.54147038069	143.649708789562	0	0	0	0	271.763314470632	264.66061949646	173.467601470342	367.576455535741
540.048	0	0	0	0	0	0	0	0	0	0	0	0	0	0	10160.6685836312	266.674981791237	16.4589942216254	8.50625024682397	13.0175254678404	-17.2336373089226	9.19019572145867	14.8337795620039	7.2102261343393	14.6267146132978	9.91844470386185	8.4828541583423	14.4917871862214	18.6621881759187	19.4945086459186	22.1460313080931	28.2156881864857	14.4845530865348	11.0132186642797	33.0092644688013	32.875566345431	50.0150213837544	36.3009186946155	31.5880989337773	43.8427469067145	47.6540417402608	36.2088310384855	42.9717830574949	51.6291301124946	65.1980720036788	50.6105044487765	69.4507254253774	49.0027510808738	60.996275695089	77.379869850175	74.9009237632358	81.2867860096142	84.6970287460667	83.8057955199014	76.9544485400665	92.6730649847957	88.9265614792067	84.1398757606356	87.9101618012492	81.2151518098759	93.141358890166	101.11309365283	110.053349286399	116.126950203132	148.689111930004	0	0	0	0	350.345879002966	148.369839436207	132.867824103613	123.772858101212	117.461439829789
543.378	0	0	0	0	0	0	0	0	0	0	0	0	0	0	1472.56050462946	25.6734593081724	24.045590749907	6.06403286751021	7.0646889802638	-6.79866290852407	16.4748420435769	2.7970398496926	19.3825194326809	14.3307617394917	8.82237610556111	13.6499778277001	18.3995591119497	14.4984347646857	15.4035720767851	17.2799912871777	24.5028547572936	18.1243777135238	28.3647059696356	28.7053204972771	39.5936450619562	41.4516044776959	41.1730591223669	38.3473282112223	47.4306043937554	48.5708970632823	65.8105698514466	55.651209034206	60.9509136413158	48.4783997862835	46.9887538886117	54.8572212897014	75.3251779645518	77.4043347059601	65.8373698977489	77.5141353973857	75.874883261121	80.111568378912	87.9569806228382	87.1848659412831	77.5933311236898	76.0372102238643	84.4668270682102	78.5982149245062	83.7947908946906	80.779673508476	95.3000524790119	92.9988948898406	100.90847183109	107.441800060774	0	0	0	0	236.291732909497	168.98358764693	182.630731685389	169.335774843891	386.513710402876
546.71	0	0	0	0	0	0	0	0	0	0	0	0	0	4509.1476993184	-0.125032336753807	-21.3372934950646	-3.77451125717486	-3.11803780812158	-19.4463989558355	1.16467272152078	-2.70729326182655	-11.1397194990114	-12.2791033964163	-1.13881983373528	1.1858809077861	2.99430824935089	9.73510326868507	11.9414994429372	6.67108943534686	16.1619496313805	10.3051238741509	17.0404509245405	23.5791656392297	23.1192143824478	20.3607873013096	22.702240554155	28.030839049698	29.180893854562	26.6360307471272	27.7537808099389	35.452728632462	53.3824350310855	48.7348703719302	56.3261898810621	49.2394200110983	55.8856841103485	54.8297547087437	41.7639048192529	50.7724811714187	59.9483083478862	62.3701447383728	64.9543400983185	72.2649681201447	65.1065156286919	72.7307436700607	76.0974535237637	78.4310335460318	81.6407561101519	88.7267152731099	70.7065792482096	81.2005516797152	88.303037007196	86.7958936462065	102.065910905869	0	0	0	0	160.807724164823	172.671502499472	72.6628653326218	91.8395307184519	-5.00367439258062
550.042	0	0	0	0	0	0	0	0	0	0	0	0	9471.25357888589	215.871913332534	42.4300139340513	21.2546077048529	3.22197786700877	-1.34538970429103	2.92139610764407	8.46744934197324	11.0335087876278	10.7233796145867	27.2553522853589	24.9475351769009	14.1627903070949	14.0931852240322	8.93776471116865	18.7794446459159	16.6940022133267	19.6051458491013	30.5871258625927	12.5089455985688	30.3416243490423	27.5826761898792	27.8360442884118	32.7403883296612	33.6457344920687	39.8926719089917	37.7564216690065	43.3820912232486	43.6531257549285	44.0566288330679	46.7758621044552	49.5783746982573	65.563413052463	63.1582226799615	57.7011981807267	54.3256399324621	58.6025483812907	69.6366925686941	81.4990278406362	69.7890438258861	78.459939270415	66.697303510335	80.544553887619	75.3609296743391	81.5533310782408	80.1559532009514	94.1960293262564	90.6334842407938	103.125595428919	102.749358506445	83.4908183692381	0	0	0	0	345.348617726512	162.29479504789	119.313990816608	202.865258451943	182.126139510801	215.590363110342
553.374	0	0	0	0	0	0	0	0	0	0	0	0	1269.71764036492	23.1977625416753	12.020876513612	28.3547979694914	8.22412720137985	17.1014938481367	13.4280508487784	20.5010060161804	2.24384774891835	14.5599769867487	11.772754982902	11.6966066854871	16.6553686177386	20.4588649208033	20.2497314382901	20.020737691999	19.0303548307815	21.2801637426625	17.1758689886752	34.676835949361	29.2873129446063	33.6781397780367	41.5449034074618	29.1614775666065	36.4037545233436	43.1391974240841	36.2075952860619	60.1329388921638	43.8167390540678	62.2480065848146	60.8657103295214	52.7499587421277	54.7350010123116	54.1761763308992	66.7280744995701	52.8409453042502	79.0741325748289	67.4140875847576	70.7791045365325	77.7340833810999	82.9172703240085	78.9436713294559	63.1517612387826	79.5819955265313	76.292113939668	72.0112928311063	80.1374065570722	92.3325882069333	79.8792132544602	91.5957504038209	98.9687679970374	0	0	0	0	252.589561201489	140.030488670743	209.104322010182	209.929436703063	145.736333869361	173.504855886314
556.707	0	0	0	0	0	0	0	0	0	0	0	3966.92226340006	-6.10351173392057	-8.92698230356003	-5.53143214806443	-16.2819409353477	-18.6873379717607	-3.04318264950363	2.07951151848769	-9.58156108833635	15.8440039368461	-16.2982229793306	-0.637816626096208	2.49051203153985	7.13491103250925	-1.59809805550176	13.6781795839178	17.455096460864	11.3481922380256	7.72706438236631	24.8923075467303	6.60876440788708	11.8243212029112	20.4237258926814	30.8528214569413	36.030482008317	15.1625938593813	15.2070995349869	27.0234774237687	18.3186713760064	19.0781485683387	30.1493925513044	29.513759314433	31.9644945198305	29.5844190263816	50.0783011700292	38.0924234998943	41.9607667523448	55.4573550802494	58.8950361831936	53.6141566619946	48.1068439084244	51.0176245724418	53.3726735358325	57.7085466798364	62.5282654191355	64.4989637768958	46.094847530437	73.6616716593942	62.8901989102843	84.0739053163802	68.1974926236033	68.7572389540175	0	0	0	0	93.3022822508369	98.1705588662817	117.671876669281	112.605984798893	69.4159878095096	21.2156002385722
560.041	0	0	0	0	0	0	0	0	0	0	8514.99117724516	198.561906304186	4.37365973814657	21.4693475978247	15.4756107862851	15.2367776204385	28.6387644212981	16.0834154934404	4.5696657030986	5.5678689441318	21.0365454967395	9.85904145599443	13.8694222924947	11.3121190355758	5.77969092309723	20.0475141370247	14.7309121060419	14.2044425527075	8.65669619532081	20.5839657495355	20.096035750764	20.2101580626786	38.6430917568895	26.5849168031526	34.1557929206619	42.120823104064	28.347808573773	39.3165845471834	48.1435007576733	33.2697567848088	49.8956654474684	53.9020983480942	58.6106671428203	45.8231465735842	43.5222271973793	38.6594143042599	55.3602080226972	60.1474068181171	52.0225160230576	55.4235465167438	65.8090162769859	66.0083562275276	56.53955529675	63.4879983502237	63.1373634864311	68.205193196363	58.9449125934741	70.3608757668859	65.6052664049796	78.0083854743566	84.3029489973676	89.5866769614598	0	0	0	0	306.965434216299	139.116643294316	143.371892502451	165.863906481462	175.51242325709	123.400131645247	170.451882501545
563.375	0	0	0	0	0	0	0	0	0	0	1138.8115679326	17.2259079438605	-11.5672348110141	8.39424342589621	8.00028693149135	0.00228929049984894	-9.14162981921347	-6.10360823647246	17.9768948771155	2.78001754216964	3.79315248737002	-1.05848669336906	10.559631451244	2.20912983625879	2.76027109315667	0.456844227920848	4.09310790324873	12.2370004344378	15.8000716074362	15.0169152388397	14.3910428531164	16.5846936781562	20.3095064432483	23.2578490139456	18.0503955607823	21.5893124145236	31.3306081716986	31.6767981703126	27.7569948389688	19.4434610632027	30.568630973041	32.8010972933135	37.2172582988796	38.1367057083802	40.7247566688663	35.7019892115422	39.0454539678099	38.4245645004177	54.6395602966873	50.826862020943	39.9876709451394	53.3497025222219	57.5804544439333	54.8754449963949	53.9893291519416	76.3656456236745	57.5274113007457	59.2125670655846	69.2748937685509	59.4084221987752	65.6543488877584	74.9482435020721	0	0	0	0	119.763276093235	79.424599202324	106.713111559494	142.702586942825	40.8469215151577	107.443541830483	150.248419329177
566.709	0	0	0	0	0	0	0	0	0	3689.61324799232	45.6780205140723	17.4965978572706	29.0114935002241	17.0488210599101	9.63712112471298	13.110754936913	2.31300886462106	16.830387931174	14.0110675766959	10.581341791223	13.0027768964332	12.9460529960903	6.59276274435577	9.00908605042284	8.53063130141533	21.8187954618637	18.8111007479246	15.5573815459609	14.3232585261363	24.330831568205	15.369054496821	25.9166560750483	29.8618928150469	25.8255287134292	44.4378217933701	33.8342804536898	48.5590796938808	38.1800438079284	38.2823201689906	33.1520853353002	40.7522240038572	22.700131295607	28.6165549870838	42.5417368500458	37.3859264186708	40.6483787727556	52.1453003381927	49.093823179165	57.3460983702154	56.4978285503589	50.4154306741087	56.2227575598469	68.2603303150965	58.6280018257477	47.436982135931	58.0243136410976	60.3899989069087	65.5798803244558	64.0295931178769	64.6947776264065	61.8027458780519	76.9463437112953	0	0	0	0	144.37942160669	133.631791840625	133.905834952872	94.6308941009024	203.927001850074	258.308216819106	156.770251168065
570.044	0	0	0	0	0	0	0	0	7935.88135319443	170.766707660503	24.7258611584092	14.2529852365341	-7.36849697377984	23.3002689911459	1.54601002167281	7.90480979556876	-13.1929933962043	10.798344495653	-0.0248297824856839	24.7262553230174	5.85832736237293	0.358007321907522	4.78717994740006	13.4471900443014	18.2068259430115	16.9720644005469	9.63708202216786	16.5578080356704	19.8682243208753	9.90429959364921	21.0008021774933	30.9329760647103	13.427333028811	26.5555521879659	33.4525642648723	16.5416688793725	34.3175645719104	19.8777092664148	31.4550419271018	32.1585338960968	22.86073060312	46.1865473620083	33.0108179527035	47.4159011134271	50.0788301301623	48.547529005906	38.3968180954765	39.0147067661773	47.585129960502	46.2616426652973	44.8846267502295	50.0348769262501	45.4295474357532	52.497745480553	55.3921434228934	52.9363592799575	58.013148603794	58.6621345533427	52.5258939960895	70.0880624663846	50.1503189449852	0	0	0	0	240.067064684266	107.774554226643	139.82851657602	107.438086638858	159.33179494227	133.85416845148	102.978834852461	151.216181052675
573.38	0	0	0	0	0	0	0	0	1031.57403207037	13.6219630300396	-13.6998242738076	3.6096614677504	16.5097429118794	3.28965685294081	-3.17511821795954	-1.98641391942445	12.3469634277498	11.7829851052751	-6.51788252786166	3.30950188101165	-2.70254867612405	1.47979077259623	7.70974417313347	7.180587130815	14.4792437032615	6.39946475562517	11.475583691409	10.7243415711408	6.64952754200249	10.6007843119575	15.9390528922151	23.1973946566063	6.61662205293892	10.6160495561698	22.2246793143373	24.6463691006726	25.1396104881026	36.4174555991744	20.2640848205996	24.3608502469108	28.9460313308014	29.0264967537174	36.8308963868534	18.3799333451001	23.9996515688448	31.3104074452738	27.7453625142424	43.6135975912274	40.0029413235516	47.4843924724298	48.2415758229097	30.1516112781732	42.4648349260227	48.0970420466381	53.6038682382263	51.3562631608772	41.689370041034	59.7123235795749	59.6658803599349	57.9629708894594	56.2061099101509	0	0	0	0	137.374641816581	70.2449955280604	117.692739029185	104.379524959262	50.5625821716837	83.1784181795297	76.9652293447455	-46.8556963616543
576.716	0	0	0	0	0	0	0	3157.35890105988	18.0501506388297	3.84235179306156	-8.08948580406517	8.83600359179725	-5.71102237801082	6.50462917886295	16.0776029381295	22.2627024972052	10.3759867516516	14.0001460284737	6.47398642721588	7.02741322026844	-4.72780478745743	6.54459101257982	-4.57860675086213	6.57528470410388	15.4762816789337	13.2536114407242	14.2124177361734	4.98902189610086	22.560656420279	15.7575917078451	23.8379520441151	23.7064521919403	16.9665915475476	22.4788931929136	25.6699881465894	18.8485181762293	26.0992168594843	30.2610834145584	26.6336219238842	29.6398912704214	23.3539675326527	25.8510587992045	24.5013475332137	29.6294665248238	24.6187060350253	28.0706718809932	45.3863680881613	33.2703019500081	39.2905141933413	42.0239731096588	53.5747630231173	50.2487011266022	46.790695823533	54.7885215006829	44.4430251942174	53.4744462504486	54.5971871463869	53.3662081506709	45.9334415666452	63.7438397609284	49.5944655215095	0	0	0	0	95.1526276161292	84.0920453820016	107.169663069449	90.945484907731	90.2088508493326	81.3728337886792	27.7663655375244	86.9596763889982
580.052	0	0	0	0	0	0	6716.44758858076	149.613516544448	6.6486135672012	-4.50068282679551	-19.7947800481671	-2.92491989361973	-23.7790629299303	-14.0608504795184	-2.57508141779907	-4.94783820287135	-14.0857143824065	0.898583709589295	15.9032227877567	-14.041410861022	3.08880998327735	-1.47219158850962	-0.342694666274076	5.703697701585	5.64915572489572	5.17023390114311	9.95316729177903	11.5301535021836	5.36654704090212	9.28358449941054	15.5177949629044	4.63395764851282	12.7702167168403	7.00628137813142	17.9436456118849	14.5975339105224	12.3071203527601	26.8426330872994	14.4544877077105	27.9264511642513	12.5834208542901	7.63325100280043	21.4620562517662	22.0772923557669	27.4839210666841	27.5510216456625	21.6542453549434	25.6375089439868	48.7260322904082	31.2229734841982	24.277576991589	36.393164764229	27.5617012430656	33.0706267046803	45.0475573673669	47.1506030669515	41.0081665475193	44.0634232650466	32.4375203798994	38.4454281951742	0	0	0	0	203.089614527881	83.1692206031767	70.5865359248012	71.3284661010371	75.1609009092874	14.1444298211102	119.592338660158	-31.4448827626278	-29.0679459173213
583.389	0	0	0	0	0	0	810.975795969454	-10.9218204053044	-15.8405920849226	-1.859834175577	3.6923159735491	-5.28774601450591	5.62717128676592	-3.18692602487774	-4.06116455251944	-0.973932481158203	11.1848375584388	4.44681928451046	4.28751572221874	2.48242712804023	-9.24145756709418	6.51828423644222	2.85652139112183	-1.72824389066005	6.60760174295886	3.49401247234777	4.97273614720192	10.9699608056109	7.87262664563581	20.9816676101048	10.2951707282231	11.0008015137431	7.42906907472294	25.3133923618745	21.8451377975284	20.7649124294724	24.7112861748999	19.3296232234943	22.0196994316481	17.2088755498997	33.5199796516523	19.3925706291145	14.541348720867	25.6990624850059	31.2408966906494	22.2896007255623	30.9276851985836	28.4801772556482	18.241646832928	40.5205130257667	27.1059341088544	44.269730177788	34.2781095331272	45.5274100480087	34.234453035917	26.4908944529665	39.3393011178834	55.2815488577011	46.2837103482618	52.6073371410503	0	0	0	0	92.5477111292571	62.1392046460548	101.406535334795	104.365910105709	87.9976142966038	61.5325275702968	97.1410314603476	204.23709782133	121.333237807086
586.726	0	0	0	0	0	2799.64677075317	25.8769998640174	29.033194603226	12.4635972564548	23.3322110950769	31.5499352082844	25.6429794427147	12.8168128052064	22.8635325282817	9.08978153692824	0.462623894151755	23.5598759080003	-6.63006413066082	9.70488097724759	21.4261829727807	10.3189725087324	12.5459401212288	5.56183050244146	18.7810894575134	8.38139873185405	11.8025815454575	17.8613016664303	14.0888433732468	18.6678894976197	18.6254973503979	19.9045739458522	20.0209790420459	19.0500783954762	25.745453814287	20.7605450044822	21.2398374938264	35.9833365567561	20.4592650177068	28.7931432746835	31.9424135326724	24.7681909510024	31.7508905459994	28.1814155159279	31.0423475860874	33.6541584477245	25.8822854268983	26.7785975064066	30.3986087409836	47.9795468544967	32.2993969721484	29.8299896863373	34.6501266600826	38.8657006734127	34.2842934389531	47.2984642723056	52.2831761792824	55.3328888761265	55.225912641562	51.2174829432126	58.3470793282488	0	0	0	0	72.831358198234	99.1353749897665	63.4849341921451	76.3528596966947	118.859367907254	153.430232520541	137.115039883364	90.7732097739746	82.1307460007125
590.063	0	0	0	0	6064.57837966432	157.099235991554	5.60445530548113	4.05059208980656	13.8287764495214	20.8740054524987	6.07190719142606	1.6795726794739	31.8102999505837	-8.58869475289741	27.4347692879103	17.4817711843942	10.6489671021056	9.74034181836659	12.7498326363121	2.83450441017145	9.19506055383195	2.48755816447427	19.4365762264849	7.28121096879675	8.36147491614082	8.36316070572044	12.4899144131832	10.0310045033215	9.89735049953983	7.57552835221435	19.2777936668147	16.0445673799476	10.1675286054676	21.7551209240048	19.9063633443545	24.1452955415421	21.6735505597065	32.8510616788629	23.6978735379746	17.8973748991077	28.3582860333473	23.1034157336824	34.6574013713028	22.1553789130591	18.5270413220781	20.6775125779245	32.9875555118197	36.62374571754	26.2035872354872	34.8636303649356	33.8125383112311	36.8430692994591	43.9016362489994	25.7415641993776	34.4166980735921	22.0618799738779	41.1688114086569	36.7314745383099	40.8494357646031	0	0	0	0	165.979223343095	66.0083637680256	51.01336331043	89.3412596720597	78.7123802556195	75.6685867070826	71.8055743868957	130.078408763056	109.795144064954	199.210822555912
593.4	0	0	0	0	759.489683310951	35.2983121019602	12.7675117611595	-6.25158915018166	25.2395292553853	18.4729158299027	-9.30497698860581	-5.98716215175243	-2.32038222881485	3.75386973714506	7.14777214983521	-12.3675195145471	-1.95114663991649	6.7004075880771	7.2510183508845	-0.461755014197707	10.8117751208707	12.9998555236684	7.08789334445728	2.79061022350915	7.75459914772167	9.62930843131565	6.22871975750672	12.548472539687	11.913382943877	12.3574284025722	8.90822456204566	16.7961235948427	22.4606595305356	13.9997386556613	16.9782339338118	16.1643891193704	21.5947601757717	7.40064109521897	12.0033941293271	27.5333611978859	31.8107927136996	22.1815821265451	26.7934055776148	19.2615805707857	31.137379569298	22.4809742697636	28.3981708309685	30.5400105111007	30.8638943501603	28.0904477387719	24.8463926833897	26.9311183253828	26.6397514122177	30.1125125022176	40.5141585103959	37.0540829166565	51.5282466742438	41.2591983238121	38.8074584845324	0	0	0	0	110.99269498192	68.0313546547643	59.3610666147362	45.6823664666485	51.7094301224884	91.3846387458653	86.7039614710316	65.1936949047148	3.42675828424506	115.977358394614
596.738	0	0	0	2533.21826029876	44.0713323036279	3.03690899876457	-14.5129865127278	-8.33091809197273	5.43688686110352	16.3435805958065	2.51941775485717	21.0177211609002	10.9203593253014	2.21179713033973	13.5874846979167	10.5399108528489	18.6608170116003	-7.74563898356923	17.0484118937752	23.0369808108872	-1.59111161079988	6.29384814654266	22.2583446191767	18.5399053852331	12.805489816451	3.58507390961551	7.97913332486357	4.50370448385468	10.6789057536	9.38866977157168	19.5186315377279	12.6476149180521	9.49522297554769	5.18909601348089	12.1582395525393	13.8704453575089	11.4964256604242	29.86116347767	20.4227919945471	19.5557260453128	15.9850576726302	14.0398951372159	16.3677119292751	8.91134365977898	31.3590758422699	25.4178439429719	23.87942337198	32.3405218689619	34.6153799038596	35.9146197405023	33.6176091255998	30.7491607013341	36.9061446904452	27.6528279452639	31.7361780837653	39.6108598061286	23.1919795958694	39.5355064801979	41.65447304748	0	0	0	0	58.5911036552251	62.3685468924481	80.0673657076743	65.6186803310194	60.9139300036898	77.571629207542	52.5828410010511	146.907410082043	93.7051599231785	105.787091699732
600.076	0	0	5871.69646698012	151.138911093507	14.1205454188845	19.7085584528586	27.178817482081	-2.19205467934338	17.8387264805437	-19.9100868532582	21.6757881459093	9.12751522925234	29.1702653036572	36.2215530619619	6.87898026019183	26.8732179399062	30.9554316794959	11.5694002164299	11.0810802857994	22.0677558340987	7.99064881041953	17.1900233853689	11.0168957459162	13.5071290340511	16.502879304229	14.3058319244596	17.7786777132166	17.2820854726159	16.7080303617757	22.0491726293986	8.65780837775407	17.5883238348208	34.0573939956746	21.385242077996	13.3081856462516	19.9609145320073	19.1944135695473	20.4360066746812	25.8107907667886	29.9592340437349	21.0816396371983	45.5342062696835	42.8162363298617	36.1231750352373	26.2554907087949	37.1966605594944	24.851799609937	34.0831050461114	29.3021623237674	24.5166481975572	29.4364450072525	32.9819473245427	34.1585497446216	47.6550135905198	22.0148449780018	32.0887814814851	52.1687648638675	51.4643713612239	0	0	0	0	168.956965397527	64.0492204946178	71.3065923253669	86.494890713036	71.0064527472279	68.2052924666143	97.8680913441724	131.050708182157	61.2425931601788	114.350838193122	166.358597758347
603.415	0	0	832.967966189106	19.0691367642053	18.2538373269089	-2.29233906492544	13.3504308553106	50.0821807751366	20.1200886603504	25.3250078632377	12.1661177733227	22.1994101255412	-15.2612565562002	-7.88582877472579	2.16504188158574	-21.4716003468507	-14.6454575314756	-0.928800832652845	12.9879705738506	4.7029275262265	16.9512270606501	7.13612089518082	-4.15292300456374	5.63646565742894	4.91462769453271	14.4171497782494	2.26473799096638	6.6195426497108	4.29515963652363	10.2554541069167	4.36732900359539	0.582527082980431	5.19401661701562	21.5514085306905	16.0292489346776	22.4246939097178	17.9495296213831	11.6300893188916	19.7741307941481	20.3902505476051	19.609331946992	13.1699700439219	19.3378791486001	20.3845111813408	18.1132961619191	16.1421656133887	17.9718396074246	15.0821917051711	33.7584817116448	28.0204409272469	19.3087603065605	25.9131658013704	38.6434399854721	34.3464717809049	31.2019253888161	26.7825613876089	25.7708337860166	18.9565449317921	0	0	0	0	67.3790854087643	67.077869372726	57.8522466413053	57.1183961594053	76.8413602485426	45.1053935755404	71.6033437623286	1.83863425343738	34.7156288614269	60.1820559625503	36.7823317738184
606.753	0	2547.07608934936	66.0773947204811	16.4439549979288	28.5206274919179	17.6588411756423	17.0603770021	25.7403381697749	24.9594274085654	3.37174190746593	7.03662964952147	-1.29649986896143	21.1836209324189	17.9954702876444	28.9371683128989	17.9321197850481	21.9718878369236	21.966199497728	17.4769714243041	15.8647003029218	8.85728859313803	17.0135087425223	20.8474825002257	19.8903555387085	7.6152895770631	7.34482713960645	11.5978002685332	8.82244119011479	12.7323604681186	15.3993026606196	14.9126598492357	22.5254767891883	20.7729599015091	14.9431258126565	19.3400080467342	32.3875923216441	16.2778114539099	15.3218230509648	27.529638714634	32.6101207283426	42.9871774028699	21.1639460910195	36.9125825684671	33.1958188848296	23.3864217194272	20.4573087925771	38.2736876240363	34.4200206415519	33.8291115717587	34.503011495911	33.8299748887525	25.9768424668457	42.6565835521304	39.5942273244048	29.7032228288889	27.8193249688641	31.3355356564001	27.2412294053887	0	0	0	0	56.7978838793753	52.8257765481019	53.0834366145356	47.7723704757391	114.621170570292	95.7438405312596	96.2893111131407	155.980901115763	85.9037491005597	93.2824554676661	389.043398888432
610.092	5426.31541766317	180.185909908973	22.9247534968358	-4.20036290093893	17.4430551442376	18.4783680731743	-22.3141009331635	20.775964271482	2.04836441331562	8.69601219765374	8.35444101251518	3.74513885445225	-12.422586351541	31.564818448955	3.77538128697176	5.14241947441777	-3.95407448421243	7.49988539439939	11.1943495949367	7.24878177322352	-3.6969277708274	1.0897394920372	5.56042193354497	0.892081586596963	12.0738293897447	6.13699504094417	7.28613648439696	1.77023000195576	8.64272490009956	5.60851648594121	4.14266011043297	-0.265759734878663	12.7052725789982	11.6576892586718	9.20067321438455	14.5758322319804	15.9608742724285	-3.96868983471713	11.0400345366626	-1.1769215308281	6.76846390461328E-4	20.4346247620217	15.3081372297099	25.2354885147521	23.7949415188958	18.8427218914471	19.9985198300788	13.5368391579108	16.299832958139	31.6908980531188	17.8400240030204	30.6605473215436	23.0365838339159	25.9660000620862	36.3698784748829	28.5439067844443	33.8292189726333	0	0	0	0	149.751751182038	33.1208208107031	51.875097198703	50.7672151284591	63.2958296006439	18.1160770413158	46.3853439343586	46.3628401523629	52.1415260145975	0.407904557429285	79.7596725365967	29.3266431135161
613.431	908.739008543552	84.6287518414848	82.9821600185827	5.85722410942371	42.9068636652828	28.4152738608135	25.2522648375019	21.516768975755	36.811216970203	25.4015069910194	52.1277484545115	31.4497716835213	48.9211292531784	32.1009425990298	36.4807373269457	30.2878976393923	27.4396255490774	18.2449275073819	35.4060375891625	37.3321695976952	26.2871488057231	20.4769648648777	26.2522686086349	20.2114394876034	24.3798198594089	23.0358897652607	20.0804159678568	14.5768244699499	16.4921850042705	17.9704976711444	27.7071669789854	27.6178886917108	26.2949937048339	32.2795967062452	15.7474491711239	19.5124631095507	30.4747247561284	33.2940087923993	27.5456555138343	39.3075362899418	52.8531167250322	35.605732135555	23.8851392898547	35.0440173883403	28.3216598715316	34.2893295039051	41.4985500362395	45.7189119121139	35.8100056691227	44.2529520556716	36.9769142087179	31.8700769188676	49.4092332570921	32.6105386289823	31.2889776611526	41.9188081252551	46.522681557511	0	0	0	0	104.796110538314	49.4025578994808	66.6935308239069	53.0561979389369	79.2423973766179	89.5881174131693	129.095913228227	88.4849796072933	102.498215723041	142.620111289398	82.1796100401175	245.452658278598
616.77	25.9621899500888	11.4003869321856	4.57763819317087	0.821258702647025	9.62038635812721	-33.5115155803618	9.81411334932699	-4.40296445756575	-8.45704004577145	-10.8894357495718	-8.48568377803612	-0.654884209864676	-14.3732656285131	-19.4355235370691	-5.44026803571928	-4.68232308954833	-3.52017188400004	-2.83779742020091	1.33873342737891	-7.01479537604263	-12.7810216625186	3.04337702818192	1.29052390128727	3.90964943841717	1.37074959668743	4.47237371666131	1.38364129839958	4.72140569231349	8.75505426200143	4.37694367572671	3.37497564908672	5.44914693290692	6.60027637076932	-0.35491034670061	3.32628588837762	12.7440082976338	3.16834146147283	6.76848329142073	5.22763893531403	5.99477153138614	1.24707425852879	22.2945556036756	24.5816075481306	11.4848949723193	15.9433445112906	9.71265267410546	10.4486260062338	1.95354349165623	19.1429844132445	17.9788609057877	12.040725532657	27.906452364146	13.4966063475585	27.2152615911465	22.5391561387972	14.288256412843	13.2807980569763	0	0	0	0	22.6738839020949	3.85604989491924	24.2267514303179	39.6414352550041	52.2626741542339	44.5805715903245	55.7183173355211	28.7744689722358	52.9253189828506	-7.94383952215698	53.1383461151478	-23.0526990407484
620.109	55.3108036444756	-8.28301808001886	20.8320049929943	-5.22271039740088	-36.7059683721818	32.5866387507021	-11.1790678818744	10.7065538814867	-15.6161277886805	26.6352552126449	-10.4936638257002	13.036672281831	18.3851790453071	-8.45702841988301	-26.1839195216634	3.84580682537986	-14.0821534928688	5.81772138402919	-7.34542640576912	-2.7590038681164	16.0291128960987	11.2884375682743	2.47366077117621	9.62468700714027	-3.83176521482907	-2.44740892282921	6.7745979027213	11.1939965608291	-1.29386320703063	5.64771941263957	24.0331283786169	11.2567500986174	-1.19631860623376	2.87686896651027	9.40818749821897	25.1603371881046	5.1968427609254	7.93502084530994	29.7734726302212	20.1094696267587	25.0388961339171	2.93923434138022	30.7143096007636	15.4837720714161	19.9973654424851	19.7624944553167	22.8900009172706	22.478529894557	26.3744473149914	25.3560983201287	34.4016877622543	19.056124689879	25.6451341015332	22.4355149987282	30.0574235578191	29.8216169291222	0	0	0	0	156.327806495507	28.8982135759293	52.0347016229944	40.1131119896398	54.0735987704483	58.7693183294499	96.0343413815447	80.5095363620854	96.0424045439822	6.34780969432025	71.8468570048096	113.240534888769	6.00996882585348
