Sample - Blank	600	595	590	585	580	575	570	565	560	555	550	545	540	535	530	525	520	515	510	505	500	495	490	485	480	475	470	465	460	455	450	445	440	435	430	425	420	415	410	405	400	395	390	385	380	375	370	365	360	355	350	345	340	335	330	325	320	315	310	305	300	295	290	285	280	275	270	265	260	255	250	245	240
nm																																																																									
213.328	0	0	0	0	0	0	0	0	0	0	0	0	0	0	0	0	0	0	0	0	0	0	0	0	0	0	0	0	0	0	0	0	0	0	0	0	0	0	0	0	0	0	0	0	0	0	0	0	0	0	0	0	0	0	0	0	0	0	0	0	0	0	0	0	0	0	0	0	0	0	0	0	0
216.504	0	0	0	0	0	0	0	0	0	0	0	0	0	0	0	0	0	0	0	0	0	0	0	0	0	0	0	0	0	0	0	0	0	0	0	0	0	0	0	0	0	0	0	0	0	0	0	0	0	0	0	0	0	0	0	0	0	0	0	0	0	0	0	0	0	0	0	0	0	0	0	0	0
219.682	0	0	0	0	0	0	0	0	0	0	0	0	0	0	0	0	0	0	0	0	0	0	0	0	0	0	0	0	0	0	0	0	0	0	0	0	0	0	0	0	0	0	0	0	0	0	0	0	0	0	0	0	0	0	0	0	0	0	0	0	0	0	0	0	0	0	0	0	0	0	0	0	0
222.862	0	0	0	0	0	0	0	0	0	0	0	0	0	0	0	0	0	0	0	0	0	0	0	0	0	0	0	0	0	0	0	0	0	0	0	0	0	0	0	0	0	0	0	0	0	0	0	0	0	0	0	0	0	0	0	0	0	0	0	0	0	0	0	0	0	0	0	0	0	0	0	0	0
226.045	0	0	0	0	0	0	0	0	0	0	0	0	0	0	0	0	0	0	0	0	0	0	0	0	0	0	0	0	0	0	0	0	0	0	0	0	0	0	0	0	0	0	0	0	0	0	0	0	0	0	0	0	0	0	0	0	0	0	0	0	0	0	0	0	0	0	0	0	0	0	0	0	0
229.23	0	0	0	0	0	0	0	0	0	0	0	0	0	0	0	0	0	0	0	0	0	0	0	0	0	0	0	0	0	0	0	0	0	0	0	0	0	0	0	0	0	0	0	0	0	0	0	0	0	0	0	0	0	0	0	0	0	0	0	0	0	0	0	0	0	0	0	0	0	0	0	0	0
232.417	0	0	0	0	0	0	0	0	0	0	0	0	0	0	0	0	0	0	0	0	0	0	0	0	0	0	0	0	0	0	0	0	0	0	0	0	0	0	0	0	0	0	0	0	0	0	0	0	0	0	0	0	0	0	0	0	0	0	0	0	0	0	0	0	0	0	0	0	0	0	0	0	0
235.607	0	0	0	0	0	0	0	0	0	0	0	0	0	0	0	0	0	0	0	0	0	0	0	0	0	0	0	0	0	0	0	0	0	0	0	0	0	0	0	0	0	0	0	0	0	0	0	0	0	0	0	0	0	0	0	0	0	0	0	0	0	0	0	0	0	0	0	0	0	0	0	0	0
238.799	0	0	0	0	0	0	0	0	0	0	0	0	0	0	0	0	0	0	0	0	0	0	0	0	0	0	0	0	0	0	0	0	0	0	0	0	0	0	0	0	0	0	0	0	0	0	0	0	0	0	0	0	0	0	0	0	0	0	0	0	0	0	0	0	0	0	0	0	0	0	0	0	0
241.993	0	0	0	0	0	0	0	0	0	0	0	0	0	0	0	0	0	0	0	0	0	0	0	0	0	0	0	0	0	0	0	0	0	0	0	0	0	0	0	0	0	0	0	0	0	0	0	0	0	0	0	0	0	0	0	0	0	0	0	0	0	0	0	0	0	0	0	0	0	0	0	0	0
245.19	0	0	0	0	0	0	0	0	0	0	0	0	0	0	0	0	0	0	0	0	0	0	0	0	0	0	0	0	0	0	0	0	0	0	0	0	0	0	0	0	0	0	0	0	0	0	0	0	0	0	0	0	0	0	0	0	0	0	0	0	0	0	0	0	0	0	0	0	0	0	0	0	0
248.388	0	0	0	0	0	0	0	0	0	0	0	0	0	0	0	0	0	0	0	0	0	0	0	0	0	0	0	0	0	0	0	0	0	0	0	0	0	0	0	0	0	0	0	0	0	0	0	0	0	0	0	0	0	0	0	0	0	0	0	0	0	0	0	0	0	0	0	0	0	0	0	0	0
251.589	0	0	0	0	0	0	0	0	0	0	0	0	0	0	0	0	0	0	0	0	0	0	0	0	0	0	0	0	0	0	0	0	0	0	0	0	0	0	0	0	0	0	0	0	0	0	0	0	0	0	0	0	0	0	0	0	0	0	0	0	0	0	0	0	0	0	0	0	0	0	0	0	4185.80210875035
254.793	0	0	0	0	0	0	0	0	0	0	0	0	0	0	0	0	0	0	0	0	0	0	0	0	0	0	0	0	0	0	0	0	0	0	0	0	0	0	0	0	0	0	0	0	0	0	0	0	0	0	0	0	0	0	0	0	0	0	0	0	0	0	0	0	0	0	0	0	0	0	0	0	172.360234665588
257.998	0	0	0	0	0	0	0	0	0	0	0	0	0	0	0	0	0	0	0	0	0	0	0	0	0	0	0	0	0	0	0	0	0	0	0	0	0	0	0	0	0	0	0	0	0	0	0	0	0	0	0	0	0	0	0	0	0	0	0	0	0	0	0	0	0	0	0	0	0	0	0	2051.45422471612	229.741755612291
261.205	0	0	0	0	0	0	0	0	0	0	0	0	0	0	0	0	0	0	0	0	0	0	0	0	0	0	0	0	0	0	0	0	0	0	0	0	0	0	0	0	0	0	0	0	0	0	0	0	0	0	0	0	0	0	0	0	0	0	0	0	0	0	0	0	0	0	0	0	0	0	10086.3587066824	54.8864509251863	-311.778465517735
264.415	0	0	0	0	0	0	0	0	0	0	0	0	0	0	0	0	0	0	0	0	0	0	0	0	0	0	0	0	0	0	0	0	0	0	0	0	0	0	0	0	0	0	0	0	0	0	0	0	0	0	0	0	0	0	0	0	0	0	0	0	0	0	0	0	0	0	0	0	0	0	768.007217722601	262.735655341635	-302.862592761272
267.627	0	0	0	0	0	0	0	0	0	0	0	0	0	0	0	0	0	0	0	0	0	0	0	0	0	0	0	0	0	0	0	0	0	0	0	0	0	0	0	0	0	0	0	0	0	0	0	0	0	0	0	0	0	0	0	0	0	0	0	0	0	0	0	0	0	0	0	0	0	4210.92292296235	154.540379041328	-85.4122951256215	-407.516547996516
270.841	0	0	0	0	0	0	0	0	0	0	0	0	0	0	0	0	0	0	0	0	0	0	0	0	0	0	0	0	0	0	0	0	0	0	0	0	0	0	0	0	0	0	0	0	0	0	0	0	0	0	0	0	0	0	0	0	0	0	0	0	0	0	0	0	0	0	0	0	13817.2473367501	198.664457044879	54.5322288246142	-349.528857140815	-433.051345504205
274.057	0	0	0	0	0	0	0	0	0	0	0	0	0	0	0	0	0	0	0	0	0	0	0	0	0	0	0	0	0	0	0	0	0	0	0	0	0	0	0	0	0	0	0	0	0	0	0	0	0	0	0	0	0	0	0	0	0	0	0	0	0	0	0	0	0	0	0	0	1438.51452565178	170.87493738238	93.676069311765	-279.618436761736	-18.7973368228562
277.275	0	0	0	0	0	0	0	0	0	0	0	0	0	0	0	0	0	0	0	0	0	0	0	0	0	0	0	0	0	0	0	0	0	0	0	0	0	0	0	0	0	0	0	0	0	0	0	0	0	0	0	0	0	0	0	0	0	0	0	0	0	0	0	0	0	0	0	6229.86975437662	101.352667145659	68.013979264876	-213.245866335192	-336.13916986637	-68.071124647072
280.496	0	0	0	0	0	0	0	0	0	0	0	0	0	0	0	0	0	0	0	0	0	0	0	0	0	0	0	0	0	0	0	0	0	0	0	0	0	0	0	0	0	0	0	0	0	0	0	0	0	0	0	0	0	0	0	0	0	0	0	0	0	0	0	0	0	0	14958.1600330944	476.385566576978	271.341242991282	204.32315591745	-106.891922598564	251.25495031004	293.485082958326
283.718	0	0	0	0	0	0	0	0	0	0	0	0	0	0	0	0	0	0	0	0	0	0	0	0	0	0	0	0	0	0	0	0	0	0	0	0	0	0	0	0	0	0	0	0	0	0	0	0	0	0	0	0	0	0	0	0	0	0	0	0	0	0	0	0	0	0	2061.28313262937	201.408421179968	173.156513499778	-62.6736541721876	-123.04959590779	14.4765523655425	174.385535980245
286.942	0	0	0	0	0	0	0	0	0	0	0	0	0	0	0	0	0	0	0	0	0	0	0	0	0	0	0	0	0	0	0	0	0	0	0	0	0	0	0	0	0	0	0	0	0	0	0	0	0	0	0	0	0	0	0	0	0	0	0	0	0	0	0	0	0	6575.04161634609	301.189876557013	268.127484945818	163.966351172515	-146.225994470552	57.7677261729162	320.18397860698	209.174866452459
290.169	0	0	0	0	0	0	0	0	0	0	0	0	0	0	0	0	0	0	0	0	0	0	0	0	0	0	0	0	0	0	0	0	0	0	0	0	0	0	0	0	0	0	0	0	0	0	0	0	0	0	0	0	0	0	0	0	0	0	0	0	0	0	0	0	13516.0359713962	504.201627971466	336.412106482836	280.153491441131	132.22742991243	65.1684634197161	196.750402054554	47.7459294404602	46.4912330752824
293.397	0	0	0	0	0	0	0	0	0	0	0	0	0	0	0	0	0	0	0	0	0	0	0	0	0	0	0	0	0	0	0	0	0	0	0	0	0	0	0	0	0	0	0	0	0	0	0	0	0	0	0	0	0	0	0	0	0	0	0	0	0	0	0	0	2276.67651566495	386.436146800522	372.172950905648	260.783968201448	148.299113398864	120.810281477758	148.360521832176	166.340677064193	95.5862543865331
296.628	0	0	0	0	0	0	0	0	0	0	0	0	0	0	0	0	0	0	0	0	0	0	0	0	0	0	0	0	0	0	0	0	0	0	0	0	0	0	0	0	0	0	0	0	0	0	0	0	0	0	0	0	0	0	0	0	0	0	0	0	0	0	0	6562.32006373231	420.396605934381	474.146536544586	483.743034464472	406.841133297998	332.807921361402	406.710694037206	471.624542259017	380.006200500198	528.064229341644
299.86	0	0	0	0	0	0	0	0	0	0	0	0	0	0	0	0	0	0	0	0	0	0	0	0	0	0	0	0	0	0	0	0	0	0	0	0	0	0	0	0	0	0	0	0	0	0	0	0	0	0	0	0	0	0	0	0	0	0	0	0	0	0	0	699.778684384092	440.768099086553	538.317367122696	492.1948462993	297.291936459329	419.859618016194	428.83485902056	319.45663966163	420.584377209681	316.193974157741
303.095	0	0	0	0	0	0	0	0	0	0	0	0	0	0	0	0	0	0	0	0	0	0	0	0	0	0	0	0	0	0	0	0	0	0	0	0	0	0	0	0	0	0	0	0	0	0	0	0	0	0	0	0	0	0	0	0	0	0	0	0	0	0	2634.10701776762	397.723933025386	526.562472155547	594.714967262346	533.404685599778	515.935680240916	567.128410273131	417.85137887582	510.600147426973	454.522554878025	625.068514792583
306.331	0	0	0	0	0	0	0	0	0	0	0	0	0	0	0	0	0	0	0	0	0	0	0	0	0	0	0	0	0	0	0	0	0	0	0	0	0	0	0	0	0	0	0	0	0	0	0	0	0	0	0	0	0	0	0	0	0	0	0	0	0	7198.81974797913	303.003381858809	404.491704861697	565.580254851643	612.037020452728	569.256157450346	605.161989012796	499.622304556571	401.432204983154	287.133161937231	302.255792173607	270.702244354597
309.569	0	0	0	0	0	0	0	0	0	0	0	0	0	0	0	0	0	0	0	0	0	0	0	0	0	0	0	0	0	0	0	0	0	0	0	0	0	0	0	0	0	0	0	0	0	0	0	0	0	0	0	0	0	0	0	0	0	0	0	0	0	845.937307952043	265.161739409844	471.787181862456	609.292464318749	622.69100125271	682.728706709621	629.848786122661	557.273467627167	555.447121739514	435.502863206711	449.840703225742	525.245070626314
312.81	0	0	0	0	0	0	0	0	0	0	0	0	0	0	0	0	0	0	0	0	0	0	0	0	0	0	0	0	0	0	0	0	0	0	0	0	0	0	0	0	0	0	0	0	0	0	0	0	0	0	0	0	0	0	0	0	0	0	0	0	3312.61106421565	242.621437503146	346.167356443812	532.85522399943	691.475146806231	692.454319165643	785.259183220161	711.423834613024	617.859964371982	568.533760301941	527.699410029937	391.800094730137	557.672364148418
316.052	0	0	0	0	0	0	0	0	0	0	0	0	0	0	0	0	0	0	0	0	0	0	0	0	0	0	0	0	0	0	0	0	0	0	0	0	0	0	0	0	0	0	0	0	0	0	0	0	0	0	0	0	0	0	0	0	0	0	0	8085.93558700688	369.710929071873	318.06849810786	430.267004156973	641.746231654395	757.183972665181	844.9707473443	836.293727478735	738.412638641543	576.539124869426	509.810450278099	404.954698470525	495.726839980442	390.867782039572
319.296	0	0	0	0	0	0	0	0	0	0	0	0	0	0	0	0	0	0	0	0	0	0	0	0	0	0	0	0	0	0	0	0	0	0	0	0	0	0	0	0	0	0	0	0	0	0	0	0	0	0	0	0	0	0	0	0	0	0	0	1359.86085304373	530.297273387278	617.568552629518	751.343365282706	905.577160538865	914.614901189753	975.818934787545	1030.17425733133	913.362159046547	824.258778845352	710.341318212672	666.875727866981	642.994025014079	924.260478865643
322.542	0	0	0	0	0	0	0	0	0	0	0	0	0	0	0	0	0	0	0	0	0	0	0	0	0	0	0	0	0	0	0	0	0	0	0	0	0	0	0	0	0	0	0	0	0	0	0	0	0	0	0	0	0	0	0	0	0	0	4161.78926760598	612.563412472269	743.804353876185	882.116994958567	990.729842369307	1090.81298246734	1205.66378000247	1245.84407483811	1111.47777135929	1020.3657140693	858.175747475911	805.451252288585	750.088906335064	963.027051201546	1057.90412579212
325.79	0	0	0	0	0	0	0	0	0	0	0	0	0	0	0	0	0	0	0	0	0	0	0	0	0	0	0	0	0	0	0	0	0	0	0	0	0	0	0	0	0	0	0	0	0	0	0	0	0	0	0	0	0	0	0	0	0	8276.74663525252	730.030169140791	678.954074589643	855.735051050516	1007.66320499185	1099.13562780634	1185.11126987499	1279.32545578259	1304.84391299137	1177.06728776506	1022.54763426889	961.476803911293	719.37727709586	809.171576562386	933.747440105728	1037.51756296342
329.039	0	0	0	0	0	0	0	0	0	0	0	0	0	0	0	0	0	0	0	0	0	0	0	0	0	0	0	0	0	0	0	0	0	0	0	0	0	0	0	0	0	0	0	0	0	0	0	0	0	0	0	0	0	0	0	0	0	1495.21474093892	587.093058548259	714.551659407864	916.682680122632	1096.84187609239	1147.85169677354	1322.99545126948	1317.62627764642	1293.60992187876	1226.58075221006	1052.21404092909	953.09452338342	875.422289462803	757.417798055342	956.732147633953	1156.82141661275
332.291	0	0	0	0	0	0	0	0	0	0	0	0	0	0	0	0	0	0	0	0	0	0	0	0	0	0	0	0	0	0	0	0	0	0	0	0	0	0	0	0	0	0	0	0	0	0	0	0	0	0	0	0	0	0	0	0	3842.39740096808	320.829718081005	623.216373093304	822.468547813019	1051.18109586033	1225.32261667897	1266.87885886653	1407.77684403234	1422.10653343716	1332.81156023527	1263.05209656486	1101.46036648269	953.381992466344	789.79318339716	871.329897881677	1081.54212750206	1106.64748087833
335.544	0	0	0	0	0	0	0	0	0	0	0	0	0	0	0	0	0	0	0	0	0	0	0	0	0	0	0	0	0	0	0	0	0	0	0	0	0	0	0	0	0	0	0	0	0	0	0	0	0	0	0	0	0	0	0	7193.68984275083	355.638512556052	347.307190988401	713.58275210283	916.129964771564	1229.87066279408	1393.73627676614	1491.42855561753	1562.27733715177	1482.93414646735	1369.55264549829	1346.32611917454	1135.61308124394	1020.45460506619	905.125270932477	876.12455347321	965.484532628884	1372.75393419202
338.799	0	0	0	0	0	0	0	0	0	0	0	0	0	0	0	0	0	0	0	0	0	0	0	0	0	0	0	0	0	0	0	0	0	0	0	0	0	0	0	0	0	0	0	0	0	0	0	0	0	0	0	0	0	0	0	1276.78290799087	130.868468403918	402.848929896808	782.104175961856	1026.41094227014	1340.5299721993	1491.08840703562	1596.69811784812	1614.05324251412	1576.21607643782	1493.67462224755	1319.12327927092	1178.51545238779	974.139492939632	925.364898606493	933.941747648441	1143.66998137413	1532.6015330393
342.056	0	0	0	0	0	0	0	0	0	0	0	0	0	0	0	0	0	0	0	0	0	0	0	0	0	0	0	0	0	0	0	0	0	0	0	0	0	0	0	0	0	0	0	0	0	0	0	0	0	0	0	0	0	0	3493.65519709822	100.339600843963	163.563803430482	422.297681862432	807.824392531374	1025.19484508091	1323.44839857245	1507.85939681946	1592.43657929946	1658.12332523916	1541.10708359176	1387.99012059509	1287.61333606316	1220.65573535007	1113.93633990104	929.912308102512	968.443274215919	1315.87643595641	1482.32063409385
345.315	0	0	0	0	0	0	0	0	0	0	0	0	0	0	0	0	0	0	0	0	0	0	0	0	0	0	0	0	0	0	0	0	0	0	0	0	0	0	0	0	0	0	0	0	0	0	0	0	0	0	0	0	0	6786.0879651607	298.254696319669	81.9562088741621	134.086132314666	399.741290324113	775.686443341491	967.788309463699	1265.51128245121	1456.76360577	1464.14261837136	1535.181825058	1429.84543330031	1297.26230305138	1175.95116662894	1093.59616035921	988.73393776616	812.828179618813	774.996788485025	1076.90512107856	1396.54474731057
348.575	0	0	0	0	0	0	0	0	0	0	0	0	0	0	0	0	0	0	0	0	0	0	0	0	0	0	0	0	0	0	0	0	0	0	0	0	0	0	0	0	0	0	0	0	0	0	0	0	0	0	0	0	0	1354.09319065692	81.6211099857838	103.360821007825	182.679820025428	400.381689543078	783.883033459031	1013.68409828507	1278.74735051684	1437.06785932833	1467.94095494524	1529.40297788198	1440.46107612636	1326.98173219231	1199.40287290589	1100.94104386608	1043.15480399603	900.140990920528	942.0437796281	1225.4323462217	1443.25335896654
351.838	0	0	0	0	0	0	0	0	0	0	0	0	0	0	0	0	0	0	0	0	0	0	0	0	0	0	0	0	0	0	0	0	0	0	0	0	0	0	0	0	0	0	0	0	0	0	0	0	0	0	0	0	3594.89515064735	97.3698938728222	70.9671785126147	104.673161633321	160.520942930225	407.311678093953	750.812809058161	1018.02257490719	1279.78775696724	1419.56866422403	1420.81090109783	1465.54423242675	1367.21004001432	1265.18216385248	1139.3582010016	1039.81052856824	883.80324697111	911.476956225722	747.279798852376	977.297418106354	1141.92865108123
355.101	0	0	0	0	0	0	0	0	0	0	0	0	0	0	0	0	0	0	0	0	0	0	0	0	0	0	0	0	0	0	0	0	0	0	0	0	0	0	0	0	0	0	0	0	0	0	0	0	0	0	0	6442.89183491013	370.877160984611	79.1293042078305	101.259276147551	133.383074150975	213.063931823661	443.516792150699	785.681412423495	986.294117084907	1258.4048873789	1381.09401689793	1438.46286516324	1449.39611071813	1340.08829869679	1247.88191248182	1098.37716868211	1086.85107203066	907.396505925419	804.924960930765	929.831514919577	1283.12811985451	1449.43120944972
358.367	0	0	0	0	0	0	0	0	0	0	0	0	0	0	0	0	0	0	0	0	0	0	0	0	0	0	0	0	0	0	0	0	0	0	0	0	0	0	0	0	0	0	0	0	0	0	0	0	0	0	0	1356.9929821332	77.2919345396259	84.6078386827977	101.730380201561	162.996154241071	233.498146532931	420.69707488169	751.830874544408	984.049069964607	1185.15873361436	1351.41567218271	1345.73749188195	1338.78092412077	1248.98744943175	1160.41312982862	1060.25934418568	1028.26924931052	827.070250208964	846.504871086842	856.177391570206	1096.8702172283	1337.52943188134
361.634	0	0	0	0	0	0	0	0	0	0	0	0	0	0	0	0	0	0	0	0	0	0	0	0	0	0	0	0	0	0	0	0	0	0	0	0	0	0	0	0	0	0	0	0	0	0	0	0	0	0	3377.3157473151	89.4021433950631	52.5755934646894	81.6509577426279	103.763823452493	144.685301438622	249.412936860984	418.631013498756	719.707658396834	917.157095400759	1112.1604542021	1234.58253639247	1228.05239785125	1222.89810274236	1173.50187323079	1075.37756203262	983.616415173407	895.074603929081	876.073754613377	765.691043737813	780.65438082423	967.807136003728	1290.36774091626
364.903	0	0	0	0	0	0	0	0	0	0	0	0	0	0	0	0	0	0	0	0	0	0	0	0	0	0	0	0	0	0	0	0	0	0	0	0	0	0	0	0	0	0	0	0	0	0	0	0	0	0	388.874985854372	79.623511865644	101.148086293415	142.4594117993	170.553322922243	219.759454966571	277.434579433581	485.849005391722	753.227134535068	901.41687032505	1093.05232735299	1193.54239852576	1234.05033581368	1200.38248016015	1133.03124742215	1058.06782438342	1013.19289496098	963.0354641994	862.887725847396	865.883454021217	866.416723240607	1090.34815231286	1389.28385492292
368.174	0	0	0	0	0	0	0	0	0	0	0	0	0	0	0	0	0	0	0	0	0	0	0	0	0	0	0	0	0	0	0	0	0	0	0	0	0	0	0	0	0	0	0	0	0	0	0	0	0	1425.96992186795	56.5571383312618	83.728896029933	114.38067479317	124.844192088683	176.06525607208	217.869444499543	276.12284092232	447.831193811664	707.685151243988	868.258244640031	1042.76538273449	1106.5864502275	1108.16856259755	1120.95502370643	1028.56128237038	955.237956184694	897.763605373171	845.578292214139	734.382867246621	802.962752243442	723.163161576605	978.407251241377	1310.04911231684
371.446	0	0	0	0	0	0	0	0	0	0	0	0	0	0	0	0	0	0	0	0	0	0	0	0	0	0	0	0	0	0	0	0	0	0	0	0	0	0	0	0	0	0	0	0	0	0	0	0	3823.46078481501	115.791461547481	69.0625696550985	96.0584749037074	113.186100326891	156.96919726472	210.420518434784	247.491947796425	318.112000989453	504.775070686197	696.945610127172	832.850463261471	1004.27820151003	1094.44840844675	1079.68434537282	1093.82058031128	995.916136588921	916.714222038565	930.771458542192	856.008601597227	803.63814732763	810.50421637748	873.535043903636	994.28104137267	1191.74530255668
374.719	0	0	0	0	0	0	0	0	0	0	0	0	0	0	0	0	0	0	0	0	0	0	0	0	0	0	0	0	0	0	0	0	0	0	0	0	0	0	0	0	0	0	0	0	0	0	0	0	469.477496010842	56.2263970787642	91.5041807502151	108.7204670671	146.171627409022	184.56517428372	240.177097340525	282.436640169925	338.254026231468	502.04552277794	725.402320515737	850.12297868851	957.082424291768	1064.77921036316	1041.67099579424	1040.22159688164	981.459809185133	881.886595560968	863.224709380691	836.235062359999	778.054938938719	772.237848754137	738.932242421339	881.495852058451	1172.39407194447
377.995	0	0	0	0	0	0	0	0	0	0	0	0	0	0	0	0	0	0	0	0	0	0	0	0	0	0	0	0	0	0	0	0	0	0	0	0	0	0	0	0	0	0	0	0	0	0	0	1793.27459460744	64.2695858416253	82.5541665345546	104.065502512712	133.608305774171	167.606355242196	236.097610443381	250.412824028912	303.791987390755	382.682718609211	559.944104949793	720.531680831113	841.808561382998	935.469911028847	1036.84456089904	993.495129883285	1005.69396078497	1020.26751683848	910.243391097938	871.77404294509	868.576414336019	849.232941891877	851.084333699339	919.066037810684	1122.84860775268	1314.48298278607
381.272	0	0	0	0	0	0	0	0	0	0	0	0	0	0	0	0	0	0	0	0	0	0	0	0	0	0	0	0	0	0	0	0	0	0	0	0	0	0	0	0	0	0	0	0	0	0	4151.35579766384	127.164678169401	70.1801914629888	104.491046599005	132.179048267047	169.037347391133	202.844902877995	238.711295978022	299.033180854536	363.165315364214	421.305587915447	536.548960383731	712.380406705538	786.763311744387	951.519885993445	1003.7484924464	995.816625370481	963.646701010509	922.653001286654	867.729640888974	840.236169037043	825.080879236087	928.278442633395	926.521582453504	981.999586228386	1063.12757823115	1422.1881383945
384.55	0	0	0	0	0	0	0	0	0	0	0	0	0	0	0	0	0	0	0	0	0	0	0	0	0	0	0	0	0	0	0	0	0	0	0	0	0	0	0	0	0	0	0	0	0	0	527.399998389145	67.7553827897336	74.2792887643819	94.1262429964003	126.084914492536	171.694012221429	206.582549094588	260.85597822947	302.828084175566	356.777847310211	424.003564062108	538.103283861791	678.974958922301	795.147692927381	883.526592178973	939.215634307095	912.679980576784	921.421627439169	871.248267780818	851.393325152703	820.527062589289	777.64922047588	797.843688407148	797.465725258618	869.963376929961	1071.90198400982	1097.0535987288
387.83	0	0	0	0	0	0	0	0	0	0	0	0	0	0	0	0	0	0	0	0	0	0	0	0	0	0	0	0	0	0	0	0	0	0	0	0	0	0	0	0	0	0	0	0	0	1664.88956045605	73.1264032148024	66.2180778149242	94.0580843656091	127.656322318621	161.864670218819	201.691034623815	255.174975412208	288.481297336454	332.722877626634	379.978625666684	461.560928703155	592.826142783811	703.081253458378	795.785731448975	866.591411732751	911.77977489814	903.971284762335	886.551117700414	861.03765594073	827.667983947636	807.739022706748	821.92503817608	885.811286809765	928.991896893348	1064.09595176457	1127.71774449924	1400.70898050379
391.112	0	0	0	0	0	0	0	0	0	0	0	0	0	0	0	0	0	0	0	0	0	0	0	0	0	0	0	0	0	0	0	0	0	0	0	0	0	0	0	0	0	0	0	0	3715.28219747626	127.404391595109	60.0047062683823	82.160286285794	104.792991583962	123.503255036072	165.298351695906	211.608625651715	245.773562254816	291.523218170109	348.560231511496	408.526007169183	480.839217413445	561.816735496493	679.861355455276	736.058327784038	829.364917530021	867.48571137	848.404043999124	858.150307053765	784.190118173212	740.039216786394	780.888074255812	760.752245553034	739.173448153533	790.498007783768	906.546774659531	1088.17308300486	1103.00654999597
394.395	0	0	0	0	0	0	0	0	0	0	0	0	0	0	0	0	0	0	0	0	0	0	0	0	0	0	0	0	0	0	0	0	0	0	0	0	0	0	0	0	0	0	0	0	604.43418695377	53.0710864893322	74.5885881222386	82.9692683358124	121.303493706701	172.502860540122	190.258511206822	223.997824781253	295.048847590754	321.855545866453	395.654147384714	431.989194339989	518.254527670303	585.3096735249	728.283254090215	752.143020928704	835.039013297404	887.587913308202	848.221368462795	850.683732432594	822.09722220349	814.269239041607	779.392372276041	842.677423511291	911.533689607819	917.299875388757	1049.9790941424	1343.93455148876	1402.07450297262
397.679	0	0	0	0	0	0	0	0	0	0	0	0	0	0	0	0	0	0	0	0	0	0	0	0	0	0	0	0	0	0	0	0	0	0	0	0	0	0	0	0	0	0	0	1763.83485685339	28.1438993656307	34.4552400410179	48.3600487201044	70.5745294862434	120.88629031813	148.907090916392	199.059589409867	217.664431298284	268.458663904818	323.040007669038	362.026484650453	417.996049786851	463.095072041008	537.461179366294	639.359749696871	717.688240499406	779.733398297919	814.682771587722	752.459029521455	792.449152877646	767.510407164966	705.859999601054	697.701084398535	735.192300933159	704.193510876496	758.539827323479	732.813353821797	900.868313889034	849.146224269496
400.965	0	0	0	0	0	0	0	0	0	0	0	0	0	0	0	0	0	0	0	0	0	0	0	0	0	0	0	0	0	0	0	0	0	0	0	0	0	0	0	0	0	0	3751.39364681926	114.347679169849	52.2119788448902	50.2774515799957	71.9092678469321	114.544700334265	150.272927227551	179.116512994658	219.809615995969	262.67956733842	316.550430909227	364.890099230429	394.94948200588	432.907709999635	494.516406969567	564.05032795325	646.960741680819	702.792538146586	763.700393237047	778.991402331243	770.00952765909	774.488546158109	772.264339102017	733.148335183356	727.595543044157	732.441151379881	872.28708194607	899.765903276108	956.443444180106	1023.91241442839	1210.77908454509
404.253	0	0	0	0	0	0	0	0	0	0	0	0	0	0	0	0	0	0	0	0	0	0	0	0	0	0	0	0	0	0	0	0	0	0	0	0	0	0	0	0	0	0	597.666308846391	57.8108223933418	51.1458134679816	61.0232095277303	89.9397292565512	125.259848096297	169.042076851007	214.979970384975	252.852347509548	291.384529927015	352.163783978858	393.892111016997	427.266824772291	470.567286450681	531.77409336347	589.380072207026	670.333391102618	714.316543246657	778.04555391128	791.27354072954	779.165458295995	759.720158327902	787.332061572514	759.886628607559	760.662339664033	803.128671869709	830.927816487501	993.149317825565	1039.63604334897	1126.71295194828	1278.73348564475
407.542	0	0	0	0	0	0	0	0	0	0	0	0	0	0	0	0	0	0	0	0	0	0	0	0	0	0	0	0	0	0	0	0	0	0	0	0	0	0	0	0	0	2222.59526205809	29.4624007647777	41.3930134109551	47.387519375039	80.1389520009956	90.5279783251629	134.218026660109	162.129758729828	215.878140958358	265.694946077496	291.785253226896	336.769931271692	390.679942726893	431.619231437968	466.840332613053	509.443829537911	581.545699452783	643.263967724813	694.627610304402	701.133175171418	736.984415139089	701.697281097386	729.873201721888	727.341814423292	724.847457765149	749.549045937809	777.620525035522	766.640643800421	918.096050439266	903.144214951184	1009.99934868437	1213.90163770859
410.832	0	0	0	0	0	0	0	0	0	0	0	0	0	0	0	0	0	0	0	0	0	0	0	0	0	0	0	0	0	0	0	0	0	0	0	0	0	0	0	0	4590.0729045784	197.008731758336	45.4181123740204	70.1181802122528	71.0123961678396	95.2771229542194	119.927947920018	160.779083062611	207.516038152713	254.507497389155	278.03992293622	331.655323718682	357.468894823569	410.450574208726	445.925515211837	484.383095476245	535.072662377921	569.075037857246	636.037428562741	691.524299395974	724.909283319658	754.952218280181	724.196293232245	704.296573941291	742.835092055132	750.705553069339	766.076960802647	820.711963427579	872.143765660367	869.989471664126	1079.99533766114	1246.1122473751	1279.89901829677
414.124	0	0	0	0	0	0	0	0	0	0	0	0	0	0	0	0	0	0	0	0	0	0	0	0	0	0	0	0	0	0	0	0	0	0	0	0	0	0	0	0	941.444106415747	41.3159131314242	50.3161190930248	55.4999691088782	81.8881000914827	106.841977897859	123.997783109051	158.09102401497	210.030121824143	249.37003400806	288.952433878101	337.572814629773	361.618392509023	418.778541101583	454.448913203153	479.067310047882	502.57412721839	574.22441339063	628.738128147737	652.725351320862	685.623511980245	678.412201111628	685.910953803837	700.743917724796	722.02626026704	698.732661873142	734.130035472098	806.375408162462	842.277512112488	913.423212969096	906.814391475977	1077.21879413473	1164.52245925826
417.417	0	0	0	0	0	0	0	0	0	0	0	0	0	0	0	0	0	0	0	0	0	0	0	0	0	0	0	0	0	0	0	0	0	0	0	0	0	0	0	2082.14337076652	57.3142131842263	49.7934256382174	68.1231230535004	62.1998656685789	95.1045211468823	106.738260931244	148.066852824356	178.562733775661	221.38499534161	268.18677310116	303.43047142473	340.382191100024	367.738155047253	431.041428181063	456.446881404497	496.912155740759	538.074226634043	573.749646934845	617.486084037021	659.997881600884	680.930662629675	691.729602459142	691.610552182542	738.262242590693	701.760672837816	733.323253511178	844.920501302421	801.915164315255	919.091814726165	953.229765065236	1115.5129289576	1240.08401455966	1334.48691741426
420.711	0	0	0	0	0	0	0	0	0	0	0	0	0	0	0	0	0	0	0	0	0	0	0	0	0	0	0	0	0	0	0	0	0	0	0	0	0	0	3289.83573188022	184.742608899743	46.6318168869216	47.6689632871162	61.9327548857327	82.8157031625981	95.5662884753489	120.053571625409	142.795700076958	197.176369493544	233.831897665651	277.820838631923	315.494075711168	358.296752816528	402.068758664631	425.873879594731	459.275778689076	496.156176293	511.761909568841	549.059827700384	606.082829382353	611.422746511019	640.227964548931	667.102420388822	664.434499843283	685.045873079534	675.144309873761	732.662425725308	739.168406904986	800.304605371762	833.720738341235	908.990344078897	952.508926452376	1096.49896479673	1233.66349244503
424.007	0	0	0	0	0	0	0	0	0	0	0	0	0	0	0	0	0	0	0	0	0	0	0	0	0	0	0	0	0	0	0	0	0	0	0	0	0	0	609.409981336431	33.4977459908251	34.8875374708384	48.7610268452492	61.9622167644675	67.4254503265724	95.9026391202882	123.706184134264	161.440720252603	195.260811885529	252.678874755825	279.012199572443	315.05148455647	351.407944442678	376.828392865096	414.220040343682	464.251625879324	478.170613928098	493.282196101136	567.761569368771	564.246924142117	624.820546209571	608.402040496961	639.537951488364	637.040178100706	671.37207572724	668.10671492877	697.495316749247	754.389533867711	800.368733906385	829.68533307082	853.399083656179	1026.56877297377	1136.81561403117	1163.43117280626
427.304	0	0	0	0	0	0	0	0	0	0	0	0	0	0	0	0	0	0	0	0	0	0	0	0	0	0	0	0	0	0	0	0	0	0	0	0	0	1472.18355480077	42.8227072220386	33.7363125405063	43.7181657332925	49.1764565822231	71.7690474485103	88.5460363931894	105.874052566895	134.206496248338	164.016293503917	205.893812198448	262.558831237497	291.940930717648	317.81028555286	357.330083507428	388.915025068938	413.262253023842	454.810932954198	482.205177996055	508.091092944639	533.984514526947	577.130048653076	565.759324490884	622.662355006528	635.101754066224	634.569444205173	593.0494445027	666.542865615786	650.649037984325	711.463828578762	763.736395338162	860.50463076821	973.207797827137	984.246098887423	927.585133488089	1085.45448586565
430.602	0	0	0	0	0	0	0	0	0	0	0	0	0	0	0	0	0	0	0	0	0	0	0	0	0	0	0	0	0	0	0	0	0	0	0	0	2430.87430651182	150.835270886327	37.573762737118	35.2422371685892	50.8188283768338	76.5609982369916	82.9399639964426	101.795429427195	130.035257027255	146.477985884504	186.057948734324	219.741073969702	261.437647847961	305.080004785401	340.38141934902	362.720659140649	403.375214449824	432.057899758288	452.989283875378	504.854378029919	511.130354681391	527.836597955318	551.626815482245	571.019787676423	579.675387439257	606.702807711027	630.09619822255	599.976940942003	675.217307491975	717.59267198853	749.055512805401	803.805957740418	837.497682846125	1001.47797582495	1079.40310389295	1177.98592487587	1301.21874692164
433.902	0	0	0	0	0	0	0	0	0	0	0	0	0	0	0	0	0	0	0	0	0	0	0	0	0	0	0	0	0	0	0	0	0	0	0	0	467.766693789777	33.9360257641977	56.3197301141617	54.9771862915319	83.2945318938877	94.8090313757805	101.653666065328	136.41587912025	151.018301450407	164.833544106479	189.454273557476	246.185316478949	283.157057812351	327.904557407402	368.993226619198	388.924439657727	407.906907663178	438.234019879773	480.759703385004	488.032599516326	511.174579916538	535.359647972594	567.08077189347	583.158079925523	601.951619594974	607.793956120307	603.673524127599	630.774160515561	672.242589858449	697.620258531861	772.804729070562	870.642515133614	952.514646181134	1005.5981503214	1197.67466901478	1257.24915201249	1427.29015099009
437.202	0	0	0	0	0	0	0	0	0	0	0	0	0	0	0	0	0	0	0	0	0	0	0	0	0	0	0	0	0	0	0	0	0	0	0	1136.67397082277	18.5050312550473	32.216605180105	23.2293549574569	47.9033986204731	53.8730260080096	72.2020458922586	90.0352487275755	120.329283345274	145.069446366432	163.755758665584	199.714347259347	237.835163677009	284.437291979402	318.577973102319	332.147938476354	356.470672226753	408.027702715953	429.627784531859	428.367515428285	472.29784113848	483.117792122001	507.491493882894	533.411682897014	544.3649534028	560.62982751269	554.881967342759	589.899574496178	602.455547654311	621.262352849723	634.141232780741	736.717305938356	777.908406883681	855.016308300108	899.102446923662	980.475942140993	1044.66111129395	1106.61498752533
440.505	0	0	0	0	0	0	0	0	0	0	0	0	0	0	0	0	0	0	0	0	0	0	0	0	0	0	0	0	0	0	0	0	0	0	2225.76781575776	112.443433762479	41.3331472996244	42.7497588815963	44.8650879045776	58.0159274448124	63.2037030502429	86.7223707542218	111.405477086251	131.550890344637	157.432090042754	180.380737089579	201.02366871141	245.021987451266	289.328498289825	331.496743946535	342.761492799521	376.538364005866	402.275003341358	423.183706669095	451.65637228255	463.724787739231	480.871457936606	525.153156253925	518.22964544015	546.701022229961	570.542904842838	566.827408187237	578.488175069422	600.048697702157	633.953755392674	660.991715792497	742.843585299963	782.432632612606	912.940592720993	971.055967000533	980.630095610383	1073.9223416064	1105.9314028288
443.808	0	0	0	0	0	0	0	0	0	0	0	0	0	0	0	0	0	0	0	0	0	0	0	0	0	0	0	0	0	0	0	0	0	0	384.151066844628	24.5268877973721	26.9144572856296	34.2498403888909	43.301699325429	48.2983810029552	79.7830365384734	83.0535192832299	122.682138391039	141.615468174143	148.597384039876	183.621395806162	216.851402267239	248.10589572037	300.121078247929	327.394349587419	343.719516281142	374.337506298448	384.297604377232	435.951333729384	437.474880476732	474.873009148147	469.418154149429	494.535685576483	506.574927905523	536.396236152857	558.229983726285	546.334989987109	545.946422579178	575.49266578645	602.654445744573	609.867567512155	690.577245505246	731.375842140608	850.93032198418	971.006171605105	913.719529539198	953.43129470487	1108.45945992163
447.112	0	0	0	0	0	0	0	0	0	0	0	0	0	0	0	0	0	0	0	0	0	0	0	0	0	0	0	0	0	0	0	0	0	1043.88423327283	35.7317275420901	30.9206407418441	35.8806329079622	58.0113090997668	68.7002688058165	90.4441374942655	90.7026707407937	131.417645566159	114.04143321265	149.719912880818	183.474013995199	205.59278492428	225.776858246993	253.408890643881	320.529468207708	332.015934935606	341.349000871433	362.037380562342	413.614026148214	423.69343033693	441.092885378469	455.679443699636	487.068043740953	501.207772564298	524.240005899399	517.375912631955	551.031031871478	547.693246253757	560.71026651371	594.111458055446	603.549035057966	694.750472401007	722.075724145176	830.374671588899	920.84198237695	1001.20812389304	1064.2796653428	1131.38207981767	1282.07622078555
450.418	0	0	0	0	0	0	0	0	0	0	0	0	0	0	0	0	0	0	0	0	0	0	0	0	0	0	0	0	0	0	0	0	2005.68699754698	87.1752833305586	17.9616401680792	34.5980460527718	47.784765549943	41.0435226669108	64.7630098749212	73.1082880958879	105.759266524119	101.94476078437	128.721929535404	149.010995736009	182.890571803983	199.375315661596	229.997594028766	258.504234136988	299.499597063605	342.262064911644	345.785361493918	363.11664242573	393.738294078931	412.834350663406	439.593051678184	435.636567047724	480.18676294049	483.246917820512	493.604475098267	502.055939830045	503.444142778358	516.97246034752	547.375752346257	527.472668547608	599.175984788461	596.794750910075	715.093499114261	812.930770142207	842.790425434569	917.612621368251	1041.41134358574	1063.4306185814	1040.18052620738
453.725	0	0	0	0	0	0	0	0	0	0	0	0	0	0	0	0	0	0	0	0	0	0	0	0	0	0	0	0	0	0	0	0	390.4402757044	20.3241447370519	27.6904634619103	38.7157196155478	37.488734288768	41.7183387530771	69.4909652091486	79.2471859498381	105.088812122427	120.755372966736	122.305446559772	148.056925872802	176.480770948098	187.021821821238	228.539277084016	249.055079778031	293.037741138765	320.158446123404	338.030930348087	366.853500732362	384.163100760162	398.230264549851	410.428285980318	431.652744339459	438.970071463071	458.25263122476	472.294721285905	474.017093788285	496.475937042557	496.887795247105	496.059401157931	531.498644343988	566.762002473961	626.881038787711	668.001220843588	772.082312339877	885.098548885485	863.922045990265	826.331495184413	1005.16264151733	1059.32179312308
457.033	0	0	0	0	0	0	0	0	0	0	0	0	0	0	0	0	0	0	0	0	0	0	0	0	0	0	0	0	0	0	0	849.543414162623	28.179308626115	34.933793516394	28.5433479931788	54.9941580417783	57.0425307541819	68.2996967917947	88.7825929941793	109.789843326492	109.020211138202	111.088445586633	143.805302434662	159.545563885337	198.521558130335	217.836150010226	250.40051271315	273.610337755725	301.415867519569	341.979017023787	344.505020871245	350.800743296854	384.342415547238	399.501513748423	420.208188441146	437.625860502042	443.044301123338	453.745622169067	477.755821370612	472.121722561208	512.500070130703	490.4480166602	515.205824750402	543.445344829364	586.311070506934	619.72221729072	693.197863863482	767.015034161409	900.455845493036	869.493293700158	1048.160967547	1153.71035280219	1134.0584393702
460.342	0	0	0	0	0	0	0	0	0	0	0	0	0	0	0	0	0	0	0	0	0	0	0	0	0	0	0	0	0	0	1525.35411798599	62.6619362455245	12.9490029755494	27.9052600102513	32.0327192349335	35.9295219071737	31.3762726472676	62.3428043672164	83.8361699427106	81.8546191200855	112.910181625051	135.246229164358	143.627656039246	154.482803147537	186.635934593568	212.568871617446	230.170046108759	261.837273335978	294.172551355873	317.443083257327	332.225150917604	366.298742605511	372.176229275007	377.582326699657	394.742405966089	410.642629787584	416.324396293323	424.583223517612	433.273397413307	450.00146965795	459.774887681335	452.679936352342	464.234172265349	520.143729723675	548.060905880077	612.469897679308	677.860042530898	710.330668105537	768.10133159199	878.05996785073	863.140466518686	873.709444541658	0
463.652	0	0	0	0	0	0	0	0	0	0	0	0	0	0	0	0	0	0	0	0	0	0	0	0	0	0	0	0	0	0	270.245262264006	26.5004430067594	33.4421673048548	24.2767053513197	46.5583971276385	46.2618022769355	66.995680492986	83.1705461998927	89.8141292067805	95.5375530101936	138.18772099706	150.904796533633	166.645463347519	169.459733976296	185.607545658701	227.878070182242	241.670047181288	254.183118310594	304.103363597529	311.950353879318	336.210966252417	343.880983318534	361.038010921708	367.744639424634	396.098804675481	395.20499665878	419.925964161614	441.686536735001	442.813698977475	442.436654941983	466.377972426816	465.874118132745	486.980111461398	529.056055657128	552.29785192327	612.505612082925	687.999435988331	761.788607395841	856.190451255308	882.287470498771	999.005160698591	1104.60304464031	0
466.964	0	0	0	0	0	0	0	0	0	0	0	0	0	0	0	0	0	0	0	0	0	0	0	0	0	0	0	0	0	665.973069256103	21.1033651259294	16.2042302183001	21.8791636887754	28.5907050648295	33.5197113993774	44.8897366467066	48.6938082584844	73.2577770289618	91.5681529400753	100.996883912172	121.169295721362	142.095785467176	129.83748902218	176.687107090136	208.83896480123	201.959531447796	228.702783206953	258.624243163725	277.937438274928	306.732724993724	297.096896450317	329.835080992411	328.144185221066	347.368875938206	377.832607861374	380.752581825018	398.041605164125	395.852062899445	412.818156606376	409.923987624228	423.568426517613	441.291837782085	450.327112263101	461.904698147592	526.269273672675	579.516970380724	679.332100496259	717.256772295222	774.295366525948	780.180555372804	891.461857869221	807.177639667677	0
470.276	0	0	0	0	0	0	0	0	0	0	0	0	0	0	0	0	0	0	0	0	0	0	0	0	0	0	0	0	1206.12998627684	47.5063531414601	15.1054342798384	19.8799352172335	30.1629631586086	24.7188547276301	43.0031976263678	45.976165128454	62.6028785257147	79.7946356728201	90.4137823466289	99.3842931345762	113.070432066638	136.138750630633	155.85307664585	164.259579832214	180.813754429452	215.24729555658	230.427397031161	237.469648517851	279.246419182648	289.983146583103	313.657677154308	321.859424879921	318.609281353924	358.26641362483	358.887878902401	350.982001383926	375.434280422192	377.970542861739	394.943520190975	412.484009489412	412.847172979118	414.220284088208	414.838607718086	478.149168526778	530.556118912584	561.370658662944	576.133382591314	670.346282204812	743.109471655137	807.35149980306	868.021048406233	0	0
473.59	0	0	0	0	0	0	0	0	0	0	0	0	0	0	0	0	0	0	0	0	0	0	0	0	0	0	0	0	185.098404297234	14.8777336481818	18.7627633457276	29.9863604391402	34.4665653461105	40.8707376041704	51.157255960208	67.8725661264028	71.4200243370751	76.2720368424171	100.018736782388	111.084196877446	123.020861083111	150.527814569775	173.135435694909	177.536871990355	188.767674919698	202.498195716629	220.802372941288	264.205674718538	267.021701378555	307.150970673815	303.740600367269	317.092292215672	320.683606207609	332.804522383884	351.067723773263	364.414542051824	369.671499710307	384.981113918266	382.039795200698	375.284035824741	405.119581823337	421.031928771166	425.320192972812	465.382230526559	512.104552172958	535.975044538311	637.843801009624	690.582569446325	792.799252841455	794.645722022925	840.360444028071	0	0
476.904	0	0	0	0	0	0	0	0	0	0	0	0	0	0	0	0	0	0	0	0	0	0	0	0	0	0	0	463.762172690155	6.45604324276364	11.3524899097787	15.439007685704	5.56697322810814	24.9819874449033	33.785782556912	30.0074205443739	49.1580280322888	51.8821776800239	71.1377887382336	82.7984870280262	105.606581272919	124.2158239351	126.170041173205	148.287787014486	166.182003979755	175.914073917948	190.293097414708	211.932520305936	221.182709265562	248.469808495837	276.382475873233	291.78018440177	288.851440478194	304.360623890983	326.166310770736	315.346434212557	336.105318726084	345.4900479766	347.808822241754	359.316158955248	365.405215803812	372.408995877309	374.589828577547	397.758130603606	422.950773559857	458.140911625423	521.019643055475	546.536399745691	634.753765583316	663.867733313886	694.600528080825	789.997233587275	0	0
480.22	0	0	0	0	0	0	0	0	0	0	0	0	0	0	0	0	0	0	0	0	0	0	0	0	0	0	975.92537460023	26.4564407753977	14.4273962414273	17.3893527320766	26.3444658304216	31.4196288080464	23.4014699195095	43.1055904809747	44.7537469898115	68.3171528074827	75.5721034634835	87.877338994494	96.9783695716917	118.960568215787	128.246752869125	141.826018663756	158.697549718302	172.046972479523	182.682191472796	193.304914941121	208.723653758804	237.92828764724	259.506984416826	287.470045886758	275.914290336563	284.251091119789	293.747053278131	319.70123274816	327.204863925205	333.036383604799	330.306546101244	341.678760117235	365.948375322525	363.002549180663	378.180624643607	392.177507848437	404.987259777894	449.105057272564	488.805625885238	529.458953228202	593.780633750971	632.143976869615	701.853496594928	724.382560557304	0	0	0
483.536	0	0	0	0	0	0	0	0	0	0	0	0	0	0	0	0	0	0	0	0	0	0	0	0	0	0	167.072633282843	6.19121773995902	8.38985613462023	22.6879948383732	15.4483346637357	16.9436625055435	30.2102016032463	35.582364968684	46.1902670971375	52.41857477064	69.8028539962904	76.2250709528955	87.0423785974424	102.807806693305	130.078330254973	129.390863599397	136.641099356799	165.231548698166	178.424112084139	185.31768886029	199.606028562201	223.495432819808	247.612645427496	249.507412571973	262.29149380773	277.09427415732	295.699664080378	313.628006848652	307.522667774753	303.535282106398	307.448885481677	327.81995292202	344.970778681363	332.026340768937	342.912649900797	364.689265107211	394.035009593308	431.459123642028	442.532478311916	509.580148534364	554.881330371069	598.693709277813	637.511522003225	682.848087157674	0	0	0
486.853	0	0	0	0	0	0	0	0	0	0	0	0	0	0	0	0	0	0	0	0	0	0	0	0	0	523.240144950464	10.9338313086765	13.5261155956058	20.7849154638837	9.43991387411563	31.775280780093	25.2637867267524	33.0883336229533	36.1490979205727	54.6722994994489	60.6566289580285	87.9564146169464	87.7725077108002	91.5429210083626	114.271464267713	120.468978397142	132.494423310215	145.146353473543	174.524292226916	166.096194002128	196.586863720251	198.876478232028	220.710762260917	240.995597963928	256.509491965372	250.289297180087	273.56262227075	279.440363945685	294.545640151643	292.12029674275	305.025646470654	324.176667370811	330.110333020469	316.591798212542	335.514081868392	350.1599135412	361.686546799074	384.52145367104	405.18570297962	446.577182266345	489.549450569432	526.998131894582	618.242512366795	636.922448022163	685.1883770295	0	0	0
490.172	0	0	0	0	0	0	0	0	0	0	0	0	0	0	0	0	0	0	0	0	0	0	0	0	1339.00491997047	31.3148025590339	17.6672219268067	15.239970854413	12.2950893029078	21.9792576069295	16.4269077037175	32.2095887162858	34.0994271950453	53.0855886448759	52.529347124411	66.5435030614605	83.0371059880112	87.8563568395156	94.2114355681949	118.592062484073	136.715360759013	151.689838576649	154.766279965014	162.129482649117	165.810267270679	184.690433945781	188.739969519989	219.574134371992	237.286133681418	241.019069871055	264.292123441088	256.264053789726	268.859096828072	286.124830006788	296.085382846906	300.650624837247	303.437898213768	300.673093407226	303.781719969474	331.654227825617	326.981736347061	351.191011180214	354.337218389391	388.37765906868	414.739087694454	446.088021625262	539.066395338234	587.374273399458	623.821036456602	0	0	0	0
493.491	0	0	0	0	0	0	0	0	0	0	0	0	0	0	0	0	0	0	0	0	0	0	0	0	206.014814282696	11.9773057489992	19.7037724461677	15.6990904939721	20.022417751591	27.3275682116306	33.4576144467706	30.3838932707266	233.111798760834	54.798530690401	72.7735688709721	62.5831431163157	93.100571564936	96.0807046031419	117.680267624868	124.376751407751	124.422897609726	145.3723693226	143.852108115587	179.168046830579	176.81267689544	179.675455438237	201.616361828536	221.820347371848	227.590015789333	243.554878698557	237.14693644227	256.150438307922	261.919893621736	282.394881269638	273.720930186453	305.474822105384	308.864559045268	314.436642991609	326.095079981204	330.792910187924	336.557467946278	330.756242705876	364.597173625653	387.290322534581	423.039611022351	497.443549341271	538.208513627828	579.431008692334	651.636445873239	0	0	0	0
496.811	0	0	0	0	0	0	0	0	0	0	0	0	0	0	0	0	0	0	0	0	0	0	0	698.12072772203	16.4633963395348	15.5250689393241	19.7107159511277	26.3462618759116	22.6042629261971	27.1366661578226	39.2225510253948	40.0030125346114	54.4207063098777	67.6675550131324	60.3956936437348	80.6696929733757	93.6868749601805	106.772211016196	111.450108565335	120.500475145622	132.832986076777	141.059332121471	150.517919017217	161.532205125864	178.99026300679	179.667702028094	191.55167018702	199.939469180845	225.824370395156	238.03634109571	245.585186458669	247.100617976904	258.100694285968	272.24850840545	272.857166342033	267.5213126908	279.091594532449	297.924835964998	294.92308990229	318.695597109889	304.795798636294	343.34028339622	348.741397401259	368.851518885273	408.988259018541	468.967566627391	498.261000066731	593.410440559574	682.865734381393	0	0	0	0
500.132	0	0	0	0	0	0	0	0	0	0	0	0	0	0	0	0	0	0	0	0	0	0	1180.05630512373	29.4032453981842	8.73052791915658	3.76904810019849	12.0231373186227	13.2497547784096	21.3179042485191	21.7584328274666	31.8472922525002	32.9226781473116	44.5359102906952	46.125751930607	52.4572320655845	47.1666503535925	65.8318899699633	81.7581360090891	98.3637127924942	105.074123838841	127.746098343263	135.35656563264	134.223432091417	148.521806771789	148.682817814331	177.362505442679	179.558875233432	181.003080879391	214.229338712671	209.449031883431	208.795699777901	229.574921254353	227.177435985965	240.069528544097	245.427658928624	257.894462975185	255.314940177273	275.384640390875	265.860119895083	263.946725773901	292.256659970117	295.616111294734	306.347478804689	353.393278029826	367.715348258156	417.697193522795	490.916417390794	504.099327890417	0	0	0	0	820.389463777188
503.454	0	0	0	0	0	0	0	0	0	0	0	0	0	0	0	0	0	0	0	0	0	0	185.410310733684	11.9877439994604	14.28473008563	20.3747076161176	9.1995354986112	22.9477675401592	24.5649868398533	30.0396553402709	44.6772872456693	34.0148979908376	52.0364599722253	53.8322328467068	58.21043363491	90.8214409354993	98.3463205493468	104.22204133769	98.765065857276	117.997827782025	120.375412423578	139.33291213701	138.812120687496	144.434589378689	166.617269312875	166.134838468096	176.759181549372	198.365456895562	208.979409286838	225.438895125187	221.506948217804	214.549959845231	240.746999099207	244.108519412756	251.245578513217	250.624879943696	252.752854805949	257.598499419923	276.796191273118	288.592056406298	298.232510705811	294.193838632189	326.815120252049	351.335911395286	374.186511913483	423.84443159515	474.140724495829	533.58179203161	0	0	0	0	712.41387049796
506.777	0	0	0	0	0	0	0	0	0	0	0	0	0	0	0	0	0	0	0	0	0	518.100116892045	7.07703503262176	1.8367163854309	9.48011645383099	3.67087591855268	18.4017258256546	11.7891873598047	23.1238483674835	26.248924971333	30.1245212519625	39.71062516465	33.4548094508441	39.0930311945088	60.857211843322	56.3418769209568	62.3510524178067	80.1487642706757	91.3410026556909	92.0792528376643	111.592442724743	117.900838202745	125.883425128964	127.504998990285	139.630225338286	161.835727103674	158.917566937239	170.697336910654	192.200806554733	195.840612801429	184.500242995052	198.25689334298	213.878818995273	229.305776185127	208.694918900296	232.296934226132	223.334291356169	236.120386246794	236.134169951341	241.957390000138	251.284783072177	259.956130086925	291.459951197056	316.175466540783	359.211893091638	364.654006527512	419.822939237785	463.545963298561	0	0	0	0	485.609431023661
510.101	0	0	0	0	0	0	0	0	0	0	0	0	0	0	0	0	0	0	0	0	1057.94181448546	31.1803166580812	-3.5237247010104	11.4431186563549	5.51564128091149	21.1621393889333	14.587552422131	22.2277806026143	29.4066213523473	32.4570704564269	29.7984910530468	36.8443941205164	43.1843691030577	42.9976450953758	68.4311187474357	76.3093174421723	83.1763803160723	78.4076700329006	91.9266454337887	91.7541852201384	101.561289169916	120.406733159737	127.084789266421	118.894726195406	124.853159065124	154.405708828155	163.854815285995	162.464594170932	180.281883922557	186.18909779183	204.710785613697	202.964618957466	190.604897323146	208.106957555561	213.448824261569	220.41887703991	228.967418257499	228.566517183961	234.857307216395	250.626010361978	263.485812400786	270.027927380001	277.467104675326	331.371088674477	330.011823278864	343.072816772689	421.655676998043	0	0	0	0	805.691976124874	534.829981675245
513.425	0	0	0	0	0	0	0	0	0	0	0	0	0	0	0	0	0	0	0	0	161.293972007851	4.96321754685071	3.50204599121759	6.75776191403098	7.69320723233102	15.394776778701	5.3748419217889	13.7164565075599	24.4399043508839	24.1300342340728	25.1443831023653	36.3670262445686	41.2362923074234	60.6208145255948	54.5429560631547	62.0412620240209	61.4177179788083	81.8944353947505	96.3836721525941	85.012781232952	104.067779017588	111.126127717067	116.845877536855	130.565272954525	136.959671854435	126.089909242623	136.235178860682	163.9072725318	164.05092837827	171.745222017484	173.615043215164	179.769762220219	188.05383662611	195.536466974044	186.744126729438	212.274844258129	207.535539591636	214.631926089104	207.173105984748	227.782639407897	226.392850267149	261.982412977473	253.069147540564	268.301419287849	304.222019410972	358.83204180826	391.34224483843	0	0	0	0	484.11946548816	504.351764100606
516.751	0	0	0	0	0	0	0	0	0	0	0	0	0	0	0	0	0	0	0	525.668139579618	18.3362652875121	2.68703832412524	21.5977987115807	15.0199167510781	16.3260428014825	27.5153106807928	18.6428220659801	28.2875063890274	27.9106792442784	28.1985788381984	41.6898864588166	31.6522870011803	61.9621922830907	60.5450688585694	61.8743633321435	72.1288878142661	77.6554001229735	93.1316052037448	110.46247721493	98.1352621340359	108.29615860103	124.491987654286	125.868781830322	132.271199586763	143.338409171562	150.449971542162	147.543336165624	152.0130463318	171.046707850972	180.530960324434	194.856296601741	179.447058738745	185.752983381565	189.028444864152	196.317199308754	200.423444528635	200.895314541875	220.932154279814	232.808829028065	234.126723948797	236.74289501678	237.768864214116	246.630504235305	299.44529927079	337.172395264036	395.894132164966	407.023831897148	0	0	0	0	604.097849276099	414.281195350456
520.077	0	0	0	0	0	0	0	0	0	0	0	0	0	0	0	0	0	0	1090.60851280316	37.5141903378577	1.08261533489349	16.7633219912251	8.42313889244029	6.96002956987402	16.5871054208943	14.3047360111811	15.4370798692892	26.6321165749028	27.7165823863882	37.6032199469148	34.1171991050499	48.2371035587903	50.2343254112135	56.759699606314	53.7999710457039	83.8799026649235	74.9083962404896	96.9751845828896	94.3357444506748	103.191369539508	112.207530325286	106.578089433807	118.966876275166	129.525376828646	123.280607191708	126.568019021696	140.485907740152	159.868349053352	161.636993376193	168.182168789878	165.059382593995	181.817031563545	179.28433389852	186.346866794998	193.881574023051	191.080749345365	205.649251079353	203.296791277353	206.287964902871	222.818769015011	225.851629654176	248.004413415743	275.757497664226	262.117850200161	309.769177785193	339.160502464752	0	0	0	0	754.825224785841	469.932088894567	659.378451144419
523.403	0	0	0	0	0	0	0	0	0	0	0	0	0	0	0	0	0	0	182.483406471826	8.57105517223557	18.014238382865	2.73615188299721	0.895396743817074	10.2436981557141	16.4543294578889	17.0694008444074	23.632394527956	20.2693590474021	28.7283746814831	33.094406849703	36.9081920332566	41.2537094506707	43.3187549907261	52.686965820599	62.4375363067669	57.5143349533269	77.6259944425667	83.7198187818473	89.4533874853577	94.4719924529494	92.9073619677634	106.993659338066	111.836123986868	120.704589955584	127.311636468511	126.320248095437	126.327291460503	145.799658740327	155.541224317652	160.46379465189	160.648983908806	172.135712558184	171.365528869085	176.787388298288	182.124686693064	192.485300875988	189.502020029604	197.354039820277	205.798118628065	213.764370405835	216.700593307322	236.871463051845	239.913719690817	263.575266324453	304.831119373414	341.645654267367	0	0	0	0	529.841423997931	553.600784023043	487.592397419224
526.731	0	0	0	0	0	0	0	0	0	0	0	0	0	0	0	0	0	525.874653785122	9.68897843879193	5.00977538217778	11.6428929889917	6.47296695895078	12.8733473492708	13.8727887044957	15.2848921520894	17.7563890317268	19.069347033594	21.5069605604347	27.1312228913086	29.293888137768	39.6830347622943	49.5519172295592	50.3111782967779	52.6854669971006	66.6855938841411	76.2190353318658	64.8305616495037	90.9999472415859	81.0010250173075	90.2822460047727	90.4216375540003	98.3681773880674	117.178137599121	109.342286371746	118.460598779395	119.64560629484	128.017214471712	134.781322156563	145.732828601662	156.380110552605	150.795348632783	143.90406027	151.176626172932	158.600903687707	185.614353270074	167.36940540014	171.756258027077	182.369132394038	182.310963009284	202.849661121276	229.227126433273	220.535571711076	240.5121158393	275.997848408407	278.700286518577	291.638033108902	0	0	0	0	400.560262465305	480.840966830415	426.335306265513
530.059	0	0	0	0	0	0	0	0	0	0	0	0	0	0	0	0	1050.49100599823	21.2203075364686	-1.9905382378927	1.1196254630243	-10.0589408246094	10.3576519383555	4.985652533744	10.7410697229642	9.93391247696979	8.83646078061587	11.8808357158413	20.1993167966469	21.35405797647	27.7112620240428	28.5050329991924	32.2564594792426	44.9527833745255	46.5834491210183	49.2707040512899	53.9205264228931	61.6600631714873	68.11062117524	68.5160291288083	66.9502032260867	86.8055556440165	95.0113194853012	84.8073750583301	112.635624207564	99.1863107002183	104.551417533907	110.606794589026	116.913932877753	130.60065761737	130.741323958288	132.187298378754	138.866673692744	141.573128391629	145.10989067177	152.039055647586	160.632092396234	163.529484770067	161.473579422224	176.066192962934	172.711976991178	175.011047127967	202.482466870084	202.581341175535	202.722600696061	240.4753391477	0	0	0	0	558.677518290315	315.730609095462	342.415191321976	278.645067424606
533.388	0	0	0	0	0	0	0	0	0	0	0	0	0	0	0	0	182.193711838741	-7.80416429094693	5.11348160613879	7.87176485341795	16.6632107243716	17.6033501027904	11.657180518237	17.4158696629174	20.9025216022821	18.8042445566045	24.9850121776653	21.2720499443931	29.5558279467889	23.1953097273289	36.2509864640762	39.2866721638815	49.8921476881911	45.8718267253208	56.7718954954438	60.2947534787258	69.7507536530766	80.3932373371409	78.0120818097818	86.9936340222846	89.9057962472578	88.3035530554385	107.793785528219	100.620893206381	104.623049084869	109.823670433721	120.096113054373	109.20958636891	132.51498334426	136.81679024116	138.885034832062	143.725453655081	135.587941413325	154.872230717098	161.472504591694	152.10701229305	166.243009186908	162.517993843451	178.054259979221	181.780591474277	185.231234232136	185.160313016207	198.328079881683	233.141535074855	244.759041187496	0	0	0	0	430.621310400225	403.395625742514	406.405484891933	504.091790433852
536.717	0	0	0	0	0	0	0	0	0	0	0	0	0	0	0	542.242560415995	6.90620539747687	22.6703587695774	21.3008434860596	6.79794585373973	6.02496850793428	26.3078425740682	22.2314551466835	4.94177597537731	10.8369243439166	25.9190866471521	21.8412466424536	25.9185430073842	25.2603370996617	33.8230407207656	25.4350299558071	46.9516955329002	43.831020161799	62.7446047071508	56.6158226166422	67.3086436435519	62.1445663125869	69.9245932457901	73.7562387224129	82.7797646812474	88.6998963512865	79.1692678009107	93.8899397336885	101.155007379368	97.6102419363394	113.479528553779	105.66878374258	127.517881180871	128.596234042311	119.81356276608	137.600353320927	132.41451558621	131.968348354255	133.564453305575	151.538018463403	156.144348467335	152.562441917688	150.716460307804	159.700342752495	180.857293003476	166.161787877524	189.997881055369	203.582839623108	202.715424542856	229.098806096455	0	0	0	0	400.056578773537	387.576128797801	384.942546073697	413.062907050261
540.048	0	0	0	0	0	0	0	0	0	0	0	0	0	0	1012.58326047201	45.4177374344643	24.5508654662087	22.6338526118112	15.6195877577055	16.0387426449245	19.8366431351461	21.9602946400372	25.534328139764	31.7552259736365	22.9916719115235	20.8787412749477	26.2451849273136	31.1270868543286	32.4608623955702	40.221119786865	53.6572835106651	44.7027186062197	47.9321656290651	55.2060602236237	74.2549818290858	68.9349428427598	66.7442199371372	83.8956499541555	90.9791556392459	97.8501870734764	94.7407213132053	95.1475265763592	85.2118195362707	106.891955902158	108.943527770222	109.475856978352	112.953259881313	118.214288129753	116.593074161323	128.207737828288	135.84115776916	122.888590564979	138.545923656495	144.502176586602	149.220791592881	156.555741364906	161.008277587074	164.155309731482	153.303268392501	180.29239859093	169.442716730933	187.712069407458	194.91680161999	230.35663379588	0	0	0	0	603.759063156691	368.694632801776	438.882671548071	416.35909209532	405.688656335771
543.378	0	0	0	0	0	0	0	0	0	0	0	0	0	0	171.544700442918	30.4140282870086	20.5575371022435	16.665947005721	26.1327479015303	12.0724944012766	9.1761963491208	25.8266320858792	25.4325379330022	19.6844160385472	16.9500415144792	19.9526454368388	26.1422225322716	24.694172249999	20.6679387486614	33.3328073122842	41.0993574166826	50.6269416766208	48.5860235600164	57.7730851698732	52.7236170491798	72.3479755405048	71.7534493259144	70.9016025594163	69.4724826692926	71.6527453910698	74.995723337076	87.6810478412966	105.535044045065	93.6362615129597	88.5420794070697	99.5366591187652	106.230650903395	123.383988622325	117.980351516801	123.460545013936	128.932505785771	134.350263996474	130.105951280547	144.285592051787	138.927816223393	132.254371961798	139.661692281955	153.441101106099	150.603240911045	155.528276873638	183.19633144012	189.813174699107	195.786855184267	211.273141096818	0	0	0	0	441.135619313703	365.552086121383	387.817762008949	406.287330287487	515.892857078695
546.71	0	0	0	0	0	0	0	0	0	0	0	0	0	464.98858084721	14.3957852005571	-3.35630157774069	18.5711641667153	3.91777769271231	8.26786327839877	20.5288593318752	11.5282610547723	-0.0553403369796142	14.0856057752371	14.4757229814981	16.6606028630871	18.1923228874214	27.0864688205929	25.8404787338601	29.2857184454284	37.3048932074897	28.3186239750105	34.3722347726161	50.1029191384203	51.5648029620204	60.5846798189975	51.9732592000414	59.2181798638992	63.124979719006	69.7257050201782	73.6709307224777	88.5887113554073	97.1893166402778	89.0252954732506	92.9091554120297	87.1787785069926	95.7883711588606	110.272466176159	95.5835409801426	116.88590615215	106.610086691095	114.672608434494	121.629062874985	129.887706651284	132.646272811489	123.433891548375	144.13108745642	139.624267389369	142.381987193456	148.178563768698	145.709511631153	165.529479817723	164.441302632016	170.131291976318	205.477727817901	0	0	0	0	341.021038404607	358.404614237042	284.298206922337	409.136390500778	300.957546519005
550.042	0	0	0	0	0	0	0	0	0	0	0	0	978.35763904977	40.7796167498684	14.4430118616982	30.9049792538656	15.4388214621802	16.5049271073019	4.56141909538572	13.8638087025886	26.5250497351824	23.4555097019957	39.6977584251324	32.6199855633302	27.3686647615558	31.7647609770322	24.0093572550201	29.7418329639241	34.288969441179	46.5858725932055	43.8413531537774	37.8049073710442	46.1138952757997	57.1807155677569	181.058476888931	71.1003952362313	76.9930852122331	69.3229241005698	84.5772633710972	78.1540074119357	72.85513764761	73.4458891554722	80.1714144322729	78.5734258483662	102.349779546765	90.9502904484142	95.9944288440555	110.462815343525	110.40509959681	125.753739625755	116.456435182734	118.383660222592	121.702331535415	123.842849158315	143.425880574793	120.64394789926	141.91040640185	148.363419621418	154.052226980532	148.201339567077	181.355764083321	168.345743197923	173.125566811249	0	0	0	0	537.54733019465	361.485753940645	344.306860932275	362.84364776033	397.007946452511	506.22985203915
553.374	0	0	0	0	0	0	0	0	0	0	0	0	144.220318228374	7.81169372058768	10.9016790522671	24.6069251238126	9.49141645073617	9.50456260813605	14.8636546858426	15.3851558575936	2.21496435336536	11.4877359938036	11.014669778943	16.0877645691744	14.3756900435874	13.6759521279843	23.696455986031	26.949209948951	22.217862290531	27.284791613956	27.3040497668577	34.8075658622328	37.6512951561462	46.3117842370212	50.6302107710487	47.3712153938378	54.7242706999786	57.2486060170176	55.0049240178425	72.0950606121613	62.8865045737554	73.4662220533666	64.6157832816286	78.1891041203571	71.1742453945162	91.1115199652816	89.6976147083661	91.0271091477853	103.393149186348	99.1040524480165	98.2715243326345	104.213097658704	109.316563579888	107.217606096164	96.2231228449061	123.632986057911	113.667773250237	121.841114867666	138.067143154495	135.637544557548	129.460931501371	141.244185142501	138.592362321792	0	0	0	0	330.516403398659	217.598381770653	264.876061818966	301.003214056436	274.86912644952	175.181470205817
556.707	0	0	0	0	0	0	0	0	0	0	0	427.930200371589	-31.3476349825701	-7.22258058974894	-3.44728057893637	-23.0361285384135	0.450305703974845	15.4359159289992	5.73913786439641	1.95337338945878	27.3472910222618	-7.65005829180228	10.0264151060125	17.8733402501941	17.0300704483358	12.6866773700693	17.0559552062252	26.5764272426305	23.8411771583679	24.381947379171	36.5922265255122	29.4826927576305	32.7097506783866	31.2576337192514	47.3141879555171	50.9061236699845	49.9963389008812	56.2394796916707	56.5933948273784	56.4239789679088	52.8876657697607	61.447647355612	78.2040044933961	59.2971238724314	59.0531838654526	73.3101383558416	83.896373718977	79.408988943708	89.2061241731296	95.8210661901173	98.1282363047167	93.5659954538608	107.448507174773	106.453063242014	101.442227995447	107.115460755538	110.688894762606	105.078241213301	126.351713421931	117.371257439944	144.088000219441	138.325809494982	150.566121352221	0	0	0	0	248.400742163452	203.956293249777	210.941991313746	289.142179436251	264.978485628043	251.920192296217
560.041	0	0	0	0	0	0	0	0	0	0	2255.67174551589	34.5270542231127	8.63441117804646	26.29396035429	6.88239934553678	19.7049146644026	8.06458745044601	11.5625204466609	5.73123129256607	-3.9134913862339	2.57967294777435	13.4688253321893	12.4483068178286	5.13347100414258	4.24034103044378	16.8994099206206	21.6125410741331	22.1014049803552	18.9538143087073	16.7979630213822	26.3721443102927	29.6933736620592	44.3466157866934	36.915523953395	39.8670930408931	51.135709262101	43.7167113975714	64.511145120048	63.4187685983041	44.371804063511	51.3530131844674	59.9343906011721	71.7788544983518	69.0218693522737	76.2202929775665	69.9751560862716	69.6594049491827	83.6271456245572	76.8173030445836	79.7165279087075	82.8142855811761	97.8805717703675	86.8701122838911	98.9114703590068	97.3636704748109	101.667986568207	97.4897569507033	104.297886477009	99.3143582503721	125.842732075666	116.052628537488	126.232742825543	0	0	0	0	405.28459375285	215.763738122918	215.728281359371	289.260063101319	215.66168960132	134.980897794147	286.93700559271
563.375	0	0	0	0	0	0	0	0	0	0	794.858755135546	13.0614476157112	-4.87567932082248	1.55284667358377	34.0234174726447	8.00200650971454	-6.74203396654642	5.58534145447765	17.6654530371834	14.1170504010191	10.0031822370641	9.35783731091179	25.5930418991429	7.8656421103865	10.0282924478183	22.751379959049	18.534901226278	19.7064227753635	26.9607366874663	30.0046832162839	32.9536397213811	26.226740665488	40.0960175223387	38.5443691417651	47.7039774947177	37.5833422658384	55.7054820435337	57.8333652354702	50.1100434355659	45.9341047077338	70.2927524218241	59.0466842162913	61.6191733461838	64.9815883877207	68.9219823248637	66.6503824961362	72.5044218680195	79.8548342303372	84.400063993918	84.9411424679734	94.6566045538998	88.2563260413272	85.5246834286108	96.2152187558237	92.3161932890729	104.37242138177	103.739816561518	107.240650971885	116.828436078602	113.429433920111	125.145852207015	118.942436836011	0	0	0	0	252.69197945225	206.420907053791	221.286726837144	247.019694439207	214.529171354737	301.841489770922	323.464552599095
566.709	0	0	0	0	0	0	0	0	0	1665.10107780912	69.1870334129508	27.6914682766795	17.6030950236974	9.4645320861092	4.50798167720944	23.4336299407277	8.67752243554042	22.2620951121029	22.1179340358955	19.5456594731223	12.7727028553956	28.5314272195555	15.1607951660333	17.6426670292907	18.0952903575707	20.1640357344707	22.646266308945	26.7204851696635	29.1999414832358	34.5900543807291	21.9307301221567	33.3663623378651	43.4091845430371	47.4161821300657	50.8678446079602	56.3619314365239	54.6915250189942	54.8011699730407	53.5853642201274	52.0446992992322	58.3224855514968	65.4665081213349	71.103304002154	78.6849384602368	62.344556931442	62.599812193369	77.7519292679371	80.8287427905238	88.7167799477587	87.4657353953214	85.8293031281018	78.4540529289021	98.2735321745828	89.0868366818533	89.7734194523318	95.813567560013	107.601881818508	104.325794556194	108.767224700172	107.485600279131	116.456317679018	127.499201833175	0	0	0	0	189.51564315429	219.935908953078	233.389812201761	208.774682586339	259.024184514262	235.338621653718	321.435053367787
570.044	0	0	0	0	0	0	0	0	1677.80397392084	168.671017444553	-0.612226132378839	1.75648217919323	-4.47019009484224	9.06696055362257	2.03517978718592	-2.90763847227253	10.2072634770417	3.10166250902328	9.74670393603546	6.47991084871844	19.10418019428	0.711339266856692	13.5143892335416	19.0448459412063	27.9746617334217	18.641364355899	23.4185904293007	25.1191020302054	22.7849773872495	23.5664021035281	29.2080491944456	23.9075844009963	33.2237777555277	36.6638941914164	43.7180160595456	29.2384917252567	39.1775994486005	45.4672510929622	48.645355157373	48.1254134677096	44.8093353192123	73.5748036658564	53.909970695668	54.5207940367999	63.9720428147426	68.4489438733406	64.3702197318285	61.2017815962433	68.9449470062224	72.6536820732342	73.1891404317345	83.1044118369094	77.8211926837232	85.9480544843587	85.3544956187102	82.6781469634577	86.4773347694064	97.9224064210234	90.3116614041914	107.737129890665	91.3487817219145	0	0	0	0	341.440323271496	176.950163558679	194.157135839639	209.587890309636	222.634564670292	191.28469396035	247.019999739543	150.350718795264
573.38	0	0	0	0	0	0	0	0	328.127683054946	29.3788732020594	7.99810811339209	20.0464922119561	1.68605610839293	33.8405304434327	1.53234119068145	22.9675925155873	23.8031412940518	19.6203870160297	-0.00168768339026431	12.2180967653113	24.6066910036082	11.8818845728987	17.0787422689725	4.22265902286856	13.5359047665334	19.2094918438498	19.8864035651688	16.5580033014082	19.8995293303032	23.9186796091593	29.1581031561473	39.1251227954361	29.1697538841071	32.8299898320131	37.2243680330726	47.6953411591142	46.2056481036858	58.1795796635944	47.580343578092	43.6565539615854	51.9697759407315	59.4442900297598	66.7753909871325	56.5763223068262	56.2043975275902	54.4470612820776	53.0895544629253	63.0857583689545	72.722247147051	84.5862947629893	75.1394543044853	68.9827013257717	71.2070838493855	79.6357628123449	87.9361831225073	81.6587050912714	81.1845858207815	90.7683466412684	104.530449732806	104.088447428577	99.4348328675559	0	0	0	0	220.517370169479	186.739271175917	208.9922043457	239.774088401806	230.290286120234	206.524769786924	237.752263188246	273.164876078819
576.716	0	0	0	0	0	0	0	472.457987726639	-3.98928829735252	-14.664999390352	-6.13576526581062	-16.4793970695308	-10.6655025091056	-2.1388385856357	11.2465024666406	14.1509581785445	1.86475442724462	-0.444070730503327	3.8314026679979	9.7575904909684	-3.85821677297636	12.9060046094371	2.19135498768035	3.36418158899496	10.1266895374412	13.1678217990872	19.4499885636812	13.2931423376479	18.6818619017549	18.4610120115464	22.1291787628133	30.3511446110307	28.2111068540682	26.2206681036689	36.2415641794898	27.5170252264988	37.4185589712374	32.3169712590916	33.8286801318269	34.0629229832043	45.7760306539625	51.869846915717	42.6983482838028	48.6491471446286	46.3267513966499	47.2983393414095	63.7558555730866	56.9824391744321	65.310458749466	60.8966069574131	74.1234322433037	65.7597504589476	77.0431499657311	63.8341625089729	79.0148879068316	82.1377292125651	75.2425979589872	81.1833538683763	82.3431349433993	92.7634733693685	89.8857135265933	0	0	0	0	154.512836249659	137.029991946559	163.601741020264	112.871828774044	140.457543034769	116.164504258438	100.009362639061	99.4847580201325
580.052	0	0	0	0	0	0	1062.86946134768	22.4099170361554	1.31186902316141	-0.640121241779086	1.84102817189943	7.60203586596185	-12.8290409385828	0.54139867728096	6.60131394538317	-3.88648996108636	5.55677519809287	23.010535211947	10.577040613712	-3.66770880341874	9.51903215941864	13.1947952226879	17.2457083319341	17.3258701774278	18.5826735535713	15.3794117780121	14.5920363016557	18.8039001975946	21.0729521759673	20.1387432205755	36.3199263199193	18.0971383833076	32.8585245840203	21.0905721232077	26.2440875077699	31.6393537059459	36.2030624334455	45.9803074621614	48.551717055736	41.8453910590716	36.7625074423716	38.5512360312417	50.3396411345023	48.0001659279682	49.5903080504064	61.011631605283	50.2868640310072	51.846526361424	69.7174413720221	61.9999806897504	64.2854964939233	69.0145837303582	58.5196081676411	75.5995828596684	75.8851135509752	83.1280521032676	80.849660637658	83.6712299060742	78.0087916919839	96.1017252697117	0	0	0	0	289.2537653732	156.297003955526	158.533135488125	164.625853807298	216.661080802477	165.6948469992	248.55609446881	139.417965891832	219.633917487922
583.389	0	0	0	0	0	0	101.17529578496	-4.72174190304387	12.3842563170037	13.1997632056654	-1.81866557962766	4.05989617430086	23.776641056021	17.9565929276196	8.05702663257904	2.40310614558529	11.4752432797625	-3.0707535665967	23.9106705123647	16.0434378961723	4.52652361731934	23.0200492384032	10.2664283972046	6.0819126493973	14.5765179289136	9.55707469619145	10.2266280231609	22.1856369429771	15.2554575916715	24.892160196544	18.251962692099	28.0795812560839	20.0214338823138	38.4352936371964	26.9279997317808	33.8096362667986	36.8625889554497	32.7448573319191	34.6741387773698	35.3576859980132	41.7148009521448	44.4868150250874	37.2686975224786	53.2781790408882	53.0246909888072	51.724069064365	47.7756368036272	55.8391727969189	46.0835706226458	63.5768339550221	53.3825195638006	70.9942831602847	59.9947579415744	63.1521520054333	74.3771431220138	71.5515048720565	68.4006921370584	72.6776948598567	75.2950023272582	78.6296770162266	0	0	0	0	155.761452620902	127.163183867982	164.846998244703	181.752494090937	171.621702690521	217.308809111896	197.151995541545	154.141207218853	261.351674321241
586.726	0	0	0	0	0	499.499828907672	13.8544654033521	24.7455026929268	14.8985879771009	15.5811884924304	4.20424531073673	27.6375937282358	34.0415449152129	18.884424937767	13.9983692439469	12.4033794564664	16.4096949904408	4.79590270878955	6.24652768134153	24.2608691647241	18.7656673411397	16.1764112103187	15.7365147560284	22.2770183821927	22.6178983370703	16.7317719291448	23.4930871126302	18.6863212251028	27.1659435732765	25.9018287765476	27.2933542765777	10.0732399642295	27.2980121564694	30.534667904545	33.0471094117962	28.7321336292501	41.6558313137607	38.9040351289837	46.80113888519	49.0814211763088	43.6588645342208	57.3298740454383	42.445572067444	38.2790792939184	44.3565702475616	38.7553321373822	52.7278772348509	44.592130863864	70.4252782441538	52.2125594953572	54.7073334009122	55.3569106399728	54.5762940532339	66.9144835496157	66.4167421410628	70.4536155208321	80.5548377771419	88.3175085534881	72.7130270455976	95.307949849918	0	0	0	0	137.546445754847	166.286056106784	165.402960797832	148.776430866376	178.988495381533	209.712979072747	211.444784636671	195.24783037613	212.723314213004
590.063	0	0	0	0	885.562210685191	36.6894311802677	0.691644788379056	14.7689965078011	24.0554335203828	29.397263509841	12.0605386885385	-5.77785735053301	15.9832269724369	-5.24693171174184	6.52509483634182	13.8957908273291	1.83101153889462	16.6273232451005	13.3811662871174	8.78214837470295	6.77835887996422	5.98057871581271	17.0443914471533	6.88670483095993	1.75437708110131	11.8025373490044	21.0228072947807	12.8910152509604	17.0256952405196	13.6095851997902	17.012328797675	26.4346576109621	31.8762081547621	34.3289262687714	29.5561881456097	38.2560815903711	36.1109061619114	35.6941733114077	27.1791027632815	26.613354951699	38.9593820989181	27.8471977279096	40.2252500172513	37.0800480647633	36.8431400190177	31.3783211166425	41.4656991217467	57.4276898753573	49.5159526311956	62.1822972351581	52.6207415372431	56.4316668995906	54.5114676144001	50.3808579241192	70.6907776568444	58.9802897648048	62.7877773010056	58.8744196321179	74.3641617934305	0	0	0	0	217.814856614464	99.6550208592551	109.504748139719	115.827629224	108.173970930981	167.410684624041	140.870800281912	198.541436823134	145.732219244794	213.478433734776
593.4	0	0	0	0	51.7656368153181	-6.54702136420639	-8.44747359220705	-22.4219593593787	-9.2097749293049	-23.4427928707079	-23.7631112314253	-34.4826291340895	-38.4575348549222	-6.38326583770157	-0.00227355333171179	-23.2779552072047	-10.637894744515	-12.3707032628795	-10.9950700410592	-9.31210174166216	-10.3014350618329	-13.9549561972055	-6.62143063748523	-3.37532443025939	4.11394125596021	7.11411064010658	6.20597312258245	7.61447022088109	7.85894927839032	16.1431570482062	7.89119960391424	3.93469791602532	15.3556034153542	5.58248094101428	20.1296150712467	4.91054322712909	20.8019157705736	14.8514276284277	17.6389483166451	18.5518486058651	42.8027557209857	17.773461422496	20.3153667927645	15.9017494793552	21.0553474422546	28.3720631018691	41.6238247036497	38.4147554992154	44.6402631923694	37.7103927167706	33.4152621448957	40.2796569446004	38.5101653359627	41.0385478564744	39.8216931207866	45.3396032845449	52.5788877265355	42.4764637973821	58.5533411388793	0	0	0	0	126.971456730907	88.6469203904293	89.0236796397491	73.2222627829466	84.3940167648405	62.2792695439666	64.4788254415371	55.7456634252368	115.314068143487	-3.57473124574759
596.738	0	0	0	326.838740772942	33.7023184855969	29.6409415207669	-0.72667619470101	12.4486375051289	18.7416199324924	16.7708720971961	10.5465928766804	10.7093013150765	7.37540755400539	20.0528661010814	-1.03306152691391	23.6828847154167	16.951946024703	16.2022997610835	18.0767627403635	20.5812243204578	11.2342695393195	14.1666976213488	23.2871423994398	17.9067962003649	18.6666330213	15.4235105009685	12.2406500220249	8.08964996898823	18.3707683784285	22.2974197574754	32.8116239390317	26.140893419008	21.7741726987748	17.6672094397714	22.3510750219846	40.6255602728194	26.7210756271502	43.6201438888206	30.7404568618306	39.2359891293717	25.4475564133809	33.5738069795767	38.2411742344106	30.2742629006641	44.5093263620941	36.3021632321835	35.7157390183987	46.3780110233946	46.3614201286079	63.1076364784025	44.4189631860957	47.9767328790196	56.9699008057387	59.3278635447405	59.7420479980304	61.3355409484327	62.6665556390629	67.0749546969793	71.6169548462528	0	0	0	0	114.301126580135	114.898725782249	116.168088774481	72.7534646665964	155.799880116814	162.122828117469	117.014981232821	254.748659323621	174.46527820699	227.146537620505
600.076	0	0	635.410979793403	-1.69028389154027	-4.65456583209206	-27.8191812516339	13.0889439648547	-20.3537577477042	-0.67995146384374	-19.6460144842271	10.0648961707332	-17.5098383423112	17.8498640653384	10.989956296523	-1.04917901788587	5.011468021969	-4.30218875341568	9.13511916322198	-6.11321374079379	15.0320862863509	-4.33137829808753	4.02041813782509	3.21557632896881	14.4182634116953	4.80559791710008	8.77652401836756	15.3087859599335	10.5042113717505	10.7031659284454	15.8392230372049	5.67716370051218	11.9117755606695	17.1227646996219	25.2930863102829	21.1069879751954	21.2486318450847	14.8871223666225	21.3497803160486	28.0414144085333	36.8143002198086	13.6936819595855	32.9371039232152	23.8642474662047	32.7937787123187	14.0565004168153	42.4972362540121	22.4205243289566	34.4540379146937	41.4405905805082	28.7436737754918	41.7638408056088	37.8207101950396	40.0990796778631	46.1719009372845	28.2361282667634	46.523713579218	47.7044921015891	50.4489140937342	0	0	0	0	175.16046633265	76.1517238831538	71.192538906631	91.8934218515585	88.0657908366617	87.134754928053	95.13156052949	112.298035351954	10.3628913930436	71.9405768897908	185.127619845305
603.415	0	0	116.777348633163	42.5865691225518	32.1501351143433	14.3970183952234	0.741841075259396	60.8398404973565	18.5091393186014	17.8009143488239	19.0462431253498	41.3885842172094	18.5718441676634	-10.5265439344576	17.4429953896708	-4.04442896088279	4.33842624327341	12.4334487344683	25.9806607426266	10.0956224106387	25.3966319654685	17.0622104816618	2.24992183075715	24.4338442639851	20.1720159183764	21.5218056420017	8.94554104495633	18.5166133993063	22.6250401832994	21.1577790706096	21.3936648311963	16.1046355484288	22.8985044111539	26.1442754493211	35.5686892459222	36.7687933710482	32.3659948126866	37.9103932418282	34.6318133926972	35.9783774336039	48.1269549892834	40.1427702654144	39.8444372551301	37.6350194026686	38.4558288560366	31.130470745215	47.3638983272945	41.2463066503401	44.9191847466627	49.2820189014614	52.9827530032936	43.1518537509164	47.4526783764718	51.8548402381209	52.3503137435384	51.3401640248459	54.4276577299206	64.4379768356404	0	0	0	0	106.954448555945	118.96783174796	110.371505029873	113.797970687166	99.5226043030257	137.717284658217	182.713244865726	79.8459874956602	173.887729819167	145.030049846128	300.953331327529
606.753	0	288.547125945099	42.8517838177208	-21.3540346785634	11.0067304209424	-1.5080348882771	-4.40274600317727	0.710001042206774	9.61097501017012	3.31844974618878	-8.26982170387482	9.76642088035209	-1.74477466399884	18.3483814551234	6.88996895020822	17.7095104983881	11.1117095171085	7.84544587999479	20.7489444562619	16.8783694118246	7.93747026085133	20.4680149278361	7.20036382584784	4.37363055462395	3.50038256055599	0.715274108607709	10.3165366723928	9.73021311960963	14.3056140646047	14.5492969905731	12.2223646050509	21.0645582565139	19.5024076573534	27.1828450289399	11.462668065891	26.9260613238999	16.3732148994426	17.3987372162604	29.0505585508291	28.4739197007712	34.8039505009668	24.7595215786042	35.6447491866245	35.9631400910792	22.3206250638123	25.4749488575322	32.8934164940845	45.3931152783688	41.2538984222197	43.7718998148696	40.7087147924069	32.5969868144527	46.9851297195003	45.1865760696699	53.0883400878318	47.3411147666399	48.2029518432506	34.9173746139318	0	0	0	0	74.7474739192375	58.6214799594093	67.7175527494564	90.7044228493749	96.1755421211796	116.312770018034	76.6626892063384	129.481630627047	53.94843512333	83.8639581868234	179.445365910815
610.092	564.13863725509	36.3936665811874	14.8980767673247	27.1051015793398	11.8082582179695	32.0087114455112	11.0421128162712	21.326565771518	15.8085163491532	11.261064133242	8.93773200863659	25.0901327299861	-1.1696429981684	17.2859556525812	28.1641741207645	22.3215032601522	3.39362101120708	10.6469112719327	12.3938685099818	14.7775038256962	19.5100101036991	15.6564007788171	11.472532188857	11.6960287447569	18.3927418113095	11.0585983701202	15.7396204833158	11.8737921978035	12.9492139847094	16.067533088882	14.7601528185902	15.9167512563209	27.1225578768623	30.1798435368108	22.9906536206341	25.3939947673455	31.8572464987391	27.1585115753189	31.2645341286017	25.1321139922519	19.4323033835816	51.2224018820238	20.5603757459119	22.9876857524809	31.5413151056265	26.1766229309883	36.1083851833362	30.5556927153626	42.0030720881224	50.1703335296689	46.8786439031865	43.9997822764461	43.2840487743337	49.4806327438304	40.4682583384667	52.8931451723082	50.6957523153917	0	0	0	0	166.450843427773	63.6899311074483	75.1423787374438	93.9852407911266	91.6809423646655	91.0936718995139	137.366806821524	126.400181569177	160.37150014586	141.612797092523	196.297377027575	302.566822181741
613.431	149.958491919703	68.1562267117917	47.331742980146	14.8174304922687	49.6035288617726	35.7688177416434	16.929184674589	22.7303448758425	19.9534518949373	21.1822528412758	36.9563001704497	28.7242522126439	38.4658011362925	30.6194528710826	25.4758517891796	20.7901880069072	23.2206716799613	27.7418086280915	17.6879664982516	36.7697678000747	34.2564311477366	16.7939972547949	21.6500901117451	15.481107008043	18.9158358545636	12.2468461262115	15.0629961758817	16.6509612194714	18.1691348074085	19.1500766864142	22.2138987414612	25.2072902085753	30.8770442169421	40.5069257406354	24.2344327120789	28.2504991535448	28.1418444517396	27.4022205048608	25.1935563183948	46.0060923771097	45.9492520788147	28.2963894884013	38.5821147754132	45.1970215857749	48.0918387025681	39.1888623422509	36.348419630052	57.608207579843	41.0024626842925	61.7036464933419	41.6788872159615	53.7628948827285	57.0801736648449	47.3264516585085	46.1806650169911	58.5555200169749	67.0767064349167	0	0	0	0	124.30359377674	86.5577884656131	95.9602407675928	86.5746338388301	101.050317293118	107.124574236818	131.684736549763	135.305571418457	118.493145389639	176.518002181931	100.773215748745	359.415543436092
616.77	42.7481228708826	9.45897979568008	32.003013425579	9.1565342227276	9.56747862488663	0.749159417897481	50.0147753064804	12.2361894563944	6.26657214534296	13.396978382654	14.8773978227206	6.20209812445825	-4.14164184173718	-4.50708975313983	14.5368371513101	5.65090749164447	22.5843202374541	20.6402265667609	14.3511332358981	13.2504506499142	6.8284735029536	11.3339945929709	10.6316781770793	22.5142130106762	9.31203327707666	9.98248657943508	15.7208280459754	11.4948985932387	16.6673484555572	12.9000266673763	20.7743568963726	12.2346571593142	26.2034187515555	13.4842355622106	24.5897007752889	21.1697907202423	20.7180163924188	30.1166210457247	28.4364933972344	33.954988419383	38.9791023675627	48.7498995002281	32.5393711272736	29.3971137362155	36.7698154318536	36.5549246078282	34.6921242078212	30.9603816900897	43.8392688049936	29.5365520278583	39.7916151877269	51.1859007139154	38.1866382297325	42.9297678288503	35.7629758274871	36.1568181815166	43.2031954331367	0	0	0	0	73.6093301371131	48.5420560753959	68.3802027676847	72.5000372057369	81.7777935199317	117.844136679243	92.8025752232587	104.324193019019	138.161371879089	101.301264268752	167.685646395659	267.809910157614
620.109	36.6954971438543	3.46096246750617	17.4708592586775	7.14059427460568	-8.90110987645295	46.5508242105508	-2.77216169984741	13.2924834931648	7.69661077133252	8.25299146576173	-15.8991107180333	23.6489537512818	22.5498436751606	-2.07139677597903	-3.98127954375003	25.2940011529222	-9.05486824478524	10.3974510847366	-3.31739192363922	0.485455343737609	1.93402564236534	-7.01413024858554	7.77211676417536	6.92143401916312	10.4321327530154	3.88677235929814	10.9236820739338	10.8273403121101	6.11432218194949	12.2291966883873	20.2588628220387	30.7822584672494	18.0798022251489	10.521418191974	9.95299079029077	34.4591419409634	30.4978333216045	17.344204360799	30.558765732584	38.9192270644988	33.616583154793	24.6496493164646	46.3509765116188	34.3901810944593	18.6100097383089	19.5033705920609	39.1884602977922	33.812849101988	46.4517610299243	46.5070756139251	52.0219594545708	37.0352548935802	35.2278244563641	48.3770459137653	46.2704142175475	50.8376568579611	0	0	0	0	170.59196979976	56.394635744946	73.7411952017634	84.1189233028067	83.8973221985474	102.43246844004	141.561158884041	133.142794521328	164.027990575047	56.1174993231705	158.322159974259	97.8833710061262	47.8810088674457
