Sample - Blank	600	595	590	585	580	575	570	565	560	555	550	545	540	535	530	525	520	515	510	505	500	495	490	485	480	475	470	465	460	455	450	445	440	435	430	425	420	415	410	405	400	395	390	385	380	375	370	365	360	355	350	345	340	335	330	325	320	315	310	305	300	295	290	285	280	275	270	265	260	255	250	245	240
nm																																																																									
213.328	0	0	0	0	0	0	0	0	0	0	0	0	0	0	0	0	0	0	0	0	0	0	0	0	0	0	0	0	0	0	0	0	0	0	0	0	0	0	0	0	0	0	0	0	0	0	0	0	0	0	0	0	0	0	0	0	0	0	0	0	0	0	0	0	0	0	0	0	0	0	0	0	0
216.504	0	0	0	0	0	0	0	0	0	0	0	0	0	0	0	0	0	0	0	0	0	0	0	0	0	0	0	0	0	0	0	0	0	0	0	0	0	0	0	0	0	0	0	0	0	0	0	0	0	0	0	0	0	0	0	0	0	0	0	0	0	0	0	0	0	0	0	0	0	0	0	0	0
219.682	0	0	0	0	0	0	0	0	0	0	0	0	0	0	0	0	0	0	0	0	0	0	0	0	0	0	0	0	0	0	0	0	0	0	0	0	0	0	0	0	0	0	0	0	0	0	0	0	0	0	0	0	0	0	0	0	0	0	0	0	0	0	0	0	0	0	0	0	0	0	0	0	0
222.862	0	0	0	0	0	0	0	0	0	0	0	0	0	0	0	0	0	0	0	0	0	0	0	0	0	0	0	0	0	0	0	0	0	0	0	0	0	0	0	0	0	0	0	0	0	0	0	0	0	0	0	0	0	0	0	0	0	0	0	0	0	0	0	0	0	0	0	0	0	0	0	0	0
226.045	0	0	0	0	0	0	0	0	0	0	0	0	0	0	0	0	0	0	0	0	0	0	0	0	0	0	0	0	0	0	0	0	0	0	0	0	0	0	0	0	0	0	0	0	0	0	0	0	0	0	0	0	0	0	0	0	0	0	0	0	0	0	0	0	0	0	0	0	0	0	0	0	0
229.23	0	0	0	0	0	0	0	0	0	0	0	0	0	0	0	0	0	0	0	0	0	0	0	0	0	0	0	0	0	0	0	0	0	0	0	0	0	0	0	0	0	0	0	0	0	0	0	0	0	0	0	0	0	0	0	0	0	0	0	0	0	0	0	0	0	0	0	0	0	0	0	0	0
232.417	0	0	0	0	0	0	0	0	0	0	0	0	0	0	0	0	0	0	0	0	0	0	0	0	0	0	0	0	0	0	0	0	0	0	0	0	0	0	0	0	0	0	0	0	0	0	0	0	0	0	0	0	0	0	0	0	0	0	0	0	0	0	0	0	0	0	0	0	0	0	0	0	0
235.607	0	0	0	0	0	0	0	0	0	0	0	0	0	0	0	0	0	0	0	0	0	0	0	0	0	0	0	0	0	0	0	0	0	0	0	0	0	0	0	0	0	0	0	0	0	0	0	0	0	0	0	0	0	0	0	0	0	0	0	0	0	0	0	0	0	0	0	0	0	0	0	0	0
238.799	0	0	0	0	0	0	0	0	0	0	0	0	0	0	0	0	0	0	0	0	0	0	0	0	0	0	0	0	0	0	0	0	0	0	0	0	0	0	0	0	0	0	0	0	0	0	0	0	0	0	0	0	0	0	0	0	0	0	0	0	0	0	0	0	0	0	0	0	0	0	0	0	0
241.993	0	0	0	0	0	0	0	0	0	0	0	0	0	0	0	0	0	0	0	0	0	0	0	0	0	0	0	0	0	0	0	0	0	0	0	0	0	0	0	0	0	0	0	0	0	0	0	0	0	0	0	0	0	0	0	0	0	0	0	0	0	0	0	0	0	0	0	0	0	0	0	0	0
245.19	0	0	0	0	0	0	0	0	0	0	0	0	0	0	0	0	0	0	0	0	0	0	0	0	0	0	0	0	0	0	0	0	0	0	0	0	0	0	0	0	0	0	0	0	0	0	0	0	0	0	0	0	0	0	0	0	0	0	0	0	0	0	0	0	0	0	0	0	0	0	0	0	0
248.388	0	0	0	0	0	0	0	0	0	0	0	0	0	0	0	0	0	0	0	0	0	0	0	0	0	0	0	0	0	0	0	0	0	0	0	0	0	0	0	0	0	0	0	0	0	0	0	0	0	0	0	0	0	0	0	0	0	0	0	0	0	0	0	0	0	0	0	0	0	0	0	0	0
251.589	0	0	0	0	0	0	0	0	0	0	0	0	0	0	0	0	0	0	0	0	0	0	0	0	0	0	0	0	0	0	0	0	0	0	0	0	0	0	0	0	0	0	0	0	0	0	0	0	0	0	0	0	0	0	0	0	0	0	0	0	0	0	0	0	0	0	0	0	0	0	0	0	2451.89863305976
254.793	0	0	0	0	0	0	0	0	0	0	0	0	0	0	0	0	0	0	0	0	0	0	0	0	0	0	0	0	0	0	0	0	0	0	0	0	0	0	0	0	0	0	0	0	0	0	0	0	0	0	0	0	0	0	0	0	0	0	0	0	0	0	0	0	0	0	0	0	0	0	0	0	18.1413407527573
257.998	0	0	0	0	0	0	0	0	0	0	0	0	0	0	0	0	0	0	0	0	0	0	0	0	0	0	0	0	0	0	0	0	0	0	0	0	0	0	0	0	0	0	0	0	0	0	0	0	0	0	0	0	0	0	0	0	0	0	0	0	0	0	0	0	0	0	0	0	0	0	0	1055.41237469545	97.4580181757088
261.205	0	0	0	0	0	0	0	0	0	0	0	0	0	0	0	0	0	0	0	0	0	0	0	0	0	0	0	0	0	0	0	0	0	0	0	0	0	0	0	0	0	0	0	0	0	0	0	0	0	0	0	0	0	0	0	0	0	0	0	0	0	0	0	0	0	0	0	0	0	0	6177.94930587223	-0.490789041374442	-235.023456694657
264.415	0	0	0	0	0	0	0	0	0	0	0	0	0	0	0	0	0	0	0	0	0	0	0	0	0	0	0	0	0	0	0	0	0	0	0	0	0	0	0	0	0	0	0	0	0	0	0	0	0	0	0	0	0	0	0	0	0	0	0	0	0	0	0	0	0	0	0	0	0	0	375.381344799683	131.954367219799	-226.601661864227
267.627	0	0	0	0	0	0	0	0	0	0	0	0	0	0	0	0	0	0	0	0	0	0	0	0	0	0	0	0	0	0	0	0	0	0	0	0	0	0	0	0	0	0	0	0	0	0	0	0	0	0	0	0	0	0	0	0	0	0	0	0	0	0	0	0	0	0	0	0	0	2408.53203705708	47.1552767536056	-101.747886300397	-705.026835219842
270.841	0	0	0	0	0	0	0	0	0	0	0	0	0	0	0	0	0	0	0	0	0	0	0	0	0	0	0	0	0	0	0	0	0	0	0	0	0	0	0	0	0	0	0	0	0	0	0	0	0	0	0	0	0	0	0	0	0	0	0	0	0	0	0	0	0	0	0	0	8895.79733707308	146.446651426768	-100.563548041215	-258.205102522434	-310.704528664759
274.057	0	0	0	0	0	0	0	0	0	0	0	0	0	0	0	0	0	0	0	0	0	0	0	0	0	0	0	0	0	0	0	0	0	0	0	0	0	0	0	0	0	0	0	0	0	0	0	0	0	0	0	0	0	0	0	0	0	0	0	0	0	0	0	0	0	0	0	0	848.427408557519	118.623423310567	238.473969605142	-62.9669826977309	-100.583221460531
277.275	0	0	0	0	0	0	0	0	0	0	0	0	0	0	0	0	0	0	0	0	0	0	0	0	0	0	0	0	0	0	0	0	0	0	0	0	0	0	0	0	0	0	0	0	0	0	0	0	0	0	0	0	0	0	0	0	0	0	0	0	0	0	0	0	0	0	0	4218.76115966748	152.355862858247	74.177000794038	-179.515558824549	-328.798101075759	-38.6986186862106
280.496	0	0	0	0	0	0	0	0	0	0	0	0	0	0	0	0	0	0	0	0	0	0	0	0	0	0	0	0	0	0	0	0	0	0	0	0	0	0	0	0	0	0	0	0	0	0	0	0	0	0	0	0	0	0	0	0	0	0	0	0	0	0	0	0	0	0	10805.5207996907	341.114974804994	193.316053039159	111.874474296309	-72.0584969330792	108.674786569358	250.051527104515
283.718	0	0	0	0	0	0	0	0	0	0	0	0	0	0	0	0	0	0	0	0	0	0	0	0	0	0	0	0	0	0	0	0	0	0	0	0	0	0	0	0	0	0	0	0	0	0	0	0	0	0	0	0	0	0	0	0	0	0	0	0	0	0	0	0	0	0	1340.18784061548	138.834577809948	91.0716553960145	-79.6352482165415	-301.573703090543	-74.7923723350884	34.9138269005278
286.942	0	0	0	0	0	0	0	0	0	0	0	0	0	0	0	0	0	0	0	0	0	0	0	0	0	0	0	0	0	0	0	0	0	0	0	0	0	0	0	0	0	0	0	0	0	0	0	0	0	0	0	0	0	0	0	0	0	0	0	0	0	0	0	0	0	4096.68149357697	245.971763100157	163.850488959676	115.292486502228	-202.022878606557	5.53060031661836	181.055168513287	62.8932213197581
290.169	0	0	0	0	0	0	0	0	0	0	0	0	0	0	0	0	0	0	0	0	0	0	0	0	0	0	0	0	0	0	0	0	0	0	0	0	0	0	0	0	0	0	0	0	0	0	0	0	0	0	0	0	0	0	0	0	0	0	0	0	0	0	0	0	8890.1401804858	378.486301185687	267.769719875023	266.005631370466	148.106672518926	32.2942449689776	178.121253184444	73.8976261713847	195.449998365445
293.397	0	0	0	0	0	0	0	0	0	0	0	0	0	0	0	0	0	0	0	0	0	0	0	0	0	0	0	0	0	0	0	0	0	0	0	0	0	0	0	0	0	0	0	0	0	0	0	0	0	0	0	0	0	0	0	0	0	0	0	0	0	0	0	0	1421.29822802876	309.891289867111	319.886965645738	219.136234281863	43.5479752811822	114.637967882231	26.0721287563362	153.385113110569	1.11394536546942
296.628	0	0	0	0	0	0	0	0	0	0	0	0	0	0	0	0	0	0	0	0	0	0	0	0	0	0	0	0	0	0	0	0	0	0	0	0	0	0	0	0	0	0	0	0	0	0	0	0	0	0	0	0	0	0	0	0	0	0	0	0	0	0	0	4475.70295505841	375.330912779368	421.503742615042	437.527168664552	324.309263072517	199.400465780535	334.517197766782	414.447845162908	354.780851535815	430.108890563092
299.86	0	0	0	0	0	0	0	0	0	0	0	0	0	0	0	0	0	0	0	0	0	0	0	0	0	0	0	0	0	0	0	0	0	0	0	0	0	0	0	0	0	0	0	0	0	0	0	0	0	0	0	0	0	0	0	0	0	0	0	0	0	0	0	513.476088005516	392.799045563383	451.702521058278	452.91074535742	277.837902257081	301.578861329229	277.591064076098	237.584673949932	330.20988804087	205.202926904292
303.095	0	0	0	0	0	0	0	0	0	0	0	0	0	0	0	0	0	0	0	0	0	0	0	0	0	0	0	0	0	0	0	0	0	0	0	0	0	0	0	0	0	0	0	0	0	0	0	0	0	0	0	0	0	0	0	0	0	0	0	0	0	0	1771.21681919883	332.610705371003	485.007925499396	541.843116136609	455.866698564267	405.380886523104	465.647847481597	382.836341603679	388.650821807231	329.108860600775	412.491519708717
306.331	0	0	0	0	0	0	0	0	0	0	0	0	0	0	0	0	0	0	0	0	0	0	0	0	0	0	0	0	0	0	0	0	0	0	0	0	0	0	0	0	0	0	0	0	0	0	0	0	0	0	0	0	0	0	0	0	0	0	0	0	0	4842.78344145051	227.335489548091	386.20062124031	513.481665462404	593.075878230598	482.78095644807	526.943946791071	380.030231898263	350.983942634555	188.124214734832	273.436172424412	441.416987134442
309.569	0	0	0	0	0	0	0	0	0	0	0	0	0	0	0	0	0	0	0	0	0	0	0	0	0	0	0	0	0	0	0	0	0	0	0	0	0	0	0	0	0	0	0	0	0	0	0	0	0	0	0	0	0	0	0	0	0	0	0	0	0	524.863571041068	206.105523007514	417.29681022059	535.242363106737	589.853637132582	551.030943850253	504.14519844182	501.572882737976	439.314138585535	356.516788012982	307.272029852664	396.514457684673
312.81	0	0	0	0	0	0	0	0	0	0	0	0	0	0	0	0	0	0	0	0	0	0	0	0	0	0	0	0	0	0	0	0	0	0	0	0	0	0	0	0	0	0	0	0	0	0	0	0	0	0	0	0	0	0	0	0	0	0	0	0	2208.4768184208	143.913334823259	253.563824942298	444.928876079201	606.274047614005	622.868786567086	680.959913521306	561.160315596146	455.298912814934	449.672774404692	384.994361838846	368.00162835851	448.282967594076
316.052	0	0	0	0	0	0	0	0	0	0	0	0	0	0	0	0	0	0	0	0	0	0	0	0	0	0	0	0	0	0	0	0	0	0	0	0	0	0	0	0	0	0	0	0	0	0	0	0	0	0	0	0	0	0	0	0	0	0	0	5267.38258250994	154.162836406616	157.523874875261	275.015177805466	512.246821671788	638.07936175651	691.64761084749	688.199825840658	604.090189560014	455.440212820773	415.439750234995	308.298508700165	463.654669102907	363.956268878601
319.296	0	0	0	0	0	0	0	0	0	0	0	0	0	0	0	0	0	0	0	0	0	0	0	0	0	0	0	0	0	0	0	0	0	0	0	0	0	0	0	0	0	0	0	0	0	0	0	0	0	0	0	0	0	0	0	0	0	0	0	731.743884488611	156.461617938932	225.330424860915	372.36237114406	589.484105545419	673.883289635246	736.43933048052	815.475717919174	688.603709496182	668.198167281174	544.294243080461	513.210197130471	465.602108213334	570.693366084326
322.542	0	0	0	0	0	0	0	0	0	0	0	0	0	0	0	0	0	0	0	0	0	0	0	0	0	0	0	0	0	0	0	0	0	0	0	0	0	0	0	0	0	0	0	0	0	0	0	0	0	0	0	0	0	0	0	0	0	0	2610.74759100959	147.302947230816	179.757064392575	286.746099610585	410.00308638703	605.460086354114	690.677828062547	823.435515525563	820.143407752551	715.994967637119	594.273104172569	498.220313103483	460.160742276409	474.297134674572	552.38734791224
325.79	0	0	0	0	0	0	0	0	0	0	0	0	0	0	0	0	0	0	0	0	0	0	0	0	0	0	0	0	0	0	0	0	0	0	0	0	0	0	0	0	0	0	0	0	0	0	0	0	0	0	0	0	0	0	0	0	0	5783.517157274	227.110320624127	155.454952533685	221.880512720001	295.257972963354	435.604903174501	589.262693096569	771.652502273835	819.51489225214	800.833701435437	682.562107838609	607.480257227944	510.911771259354	470.680277774583	428.570866238297	230.054342193901
329.039	0	0	0	0	0	0	0	0	0	0	0	0	0	0	0	0	0	0	0	0	0	0	0	0	0	0	0	0	0	0	0	0	0	0	0	0	0	0	0	0	0	0	0	0	0	0	0	0	0	0	0	0	0	0	0	0	0	929.75202436136	142.146961770399	185.551923204061	236.217045531776	353.318258906872	468.897565957356	674.808723370237	818.63057605815	870.265522404143	827.077040616844	737.504497164783	585.884192252408	509.196096285789	433.717857877091	606.810966006215	591.933846722778
332.291	0	0	0	0	0	0	0	0	0	0	0	0	0	0	0	0	0	0	0	0	0	0	0	0	0	0	0	0	0	0	0	0	0	0	0	0	0	0	0	0	0	0	0	0	0	0	0	0	0	0	0	0	0	0	0	0	2808.80569905845	134.242274362352	189.364173671823	250.471372301186	300.32767960277	401.5317240667	538.83656215204	725.718128125182	846.699363152265	860.303794976808	848.32941159355	772.524092491073	716.961299952731	658.44622816487	547.443097305778	589.706339751202	565.76120066201
335.544	0	0	0	0	0	0	0	0	0	0	0	0	0	0	0	0	0	0	0	0	0	0	0	0	0	0	0	0	0	0	0	0	0	0	0	0	0	0	0	0	0	0	0	0	0	0	0	0	0	0	0	0	0	0	0	5452.03759330065	233.441368457492	135.0132842499	197.555693086965	260.698219903657	355.674364599828	430.728658938484	539.691055448863	748.437193983316	822.138104639093	897.925210856189	916.585779835998	757.04970178646	700.540702944074	590.985106774226	697.239623327912	621.694865209069	589.076046171297
338.799	0	0	0	0	0	0	0	0	0	0	0	0	0	0	0	0	0	0	0	0	0	0	0	0	0	0	0	0	0	0	0	0	0	0	0	0	0	0	0	0	0	0	0	0	0	0	0	0	0	0	0	0	0	0	0	940.770148486827	113.029059280362	172.458096840729	230.275770761999	314.07542661134	381.098363222003	454.748912245494	609.884392754669	766.631731177737	833.281316844906	847.753283610334	810.172109619585	710.195932865118	659.37051603644	575.020788759838	635.634256482958	622.56208360817	810.538118310869
342.056	0	0	0	0	0	0	0	0	0	0	0	0	0	0	0	0	0	0	0	0	0	0	0	0	0	0	0	0	0	0	0	0	0	0	0	0	0	0	0	0	0	0	0	0	0	0	0	0	0	0	0	0	0	0	2658.56969264407	126.239642548756	156.075243134434	211.498680247878	293.201292215121	347.287430632722	426.724523875161	516.759954333427	631.397765967023	781.964346207928	903.019344203637	850.805516755671	810.972830282357	818.92514996915	722.578149332181	701.07073146777	686.743779264073	679.148107681293	732.358908035565
345.315	0	0	0	0	0	0	0	0	0	0	0	0	0	0	0	0	0	0	0	0	0	0	0	0	0	0	0	0	0	0	0	0	0	0	0	0	0	0	0	0	0	0	0	0	0	0	0	0	0	0	0	0	0	5367.05724444701	252.067246225925	121.064573523206	174.223427409579	223.297886480869	314.392553193719	397.200621735317	454.790491922965	546.06823882097	633.155446063764	782.23983423753	792.811022890081	790.953733099536	770.403476815258	727.361795460094	678.431280551966	575.967408484091	523.440893188947	606.057500257161	660.608685598764
348.575	0	0	0	0	0	0	0	0	0	0	0	0	0	0	0	0	0	0	0	0	0	0	0	0	0	0	0	0	0	0	0	0	0	0	0	0	0	0	0	0	0	0	0	0	0	0	0	0	0	0	0	0	0	1035.05236466674	117.932751696006	165.474702539028	237.297186992534	295.641609166451	402.266366589768	406.993774498626	526.739021454196	597.759726471618	699.63973671633	796.888028685848	869.289155348499	807.882409976418	777.107237417992	750.490619571919	665.641142343609	666.29157444186	665.774988734209	605.379760957954	745.413369152095
351.838	0	0	0	0	0	0	0	0	0	0	0	0	0	0	0	0	0	0	0	0	0	0	0	0	0	0	0	0	0	0	0	0	0	0	0	0	0	0	0	0	0	0	0	0	0	0	0	0	0	0	0	0	2761.75677674803	132.415458955889	158.935181341096	205.897504906589	254.809628706873	359.04496367324	452.173454532029	528.209796754352	577.625195876251	684.77563444375	699.339413221905	825.007842731557	817.067356877642	819.140762455398	773.47316600258	708.480457497407	647.663463098183	665.7943158065	665.870879948922	708.654748301699	864.488005267422
355.101	0	0	0	0	0	0	0	0	0	0	0	0	0	0	0	0	0	0	0	0	0	0	0	0	0	0	0	0	0	0	0	0	0	0	0	0	0	0	0	0	0	0	0	0	0	0	0	0	0	0	0	5355.24308842673	297.256716024702	131.271027535689	185.959098638313	258.262271376684	351.003924305173	453.30112811024	529.343734967643	562.926894460342	674.23891774278	686.161826298986	728.033420086858	802.470025866323	831.738951485713	837.41960861777	783.342759384605	736.886266832201	652.322071272029	626.147344449645	613.755172746891	731.811059137948	858.638516461103
358.367	0	0	0	0	0	0	0	0	0	0	0	0	0	0	0	0	0	0	0	0	0	0	0	0	0	0	0	0	0	0	0	0	0	0	0	0	0	0	0	0	0	0	0	0	0	0	0	0	0	0	0	1077.3179302596	123.803106776929	161.812172188171	230.435776860743	325.579590507551	396.646074954286	481.275856429587	568.044086846483	645.509407209873	686.988109664094	726.272920527645	758.527868460211	829.25281508302	820.171030847404	814.222410110166	814.829119674861	747.560293186409	634.544466242822	695.501116995583	731.329739737202	835.47972956332	876.695233578806
361.634	0	0	0	0	0	0	0	0	0	0	0	0	0	0	0	0	0	0	0	0	0	0	0	0	0	0	0	0	0	0	0	0	0	0	0	0	0	0	0	0	0	0	0	0	0	0	0	0	0	0	2815.89017689701	77.8966195678114	107.934729061526	151.493898779344	233.02591473875	355.933968179512	467.825737371175	529.228552331713	609.889218687962	691.418308069927	717.149928051123	738.130089839629	738.589834844214	754.255141822418	786.835762594059	753.142059631772	682.098889233688	648.963286087177	633.888807703568	533.724995761825	569.165632477849	662.52979457942	813.833114202366
364.903	0	0	0	0	0	0	0	0	0	0	0	0	0	0	0	0	0	0	0	0	0	0	0	0	0	0	0	0	0	0	0	0	0	0	0	0	0	0	0	0	0	0	0	0	0	0	0	0	0	0	332.9513773492	120.737488108572	149.60127777563	242.195201538876	349.046121984278	436.244170543259	529.532422861544	625.467009944673	714.221458466586	752.493214044586	798.438123924232	787.549658220288	826.774507511099	836.307894862935	836.59983172184	828.226563949183	824.389389163122	819.625735125234	773.345409303579	791.001981727978	786.232028564094	1028.90080811078	1152.85351029673
368.174	0	0	0	0	0	0	0	0	0	0	0	0	0	0	0	0	0	0	0	0	0	0	0	0	0	0	0	0	0	0	0	0	0	0	0	0	0	0	0	0	0	0	0	0	0	0	0	0	0	1168.87992024746	76.1171774476013	124.29809535923	163.636610999223	237.327985021412	347.861896773924	485.201888269773	549.948313532981	652.384314679006	747.795214967609	798.989629392546	793.609898096963	814.509321271305	792.753132906618	831.864642586797	819.35672587983	773.553643767405	762.874304006984	702.19793332132	610.220900449065	736.189541586128	742.123854461372	848.908902896067	966.76681747981
371.446	0	0	0	0	0	0	0	0	0	0	0	0	0	0	0	0	0	0	0	0	0	0	0	0	0	0	0	0	0	0	0	0	0	0	0	0	0	0	0	0	0	0	0	0	0	0	0	0	2927.84824176857	106.922634576554	85.3823454996716	135.745144549735	190.560373318855	275.829009578449	400.252942859128	512.10648400617	617.34394402348	710.432558964586	809.374311230801	803.707810190305	822.088300827228	842.008031794205	807.134439171301	806.781296081105	771.38381910096	760.825354100908	722.578468405892	703.206794110375	688.68655949798	719.826805598265	805.672436538049	857.184471768894	805.063743061215
374.719	0	0	0	0	0	0	0	0	0	0	0	0	0	0	0	0	0	0	0	0	0	0	0	0	0	0	0	0	0	0	0	0	0	0	0	0	0	0	0	0	0	0	0	0	0	0	0	0	342.194127754358	67.5472596500895	96.4140444196886	161.039168157526	224.629260789758	331.919562866269	446.420150081507	572.68880816484	668.408445485918	792.321463515156	861.029805633094	876.071575979495	912.298993530093	889.459444100323	853.786527027986	846.89707282653	816.911843286144	802.312492854357	805.681462089596	792.863777522573	698.577431195705	796.299425320338	882.466394407551	860.344423619596	1270.8032157834
377.995	0	0	0	0	0	0	0	0	0	0	0	0	0	0	0	0	0	0	0	0	0	0	0	0	0	0	0	0	0	0	0	0	0	0	0	0	0	0	0	0	0	0	0	0	0	0	0	1282.22758392842	78.4553704621272	114.485431191617	132.57373515865	189.28843271205	253.081523560413	363.446206135808	467.222372324684	618.362969989957	727.406918901615	847.404442760188	907.324329896394	919.403564340761	946.027253925383	905.594486711703	876.521504486152	831.380963695725	853.818006895478	797.393275904548	780.458421321908	772.32034316724	795.818928180962	874.010574947927	865.281874434067	1007.50571150374	1022.01512081365
381.272	0	0	0	0	0	0	0	0	0	0	0	0	0	0	0	0	0	0	0	0	0	0	0	0	0	0	0	0	0	0	0	0	0	0	0	0	0	0	0	0	0	0	0	0	0	0	3130.46105661069	120.534196469398	80.861715196187	126.66219128333	176.496597049632	224.041950497344	318.837142588169	424.097019841799	534.570098593442	673.506054911465	776.510301777024	889.110100640653	946.118582612884	947.207296712869	985.194585087847	941.095483373223	905.742682770479	869.534307554458	888.355451742175	830.432981688304	889.0657747229	852.977162531053	882.520815342839	939.882200073271	1097.11568840505	1166.05320563729	1364.15284791622
384.55	0	0	0	0	0	0	0	0	0	0	0	0	0	0	0	0	0	0	0	0	0	0	0	0	0	0	0	0	0	0	0	0	0	0	0	0	0	0	0	0	0	0	0	0	0	0	390.712711492001	59.5225063401038	93.4011135296295	128.645847834809	177.20762268142	242.953813759924	318.101971897172	421.138105655688	537.607371327996	670.558959180983	781.941171991742	894.822957002851	946.717760493682	978.132150023049	950.516436586461	929.331940850808	870.393287490511	858.840856279268	862.23480396207	810.080873072196	796.633420481393	746.245423686121	834.102798784127	931.668527769967	980.719631082775	1162.17101828783	1028.73564565998
387.83	0	0	0	0	0	0	0	0	0	0	0	0	0	0	0	0	0	0	0	0	0	0	0	0	0	0	0	0	0	0	0	0	0	0	0	0	0	0	0	0	0	0	0	0	0	1421.12373202996	93.0927787029141	95.9690525681851	146.672532381171	204.276764560642	231.039640519198	314.945475879146	389.291953569134	479.522338400462	604.310043421973	719.971155734538	849.538694630213	929.876352152559	1000.3357962432	996.442543578572	985.858431484106	955.917019832719	949.801048049225	903.947326735678	912.813727918596	884.401198407269	897.071141974573	949.210000365239	1013.09154131993	1065.55609225755	1253.95630499001	1325.97626859587	1462.73187175778
391.112	0	0	0	0	0	0	0	0	0	0	0	0	0	0	0	0	0	0	0	0	0	0	0	0	0	0	0	0	0	0	0	0	0	0	0	0	0	0	0	0	0	0	0	0	3411.69002741737	111.460000995871	79.5677171365954	105.913096947591	144.692197806751	192.380300082843	246.911363343939	309.229393272813	390.326553205222	475.431375047728	610.387626154644	753.534930990207	860.977901503305	920.043156115508	945.315824996264	992.800846255947	973.487781717895	958.320485845626	896.791809719129	876.207483921952	824.395962716315	865.946987688445	813.84115306433	805.292430977077	883.281893741736	966.954070624094	1003.61402599955	1207.85127820476	1411.95069033857
394.395	0	0	0	0	0	0	0	0	0	0	0	0	0	0	0	0	0	0	0	0	0	0	0	0	0	0	0	0	0	0	0	0	0	0	0	0	0	0	0	0	0	0	0	0	524.193402157944	60.8509434494977	84.2392011659767	116.328789795705	179.837036351452	234.024242684439	277.906825718514	354.042816482944	443.255516347408	517.498194097824	638.936099277694	745.983936828643	860.394869364179	962.976835251702	1012.57157107642	1015.50862467304	1016.73142307286	958.377731006219	922.6592836956	903.027324203709	908.720170648369	882.365875075994	831.805497921786	962.653587290839	970.581114844949	1019.10170960506	1189.48921692459	1373.77944043913	1613.76163679794
397.679	0	0	0	0	0	0	0	0	0	0	0	0	0	0	0	0	0	0	0	0	0	0	0	0	0	0	0	0	0	0	0	0	0	0	0	0	0	0	0	0	0	0	0	1716.34754355072	63.5549117214281	72.9396199210864	100.177876110324	129.484606053101	198.239183439633	243.763065881678	322.086457503056	371.31261255185	423.568496881541	545.385358482851	658.594850423484	755.686233484115	840.64659049599	942.202540459832	989.034098493399	1016.55198396276	984.13121704317	953.243689419004	918.471185663497	894.368142171397	856.333151262185	873.787240070308	876.219373645279	883.214685707087	887.81399206591	966.518206064314	1148.93553411104	1312.44867098724	1409.1340780047
400.965	0	0	0	0	0	0	0	0	0	0	0	0	0	0	0	0	0	0	0	0	0	0	0	0	0	0	0	0	0	0	0	0	0	0	0	0	0	0	0	0	0	0	3710.22703892464	115.478356808028	60.5714803469288	65.3549807851455	101.159122858044	163.275125739239	217.140449781729	282.668976995631	328.422311920317	379.072604333681	485.283519231961	567.253605434772	658.921947076904	765.943528400455	873.52067742624	910.092522216177	963.312678783599	1011.84872480602	946.61492568809	927.68318859708	895.772037754199	855.093404237834	859.913822326652	819.774736361202	863.262663611396	840.728658121088	938.464998710346	990.866113026141	1144.909609987	1211.1002141567	1362.74125186766
404.253	0	0	0	0	0	0	0	0	0	0	0	0	0	0	0	0	0	0	0	0	0	0	0	0	0	0	0	0	0	0	0	0	0	0	0	0	0	0	0	0	0	0	571.572109872005	73.9296282736423	60.9523233978591	83.1370612849717	132.236499890456	182.285312314248	253.390013077701	322.100507429993	384.994063458461	435.073580921259	517.333314052675	609.759155164497	696.280486233535	783.536542522751	891.9920314405	925.252042385823	991.098878380799	983.674019091669	995.960674076308	949.455840442256	910.358383695831	885.341278391771	882.023141814149	875.989441955169	911.99481666676	973.580032059847	1034.38919570446	1159.89431315264	1339.4884562876	1329.93897477771	1520.23450134046
407.542	0	0	0	0	0	0	0	0	0	0	0	0	0	0	0	0	0	0	0	0	0	0	0	0	0	0	0	0	0	0	0	0	0	0	0	0	0	0	0	0	0	1805.13857698257	44.1939136627011	61.9329994964649	80.823207947498	111.825846250347	159.590141555165	199.624408387729	260.49516104975	351.834319193664	397.674133301063	450.502501501184	537.601621000033	626.585327397908	707.760322901987	795.530702453736	876.17555325982	929.495344315095	981.177208962909	990.39870124179	948.342750516586	902.79294000032	868.031065690314	909.665317252587	842.284503042162	851.659450415071	943.520873116588	965.622196639591	1043.25307543395	1161.2774883838	1240.35647451221	1244.75183422604	1504.57281745816
410.832	0	0	0	0	0	0	0	0	0	0	0	0	0	0	0	0	0	0	0	0	0	0	0	0	0	0	0	0	0	0	0	0	0	0	0	0	0	0	0	0	3960.94906365765	134.98638080406	54.3991961994109	77.1102795091684	100.33814249013	124.435992482386	175.834275959459	233.832383515591	318.181348394304	372.7511139956	422.681877958537	496.870782562474	580.855481249255	647.250474442598	708.099018259303	790.492940333038	893.376091581253	921.295602047423	953.423730825447	966.407468553741	943.989455376725	904.869674703101	904.26180875903	863.995356015625	879.382544616312	880.637513356635	878.162510179828	1002.18464136004	1021.29908591451	1211.60584406611	1359.4971699085	1509.15418984104	1523.20568184285
414.124	0	0	0	0	0	0	0	0	0	0	0	0	0	0	0	0	0	0	0	0	0	0	0	0	0	0	0	0	0	0	0	0	0	0	0	0	0	0	0	0	616.365066658201	69.5956993083297	75.3683253543862	83.4580304361533	110.554526380277	159.2099917106	193.738763185927	262.004633134654	319.985038036626	386.386640891396	446.126760029084	510.790225435563	571.960682862726	657.887152083006	722.852661400233	792.747017633605	856.574750048572	904.994798994534	955.99367711435	951.772599002247	916.153501358097	903.604091232159	863.744585363909	878.728843419217	846.784787678655	893.136213552832	903.432808239873	987.4635380066	1079.0275802816	1230.97373132803	1277.12533842334	1459.1575580254	1573.87268854432
417.417	0	0	0	0	0	0	0	0	0	0	0	0	0	0	0	0	0	0	0	0	0	0	0	0	0	0	0	0	0	0	0	0	0	0	0	0	0	0	0	1878.59825278475	52.6482884306241	48.8175300445403	69.2993834804106	96.305789619321	127.170611218284	161.318882130423	211.530090231307	270.696926575005	354.58165639965	409.796294631169	485.543721126035	518.828488279834	576.147015483447	676.957294370193	736.997868373309	800.271002410932	861.199358640599	894.993752128891	934.951988044946	918.779850376129	898.035720416913	867.841202017418	841.768263767757	847.078978511388	862.144741751279	900.890706476912	956.791797952041	977.476628096413	1055.97576904263	1229.38741038497	1378.17855316396	1473.77944596034	1626.84923424987
420.711	0	0	0	0	0	0	0	0	0	0	0	0	0	0	0	0	0	0	0	0	0	0	0	0	0	0	0	0	0	0	0	0	0	0	0	0	0	0	3778.55687695163	162.427439721167	57.6755811139249	65.0262600619809	99.5452464659833	113.565178357927	149.99881248886	200.589452412331	228.494662797574	301.245363615311	370.564906986292	427.977968050071	491.302492706456	567.200311275698	611.786767731763	664.446529911265	749.004300552913	799.594625745326	839.52726816278	900.028863162185	891.899630043466	908.287384954869	914.699686486535	862.483300281462	846.058370800738	839.069869906651	836.188962793685	893.319806540605	962.866165782569	1003.21319280696	1079.11364503574	1269.34999117453	1331.43095793258	1476.08909304952	1685.07028448631
424.007	0	0	0	0	0	0	0	0	0	0	0	0	0	0	0	0	0	0	0	0	0	0	0	0	0	0	0	0	0	0	0	0	0	0	0	0	0	0	648.686550170139	31.6189991221026	28.7167680459758	42.4436310991502	68.0143333920628	94.6013199271401	147.530462995047	186.055991563466	237.460845976025	306.591211004433	375.860143051605	439.157800272507	486.473126698645	544.437734911941	591.484268903996	664.599646667964	716.284030914963	780.441241741818	805.416138241323	853.351596980819	873.031737169342	875.02041178676	845.40668985568	806.123737042433	790.006905781494	804.162404546603	791.510677045723	853.308957471359	887.47263071936	969.558992446402	1108.10027224135	1094.11324196052	1246.65327047408	1302.4419486404	1398.52451166068
427.304	0	0	0	0	0	0	0	0	0	0	0	0	0	0	0	0	0	0	0	0	0	0	0	0	0	0	0	0	0	0	0	0	0	0	0	0	0	1737.40558823363	55.798986600662	47.8397119617587	73.0930330016937	106.220402196812	127.396871465091	148.069523422415	186.862676202958	222.997105492601	280.829712910211	341.638986546665	405.813060470197	486.753071012917	516.139044972844	555.745982990983	625.887221380983	679.73946137871	746.639291103889	775.313311076501	828.817879793467	825.388485550338	873.920357960291	830.521349888313	863.853741261818	828.035325649258	812.553912954727	812.013268305056	826.125177696925	880.847451899298	914.384123958536	1045.90792488306	1170.46668250161	1297.75530738937	1390.50679990941	1458.02833689746	1554.07973023574
430.602	0	0	0	0	0	0	0	0	0	0	0	0	0	0	0	0	0	0	0	0	0	0	0	0	0	0	0	0	0	0	0	0	0	0	0	0	3555.75086848681	145.200675420964	43.6990815974208	39.7581764672568	55.75516309268	95.6404067590836	121.635091474883	147.97730192764	185.506969341433	227.999959177675	289.789396272829	328.297139991453	414.024667525612	476.557888030433	527.409671270415	562.700831940508	614.421578174222	672.478873198277	711.78290658895	755.074392216933	798.291860292808	825.221708255935	840.467402166478	819.376486169931	827.636066030702	794.628012390867	795.501453938772	799.856947363001	849.921639580981	905.036521540392	915.549080620704	993.00681864226	1133.70203924591	1212.91845044356	1365.58031053996	1575.57713273427	1580.81590908231
433.902	0	0	0	0	0	0	0	0	0	0	0	0	0	0	0	0	0	0	0	0	0	0	0	0	0	0	0	0	0	0	0	0	0	0	0	0	609.250833589138	30.4175053208203	41.1846846161206	44.9199774723787	88.2952064965309	91.3500247031423	115.927912691422	162.453271966944	204.261036191534	250.482755846267	295.97711750342	354.126262993317	428.466025322072	487.224825570494	556.310632321461	588.784546214703	632.86350859273	662.087345202805	710.322648127606	733.830113403674	774.50100438513	790.041410360538	792.600743650512	794.588901620471	803.53325577643	787.539917173588	795.691382155446	776.131784391797	795.764594538084	876.56193472198	912.54467060555	1077.24256926855	1150.78287710296	1289.64556073439	1453.92236080398	1422.06488924111	1506.21807547683
437.202	0	0	0	0	0	0	0	0	0	0	0	0	0	0	0	0	0	0	0	0	0	0	0	0	0	0	0	0	0	0	0	0	0	0	0	1608.20407818285	16.7730342980563	21.4282640397986	19.9974764494152	47.9075942049378	59.2253807035224	83.8400518615466	125.114825070057	156.47489320661	195.88262360401	251.214459724716	300.000738453212	353.242374685764	425.007372085519	490.919809237882	524.734663949707	576.654538520692	619.241291329284	651.624336611108	674.262471253235	702.931042801291	751.887194909259	791.973210005449	795.788659947239	771.214168106492	763.212778195052	745.865640572968	732.447801774124	772.495142548499	779.514929099987	813.694161894849	935.231097406389	1004.67652617913	1071.12755797191	1239.56023849354	1219.69359718867	1338.64681291608	1458.8792834171
440.505	0	0	0	0	0	0	0	0	0	0	0	0	0	0	0	0	0	0	0	0	0	0	0	0	0	0	0	0	0	0	0	0	0	0	3307.96233957651	131.91728989937	39.5847216210115	38.3887939429402	51.0173457210798	68.2469663822654	92.4984412740778	125.341462277575	155.498604653355	194.983458388217	231.493516329665	265.110262239742	326.288543377636	386.713373612555	455.390938041449	542.881148117357	552.993356500303	593.426844917929	617.611492082205	647.474333256997	707.495789603155	719.890758823444	742.333974641382	759.846876344255	794.432400286451	785.597771108128	756.528440742785	759.303052837888	748.314591106927	790.671031638392	809.054599672155	836.464638816567	909.441066580919	1020.49816982996	1256.25678173232	1257.31307210792	1375.86846654965	1446.38501300801	1436.36515763138
443.808	0	0	0	0	0	0	0	0	0	0	0	0	0	0	0	0	0	0	0	0	0	0	0	0	0	0	0	0	0	0	0	0	0	0	549.307425193696	38.0927739466364	41.4965939381602	54.483475478597	62.9448634108147	84.3211114907202	128.55571575936	154.716118183614	187.170593576818	222.577721208276	257.369986228172	303.12598729908	348.498652278922	407.069616824159	466.079865969312	510.165540169843	555.605002283395	595.953459847844	619.790186195918	674.075167356051	708.004197614735	717.135925825025	735.888813889791	749.752692444879	746.610973213446	752.521423201048	761.649667201501	744.743909484023	738.840692059966	749.610347183434	822.94840304484	830.613696111234	957.91132380156	1099.72848985359	1181.64460672849	1344.48778159159	1380.94661293101	1489.99075631099	1609.5554897859
447.112	0	0	0	0	0	0	0	0	0	0	0	0	0	0	0	0	0	0	0	0	0	0	0	0	0	0	0	0	0	0	0	0	0	1469.20916886434	41.9232027486917	32.2925257764348	49.4544403747331	65.5208321484717	81.4633440417982	124.869592074249	107.960036839664	161.377935987966	164.122072810328	224.993954272588	274.129327989072	303.109125860525	345.459781464565	406.911304348029	471.048486861485	525.314266126623	540.559086104495	567.118045820172	612.400165038559	651.377913488521	673.267922569497	691.514355313748	731.535834206365	738.035661442268	743.109145539203	714.371306111	732.929022993403	692.167604307437	720.910268565092	753.089523571697	805.488416749993	824.018345369555	933.463837908983	1066.40286254381	1174.08469341525	1288.47646543967	1402.6880390044	1469.03656283964	1527.97878799033
450.418	0	0	0	0	0	0	0	0	0	0	0	0	0	0	0	0	0	0	0	0	0	0	0	0	0	0	0	0	0	0	0	0	2935.08858713863	104.785568490545	31.3717083807215	37.580448351151	39.6015596044858	70.1209932188385	76.2777829337006	91.1168121313718	126.94189500039	144.451506893906	180.93645974447	224.296817050776	253.492714664132	292.815924039341	354.712197400551	385.956370599609	454.064035968717	491.08724798143	557.603062675286	569.229300308265	585.427548065675	628.227207407134	655.720963078045	644.086068264204	688.127453158722	706.196798006386	694.661782618484	696.048210018337	688.168842410577	665.757876085802	689.394046184037	707.651162764257	763.8757196844	814.773262911975	932.677398347467	1047.98720898694	1122.66265773236	1261.76142376558	1320.03769879371	1254.62855593604	1434.69908087966
453.725	0	0	0	0	0	0	0	0	0	0	0	0	0	0	0	0	0	0	0	0	0	0	0	0	0	0	0	0	0	0	0	0	543.488718361599	48.736213505715	43.9436788164014	53.6526441120642	77.0582129983954	75.0219377301542	101.84048750159	132.231875826394	141.635246728878	184.446537345367	202.696190948745	236.291603431311	269.138451428632	308.039717855586	358.482138995578	409.336255376651	467.158013785547	510.853731974196	531.967668907281	559.434285438152	595.457891550321	598.047271619379	639.520390099564	668.597156056818	664.88120088011	685.463217469107	703.265561261029	703.208558361938	679.081907122117	671.130455067823	664.559479961983	723.526630340814	773.189354488025	836.645024605275	922.188734820357	1001.77422640466	1232.42727262452	1234.74279138936	1254.47410014289	1485.46185055617	1522.71658892269
457.033	0	0	0	0	0	0	0	0	0	0	0	0	0	0	0	0	0	0	0	0	0	0	0	0	0	0	0	0	0	0	0	1206.9919861886	29.5205970851683	32.8237719284861	35.1231964350105	53.8211823484331	68.3447720610442	95.2468705402873	105.033006882087	144.497986675506	151.319256287638	165.352335534091	203.888883042315	251.499676838956	285.62891586439	318.089602019764	365.708997290204	405.214108300743	450.211686998717	505.548519607383	526.971775711525	540.813097654549	595.01121476217	605.405723358116	618.750151273633	634.757219980116	647.348537221053	655.564789570062	667.026183513494	650.601689190004	662.754223673026	650.30679080624	642.864481565067	704.559708393746	746.740915691599	807.250346768237	913.557600431218	1056.41080858722	1157.99623239741	1189.15142670037	1301.52834867694	1399.36932050841	1421.14647033842
460.342	0	0	0	0	0	0	0	0	0	0	0	0	0	0	0	0	0	0	0	0	0	0	0	0	0	0	0	0	0	0	2284.42156080848	88.8830507357952	16.1969072140264	24.1473676904734	29.3450638840975	42.6002012526701	59.4657316800415	80.2889373516848	117.470948723778	111.516234849036	142.306151747124	188.702183720658	207.871517774174	237.641894287339	271.394960858607	316.419210143998	345.043474246585	393.340162299509	452.603123752989	489.012735977472	501.239890571749	536.877596682549	549.340500524737	567.464519794599	588.042095675132	612.569108889018	614.631108934044	623.266602307003	630.12528094164	626.254420705669	626.438321637299	619.777516882644	628.80560439127	664.806377613962	711.523805952226	780.839935273791	859.024052417827	970.715015208827	1053.62519738869	1133.50885764851	1166.63221444147	1186.87731110656	0
463.652	0	0	0	0	0	0	0	0	0	0	0	0	0	0	0	0	0	0	0	0	0	0	0	0	0	0	0	0	0	0	374.434258090806	19.9799580909955	31.1836659449168	28.8989541814633	46.8289344536213	68.4061699594981	84.3706688914264	104.310108134211	109.23355395612	145.954536600801	170.733183417406	195.098417408091	202.527693279457	254.807630866455	274.457262442119	317.823711679042	355.646865296674	400.504338949846	453.045836932298	501.732692562467	510.758988337469	519.689415896784	534.422963440024	570.265069525218	589.695125676158	599.933247442575	615.822998195592	610.179106488494	610.44605048207	616.950929190461	598.562886211112	604.941569043826	622.988988432298	640.043250080418	721.863103391848	782.103505843533	893.557021620757	949.325312177003	1149.04600148053	1240.2560712487	1245.41020736144	1331.70242817198	0
466.964	0	0	0	0	0	0	0	0	0	0	0	0	0	0	0	0	0	0	0	0	0	0	0	0	0	0	0	0	0	1005.25497023663	33.9991137463782	29.9254495251706	40.7489115755685	51.3732262985145	44.2317543152586	68.0139772317812	75.8534674548313	111.524221600181	131.096952596307	154.616728769964	188.253307134419	199.720625557508	224.869886806778	257.914823255171	293.528926101953	306.403101942358	352.602312006739	388.143606949017	438.821216095884	474.877525938209	488.141580041485	514.701567862519	532.089481816611	543.607927283533	559.921127718154	564.703278826223	576.917372228514	582.612799849335	589.367273795568	604.967937886113	598.046299572788	608.212141251459	616.247751946749	638.944087301096	715.130935545422	809.076237890719	888.715260629658	991.353557036884	1044.53795035448	1235.29740875514	1250.8993489711	1185.44652908085	0
470.276	0	0	0	0	0	0	0	0	0	0	0	0	0	0	0	0	0	0	0	0	0	0	0	0	0	0	0	0	1903.51457048402	69.5023276159157	24.0363154731776	32.2338587834653	25.8402281045369	40.5406635952215	58.8438293535848	75.5569303056976	102.025420283454	115.983374405567	131.923137167427	153.244935855911	177.609508917603	199.033441973153	223.540771458179	248.27715800894	291.193411304397	306.946568765319	333.025520283437	394.908392860119	435.180489303377	461.727438359131	468.846698102783	482.555892611235	506.458986173912	540.386520642896	550.283713379204	560.214210761299	552.704872035681	550.592460591312	575.501990740591	566.742885261603	564.661508200418	569.934879309347	574.073470835241	639.911376481528	674.35310043317	740.942813778058	806.952288965585	937.353948363336	1043.71094432817	1127.19481451984	1153.23179776965	0	0
473.59	0	0	0	0	0	0	0	0	0	0	0	0	0	0	0	0	0	0	0	0	0	0	0	0	0	0	0	0	274.168193565608	24.9062691069617	33.1124412519298	31.3679185974186	48.5551411802094	58.970017546401	80.5226751108966	86.7927366344545	105.18797759296	134.714711159754	149.897562951037	163.177821445321	177.466708048722	213.11293555917	266.320406933117	261.133261855772	283.967875502553	319.206194174006	345.48238915508	384.694136850731	428.842915895625	463.936340940356	470.372647953076	494.865380006138	500.563048184716	513.469432082165	534.052936421941	530.702820674509	537.175964045371	554.251245490645	557.107282472149	535.918571458542	556.021753431018	557.3245943719	588.091381457882	615.827627649585	685.394861116792	737.424976857485	841.740894902818	940.720478482143	1072.41095356391	1154.17452019455	1157.49508580072	0	0
476.904	0	0	0	0	0	0	0	0	0	0	0	0	0	0	0	0	0	0	0	0	0	0	0	0	0	0	0	709.926508691243	13.6159354144141	21.8750762254957	23.3612161075643	20.208041468192	25.332711798935	38.0942460944986	53.8972579218233	66.5474878287109	92.1004961304602	101.796605115867	135.845897822026	143.858994599172	175.034540928603	203.343886844097	214.296941000005	251.524677909976	267.63218301626	293.421365262425	323.03790746359	360.236219418608	381.809874006031	436.323629153005	451.41111252747	454.422832223043	463.799782698724	492.781273022422	481.135758570148	507.053098862703	516.131826965086	510.69411180932	511.406038823144	524.009731468522	518.036579784053	519.194894242261	533.871606713665	594.438952043112	609.829968104856	690.309026477457	787.721236148382	915.423943587568	958.47643609088	944.277021265673	1071.45623668181	0	0
480.22	0	0	0	0	0	0	0	0	0	0	0	0	0	0	0	0	0	0	0	0	0	0	0	0	0	0	1558.09221193479	41.6094124021335	16.7563443732797	24.4338101618305	23.9153044878005	34.8375068827523	38.361381351917	52.3096633544695	75.4957129377357	95.6790353354877	123.662567999197	125.455983853288	137.373261100028	173.102861652522	197.96203385518	198.256028786372	229.512179577734	247.459303590198	275.85939555096	288.484837622156	333.316554676401	354.437282506254	398.697607087524	430.356630881326	441.208770272803	433.885893548909	453.771808203875	481.423232881815	486.002690856613	491.097247105162	489.725947463906	484.302134604697	508.494814826814	506.756615691638	497.264337727692	513.866710378631	516.011851245939	568.507760320651	632.152105485929	708.108793299136	794.863842425382	878.799338608061	986.765758088037	1032.67951297717	0	0	0
483.536	0	0	0	0	0	0	0	0	0	0	0	0	0	0	0	0	0	0	0	0	0	0	0	0	0	0	229.747061410886	16.9551693043821	19.9883129191554	25.9610540023123	28.0499688610617	35.2950183569419	45.3586458799172	52.3003632280699	71.4602789885789	80.6300253471432	110.26184564362	118.963641786182	144.170929513365	150.969636846958	177.220389468718	195.719317643266	217.308217933106	239.302939828089	280.884830225892	299.345950912288	316.901855153518	352.96204285147	384.443011600632	390.868587878965	416.046359160367	421.312157235148	431.306330875089	461.461980551987	449.772077934898	452.749853575198	473.64762706177	484.101255473029	483.546836455348	492.514888647006	485.491852918294	493.206272281887	517.327460948593	543.5646038816	583.090221027151	682.05032348832	763.261176386544	784.210862564636	936.519805954011	938.255274962262	0	0	0
486.853	0	0	0	0	0	0	0	0	0	0	0	0	0	0	0	0	0	0	0	0	0	0	0	0	0	729.471919000113	2.20075323869251	3.42195564954796	11.3083733321146	11.7615032630011	21.9500951546069	25.8087487687816	37.9596484100378	43.7918448523062	58.3048267799645	76.6616850985728	96.3897396908431	118.862516468867	130.102472122861	151.493403378143	153.353059671182	184.33964474664	203.95217633061	239.738384229068	244.600473827551	279.749336618118	302.096697290962	316.253707838713	364.699951227691	402.806099572831	382.16040983618	399.815348902091	403.141105003644	426.455879525251	436.543065020095	447.569715026034	436.784610211559	448.942307885159	448.837558370324	460.625906751735	452.55640313686	459.071105002194	494.418471307026	515.720661895135	584.763893831167	614.935601583846	690.248928759795	756.059649999444	889.368587020723	851.921865987938	0	0	0
490.172	0	0	0	0	0	0	0	0	0	0	0	0	0	0	0	0	0	0	0	0	0	0	0	0	1544.42361292789	43.5512361290468	27.2023350271966	20.3420548321329	21.6806221683472	27.1955593130121	26.7450055791693	38.9921809964726	51.1041584848126	66.7139062747918	86.9073832078914	95.0073273042433	116.880689309342	132.336255881928	138.933800969362	163.847600661028	188.898086768761	219.229694088951	215.947733317239	248.29811515114	254.479066294643	295.780027888444	297.75463716011	336.799916704881	363.188257191005	381.217564349411	406.018764532644	410.897686480656	407.238254952757	421.485874046484	438.2606474426	444.271736570854	436.308038877786	441.842029649549	440.418162452447	457.881098723799	451.049345525729	464.353972970835	478.98663680625	530.286938448195	567.718235163606	659.360622128953	746.968224843558	847.723088281411	879.499972321987	0	0	0	0
493.491	0	0	0	0	0	0	0	0	0	0	0	0	0	0	0	0	0	0	0	0	0	0	0	0	229.115773426123	14.3474117945418	12.7219897981758	12.8655452645263	23.2671682133631	31.2397536672912	36.479005760841	46.3567809810992	44.829392187417	58.1328281261938	85.2793208355723	84.9515582100859	108.222167351029	117.964460133477	147.336233036374	161.08550337449	167.818126427032	198.969089955193	201.071136674048	236.027791287283	268.656855053884	281.613382101016	292.606844642055	329.876290943812	348.477734772726	365.424947451779	363.474278802065	380.489615387977	386.772407398443	401.422065296766	402.200891055504	425.972134943022	420.528876769386	442.47447905451	448.251463261552	422.162460724551	432.046275474071	431.439776919864	467.185983596891	497.237076448401	557.151467713681	621.804954108732	687.637734724714	745.580849712982	849.898795080704	0	0	0	0
496.811	0	0	0	0	0	0	0	0	0	0	0	0	0	0	0	0	0	0	0	0	0	0	0	803.106638687755	21.0483617290453	18.8292153640158	30.7017585221796	29.894909314667	28.6708765389497	40.0311461417184	50.0359120840078	48.1453654645783	74.3119026772058	86.2863089389636	90.041879905713	115.25835611465	132.357386074619	137.53826642923	163.933342457845	183.864119632733	182.641856600491	212.706648034127	229.106213810257	241.616083401758	267.67969715132	265.493561537368	290.54138803411	310.015920250687	350.490985346029	352.779591205436	378.856102529831	384.372950168639	374.623500418054	405.821282013704	413.283662997863	388.603708590055	402.538698505456	402.05555878264	414.211206630355	424.570516316385	430.177410035931	441.080946410722	459.948881736666	492.800335953435	538.248785399377	657.443225377355	706.129968925255	838.12585824166	901.082824166827	0	0	0	0
500.132	0	0	0	0	0	0	0	0	0	0	0	0	0	0	0	0	0	0	0	0	0	0	1591.84709035922	46.5510235771588	19.2908256500327	16.1411723286117	11.4549820166451	20.138371988418	28.3463465273305	32.6286962374877	44.9005332476221	45.0825982391239	60.4681159924807	66.3147556929295	83.801195574906	91.8619041585836	106.965250631224	115.853481038659	151.67059922829	157.18556389736	181.570598678129	183.736148546708	211.239621869183	225.165509605002	238.608052588859	249.462005486741	255.387307103573	295.804904355604	319.038682448852	327.048251204758	335.316880847309	347.668185526036	345.19641260484	372.088919911848	362.614533043589	374.371694068788	395.081777070264	397.556379781128	376.568479670246	389.326644766368	396.620434751715	405.900951480452	431.713801501714	483.825717361562	510.54768462941	586.213502110403	637.190776229621	709.022114477523	0	0	0	0	1007.2588358537
503.454	0	0	0	0	0	0	0	0	0	0	0	0	0	0	0	0	0	0	0	0	0	0	240.367014951079	6.17562164983422	5.16371107926899	15.941801465233	16.6515815920039	24.9506467399976	26.8767136493774	34.7233195968525	47.8208296080504	50.0889666232699	69.3287261293515	75.9644584351777	82.4679590335211	110.29067248275	116.489466903271	141.189832842237	150.110905637577	161.919437608426	174.920969066651	185.032642359938	201.945998610527	207.369697528271	237.85339395986	240.777016278214	256.243967670396	274.873052418147	311.016352810857	326.212213765319	323.069780307083	333.203881257329	347.760462946469	356.795127137249	352.75305649711	351.737482839399	361.264232239989	364.740920977798	367.888234777047	381.371096719824	397.47394807878	377.093313061064	421.311584878118	440.815341341575	478.88494190951	572.097731271404	643.439092896353	732.390627352088	0	0	0	0	755.928356716165
506.777	0	0	0	0	0	0	0	0	0	0	0	0	0	0	0	0	0	0	0	0	0	768.164429563712	12.4421692216254	6.09505157928829	21.7361556523244	16.5947386108794	23.6185533773216	24.7613717242791	30.6412128871752	35.9492253860245	51.9427152158874	56.6320715963413	56.598141806735	78.1589940106869	92.0802120784197	98.2388629697054	110.00227683732	119.8595413648	140.594233610956	138.181204185109	156.239028507438	175.099655831846	187.975926054945	196.154821849424	222.580162729487	244.431614049784	247.594515779487	264.562347679229	292.681937391732	297.425836409239	302.779416959264	305.040082462744	334.90826019785	317.585423405228	323.73113967274	345.745964128607	347.401732081732	349.488086876802	342.952132461883	354.981419248064	368.490892866049	356.032333070729	405.158264823628	452.960057505102	473.892830198818	530.816838837516	602.569139438654	672.704169177454	0	0	0	0	839.9654084005
510.101	0	0	0	0	0	0	0	0	0	0	0	0	0	0	0	0	0	0	0	0	1557.49671782073	41.8016695122821	-5.06887458744275	16.011470674723	6.22225306363064	13.6087749185291	17.284868691132	19.0846518720015	31.0914102894132	36.8774708091522	35.153912074989	41.7024776870337	60.5252909992585	66.2140918692898	84.7508616224496	96.8743936779115	102.157421992286	113.311479291858	135.208699906392	161.725800917264	139.148678525354	160.245797711386	182.985263733285	187.957390030814	201.799474278215	213.03765134618	232.550143423326	252.678827026895	266.158934299233	277.514284842978	294.269496845837	298.734579697535	290.88652469557	317.30772045555	322.916423203593	320.377687279292	322.970823623118	323.515200957142	317.254502237194	338.945096614015	338.712531103277	348.381365089028	369.736857070868	413.728549512238	443.582116559632	474.672100598015	574.83339316339	0	0	0	0	842.056037233429	695.226468764907
513.425	0	0	0	0	0	0	0	0	0	0	0	0	0	0	0	0	0	0	0	0	234.457435357488	8.00688556023395	7.62487825075193	6.55225170106511	11.8264921594837	22.4698468864738	15.0327533657762	24.0216012643248	27.4884999662687	31.4550165080587	50.7330479844655	54.3025647913767	63.1017953725875	80.5324384449134	81.0436027946699	89.3870796233089	100.370874276426	113.93392341083	138.453573574992	128.120619763429	152.067162493058	156.447068397468	176.197860556381	190.246571587416	203.098117496449	198.450074886047	213.828574239393	232.532600403277	255.707198911156	269.393026965802	279.519846039211	288.365987306501	288.327772739301	295.496282628928	291.418313373976	304.364525825158	298.189499999275	310.016420351586	299.328244459513	314.097310056058	313.445331002989	333.146301186021	349.458575700522	402.383952840507	423.947097428387	493.992789759958	559.596700194962	0	0	0	0	659.131812507488	740.660696580874
516.751	0	0	0	0	0	0	0	0	0	0	0	0	0	0	0	0	0	0	0	763.953922208972	17.0629466963885	18.9956315129325	16.3758869250559	15.15594398859	17.8702050731939	31.3040247099126	26.3060194720827	28.703948147512	36.1439428288688	42.906942292802	43.8351399802837	54.5136901952003	71.7011940568346	75.667131629257	94.6223817275259	91.1498000429139	102.916712014683	120.713474758891	142.530043378861	153.437114282643	162.756539681184	155.698011152089	172.239579229066	181.461331144249	203.626262511562	199.31041089895	212.637522417933	235.862446102086	257.644651839774	262.968648790598	263.209223426691	261.151874552589	279.738839706507	280.149403775624	289.931150238033	293.200224439965	296.263730247829	322.093778944452	310.5754580919	313.068171582656	327.182215187734	333.348138978028	337.495660590263	384.555930764206	411.696552952752	488.978305953925	536.454269387128	0	0	0	0	672.324476185657	690.26998719464
520.077	0	0	0	0	0	0	0	0	0	0	0	0	0	0	0	0	0	0	1699.18496938952	27.3195094097878	-3.33213863162407	13.8047276990204	16.0410018617656	12.6948280778943	16.6629809618147	24.2375329939252	21.3288287781412	34.571743542191	33.9595355122301	43.7343487856012	46.397639951932	53.3496633729101	61.1491381907123	76.8716188426855	79.8616832013315	100.647770584315	101.133774554323	137.886106838895	125.013246660244	135.027739722344	157.244509434185	166.42627363819	176.662770799876	183.697977931222	181.723103210081	189.178583077948	216.594787132153	224.314846331787	250.617499395949	245.018155048492	262.864797158346	275.308156202817	271.071387710847	266.739925150986	277.56847637215	277.135927115366	294.117161086945	286.521980085086	295.619070931185	295.839183172628	319.692177489937	324.018304558881	328.929771862611	364.044044267899	418.169222223995	454.624408791172	0	0	0	0	843.887628627364	599.205860632017	636.637342735547
523.403	0	0	0	0	0	0	0	0	0	0	0	0	0	0	0	0	0	0	249.937969419304	-4.73455570720317	1.47755022679499	-0.726916948048845	2.99420623484227	13.3245948357984	18.266866346042	14.7822806072962	20.6348277974571	26.7121393317638	29.3052336451415	40.5985404360601	46.7459672901782	63.9775417840487	54.5316437939203	81.6695233850712	70.3153180912731	82.4826965958793	106.577395244266	100.946478405101	121.949845789491	120.728995762424	120.94362176609	131.055703978684	157.351378772625	164.588204769391	174.208053524272	183.11967311513	197.250481371657	215.465803396873	217.405614857748	231.608057240069	237.477523580984	238.324040416158	250.759133352085	252.349408868917	253.105366505414	275.891242820416	261.985112766069	287.305115309625	282.16937829834	301.502633532014	293.160813327011	299.29217935589	311.516440699997	346.576858132743	379.859505277374	437.351636870213	0	0	0	0	615.210270360683	635.364884786784	623.510200758881
526.731	0	0	0	0	0	0	0	0	0	0	0	0	0	0	0	0	0	815.456088615312	24.3699365509689	11.2868022776974	15.7923313535163	12.0215734364517	21.3678580317183	23.4199384326936	15.8379125845067	21.4829243927113	31.3590333473314	29.3639394950308	32.2197789021738	39.3568033636053	48.9818511604902	52.3783129524242	73.7302424002419	74.77109081718	74.824712233843	102.318385757095	113.745297484292	116.777082049962	106.771724624459	132.7247490813	141.212726447414	137.108751103316	160.59313461675	170.237931464018	163.806253148393	183.416756796601	199.333135316327	216.497384863637	218.163312078597	228.714708452832	234.524179613784	232.052753576923	228.594387200909	237.727321695751	258.969710457129	246.531762070716	251.876944779788	269.477827445921	255.485824662166	264.564696849215	284.066240553617	303.930184785149	306.320958221933	339.319249647349	356.378969585482	406.591428663509	0	0	0	0	563.975829954269	620.157211633187	531.619046340245
530.059	0	0	0	0	0	0	0	0	0	0	0	0	0	0	0	0	1618.7520750441	27.5231582960583	-0.86829143215618	-0.786845955951882	3.92027888860477	8.39716972370001	3.47716731627038	8.44086177328182	17.251132370967	18.5119708559903	23.2881689311168	31.9273815753221	35.2085401025394	37.0452824431797	47.9841867699249	56.7470467305321	52.7500743445916	64.7169425708792	63.7445727755186	73.2105173786238	91.7548013849363	98.7596793179125	103.73698078573	114.632955357941	112.566001350764	138.359468001649	144.150759282123	154.287004978979	149.104118925484	156.068862937926	152.794945159515	175.819355029571	187.021112289837	206.115320811256	206.837200486242	202.791371950489	220.821770000436	233.281769396695	223.146702681362	233.489229031495	232.44589434431	233.786972882355	238.397663013779	252.397865429905	257.373717753298	262.032664748006	267.184324778229	308.185603529052	334.059249695472	0	0	0	0	661.021943698515	503.849192836401	416.397261110872	373.238606040021
533.388	0	0	0	0	0	0	0	0	0	0	0	0	0	0	0	0	236.637625396179	-11.2057732441244	-8.34314879683568	-7.61438347485787	-1.42810280437422	13.7345873454082	3.17474631194177	15.2091563549083	18.0667759527845	18.1325907505128	23.1230981296594	26.221789591436	34.2299207440705	29.1857502183836	44.3969752867955	45.6326853204527	61.3528436353181	65.598607117842	66.6145214223816	86.1402142717398	89.418059691083	98.7293996824831	111.116606065343	109.815016973413	115.476183176681	123.177661745301	123.98141813299	147.174481385855	150.819478904993	150.080146105857	169.904463786909	169.181064449942	185.102313509474	180.567850759778	199.281983882186	203.416507285274	203.978037659036	207.953775520026	218.36963515666	232.252117788266	218.535955816087	217.145828679114	244.785430900845	239.327762302073	238.135204168685	248.457472374823	266.364421226421	295.123103165863	318.94846768066	0	0	0	0	563.006910719592	457.431406773428	495.306345812101	392.859405317309
536.717	0	0	0	0	0	0	0	0	0	0	0	0	0	0	0	801.515726516766	36.5081652924026	30.3280215863666	30.5768886506677	22.4581260517827	10.7405091485971	24.5206224326548	21.7696191820732	19.4325631447272	24.417455645988	35.7018658592464	35.6843987533215	43.6796517424102	36.3747139026854	52.0127298827971	43.1894435685459	62.5406934394345	71.1632985889224	87.6661733679557	96.4042568881284	98.5078491159969	96.2804321368406	107.679721494962	116.184170186191	127.937384703004	136.867950930535	134.993409910091	141.871288998063	144.959249932124	143.518355427167	169.113062137767	158.201182379712	184.50278973592	180.098689708186	190.592506559033	201.699244094172	195.293714231138	205.248444478774	212.973092711979	218.582199219724	221.53629146603	211.734982534814	226.501109983252	229.908476421622	243.57562244498	247.856175516155	244.133337513881	271.813714132749	283.803704409129	319.641301583778	0	0	0	0	548.080437480592	501.679616908013	542.717317531087	644.260183895315
540.048	0	0	0	0	0	0	0	0	0	0	0	0	0	0	2093.3725892832	42.8481811010732	1.75479109684956	3.35997041891951	-2.03921008843146	0.351458128755729	4.72452813523323	21.4514370999834	13.1082287081743	26.165352376624	8.32833460072222	19.3319751140599	24.9664383347227	24.5971866301811	37.5769650623153	43.4896017879347	48.6558205423008	39.413088771214	45.6762923139099	55.7852370853262	68.0894128363274	80.9046267342966	86.0848381424834	78.6221851671211	102.333563230187	99.8898982486733	105.885679857024	123.233590753273	108.621875990812	132.643112113683	141.108478509604	135.220996662647	137.256928790923	154.497673428121	171.057374699686	174.315755454021	171.271240631875	180.560049961538	191.947375547692	183.933310068223	200.168238476203	217.36464498923	215.627808661087	205.561089966293	208.804055050918	217.847070847921	225.156149642089	223.967801540453	253.643711473548	278.187429522424	0	0	0	0	590.629676942082	452.320328532308	417.773086025705	396.246937663004	347.121400687929
543.378	0	0	0	0	0	0	0	0	0	0	0	0	0	0	273.442659543471	7.06736135383092	10.7919334873699	9.86864037226397	18.0713823052865	8.64032041097449	9.99997181329669	17.3449662428164	28.6009976790406	14.6808581043591	14.7367840082687	24.408752604965	35.9076430433507	34.9662842427226	31.6228106877434	34.639428660241	47.0541940652202	42.4759781886883	55.68526541628	70.1758537987121	68.8126148695773	77.0729574241006	86.812080119475	92.4848595659818	89.7055290812391	103.257561384262	113.86657027596	119.451490998916	121.204125921785	130.592877034924	122.932835323793	132.775305434545	147.177830025434	160.695046804637	159.601667426355	171.238739491291	171.471233669958	184.372213932925	189.353359744502	194.145530410026	191.792695221922	188.756375548697	201.245916216076	196.091030693106	194.870192580548	215.781423744123	232.809087106488	229.072560215083	228.519858403446	258.252941933389	0	0	0	0	492.259367774632	464.210913283244	513.509079244961	398.461109980968	558.367672615949
546.71	0	0	0	0	0	0	0	0	0	0	0	0	0	878.84577899507	-11.5926217928561	-23.0385923122192	-24.6694957902075	-19.6204035164253	-17.1497902841711	2.76855690391389	-1.533912297901	-1.49927916610595	-4.09904769217006	7.14925814955116	15.6579100735557	19.2828229952196	18.7540272761021	24.8814678369037	32.8859965329136	35.1465464414399	37.4912708359222	46.407683226784	40.3069978272583	53.6288557975091	54.3288660128318	58.9431392417283	68.5855066499439	71.137129142296	74.7385825057606	75.4109226751484	92.4562996101158	108.936954082822	102.950593285908	111.261711884703	98.9321490024353	125.779939736377	130.565476640299	131.217777874025	147.976832108226	141.70781266404	150.923672358267	156.591337967734	165.60805783783	170.607653386227	171.530823367191	187.624833973777	175.545212392529	198.018122118219	195.02477252006	194.892652479244	203.670122347526	209.34198928337	218.737510707556	240.303954302661	0	0	0	0	401.23742070368	365.389600188913	264.003817115082	404.149792240648	275.011181401113
550.042	0	0	0	0	0	0	0	0	0	0	0	0	1779.76221815932	39.414716416846	-0.999803736514689	5.27736392236714	5.93878068240839	18.7478537274061	2.47216002673656	9.99266611155742	10.5492698089137	12.0013648106217	27.2597621584632	22.6814017758916	23.1551356418014	12.0581733036443	24.1270893357246	35.5215488092465	31.155444810457	37.0026964337003	40.619424694927	40.5534234680614	58.6729712100364	59.9281388903842	62.0451597893166	67.6428481551281	73.8731212540596	77.134118418349	88.4345675695193	94.4073952236024	94.9642920338234	85.3040795595198	110.796699361297	105.541349737166	125.27688506612	125.528089079005	126.789588407077	132.507980916686	142.744911319793	154.083661883614	156.029787923205	162.156462062118	153.221470788129	175.303410273777	184.132965802634	171.179455387511	182.426717275301	183.24263724674	198.690055224436	197.549061600811	193.452344734287	205.553935899363	202.535297436266	0	0	0	0	555.266536850349	427.028707958875	366.25780820474	396.782597240629	383.254012634837	362.29210014878
553.374	0	0	0	0	0	0	0	0	0	0	0	0	257.549348092119	-2.640259174052	7.44221437611884	19.5286402769849	16.809086529241	11.7226946077755	14.5292502772834	20.3048608159798	13.491426450631	20.7008243726566	19.9673627448937	19.247627355565	31.1458167788354	27.8506460966163	28.2594679035471	34.1751636663479	31.8721020502914	40.3460392165854	42.3144420723993	57.6869422325508	53.6219550623434	62.6925802837316	68.3669395558865	69.4330221590718	63.3707598799601	79.5022005005689	79.2770058661322	101.144335693857	97.4990850983402	113.462477272372	92.8362264258851	113.029417709642	117.94303606974	123.107275638433	137.033672540106	138.916931411035	152.483610208914	147.367562764393	150.931033542919	156.001271355871	166.409842346666	166.046377527941	151.284627023666	173.367205602008	173.584880875038	177.040884185077	175.734821336605	183.505296851181	186.97818230437	190.455637221299	207.099626458254	0	0	0	0	401.264591726799	312.994289029174	391.827690644524	365.501503170957	381.89888854352	415.893512804929
556.707	0	0	0	0	0	0	0	0	0	0	0	688.40763651004	-22.3688783873356	-1.05831452160517	-2.01651255644303	-25.1098844281321	-4.08014673865008	15.5278066746447	7.00414142027016	11.8505750447757	14.1837071562467	-0.765097587910091	12.1981927309426	22.9419390514743	21.1274496097152	17.9830562850841	13.3540598887888	26.4491274269757	30.9787771656518	26.3387941645715	40.1029422635759	31.0803034609717	39.9308779215911	43.4185499196099	46.3492561450509	54.790226850049	69.2133727943185	68.9530439229988	79.0363498342233	83.9970809326461	79.68667567127	74.4970922349881	90.8223511236709	96.9933276604789	102.481805250961	109.381039936723	111.25185172753	106.949089173211	129.804969527798	139.622755794889	130.137648572383	140.933109500106	144.220520979035	142.066216675565	148.47062398768	153.865808986767	160.669734973425	137.589526958859	176.543600878728	158.32962381625	173.158664336518	165.754998178992	196.685037883633	0	0	0	0	312.589901688313	360.811746181147	336.133855647031	358.695427294357	333.498641476255	275.044197822175
560.041	0	0	0	0	0	0	0	0	0	0	1365.71541022378	44.359374196417	15.7274522388009	18.1851478588334	7.93807062517805	18.4056618269622	15.3391733008824	8.18289198486522	-9.06125101066561	9.46812130594178	14.1382928659644	8.69914139107995	19.5261723994916	11.1724252732248	12.7589028011022	30.3117487222901	26.1058827484528	25.8980144170582	26.6708565944942	33.2795578145689	44.7467098283822	38.2174174248994	60.2475183333647	53.6723069698741	66.2928563233104	65.541227841195	57.8049265527701	81.5346310922728	85.5844505378633	70.3091264788777	77.3337203183266	93.640887734512	102.892531622499	83.9696194200251	96.024105496356	99.3788896563278	107.881037316549	109.730770116012	117.500579114933	122.938265036986	123.737947815445	144.696964240853	139.038305192213	139.649649594216	143.694064042841	147.082929063984	137.746965935521	151.213221794921	144.626822167868	158.101129235609	166.692427892869	174.067643969189	0	0	0	0	433.856432312373	315.184395344509	317.565282753995	371.764836596913	381.863450260743	304.260163980638	425.943486854536
563.375	0	0	0	0	0	0	0	0	0	0	178.872481524614	25.1135805643859	-0.597047864094939	14.0556620826742	22.3159126299795	6.62792282378333	4.5087529292079	12.0982442704642	16.9688355260395	18.2049560554751	22.0423699114694	26.1941844483406	29.7146298079539	19.1480531717624	23.1406475125876	27.2545405010775	26.1423873406918	29.3012007225015	38.0540014536779	38.8593027106573	35.2505942285577	49.4079650869218	57.1912197585995	59.9330515133123	55.7256912027317	63.9430328684312	84.1638617063947	75.137560584318	76.8513028526219	78.781715374584	84.6772591289092	83.375312219745	76.7379202024993	99.5045174678683	100.786719127963	93.4191131751098	109.122066003193	122.092100286054	123.250850835005	123.371561250936	124.682176949615	138.434371576911	130.373034816837	138.717190560582	144.158580639463	156.566485837607	143.265267726609	151.70827768417	151.9462600481	171.285718777326	173.122711336836	169.175814938933	0	0	0	0	289.633593901867	240.546645591775	324.747620031005	344.205046318216	238.071323486475	437.06350932154	405.746323829115
566.709	0	0	0	0	0	0	0	0	0	625.589167716508	12.1267051928911	-11.0131645078108	-2.7364840902049	-14.2846609539614	-2.52195403990103	8.67205818479519	-1.83942509051943	0.877771415543481	17.6465994120032	8.46422140390576	13.6443104287073	7.12043840727175	10.880428052394	10.8436088275686	9.71838244506956	14.1834600450407	23.5761527166988	24.7338715164397	27.7728388113256	30.061917476952	24.1251384386541	38.4259828809939	40.6370546234383	38.3212729964324	52.6509215053584	52.3955983847301	58.2786551934486	69.8672643230585	58.0408840946371	70.1968546058706	62.1471087812684	61.3843978699933	70.3647036636642	75.8092813375529	84.6117192756134	74.821470506668	90.6352988342927	102.025139225418	111.056773689698	119.331258157188	102.840414748372	107.676199446506	130.493825581182	134.121845790385	117.043546798913	119.73398182349	131.07632669845	132.336582124449	130.07533566054	127.914422711272	151.225566652616	148.504114778723	0	0	0	0	246.855991672611	233.920979560898	224.071407715716	251.846739590617	341.226182586429	185.928258512629	136.41742373255
570.044	0	0	0	0	0	0	0	0	1232.68957681079	30.019911663494	7.98412507341746	8.27392459182036	-5.62636924696524	26.8831215159238	1.53460657267791	2.46731482552529	3.25047659516124	13.3761339763991	9.34989548012059	11.8499898326526	15.0396855374763	5.03823201849176	18.3126097886081	23.4456197530532	37.7413889930051	23.471105768558	21.5278793231283	34.5645062989232	28.0142634959352	29.9612870830537	38.5371731053229	40.8873528423023	44.9413681975396	68.4305047275226	64.913903887061	47.9225953799699	53.3390462180617	52.8358860821664	63.7778754175711	60.9604021255132	63.1229171966769	90.1876102709868	80.2286894115439	75.9729324148375	85.9520594519312	98.2457408531993	98.9985688973871	96.665459075125	105.145813709501	116.991480017026	110.366761371635	110.520982746432	116.817746657083	120.419728724012	116.212728613143	135.231504115038	138.358340814347	137.137150469093	127.164599641039	150.236648075329	136.158437405899	0	0	0	0	330.714886745504	233.246056463162	267.144512804472	297.045698317305	322.412920562391	336.221897506437	344.364601436156	328.807135228311
573.38	0	0	0	0	0	0	0	0	177.690025928742	14.1837917575984	16.645154585985	21.9497017182011	7.33487090725771	11.9124288004393	-0.568854639503836	6.87421598969466	15.998678159124	26.0317338958822	10.2677950993936	3.28507824832556	19.7908727340279	18.8673434463403	17.7986077879851	16.4709386200343	15.3861873775229	12.8501125827424	22.3280460554207	21.3364636199243	20.3636458813994	31.5845425622318	29.7729672278768	40.6087073185073	44.3040691198	38.2178245407602	41.3699624788865	49.4800967750366	50.7273625993046	74.8636676236967	55.8501956016753	62.8291679834121	72.417800060066	71.4531393211474	82.4991282497436	76.1005398985476	79.8778490599209	76.7820461840754	85.0478876744924	84.8093015601919	99.0414148517688	107.640690416448	111.105428563692	107.102682877248	106.612040241169	117.992066578683	121.698206329868	120.819265369226	114.591041401843	115.051445922112	128.694391874051	120.139285302296	130.514591491586	0	0	0	0	240.882963939049	238.221883282879	261.348966502948	260.753387072131	260.340198203093	279.239213532608	327.257708074552	173.288375598614
576.716	0	0	0	0	0	0	0	496.973951254571	-31.3760903903511	-9.006899508112	-30.2285739294723	-5.97801688255749	-6.80227266462336	-10.8088918661595	3.11221634337994	2.95263288135052	9.83977193455141	-9.40608935357823	3.84376995444257	-7.80118703780268	-4.67056498134997	-4.74905721593035	-7.36202457011321	-1.15655770240613	14.2924578010032	15.3985720776284	25.1916002189867	10.8159378713407	28.6574724908014	25.4285455517485	37.7491999942923	27.7386717892081	24.8801063664765	37.8381727834665	41.3010737750365	25.0079821155583	52.6024184682051	48.9956044120156	56.1100502830276	48.6273154135716	46.4022781275853	57.7246295950668	62.2941099038695	63.9437460144886	57.6537046128936	61.7559330014194	77.6144649264659	76.7704227985581	77.6745422626136	86.0375887321279	102.300741096945	95.0855402381253	100.424697070743	94.6968365153294	104.567249942385	108.809258113658	105.553132761558	104.261016895203	101.198158820114	126.860781981419	103.636373037184	0	0	0	0	199.65017066004	179.934217288297	198.376319565771	148.789247484208	205.184886502938	171.122480842181	108.044780770388	199.053219394956
580.052	0	0	0	0	0	0	1055.51884617107	26.0123345058453	8.60998395301416	20.4105550676539	-2.52740638917032	16.4770123752056	-7.92027548690493	-5.91799260939574	10.7174756899821	10.6863949269074	2.78671824694565	16.9072840579877	14.0521128527346	9.74976234981214	13.0624510056684	7.17502335618708	15.4181339461535	29.0241987346574	22.4772732615433	21.5607675123991	24.3679148977215	22.7135187488524	25.7768993832694	28.9071764845481	35.5552104755459	25.9709447857817	46.6844767797307	26.6250655138051	32.086276659529	44.1014079224732	48.6861120234585	60.837338982251	59.1800776203423	79.2724813694387	57.6251080239047	57.3397721514351	49.9932826741469	75.8226892298137	71.3668229658414	68.7582278139501	63.8740469451388	78.3846027787312	99.7628993397437	91.2375914985011	84.4715068004615	95.6035179018534	90.3286282386261	101.824605309453	111.558721219953	113.349802252853	107.144971123745	109.357229524661	120.244056793209	123.507986725495	0	0	0	0	262.186204217185	186.941080623005	211.884844322256	215.000380009405	229.613037255926	224.258502077371	292.984418102355	199.443204556906	261.081965469938
583.389	0	0	0	0	0	0	142.624963757165	21.7217707878875	11.1648349224449	22.1687377965504	20.0666797671239	22.1297726914737	33.9333667439415	24.4740406274851	10.6433792609388	17.3950746098812	24.03405769779	11.9091488792731	30.3915882391114	21.8505379380796	9.52066774855583	15.7189828206805	15.6313213717901	11.4269164034254	25.6054854405269	16.7798635413675	19.2816877239751	30.8425917905873	24.205604955779	34.8328069090747	30.2431474977886	33.1040997985737	31.7688552157025	43.48854156157	47.107191019181	49.8898115489797	50.2069405123786	50.114674601837	56.2892636139434	56.2991146309929	67.0294612372607	60.965567671574	68.9864259946965	78.2293684531416	68.8198292572261	78.2611352180245	72.5772709787455	71.153450819846	77.9998596177706	95.6182715945674	88.7709909389461	101.10988422061	99.4938803349608	104.660219306434	95.9781553605347	92.4729187675237	118.831301061906	111.459073365156	107.030362770015	122.448942402133	0	0	0	0	189.240380689483	205.07149523799	208.317747836505	261.162806312211	240.19733101846	252.810530223184	302.534685702002	221.910415318921	358.881326643881
586.726	0	0	0	0	0	466.81726215692	-0.0188070266265984	-25.6306750042929	19.5851131249527	-13.1916575162102	-9.64919557989101	5.83046117920729	0.592465380915902	-1.57163860223629	1.49284044478693	3.33789664747824	8.26532561854643	2.62323004431332	7.10425509404285	8.02063930143926	10.2274355345108	19.1400824676584	15.150073708869	16.3509102343736	18.7986418708497	8.67311044426424	21.5097762906587	18.8395268121863	18.3556354887365	24.8572708344822	30.0138047655535	19.8302054069341	22.5345511190744	30.8422220058599	34.3229366227554	36.6936887697622	46.3408945963098	40.5512501388161	56.5685234338686	50.456851586675	36.6892877312017	62.0390993582198	50.9484929358885	39.6769374438133	52.862035606788	57.3712551237656	59.6213930767318	73.0091283212862	90.444930005525	84.4901181558392	69.554717177242	74.8345820080389	77.4436524131737	73.1376928472687	88.3367536892564	101.868443846718	92.3460846440355	100.983192586401	99.6967817015022	118.733743368201	0	0	0	0	136.313618643258	160.914570133672	175.113470279263	140.111516886017	237.240012895282	226.468188555712	145.170684982971	238.999429195527	106.902889293545
590.063	0	0	0	0	984.167437530891	43.4623310055634	5.59547098132632	19.6264148541675	33.4171403070867	-0.63802139087292	7.84612730028721	9.82175645697541	27.1472057673851	-4.81858919113732	8.5839291004044	16.8679784506722	14.2677646814213	13.6207527403034	25.2449610267687	14.1002561463972	17.0981021585301	12.0583997760057	24.5770986373333	7.76169522246183	3.45236479408037	13.0640190239774	22.4176306346677	22.7883370779804	18.7734264750133	23.999685669941	32.29968917581	28.023662559948	33.7786049525864	39.6344442217668	40.5555208372838	43.5937095928832	55.8236571044036	55.2011431137932	43.533352043178	60.1309100203492	75.171347197398	53.7220940041487	57.3686966667727	64.1403561498781	53.6966286656027	57.5913573452883	58.0673884943627	63.7711017813438	56.650885121708	76.4237778319825	74.1991566009987	82.2667457322098	89.3034368377312	72.288827577539	94.8008411905401	72.0256385340594	101.073113230902	81.5639112953752	98.0002372383454	0	0	0	0	203.088052507933	134.994009408758	142.011160664165	173.241243126066	164.626028210047	209.593944394567	244.331457514215	185.839369322677	178.192561602778	261.852605107227
593.4	0	0	0	0	123.568431350855	11.724218740828	0.694946533853923	-20.5570451782996	-9.28568294947039	-22.365775747037	-6.20035755570661	-17.0968807632312	-36.4892388551809	-4.84164504600427	14.2516524238009	-11.7896736897407	-17.7385364053178	-7.57757500140517	-4.28894442644818	-2.47257825848368	-8.09074625977853	-2.589077254895	2.68678683303447	6.70983676196787	15.9971444082369	16.6874120736056	6.85548998252508	16.0392919520294	18.4833828214863	18.1889592468458	19.851611794647	19.8637257253627	22.5710273026035	20.34435588277	23.1250196231321	23.8968353013901	25.2974770053274	19.9772649308632	41.6184768952966	29.1332056839766	44.1484752190003	34.0682538949066	31.0894672904662	36.8560150304086	39.9146278604128	58.5414138158607	52.9888045538385	48.7969571495354	56.9865684299373	65.7248903884533	63.2240964640658	55.2211927293803	56.9270427407219	73.3806913042129	72.2766706638073	69.1308408454824	60.2062897195058	79.4189866482286	81.5119097432995	0	0	0	0	136.211652184068	105.402000932928	103.826606954372	108.960112680419	128.54401993372	124.986291589108	109.086376662967	167.989206160283	85.1636161251543	-3.22378301214594
596.738	0	0	0	478.53398447629	7.74081503510743	-8.16595520668298	-21.665135603427	-4.86532688678233	12.1511843573856	35.737029542743	9.98238681078569	19.7305008208948	27.3830854886082	9.28653802798704	1.55996236023726	17.9015901976575	17.1016437071156	14.488335214228	9.54804492189262	19.9411728467118	-4.70201692791796	8.79116323744498	24.6560892582172	18.9129627035034	12.9435446939539	15.5724385015795	19.7808602205899	8.14695906574971	19.3022241495715	18.4796630361034	25.8219191434521	25.8765215480542	23.2780333900148	31.2305087315477	27.931379862234	31.2794165351817	31.3642763659856	42.5179948829742	33.2492131935467	53.2512903105244	43.7640920787912	43.4822239193203	43.7475752477494	36.1281538822946	51.9653705175714	47.0489127453965	54.244680840677	56.4409937642789	75.4315910730079	72.5257759735906	59.6378104474309	65.3421340510912	67.8542405423718	76.15538163032	75.6485647746244	88.2894684498641	77.8521257049844	78.7687349702834	87.2859445535042	0	0	0	0	130.911683904829	142.411240265382	148.858498089013	125.068333670584	167.235107618889	191.175764991593	183.63836351297	244.156010828695	138.628016861213	151.635461617013
600.076	0	0	985.884107357007	13.7215121505359	-15.5910407471034	16.6263955325209	33.6890894740425	-8.50375626262124	15.0482974356635	-17.8378574477638	16.5118716712918	2.42013882957937	36.5193549185023	17.7439137444911	7.8957034583278	23.6745189063004	7.21623128413291	23.4264806231471	10.1123225631818	16.4321096002979	10.3142282763182	11.8257537114717	12.9229985390642	11.3316351762551	17.9548220273037	16.7628391937074	19.63408116203	19.5906684709577	22.3934945553048	31.8972954226794	25.2347132236227	22.7049864303868	33.7010091603507	24.5793202215851	39.4924027055651	26.6131337900857	36.188813490076	34.4639834282881	36.5852923736556	35.0144692847522	36.0902672230311	63.1211427270833	54.1474792003707	52.5382441019206	40.2065781135568	62.3919239775961	50.0697470822927	60.083496428753	55.7414536530028	51.2922039033648	66.8904614025333	58.2609531745862	70.3439206251603	78.1751519119034	67.0512426200785	62.4872916799858	82.0376689828827	83.443081687746	0	0	0	0	174.312732188623	110.27468927272	101.495727182359	140.152176901246	157.527760302789	177.340680097814	144.578449740289	194.118558566928	113.011537631072	250.747772459224	234.571527193606
603.415	0	0	174.071585775742	36.2773763840134	40.2301198921708	8.39441334539563	6.66512642626429	43.5224422994894	33.8382701386979	-0.647097046560428	7.64254526018392	31.8801809967211	1.7452740309451	-16.7676053470459	14.3695874077438	-3.07724422616128	-1.95433813941712	15.2825221184099	20.8534991239994	26.3111482935862	28.0233665375664	19.7946616002273	10.3581950038594	17.308341111821	17.5546611092543	21.4872861986092	15.9658321849333	12.2644936646195	22.5745724439494	22.7020734243584	22.6696409138304	13.5143071762293	22.548515160484	34.2339798668931	40.7756671906273	41.7001477058315	49.6616389409912	34.0960921348413	38.6694354892458	48.7329148418935	40.7733274261707	50.737822669464	42.2107152542125	55.8081522040104	56.2200139192734	44.2777256258304	62.699423538975	50.1951471833183	73.670726720782	70.0864740581756	57.5798867626515	57.8322339871704	71.2078130499759	75.8239588414457	71.2558812254136	75.2117913734418	69.4787131820297	65.0305872119699	0	0	0	0	125.079356675166	110.622263962064	126.21513761194	127.973020461996	153.340154309596	152.454339416623	194.266303409966	124.78467724326	155.714268409126	187.32578451551	197.700829450831
606.753	0	457.702965029469	22.9184115105549	-13.2547689384264	-7.06179724146887	8.43668676667262	22.9435179709723	29.3000192069437	8.30475520740076	10.6722103192005	-12.168300209129	-16.6045880252693	2.3548243005535	11.7507005689936	6.41790391467995	13.2492797754143	11.6612669758841	6.50475306419537	19.1219825929954	13.6285796462992	14.4224787229037	16.4859295066648	14.7917751076065	13.817312838328	11.3464247698024	10.6446477435305	15.5627220319513	23.0046385701919	19.6181127644877	22.3225722207155	10.3589964274861	34.8331589335316	14.6428559253823	24.1851372459049	27.3601883091143	40.1866910743164	15.9133156982618	36.7881491075485	38.7682564141041	40.3838715670419	42.4753766880155	38.3306048065795	56.5533577915258	43.8341286515478	40.6470074997301	35.0615272701336	51.8552772123299	42.1629694856046	48.0748228263635	58.2254599567471	54.7277176939348	58.2852826405961	62.1671604019725	72.4253037373019	62.812049765308	64.4487674385588	65.9148110991769	60.2337230928335	0	0	0	0	95.1018396230365	95.9273109208065	100.727948044193	109.051979973399	156.451927918818	145.130116630943	134.283430301167	183.189460416415	164.513034079572	224.792681559457	174.651124010481
610.092	872.786529224379	26.2435547279406	1.75504734548687	4.07006871611667	-3.17353562883913	30.7110362083281	-14.1137144812442	8.59792661180182	-25.6784800848913	-9.34553475532426	2.54980940079451	10.4870538157339	-15.3009809464675	11.7829816106441	6.96030475589343	-3.55461830827716	-15.1328966067413	0.470725059835225	-4.01400260293632	-0.0243410471486251	-7.67661024019563	6.34834722460974	3.57136381104091	5.89581196342544	14.4111448234639	8.98047845206691	8.13807793073008	10.1777836037997	15.0759521547115	14.1796542393477	9.38080942526468	16.0819635186899	21.7116138617117	25.5672466444105	20.0137239021267	25.3473318148859	26.151001383965	8.82761535730906	32.3999101629452	28.9414012311509	24.9224134113432	29.0376212296723	26.7011489302216	33.9499942797331	38.0230121954249	34.5186758702671	41.6065148067737	38.1531675863306	54.26063417036	51.4196055285343	48.65371879624	47.0201920619775	55.1690666564794	48.0167174598529	52.1905400571329	68.5101894597993	62.0169122994466	0	0	0	0	135.303312892065	68.3564368366218	95.6548193118353	93.0066544827259	92.2253833384663	74.8512274466387	110.267416392227	104.31339844775	108.973316683339	80.6607244348344	191.1876451194	163.558595257131
613.431	191.39272346957	65.8443245308315	26.6011523548465	9.97428834368815	5.68909838770093	-2.27268011738174	36.3270300325997	7.17212194671429	8.34694444195971	12.0204616310858	28.2629073795708	13.5504463831847	28.7888754005293	19.0750842760358	13.914295176922	23.0012485146895	23.8939665110414	19.9984417177644	28.059174358597	35.825210412869	29.336098143585	10.5385186594336	19.1564310524127	9.13486638776873	12.5239666145494	16.4842840455912	21.7195833680766	20.3598227298696	17.8610383919047	22.9798429933465	28.5372687706877	24.6410897043896	27.735162027557	34.3795837703887	26.111719340105	24.0167722614121	35.9556886194723	37.8115192632327	22.6465857302889	46.2057762410506	52.9732036134858	32.5344506702972	49.3316063266924	51.3974953704545	45.1807719779987	46.7228622076517	52.2398220320567	53.9029375618543	48.7890503422309	64.055230779716	47.4154617583091	57.5224785626682	70.0617299489306	71.3371640925518	62.5979060969061	72.6244145567719	75.9005356083866	0	0	0	0	105.708177410146	77.3242285790146	108.955992717832	100.835103279647	127.700260848141	148.485838395384	144.199536743287	183.171893157529	121.777538922537	157.965611814458	113.7790683909	228.763607162847
616.77	52.0189534527417	10.4617842593836	31.3281588154024	-19.2720177056948	3.1869948285652	3.83863104172753	14.3031493895038	-0.0138693160134707	-0.714163773755047	-8.82561382980778	-7.80910801896318	-6.87609669128227	-25.0165246681062	-18.2194727635937	22.7257316276036	5.67314868655304	-4.96934319251501	12.7409420244203	6.28960012708961	0.829394373270238	9.73429512090815	4.92583798588305	3.97079813181902	12.8386022819814	22.2605067947008	6.88179059565967	12.8289495694052	15.570146115629	16.5362060056351	13.0845110449712	21.0260175286021	24.4408915974113	18.7636567223307	18.9256677510672	21.9137587895327	17.7781309259444	26.4937997797771	16.2119241986753	25.1727722567969	19.1708342208942	23.2145123075553	39.3474545075954	22.2375312806251	32.5840991116394	34.0143169825527	35.3004493118781	36.7260790883575	41.2166488790898	41.0722464620091	42.42216574745	44.6247713922913	35.7066963935639	46.5266844499575	45.3069796901456	50.3768037391263	45.8337550624979	51.4434551568614	0	0	0	0	58.3329100621413	53.5111401245624	76.426828282833	76.1434814406998	89.7309432993797	124.79306857986	100.563116380876	115.096853510336	95.6700150866325	126.708344215111	167.903073528851	118.561036885743
620.109	54.1657748984474	30.3601525393296	32.8772483640452	27.7377254731857	29.3988440346569	55.4997902156373	-6.51904393836085	23.2243501813314	4.28836016691965	28.2907309514699	3.10288480829995	42.9101821375196	44.6314816271004	11.1525969614918	-17.4189048728901	20.9892106460131	-0.645273803188229	19.7158603409144	12.1102557234079	11.1188309910029	13.4734196674615	12.1423420628998	21.7706551377824	21.3062077349507	8.73001309628256	10.2773784338591	17.1722498153751	17.151878347769	14.4025018004043	21.8917084204169	29.0249156692886	34.9039853041685	35.819219785026	17.1527488451702	25.3493335947975	41.3178633199464	20.7378449169838	31.3474455641626	43.0738340370106	40.8741747044126	42.0823208165922	37.1274644247042	54.728090585828	54.3423254790259	45.6460403148865	53.4795129787129	51.4672277721173	57.0063896066611	67.2254459730999	68.0272287772384	66.0955141821978	72.4706578282264	54.624584223317	65.8377745225926	68.9003496654162	71.2938939897193	0	0	0	0	142.680696561787	68.0761849845112	96.0228079480597	93.357667104385	117.468598409581	94.6249856836185	152.33658805728	206.126052243336	217.158553219437	124.003252070125	221.720144344771	213.546748338214	25.11120623561
