Sample - Blank	600	595	590	585	580	575	570	565	560	555	550	545	540	535	530	525	520	515	510	505	500	495	490	485	480	475	470	465	460	455	450	445	440	435	430	425	420	415	410	405	400	395	390	385	380	375	370	365	360	355	350	345	340	335	330	325	320	315	310	305	300	295	290	285	280	275	270	265	260	255	250	245	240
nm																																																																									
213.328	0	0	0	0	0	0	0	0	0	0	0	0	0	0	0	0	0	0	0	0	0	0	0	0	0	0	0	0	0	0	0	0	0	0	0	0	0	0	0	0	0	0	0	0	0	0	0	0	0	0	0	0	0	0	0	0	0	0	0	0	0	0	0	0	0	0	0	0	0	0	0	0	0
216.504	0	0	0	0	0	0	0	0	0	0	0	0	0	0	0	0	0	0	0	0	0	0	0	0	0	0	0	0	0	0	0	0	0	0	0	0	0	0	0	0	0	0	0	0	0	0	0	0	0	0	0	0	0	0	0	0	0	0	0	0	0	0	0	0	0	0	0	0	0	0	0	0	0
219.682	0	0	0	0	0	0	0	0	0	0	0	0	0	0	0	0	0	0	0	0	0	0	0	0	0	0	0	0	0	0	0	0	0	0	0	0	0	0	0	0	0	0	0	0	0	0	0	0	0	0	0	0	0	0	0	0	0	0	0	0	0	0	0	0	0	0	0	0	0	0	0	0	0
222.862	0	0	0	0	0	0	0	0	0	0	0	0	0	0	0	0	0	0	0	0	0	0	0	0	0	0	0	0	0	0	0	0	0	0	0	0	0	0	0	0	0	0	0	0	0	0	0	0	0	0	0	0	0	0	0	0	0	0	0	0	0	0	0	0	0	0	0	0	0	0	0	0	0
226.045	0	0	0	0	0	0	0	0	0	0	0	0	0	0	0	0	0	0	0	0	0	0	0	0	0	0	0	0	0	0	0	0	0	0	0	0	0	0	0	0	0	0	0	0	0	0	0	0	0	0	0	0	0	0	0	0	0	0	0	0	0	0	0	0	0	0	0	0	0	0	0	0	0
229.23	0	0	0	0	0	0	0	0	0	0	0	0	0	0	0	0	0	0	0	0	0	0	0	0	0	0	0	0	0	0	0	0	0	0	0	0	0	0	0	0	0	0	0	0	0	0	0	0	0	0	0	0	0	0	0	0	0	0	0	0	0	0	0	0	0	0	0	0	0	0	0	0	0
232.417	0	0	0	0	0	0	0	0	0	0	0	0	0	0	0	0	0	0	0	0	0	0	0	0	0	0	0	0	0	0	0	0	0	0	0	0	0	0	0	0	0	0	0	0	0	0	0	0	0	0	0	0	0	0	0	0	0	0	0	0	0	0	0	0	0	0	0	0	0	0	0	0	0
235.607	0	0	0	0	0	0	0	0	0	0	0	0	0	0	0	0	0	0	0	0	0	0	0	0	0	0	0	0	0	0	0	0	0	0	0	0	0	0	0	0	0	0	0	0	0	0	0	0	0	0	0	0	0	0	0	0	0	0	0	0	0	0	0	0	0	0	0	0	0	0	0	0	0
238.799	0	0	0	0	0	0	0	0	0	0	0	0	0	0	0	0	0	0	0	0	0	0	0	0	0	0	0	0	0	0	0	0	0	0	0	0	0	0	0	0	0	0	0	0	0	0	0	0	0	0	0	0	0	0	0	0	0	0	0	0	0	0	0	0	0	0	0	0	0	0	0	0	0
241.993	0	0	0	0	0	0	0	0	0	0	0	0	0	0	0	0	0	0	0	0	0	0	0	0	0	0	0	0	0	0	0	0	0	0	0	0	0	0	0	0	0	0	0	0	0	0	0	0	0	0	0	0	0	0	0	0	0	0	0	0	0	0	0	0	0	0	0	0	0	0	0	0	0
245.19	0	0	0	0	0	0	0	0	0	0	0	0	0	0	0	0	0	0	0	0	0	0	0	0	0	0	0	0	0	0	0	0	0	0	0	0	0	0	0	0	0	0	0	0	0	0	0	0	0	0	0	0	0	0	0	0	0	0	0	0	0	0	0	0	0	0	0	0	0	0	0	0	0
248.388	0	0	0	0	0	0	0	0	0	0	0	0	0	0	0	0	0	0	0	0	0	0	0	0	0	0	0	0	0	0	0	0	0	0	0	0	0	0	0	0	0	0	0	0	0	0	0	0	0	0	0	0	0	0	0	0	0	0	0	0	0	0	0	0	0	0	0	0	0	0	0	0	0
251.589	0	0	0	0	0	0	0	0	0	0	0	0	0	0	0	0	0	0	0	0	0	0	0	0	0	0	0	0	0	0	0	0	0	0	0	0	0	0	0	0	0	0	0	0	0	0	0	0	0	0	0	0	0	0	0	0	0	0	0	0	0	0	0	0	0	0	0	0	0	0	0	0	680.310127537188
254.793	0	0	0	0	0	0	0	0	0	0	0	0	0	0	0	0	0	0	0	0	0	0	0	0	0	0	0	0	0	0	0	0	0	0	0	0	0	0	0	0	0	0	0	0	0	0	0	0	0	0	0	0	0	0	0	0	0	0	0	0	0	0	0	0	0	0	0	0	0	0	0	0	-16.0702113246066
257.998	0	0	0	0	0	0	0	0	0	0	0	0	0	0	0	0	0	0	0	0	0	0	0	0	0	0	0	0	0	0	0	0	0	0	0	0	0	0	0	0	0	0	0	0	0	0	0	0	0	0	0	0	0	0	0	0	0	0	0	0	0	0	0	0	0	0	0	0	0	0	0	320.526026615732	27.7317332918735
261.205	0	0	0	0	0	0	0	0	0	0	0	0	0	0	0	0	0	0	0	0	0	0	0	0	0	0	0	0	0	0	0	0	0	0	0	0	0	0	0	0	0	0	0	0	0	0	0	0	0	0	0	0	0	0	0	0	0	0	0	0	0	0	0	0	0	0	0	0	0	0	1843.1119229843	33.8485836722311	-90.965925977492
264.415	0	0	0	0	0	0	0	0	0	0	0	0	0	0	0	0	0	0	0	0	0	0	0	0	0	0	0	0	0	0	0	0	0	0	0	0	0	0	0	0	0	0	0	0	0	0	0	0	0	0	0	0	0	0	0	0	0	0	0	0	0	0	0	0	0	0	0	0	0	0	94.6734527123037	174.555017452276	-39.1656704827379
267.627	0	0	0	0	0	0	0	0	0	0	0	0	0	0	0	0	0	0	0	0	0	0	0	0	0	0	0	0	0	0	0	0	0	0	0	0	0	0	0	0	0	0	0	0	0	0	0	0	0	0	0	0	0	0	0	0	0	0	0	0	0	0	0	0	0	0	0	0	0	775.478688379599	29.5218250070698	-14.0528615431683	-243.661550027993
270.841	0	0	0	0	0	0	0	0	0	0	0	0	0	0	0	0	0	0	0	0	0	0	0	0	0	0	0	0	0	0	0	0	0	0	0	0	0	0	0	0	0	0	0	0	0	0	0	0	0	0	0	0	0	0	0	0	0	0	0	0	0	0	0	0	0	0	0	0	2959.21889350555	94.4439062902381	75.8487793769879	-106.293466206458	-170.742501951158
274.057	0	0	0	0	0	0	0	0	0	0	0	0	0	0	0	0	0	0	0	0	0	0	0	0	0	0	0	0	0	0	0	0	0	0	0	0	0	0	0	0	0	0	0	0	0	0	0	0	0	0	0	0	0	0	0	0	0	0	0	0	0	0	0	0	0	0	0	0	307.529894802043	109.679289019426	150.140548909619	8.47702164339144	-92.7867954434961
277.275	0	0	0	0	0	0	0	0	0	0	0	0	0	0	0	0	0	0	0	0	0	0	0	0	0	0	0	0	0	0	0	0	0	0	0	0	0	0	0	0	0	0	0	0	0	0	0	0	0	0	0	0	0	0	0	0	0	0	0	0	0	0	0	0	0	0	0	1326.95080763396	28.0547508791473	33.7165529402602	68.8417622229538	-271.450117709849	6.3543558304212
280.496	0	0	0	0	0	0	0	0	0	0	0	0	0	0	0	0	0	0	0	0	0	0	0	0	0	0	0	0	0	0	0	0	0	0	0	0	0	0	0	0	0	0	0	0	0	0	0	0	0	0	0	0	0	0	0	0	0	0	0	0	0	0	0	0	0	0	3470.8693109754	179.451470767922	83.7798281923651	117.997574645342	0.606115850520892	0.0302524153775656	-45.9024087629647
283.718	0	0	0	0	0	0	0	0	0	0	0	0	0	0	0	0	0	0	0	0	0	0	0	0	0	0	0	0	0	0	0	0	0	0	0	0	0	0	0	0	0	0	0	0	0	0	0	0	0	0	0	0	0	0	0	0	0	0	0	0	0	0	0	0	0	0	489.386493764424	105.906785790448	131.020311304043	135.119136249346	-150.566097609769	-24.5364638538848	112.728627059561
286.942	0	0	0	0	0	0	0	0	0	0	0	0	0	0	0	0	0	0	0	0	0	0	0	0	0	0	0	0	0	0	0	0	0	0	0	0	0	0	0	0	0	0	0	0	0	0	0	0	0	0	0	0	0	0	0	0	0	0	0	0	0	0	0	0	0	1495.27526179987	129.143897486808	123.299522493525	146.537771338875	-21.0265941087562	-0.826854868505284	184.65979435447	149.893685528819
290.169	0	0	0	0	0	0	0	0	0	0	0	0	0	0	0	0	0	0	0	0	0	0	0	0	0	0	0	0	0	0	0	0	0	0	0	0	0	0	0	0	0	0	0	0	0	0	0	0	0	0	0	0	0	0	0	0	0	0	0	0	0	0	0	0	3241.50314602544	182.196843176371	178.948780697261	179.023302995109	124.072555535963	-72.6994800852991	109.392332412458	-68.7980553600758	-72.7577338274669
293.397	0	0	0	0	0	0	0	0	0	0	0	0	0	0	0	0	0	0	0	0	0	0	0	0	0	0	0	0	0	0	0	0	0	0	0	0	0	0	0	0	0	0	0	0	0	0	0	0	0	0	0	0	0	0	0	0	0	0	0	0	0	0	0	0	565.823970924606	272.811409938748	282.013937528672	261.563820288755	154.300423022919	170.298707013414	49.9180734202387	237.639832845282	73.9208478931836
296.628	0	0	0	0	0	0	0	0	0	0	0	0	0	0	0	0	0	0	0	0	0	0	0	0	0	0	0	0	0	0	0	0	0	0	0	0	0	0	0	0	0	0	0	0	0	0	0	0	0	0	0	0	0	0	0	0	0	0	0	0	0	0	0	1552.09218768732	237.87490232734	341.244072790013	340.548249868006	332.320788722871	185.344443835655	225.661073293795	273.988303804464	193.014196893025	262.516094854075
299.86	0	0	0	0	0	0	0	0	0	0	0	0	0	0	0	0	0	0	0	0	0	0	0	0	0	0	0	0	0	0	0	0	0	0	0	0	0	0	0	0	0	0	0	0	0	0	0	0	0	0	0	0	0	0	0	0	0	0	0	0	0	0	0	173.011775171732	300.089343099828	349.16690492761	411.033402322275	285.848810575907	267.527214645235	249.338263238202	123.475162814722	236.134460321675	145.949810869495
303.095	0	0	0	0	0	0	0	0	0	0	0	0	0	0	0	0	0	0	0	0	0	0	0	0	0	0	0	0	0	0	0	0	0	0	0	0	0	0	0	0	0	0	0	0	0	0	0	0	0	0	0	0	0	0	0	0	0	0	0	0	0	0	575.915396431764	162.569943879285	274.037659910989	416.012400313182	376.165342356873	308.001543739196	308.91045643451	236.731257176689	206.450809281419	91.8856329135005	148.271594317751
306.331	0	0	0	0	0	0	0	0	0	0	0	0	0	0	0	0	0	0	0	0	0	0	0	0	0	0	0	0	0	0	0	0	0	0	0	0	0	0	0	0	0	0	0	0	0	0	0	0	0	0	0	0	0	0	0	0	0	0	0	0	0	1673.81867712779	74.1287168700296	183.011576522145	312.032323524357	439.782184308922	397.781719677056	404.782010122065	283.924278982103	182.874369189616	142.495957345786	132.843989395483	142.235927938784
309.569	0	0	0	0	0	0	0	0	0	0	0	0	0	0	0	0	0	0	0	0	0	0	0	0	0	0	0	0	0	0	0	0	0	0	0	0	0	0	0	0	0	0	0	0	0	0	0	0	0	0	0	0	0	0	0	0	0	0	0	0	0	168.12898264019	91.2560809439179	175.128039046263	344.08527358993	421.707846457173	381.40596177312	317.493337908509	292.22584277016	260.788224460645	105.896498282835	209.777091161142	275.79390417745
312.81	0	0	0	0	0	0	0	0	0	0	0	0	0	0	0	0	0	0	0	0	0	0	0	0	0	0	0	0	0	0	0	0	0	0	0	0	0	0	0	0	0	0	0	0	0	0	0	0	0	0	0	0	0	0	0	0	0	0	0	0	728.858796514623	48.6165846577893	93.1796151736569	182.403837804554	329.293311333009	367.345303057999	416.900808232647	367.008791223609	304.193750223848	242.464561710314	213.410761915502	56.7477482428353	10.1625253571078
316.052	0	0	0	0	0	0	0	0	0	0	0	0	0	0	0	0	0	0	0	0	0	0	0	0	0	0	0	0	0	0	0	0	0	0	0	0	0	0	0	0	0	0	0	0	0	0	0	0	0	0	0	0	0	0	0	0	0	0	0	1966.29691958726	49.3564188712542	63.1303345556135	110.033036574211	225.67220557125	371.532302112053	382.604718739831	434.720710781267	400.761856886921	287.162902471655	299.015338459859	166.598334974488	141.958198347652	176.460035005682
319.296	0	0	0	0	0	0	0	0	0	0	0	0	0	0	0	0	0	0	0	0	0	0	0	0	0	0	0	0	0	0	0	0	0	0	0	0	0	0	0	0	0	0	0	0	0	0	0	0	0	0	0	0	0	0	0	0	0	0	0	283.067960185488	84.2912725536088	110.528132145933	177.396932918091	295.093362208016	304.729922749282	412.14119286891	543.725121787072	449.414480648374	372.377032450158	302.854053029932	357.45587608415	319.039714966375	273.494123047097
322.542	0	0	0	0	0	0	0	0	0	0	0	0	0	0	0	0	0	0	0	0	0	0	0	0	0	0	0	0	0	0	0	0	0	0	0	0	0	0	0	0	0	0	0	0	0	0	0	0	0	0	0	0	0	0	0	0	0	0	1365.3091785859	87.0608146302804	106.53767334904	146.797759286259	196.354863425496	291.231871989386	368.716196164577	484.143383292455	501.178545703627	475.595453586083	408.086612546702	334.67014362509	366.716291284239	357.913189173818	442.558169804163
325.79	0	0	0	0	0	0	0	0	0	0	0	0	0	0	0	0	0	0	0	0	0	0	0	0	0	0	0	0	0	0	0	0	0	0	0	0	0	0	0	0	0	0	0	0	0	0	0	0	0	0	0	0	0	0	0	0	0	2179.11947152317	149.052297464969	77.6243543106831	99.3077680289185	149.917140460223	216.822839163171	238.341512503534	345.443837070914	438.866460711554	400.469943412805	340.701346878019	278.293000634716	229.203527235768	240.600666056062	215.112410948151	113.390578256004
329.039	0	0	0	0	0	0	0	0	0	0	0	0	0	0	0	0	0	0	0	0	0	0	0	0	0	0	0	0	0	0	0	0	0	0	0	0	0	0	0	0	0	0	0	0	0	0	0	0	0	0	0	0	0	0	0	0	0	328.318644739845	61.8359162705441	76.2006305089075	120.972859874143	174.953835205602	214.949024328905	274.001017844651	392.479173791965	426.862437341971	446.675550580556	388.604426885747	361.391804514753	277.457613790848	310.958913603331	242.88669411239	239.780798341315
332.291	0	0	0	0	0	0	0	0	0	0	0	0	0	0	0	0	0	0	0	0	0	0	0	0	0	0	0	0	0	0	0	0	0	0	0	0	0	0	0	0	0	0	0	0	0	0	0	0	0	0	0	0	0	0	0	0	891.550427227489	41.302421134615	88.2494042852351	111.376869103999	149.286560296953	195.243745018066	237.469072655066	307.137002373457	376.79680653583	441.771546749917	399.590608289385	387.650550786113	337.401130901299	335.490727898327	221.911900604025	177.529168368148	236.298555393702
335.544	0	0	0	0	0	0	0	0	0	0	0	0	0	0	0	0	0	0	0	0	0	0	0	0	0	0	0	0	0	0	0	0	0	0	0	0	0	0	0	0	0	0	0	0	0	0	0	0	0	0	0	0	0	0	0	1763.93929123766	71.524072463263	53.9413453377192	94.2891934074704	146.441851172291	176.074099658023	202.897000020775	237.678084862328	344.62204628802	380.581493081169	415.635778550205	471.737252625883	368.745400055202	402.848811246855	288.812964627884	377.274003181755	276.460722072658	284.127661400679
338.799	0	0	0	0	0	0	0	0	0	0	0	0	0	0	0	0	0	0	0	0	0	0	0	0	0	0	0	0	0	0	0	0	0	0	0	0	0	0	0	0	0	0	0	0	0	0	0	0	0	0	0	0	0	0	0	266.780974135055	57.797424824533	88.2219888524208	129.412972640413	165.235546997878	226.007044379639	224.450380872468	291.236862253411	358.168619713108	402.612703080841	445.567092580034	400.81556855448	400.355205722548	360.925662227369	412.363309966775	329.594381481911	392.915710093242	459.385410743736
342.056	0	0	0	0	0	0	0	0	0	0	0	0	0	0	0	0	0	0	0	0	0	0	0	0	0	0	0	0	0	0	0	0	0	0	0	0	0	0	0	0	0	0	0	0	0	0	0	0	0	0	0	0	0	0	786.73555053426	33.5914276643555	63.0855436113424	81.3628309589798	138.073734014859	168.730248557283	207.390137289761	190.167253901683	279.393722543833	314.883271817456	381.715783785306	409.494704948628	398.65175622603	381.433468924196	298.260312973367	225.70440754085	366.650072929574	324.911644987454	237.701754061387
345.315	0	0	0	0	0	0	0	0	0	0	0	0	0	0	0	0	0	0	0	0	0	0	0	0	0	0	0	0	0	0	0	0	0	0	0	0	0	0	0	0	0	0	0	0	0	0	0	0	0	0	0	0	0	1701.58830049549	55.3351961228798	49.2886523301128	67.7404538454484	120.760731177004	149.539908781922	204.364224831804	236.73218801597	259.086089647342	265.682712628936	341.337601475711	379.686172121008	326.054410390481	374.244755251473	371.621981572301	370.600485450175	276.565443511862	259.68942069577	401.023973119209	413.497845931654
348.575	0	0	0	0	0	0	0	0	0	0	0	0	0	0	0	0	0	0	0	0	0	0	0	0	0	0	0	0	0	0	0	0	0	0	0	0	0	0	0	0	0	0	0	0	0	0	0	0	0	0	0	0	0	279.055588859033	45.3322951718974	64.3380057443639	86.3748962818111	117.258943052156	185.568823210607	196.963284727585	220.73426276598	272.700310747385	320.860080147563	356.548719286963	367.056954082503	378.008668300124	327.779307365765	372.090339536376	321.574318183498	263.940540638356	187.108779030905	234.233204453836	380.348481929154
351.838	0	0	0	0	0	0	0	0	0	0	0	0	0	0	0	0	0	0	0	0	0	0	0	0	0	0	0	0	0	0	0	0	0	0	0	0	0	0	0	0	0	0	0	0	0	0	0	0	0	0	0	0	837.748269276122	40.5321544423084	35.1433872610416	82.7263768413858	99.7902008020761	143.551740093195	195.541933991879	209.078326287176	264.504637742705	325.844579537734	302.812968451494	356.616855370355	388.357479334374	349.176243211289	317.032991460227	339.643977502527	263.272312875855	267.133637136203	218.71786138725	163.609662614653	265.49302551658
355.101	0	0	0	0	0	0	0	0	0	0	0	0	0	0	0	0	0	0	0	0	0	0	0	0	0	0	0	0	0	0	0	0	0	0	0	0	0	0	0	0	0	0	0	0	0	0	0	0	0	0	0	1640.73952118626	92.3171101789272	47.7587149636719	83.7345099954361	111.342718105672	144.815769478625	183.072850284122	248.133555970669	241.19201117637	301.422439443466	300.685334269721	333.523556337866	382.079985144031	355.531937959993	377.368617323651	371.283372471488	370.726221712863	323.397921013275	332.399121107365	361.959042304294	508.271063589741	438.141696944375
358.367	0	0	0	0	0	0	0	0	0	0	0	0	0	0	0	0	0	0	0	0	0	0	0	0	0	0	0	0	0	0	0	0	0	0	0	0	0	0	0	0	0	0	0	0	0	0	0	0	0	0	0	307.131018285294	34.7692932958506	64.0806856501923	79.9847319634684	132.825363117672	167.167056195557	225.902552608116	242.567745740383	277.50186957982	289.508737334698	328.076379646263	344.196815973173	350.354880078448	392.023220598142	340.377624049979	388.606006731854	396.472049582947	339.725492574656	304.047361324771	389.3594150856	393.667180810281	388.04201873896
361.634	0	0	0	0	0	0	0	0	0	0	0	0	0	0	0	0	0	0	0	0	0	0	0	0	0	0	0	0	0	0	0	0	0	0	0	0	0	0	0	0	0	0	0	0	0	0	0	0	0	0	802.702122966868	5.34185501571073	33.0297126922034	39.7435351414131	90.069097952026	126.092675479996	171.535143405681	222.926186247919	229.331740216805	298.231085370353	318.563452734675	309.059173467046	326.50288697833	303.340626578151	366.31233962927	342.233936301497	326.650081726398	284.499787636316	281.36364084938	283.913613373867	312.043824663099	390.817154266009	520.29646602567
364.903	0	0	0	0	0	0	0	0	0	0	0	0	0	0	0	0	0	0	0	0	0	0	0	0	0	0	0	0	0	0	0	0	0	0	0	0	0	0	0	0	0	0	0	0	0	0	0	0	0	0	79.8089306430392	34.006377855673	41.7651616958821	91.317283874547	115.181068855207	169.991116484099	201.385949804029	229.398900631468	280.381282826766	305.016942654125	346.266127920691	342.584063970792	348.191096523312	375.418542093191	346.00292130929	393.245713309078	345.610650387103	359.581715758706	305.553271274861	302.100968042697	259.101892717922	373.232652595224	422.027973367279
368.174	0	0	0	0	0	0	0	0	0	0	0	0	0	0	0	0	0	0	0	0	0	0	0	0	0	0	0	0	0	0	0	0	0	0	0	0	0	0	0	0	0	0	0	0	0	0	0	0	0	344.832589713673	29.4939026212622	60.4514436641227	81.1415331388433	86.1265375930902	130.771906139862	199.383168067242	206.294652969157	240.255912029506	306.615938074061	327.89197032951	352.733130747182	362.347813111259	367.436275217898	340.42744858871	344.798902272516	306.432498002923	366.787805150269	302.511305211562	312.938955858056	353.483158069147	334.513468141971	329.95257945473	512.698081871505
371.446	0	0	0	0	0	0	0	0	0	0	0	0	0	0	0	0	0	0	0	0	0	0	0	0	0	0	0	0	0	0	0	0	0	0	0	0	0	0	0	0	0	0	0	0	0	0	0	0	840.921629189562	34.9354634678362	38.8673663290209	36.7829734801584	67.4695080555734	115.089258012896	165.124841572844	197.065346545383	228.506749852973	279.124923538911	318.182116662738	358.221248114327	351.883747225428	354.844754904126	367.863567350275	382.955496380424	356.738940408971	383.317082757387	366.583462229919	325.898451054656	273.532777408741	261.683780508817	369.234513710456	423.90080975018	266.668985954885
374.719	0	0	0	0	0	0	0	0	0	0	0	0	0	0	0	0	0	0	0	0	0	0	0	0	0	0	0	0	0	0	0	0	0	0	0	0	0	0	0	0	0	0	0	0	0	0	0	0	86.0619898858229	23.5372068185332	39.31149677579	46.8817881744073	81.4881381165107	130.450121960055	174.823637171179	223.902832785822	256.558488083419	312.00418803516	334.688672677378	345.663639275328	381.167774930609	380.325031224935	369.577045885425	345.471421665813	335.567303311741	356.735932708895	349.380211835243	344.731228444973	272.298744626473	332.830045029277	416.694982963668	322.129435719832	485.456724614468
377.995	0	0	0	0	0	0	0	0	0	0	0	0	0	0	0	0	0	0	0	0	0	0	0	0	0	0	0	0	0	0	0	0	0	0	0	0	0	0	0	0	0	0	0	0	0	0	0	324.981056999267	27.4335115813671	47.1223695800697	35.22920946547	81.5546296626011	87.0586329172132	133.104255914112	183.086693167567	216.960023480893	282.877673410586	330.055884393127	363.135805522239	385.149815192387	368.711805574954	368.123677809944	365.037953293527	366.347049344829	371.34018477063	352.668232737803	326.699068059344	348.28853329684	357.128301450068	371.98768771575	436.056688277543	401.614993799441	530.824492454155
381.272	0	0	0	0	0	0	0	0	0	0	0	0	0	0	0	0	0	0	0	0	0	0	0	0	0	0	0	0	0	0	0	0	0	0	0	0	0	0	0	0	0	0	0	0	0	0	886.489362889492	19.4539625914664	17.9580682354279	29.6581373809985	55.2443794348943	89.479591760191	96.2994575179383	144.384218408253	177.992992732183	235.636258136469	258.932557268553	322.582714096497	353.62775743921	339.040715782385	388.541621505529	395.862537966047	361.583572958358	343.089243380202	320.963884837149	329.006841866735	408.434364621043	358.659820493152	381.881948434064	319.503718343198	396.845660365246	418.927272254589	318.638006983944
384.55	0	0	0	0	0	0	0	0	0	0	0	0	0	0	0	0	0	0	0	0	0	0	0	0	0	0	0	0	0	0	0	0	0	0	0	0	0	0	0	0	0	0	0	0	0	0	108.897760572807	44.4142914212057	46.3823670776019	56.7251092131834	81.6753636527524	107.010532645477	138.565087101851	164.306885026314	195.628061408621	258.73732344224	296.566663299608	351.802040621882	381.604064755958	396.151752924466	391.879440905573	377.875199049118	357.216646128083	348.358107827373	354.767179327483	351.857404732961	359.550925899567	354.836286742634	387.841124414659	498.467620318655	403.976351460804	621.906822474831	652.558252419829
387.83	0	0	0	0	0	0	0	0	0	0	0	0	0	0	0	0	0	0	0	0	0	0	0	0	0	0	0	0	0	0	0	0	0	0	0	0	0	0	0	0	0	0	0	0	0	414.781633559538	36.6206209367409	29.247392507027	50.7924342239306	78.5938866573163	86.0485015746515	112.309566825827	152.633829344224	173.773125296132	218.820643172642	252.422851914656	315.412498418613	362.017587730275	383.770681928945	392.27544148842	399.781482601411	389.880103224242	380.000419347081	368.895800304658	385.865626884503	381.456989070726	386.158887139604	392.053027997278	404.641557425259	466.780115824999	620.319145460319	449.616731990134	565.327202881514
391.112	0	0	0	0	0	0	0	0	0	0	0	0	0	0	0	0	0	0	0	0	0	0	0	0	0	0	0	0	0	0	0	0	0	0	0	0	0	0	0	0	0	0	0	0	968.886758358414	30.5914087599338	40.8874393625548	48.0845645717038	52.3368387621834	71.273132443147	100.461063918989	131.484956926216	161.511491311189	183.701866831832	224.947854180608	269.748649702651	329.354160600469	355.283542428752	371.284082102551	396.637793735349	401.373046759653	386.572803966629	371.226120061531	383.235534836479	356.86783022984	323.708937262696	360.206153102337	385.816495427729	399.065211513322	455.516058005348	420.1393012721	575.354697675388	706.828864246869
394.395	0	0	0	0	0	0	0	0	0	0	0	0	0	0	0	0	0	0	0	0	0	0	0	0	0	0	0	0	0	0	0	0	0	0	0	0	0	0	0	0	0	0	0	0	134.462467999989	21.4045847178561	32.8847898540549	25.7800881231973	57.3098129498522	103.372791325642	109.282202037297	134.359377981113	173.154490014481	191.483062781273	254.01051083885	283.760799091178	325.111186475334	367.40204291046	398.911605194384	381.285681874494	389.635360000167	399.145256896663	381.307687471438	374.023482670494	373.380488143156	386.208372914475	386.856653612315	399.618856026523	371.382154989613	351.890834347054	471.468799303503	572.597858898225	664.581786089668
397.679	0	0	0	0	0	0	0	0	0	0	0	0	0	0	0	0	0	0	0	0	0	0	0	0	0	0	0	0	0	0	0	0	0	0	0	0	0	0	0	0	0	0	0	457.465510886004	18.3913082953559	25.9605351636549	35.7191211734458	36.7754728760511	74.214411063442	65.0831839657391	121.289134239408	135.216395283837	136.896515644308	212.501009461233	229.295764249882	277.441356048115	290.021731910737	341.099261448451	355.650452765198	366.580496220824	368.061016723211	351.930391096219	353.346589818819	360.543269577192	312.998614016921	343.194960339431	324.302126415894	318.01522216218	390.774488801105	346.798908860772	463.098460526243	428.98977281459	420.248026286554
400.965	0	0	0	0	0	0	0	0	0	0	0	0	0	0	0	0	0	0	0	0	0	0	0	0	0	0	0	0	0	0	0	0	0	0	0	0	0	0	0	0	0	0	972.367931336955	16.116624803655	22.4435262738392	24.8098160025692	26.1017457474574	59.3766121299794	78.9073725467431	101.156580200268	136.102738653711	132.304519814435	173.888090110022	196.435051979403	247.504082881643	276.379927991568	309.904553229043	346.638250525295	358.828851158386	390.492281078192	375.307813149263	373.959132893853	332.797528384347	357.170475473427	363.226622031553	353.563436654587	337.36394124746	360.511641298468	354.057203469421	510.640539615457	459.665555111555	500.101060890166	577.658096879763
404.253	0	0	0	0	0	0	0	0	0	0	0	0	0	0	0	0	0	0	0	0	0	0	0	0	0	0	0	0	0	0	0	0	0	0	0	0	0	0	0	0	0	0	150.11026910489	19.0729015932341	19.8174159465384	31.7986124353677	38.593870805926	57.5378791692437	84.0173730572179	120.823478743635	148.47732619724	157.569464482813	197.678257906314	215.901529011059	257.840334188113	281.176131158684	312.799717514499	337.758200532582	381.051384486512	368.860418224173	393.4619676269	374.229224173477	368.139641436695	348.509840124428	361.849738121769	346.429155436481	374.928216325223	388.187375633819	432.470296972469	470.148389491019	519.168333430641	406.512379245907	602.764505508283
407.542	0	0	0	0	0	0	0	0	0	0	0	0	0	0	0	0	0	0	0	0	0	0	0	0	0	0	0	0	0	0	0	0	0	0	0	0	0	0	0	0	0	477.109178171271	11.784505129399	35.6583829586857	27.9895870566779	39.3137505894251	50.7978782373245	75.4695539709078	99.9259298132525	136.494736854387	134.745488828716	165.911666141654	202.039247103135	233.465609942526	267.821728569485	281.773183750177	330.960354627527	356.553243331392	362.159499860861	376.580889285155	371.272400580865	362.876902065613	342.831899615958	356.431789864546	333.065240620981	350.888204284809	351.295794340422	406.821061810444	421.210818894975	507.644589703548	475.049215597803	585.001454785217	653.060624452729
410.832	0	0	0	0	0	0	0	0	0	0	0	0	0	0	0	0	0	0	0	0	0	0	0	0	0	0	0	0	0	0	0	0	0	0	0	0	0	0	0	0	1036.57880217369	19.8192364817046	20.4334388910249	27.4948403382862	33.8509681853979	29.7108263874988	70.510793446411	107.218620459917	119.945916128187	158.856322713635	161.196618169085	185.039440325152	216.752645617826	251.562984946488	273.740173181163	283.37196826165	323.095350798726	352.367714939368	360.763613690492	376.274911230337	381.195126546926	366.254038655978	369.137899137751	348.968049918163	344.851996961099	352.639655512134	363.797154711651	451.227898381781	442.074602332046	453.762842885288	597.467391935404	666.476076759191	616.04665055331
414.124	0	0	0	0	0	0	0	0	0	0	0	0	0	0	0	0	0	0	0	0	0	0	0	0	0	0	0	0	0	0	0	0	0	0	0	0	0	0	0	0	148.593112153421	33.5879959692869	38.3190023684873	44.8881534055004	47.0703456645029	78.4222898290454	90.6214060238791	105.993347322395	144.806461148304	142.416012604312	174.672819616946	195.286876055318	230.92501649632	250.16840928703	267.099956033578	299.018853336713	329.69525758829	338.854645043723	356.290940107172	373.640878697716	342.686103784703	360.959005697516	357.994767986678	352.633712333477	360.653538259134	325.705858159593	390.928682722869	440.09369669333	494.397604374052	527.2969570506	583.001463757854	586.98354361055	802.883129591087
417.417	0	0	0	0	0	0	0	0	0	0	0	0	0	0	0	0	0	0	0	0	0	0	0	0	0	0	0	0	0	0	0	0	0	0	0	0	0	0	0	453.486374761243	0.454399083101244	12.5294360826938	21.3488401826146	23.9814844873037	42.9796617505752	59.599185332916	71.0075313385144	112.850006892051	132.218269025411	156.065334483688	184.227675922686	198.570828227602	214.590096883754	238.860509605115	277.138955812538	295.897456955415	321.84936186244	328.13366941254	338.513090198007	352.444419003874	346.287164188299	352.491388434602	345.612479630933	356.25469674423	330.295250421519	337.690585191913	395.380767187357	414.521673698693	429.511807153909	522.053107404233	550.982962811801	619.962678185672	671.315450493593
420.711	0	0	0	0	0	0	0	0	0	0	0	0	0	0	0	0	0	0	0	0	0	0	0	0	0	0	0	0	0	0	0	0	0	0	0	0	0	0	918.276965788893	37.3029953440575	13.0343393258207	41.0250197640812	47.6378278671249	43.7191002289253	64.3911797555151	70.3093628069702	86.5166012208174	125.269359324685	147.42964008407	155.268687487737	193.525956917078	207.616008547233	221.02383290307	259.555687266697	259.399168750643	297.977293069572	321.376397036048	333.300377386008	338.553190596741	336.006552003904	360.965652084823	358.305023485075	340.326686194367	343.055406082805	339.512639940556	389.650834144114	413.231909526506	418.160959475225	437.709696449547	481.747462181447	560.900441192168	508.961495680846	582.730600243825
424.007	0	0	0	0	0	0	0	0	0	0	0	0	0	0	0	0	0	0	0	0	0	0	0	0	0	0	0	0	0	0	0	0	0	0	0	0	0	0	152.781173397846	13.5974302593288	17.4545847653871	17.8457011620089	21.067794860196	39.5232252337698	47.3859512133773	75.8248042588686	78.4468110676482	123.479409891524	137.131267733461	174.874730648815	172.865056479516	205.214594136275	217.252404844665	232.54420795227	267.500321990186	282.979381976057	280.41464072968	307.69475441561	312.874778629287	342.578653405108	329.385090577349	325.58115520233	323.462379017321	332.289343118522	331.278020133384	336.848908605443	363.955724446936	405.746754461223	418.317324262834	412.325663457546	535.175967213459	474.428179927849	541.240149367982
427.304	0	0	0	0	0	0	0	0	0	0	0	0	0	0	0	0	0	0	0	0	0	0	0	0	0	0	0	0	0	0	0	0	0	0	0	0	0	406.687414632459	8.80514313252399	12.9749193610131	18.7953193950954	41.1001280831433	48.1910731166638	50.4944009281217	55.6540687351445	61.8298291728934	105.397775376176	112.823120091794	139.294034916194	168.897066514987	191.607247708276	204.614605350749	229.414971306883	253.915082119053	268.421680335639	271.204209109733	301.900190199521	302.67355845214	321.458349282206	295.568703045654	317.652077801745	310.59235256807	309.936519765925	286.695328675055	308.628076000282	327.744829325559	332.970853939713	378.671322140354	411.555688973643	485.685324129746	516.731389460196	499.672026575364	515.191441301073
430.602	0	0	0	0	0	0	0	0	0	0	0	0	0	0	0	0	0	0	0	0	0	0	0	0	0	0	0	0	0	0	0	0	0	0	0	0	756.11353175385	44.0854815501983	14.4981740811037	13.6234253025651	21.3862031491381	51.2045089850516	46.0825266740644	71.7161649835355	69.3645946368133	84.9319068493017	106.363283931401	113.926015899634	165.6766749077	189.798631595573	207.603603212197	223.898462586279	247.274733246346	260.228466083889	268.956537447333	289.250812610197	297.343438111311	304.773482689944	314.032260284242	319.88793125589	316.30027028459	320.710572322081	327.61100796173	318.618182773713	355.14226792789	351.652397330318	392.226736982898	419.444832767212	470.724114573461	484.07993372276	594.369839235481	576.946658323927	566.341704472501
433.902	0	0	0	0	0	0	0	0	0	0	0	0	0	0	0	0	0	0	0	0	0	0	0	0	0	0	0	0	0	0	0	0	0	0	0	0	121.387015560886	12.0877902809572	28.372273196843	26.9505390415138	52.0231008470364	50.0485810541931	44.2914931092296	70.1274570806338	71.9302351028397	101.953377644347	122.539268343696	135.716202625695	165.768837664694	194.736117383868	211.895130674846	228.833558321406	232.186449291594	255.082970192624	275.545468392246	294.48549125958	282.747985090297	292.764158729828	305.961762632685	300.072405177491	319.061302250686	322.926208669423	334.172300181041	332.538976368928	344.313741848793	369.927271051703	394.653636320115	475.410751284805	466.049769941619	542.338589399755	629.962199297414	704.785208222069	650.830761934864
437.202	0	0	0	0	0	0	0	0	0	0	0	0	0	0	0	0	0	0	0	0	0	0	0	0	0	0	0	0	0	0	0	0	0	0	0	310.838340727901	-21.214800381956	2.33559895140933	-8.51143922027057	-4.51262615697699	-3.53937207308654	12.45342968217	40.8606887674834	49.3430482787338	77.4484236367018	75.7391799729842	113.299036513569	129.649637112024	156.650994989339	185.244196821765	186.740360580641	189.97922434735	232.298822157026	232.321560067668	237.584540116185	253.123082013592	269.091860948964	274.691341641294	275.680433293557	277.189560624622	278.8471005896	283.735222217034	272.02793247503	258.402838730759	292.153464164521	297.351345867347	333.14830842977	322.654369840445	379.559402668991	391.510140612314	385.559719491028	269.101406698199	430.651293441515
440.505	0	0	0	0	0	0	0	0	0	0	0	0	0	0	0	0	0	0	0	0	0	0	0	0	0	0	0	0	0	0	0	0	0	0	720.379946765803	18.0359434823992	8.10061818698548	6.81905068984059	26.0777511276021	26.0399266490997	35.4010569496109	45.027414429912	50.4645212874816	70.00221810307	85.5859166019675	93.2695846754208	99.9971747993644	134.760421756979	167.390975759755	202.710749920978	201.499561866208	212.951841180038	233.144884300133	236.1485399851	263.889030363801	270.198329096097	261.712777054856	288.579636930862	298.009383709906	307.924699615266	296.673503421192	268.322897175703	297.145871422507	292.442405233673	315.808777050919	319.61743371438	328.376050690287	412.413193562683	456.477295500956	518.748432600721	485.111610846305	534.106261906676	453.12964708341
443.808	0	0	0	0	0	0	0	0	0	0	0	0	0	0	0	0	0	0	0	0	0	0	0	0	0	0	0	0	0	0	0	0	0	0	113.84339594732	15.5895651630422	18.9898096791186	25.2739591049154	22.9374720421288	31.3894050004742	44.785631659072	59.8812659678987	87.013409356818	93.3258057397754	103.015384158228	116.453718259344	142.455554021046	158.183455048029	190.405901446591	189.900013065312	207.682665038804	217.032618429484	252.605237238063	264.694786192774	261.828336279435	266.865114894758	279.225696732743	279.842376208622	275.805164660892	285.423709760908	319.323815816103	303.239702883229	272.687057698534	307.544486105279	346.153845900701	323.09840187215	406.40080691325	431.568238105279	467.442046681367	523.227940317593	562.157102946252	483.793783577566	721.647876705082
447.112	0	0	0	0	0	0	0	0	0	0	0	0	0	0	0	0	0	0	0	0	0	0	0	0	0	0	0	0	0	0	0	0	0	332.315922828108	23.4843396922623	23.9522121871078	34.9734477608603	32.9452536313677	48.5525994043521	72.2205255476279	52.56927179781	81.003395046587	62.1290231422197	106.710300076865	112.662785817839	124.087052326532	137.437361602732	172.863605988015	202.170963780642	211.407664531781	203.630528795425	221.366201642875	243.924208536121	248.058225175064	263.225002517273	263.124345982463	273.689574944627	310.937621676099	307.420400432086	294.349024372721	293.987730542599	286.395639430833	304.511350081086	313.916269909936	318.642266886039	360.454346179838	393.175769284816	432.634210199552	503.258957714029	531.940763404749	556.288124446708	653.855277147258	777.914720991486
450.418	0	0	0	0	0	0	0	0	0	0	0	0	0	0	0	0	0	0	0	0	0	0	0	0	0	0	0	0	0	0	0	0	626.824681818392	13.1504405762101	8.3620512139767	8.09806757890903	9.47801343395	17.8672670851111	22.4694050627739	26.290351028999	48.8420913310423	44.6934895474483	64.8205197957423	89.4152738246253	96.8996001624609	110.26729673929	139.404401959064	142.755476464213	164.717674691623	178.317765343637	210.259471371957	210.652684828734	225.900282096508	227.368296529135	255.068576443007	236.942691866993	260.04540930247	258.05726715892	271.313896667251	269.314622992608	251.567324572334	255.687115765592	260.857625014197	267.042754196745	297.540420893587	310.018992909643	370.750772118176	433.4913497869	461.10754295847	476.676715691115	586.685476456997	553.378126975982	498.585087834231
453.725	0	0	0	0	0	0	0	0	0	0	0	0	0	0	0	0	0	0	0	0	0	0	0	0	0	0	0	0	0	0	0	0	109.541746449845	17.764675152239	17.2081357510821	30.9312750785115	46.3015329388199	41.6988625052711	43.5530582197573	60.6359137662223	66.4838281572308	74.2683133769465	88.9668665311679	102.756501273955	97.9270371834866	118.118151399878	144.779090286856	158.588514860053	179.391076070715	203.545203975524	195.825787643304	218.424011933951	236.014789477058	235.824262416648	244.394183536131	242.418477090157	255.147684963661	265.740577113481	262.283998485564	275.029511537961	264.409058979114	264.616312960136	267.324120974165	284.048794676303	292.219254158624	350.393047525344	365.838800975606	403.523075135036	523.92574071468	509.060852492913	498.883485662239	651.767232859096	638.254924656801
457.033	0	0	0	0	0	0	0	0	0	0	0	0	0	0	0	0	0	0	0	0	0	0	0	0	0	0	0	0	0	0	0	257.579988440511	9.45676233781236	15.5403412147617	4.60241540893164	19.7438541275042	29.7260279552008	30.403324280026	48.5644993284248	53.1176038625304	54.4992845843456	61.3934002226878	84.5174247525326	86.8558525460995	121.700159243215	127.568479118236	136.924243762129	157.275100982583	186.72185353706	196.769371043956	195.294613272539	222.66207944781	219.357691393155	236.026365188407	248.376520036594	264.858883261306	249.993622292844	240.3614162494	262.276176803524	264.361301999532	274.023978582858	260.746619903644	271.249747712746	272.211480399478	303.319264244595	331.763775418615	369.859889666225	422.511983935598	489.09380787903	479.773410909141	525.511654320182	573.3896375366	524.967910406073
460.342	0	0	0	0	0	0	0	0	0	0	0	0	0	0	0	0	0	0	0	0	0	0	0	0	0	0	0	0	0	0	498.564098443136	15.2814267611932	8.7776401842627	9.2605302499651	11.2746930583398	23.6106664398366	15.7626446175903	36.0837756398813	42.8267493705128	33.2254823094314	56.4434725768322	89.121356920389	87.4264956479062	88.2936163307668	106.108626270106	123.745248365618	128.972146803548	164.902289544144	165.806709320954	185.10291946762	190.279141443379	202.96196649365	207.363419565516	222.201210442152	222.335976480366	241.485157822385	225.569217124243	252.786250225498	243.500303709017	245.803537221766	239.963417996345	235.043471465374	235.274976050439	273.35059624764	285.136084201248	288.199123583652	365.965833757975	399.949908574366	444.54482080305	447.570013835465	447.297951560938	430.843257984425	0
463.652	0	0	0	0	0	0	0	0	0	0	0	0	0	0	0	0	0	0	0	0	0	0	0	0	0	0	0	0	0	0	77.0109360662869	19.5006274080336	8.68735141347116	9.17534465092744	27.4609730129128	29.1665923823372	42.3057670465392	44.2771576711332	52.887196466269	55.937330546183	77.3232172498269	87.5688542147853	78.5157278623529	101.467454972125	116.023555695065	131.345363568736	138.386269354592	142.835420464055	175.022402565479	183.767388042175	189.496730550546	212.293737452406	201.884012729386	219.628720206776	226.613212751431	227.038549272867	232.996680679292	232.780341267905	255.582469043678	241.832870603845	255.643040419445	218.583531791785	258.248142852967	252.418385670919	291.944072507168	330.619274774298	344.530944589689	363.731089047336	456.926249525045	447.694531535154	475.935987235322	513.642539412984	0
466.964	0	0	0	0	0	0	0	0	0	0	0	0	0	0	0	0	0	0	0	0	0	0	0	0	0	0	0	0	0	202.66409849102	4.5030254642448	5.67833995923474	20.4157656614857	15.756589513906	8.96844692596077	20.1518025411244	19.5607104659613	40.5229251091764	42.0268413820475	50.7669119578239	70.6603385869552	86.6861433237588	73.7554038422304	97.4686782600824	100.306015051105	116.341208334334	135.228813331479	141.69682442711	160.907736419994	172.876674673428	182.995762360306	191.113786630311	193.849539425974	204.18714303492	205.668113489031	207.584167157786	211.938421380764	222.642109735244	214.659745481585	236.282830142202	227.084080574556	236.987533002267	224.520475972304	242.90007545596	279.643271995977	286.678898877438	332.904219059786	364.937252938336	355.671415772671	414.569803833652	447.375157436866	369.891617015287	0
470.276	0	0	0	0	0	0	0	0	0	0	0	0	0	0	0	0	0	0	0	0	0	0	0	0	0	0	0	0	403.390968085053	23.6323501353657	16.1043249183956	23.4749282918351	12.0651346614469	28.2258224751222	37.9037541814699	29.8192282227698	53.0662693165267	56.3463110489272	60.156773570041	59.9450991065316	72.3060847811109	82.6883416089886	99.2084530034751	104.473266049231	120.118056420106	134.484385147509	134.646592646093	153.71076477898	177.261710375552	179.706639656914	179.707621002497	190.469263800756	202.715908418859	199.371898941131	215.351574541947	213.676323499877	222.736900048367	211.979384609352	231.10820752228	233.520567302014	234.38593206696	232.653257480213	224.666146628005	243.499974292563	271.179159393599	321.865473677133	318.788227040375	401.53204407508	421.864073879073	501.749579916119	428.90194875495	0	0
473.59	0	0	0	0	0	0	0	0	0	0	0	0	0	0	0	0	0	0	0	0	0	0	0	0	0	0	0	0	49.4140242692232	6.79336283664402	1.87484260992197	-1.00554755172011	12.5815518766172	23.663878833981	19.4903379679335	26.1577456344039	22.730304659433	39.4517486646418	39.5595707259946	53.092389665499	46.0474377619173	75.3066916710739	80.9668918192835	81.973018037267	84.1202920738568	108.223305512962	123.898059008834	134.299934062644	152.929783744478	165.988553697114	167.230948689603	179.862180361041	172.07329341903	197.175634679769	199.079573716984	206.342604600812	208.24301472493	214.914300068029	208.839156474634	184.325588510111	204.771135735945	218.716354992337	211.668819538885	238.147185869901	259.295286820585	243.901717486556	311.333522342317	318.183275669734	397.572140105817	338.853140549543	394.254721144244	0	0
476.904	0	0	0	0	0	0	0	0	0	0	0	0	0	0	0	0	0	0	0	0	0	0	0	0	0	0	0	142.311771607871	2.97048103170282	4.47666778710688	16.1860606845793	16.4863019339294	4.38962545114478	22.9376169513899	29.6773745997443	27.804559997659	31.9270274803052	48.2039021720256	59.1011100253896	64.1906192264341	72.0664298819669	82.0641761995269	98.7681185312117	93.5651375616087	95.2009963488489	106.789775068149	130.718785636657	130.450863854964	146.620082713667	165.978653501619	175.821399611933	171.538308618348	184.381829023676	177.98472131052	189.716990891791	194.216319571848	207.180381581082	207.414929663875	206.107693129038	205.128606981078	212.971391853756	207.160449558944	205.3197741118	233.30309737359	238.028689134315	266.878416531335	327.427241106093	370.40331146505	374.949666363568	417.802382054372	467.427298950167	0	0
480.22	0	0	0	0	0	0	0	0	0	0	0	0	0	0	0	0	0	0	0	0	0	0	0	0	0	0	309.711395744393	5.38353418923138	5.95823206825837	1.15564258658819	4.13264129318418	10.3123249910996	26.0593942168265	15.9992917144666	18.9870612554833	26.7571463614218	35.0954877008607	39.6236725002176	50.9255195646836	67.3008585075755	69.4082657758787	64.5781880597124	83.058366860267	82.3770501549248	106.736333241447	106.186995419026	115.459235456487	122.612781445036	138.673845168617	160.516926649912	164.063826189238	167.369034709815	164.052721780595	176.972155500833	180.61831076876	172.848379113782	175.222548564353	191.310348055817	194.42145527118	178.272429147629	189.13879743922	202.557348818452	202.034994081948	224.068936649424	223.991074874966	251.593218428217	296.035989248374	347.246910598412	353.363594618923	375.963673744133	0	0	0
483.536	0	0	0	0	0	0	0	0	0	0	0	0	0	0	0	0	0	0	0	0	0	0	0	0	0	0	41.8213701616625	1.71039951489795	7.00706541250611	9.86488322001484	12.5268129940951	5.10129829840842	11.099338788481	9.5284605145133	24.6882028314768	29.8784828807212	38.436336320321	50.0305899400973	44.4922885906168	43.8344857684852	59.9549305680176	80.2850593525632	78.8652961581114	91.6396488036891	110.146176999047	96.2664459698206	114.703646114663	147.35383889352	144.628021299735	144.697000814912	140.956053824721	151.700942819961	162.022398227846	184.238871792641	166.089829096797	173.837333140706	178.67040482306	175.78961389318	173.041003269047	181.685394681314	187.426786540068	182.385530514033	194.699630228246	202.399096826132	232.065706781774	259.727726251058	289.844796102239	306.990497499754	354.37668376755	317.759742836417	0	0	0
486.853	0	0	0	0	0	0	0	0	0	0	0	0	0	0	0	0	0	0	0	0	0	0	0	0	0	141.488913182334	0.475610698648321	3.30650395187791	6.5160432558014	2.01829922704943	16.8886563116382	8.13262170313212	22.7198071821616	27.6793447091388	30.536442602067	31.9212441641114	41.7994613456587	44.970046926615	42.4874778948606	58.3994712766802	64.6542681126494	72.374187938045	69.1803706767602	87.3404913006257	86.1028111693808	112.262009068305	109.489646301023	110.621525759971	152.037530187356	150.332015538079	145.854320718339	152.929522344771	151.104630146104	153.191467555185	173.451004151228	165.256532176864	176.076381122203	174.682443999797	175.534741385581	174.392174159833	188.682008662991	175.840954452723	203.073729035605	205.433489882884	241.610798485184	250.348537833837	264.003009964077	303.858064557036	326.540712019508	362.584494937433	0	0	0
490.172	0	0	0	0	0	0	0	0	0	0	0	0	0	0	0	0	0	0	0	0	0	0	0	0	340.892653878214	6.18221603106752	12.154689248588	11.367812561086	3.44473792262743	12.9677413202979	3.32254341542858	13.4847174686458	18.4149335742372	28.3955920181098	25.3546547322923	31.4538333351816	49.4276215895287	51.765924254532	47.5479194991858	60.6746884553115	70.0062696890275	83.4168190930699	94.1133641473068	88.0050972871191	105.502252153822	94.5172078853034	106.778553670838	120.263883647891	140.77007466237	138.287138092108	165.833245726478	149.75247560329	151.455893609681	156.248546497248	157.960939934917	168.854745652164	177.401206602112	162.561564036895	178.237757029444	183.943750963958	174.806793233238	194.212826973744	175.185419675246	193.76803124789	209.216431570249	238.216716646656	281.066771306322	330.102235722908	299.139684452034	0	0	0	0
493.491	0	0	0	0	0	0	0	0	0	0	0	0	0	0	0	0	0	0	0	0	0	0	0	0	48.1386639183844	8.40505061114197	7.16413387197109	7.10055371174423	11.6790430146748	18.1435230775557	36.1009896400701	18.7667885320879	20.7126371908753	24.4746217355654	45.0215534247256	32.001107867845	57.7598976260672	54.6948800628906	72.6573739712492	64.7728394810018	71.3810089395534	79.006465418426	76.0236008069639	93.7283141589906	102.234521864116	114.599874204474	108.00265792757	125.822157918496	132.182597209553	151.056364243692	145.161360511606	150.096061760472	150.154641928445	145.686558492773	161.90505169698	169.776136027832	167.949729783403	173.530438405706	181.291390782474	190.490763458746	175.941369529287	169.096619854224	196.17387343556	184.65098539456	209.990409222712	248.889590553707	280.618738797722	297.823592345272	342.192812931661	0	0	0	0
496.811	0	0	0	0	0	0	0	0	0	0	0	0	0	0	0	0	0	0	0	0	0	0	0	169.528469385072	3.70011121932667	4.20207492244329	2.88105253165643	12.5093817724991	9.57283773530999	14.0991728986419	11.0986687559449	13.1966275767478	23.6149621981896	29.8516969629609	32.3713195925922	26.0773988071771	35.1555351493476	48.3923488823875	60.7742380709479	66.8492788924136	73.1868707795518	71.4948001277159	81.6874972013197	79.0806835787847	94.7513519660971	95.8397950482723	106.85655181489	106.612049604027	117.698497353922	120.313552170594	141.314273997724	141.678409984005	132.332645530415	157.901954902787	146.017085572993	145.255413896569	143.673301755444	146.310530050668	149.468550995019	153.681868991843	158.141505733197	166.428985182305	177.750252412724	204.469739959181	193.495156601572	252.790479247074	248.580715927376	304.506723762978	322.705655848259	0	0	0	0
500.132	0	0	0	0	0	0	0	0	0	0	0	0	0	0	0	0	0	0	0	0	0	0	358.858299473576	10.4685540878214	9.87235731665078	12.3853475563941	5.70371628759496	12.1422427605091	12.8128045811129	21.453812404072	28.0008023289369	24.3511373920693	28.00825272473	22.6862605713633	38.8622478804609	49.2088788912713	51.6608817043532	43.6320945756239	61.1387307310391	68.3059951920368	79.0644888621166	66.862239672751	78.3718366074077	99.289783824962	93.5278182475976	97.3353469006179	104.333724298202	119.258034487671	132.797726922522	148.758604061251	124.822938829685	133.211785732844	129.107934470971	144.094165623828	143.558499819495	152.307735532642	152.936268811277	158.846172902045	146.860323355717	149.330456045023	175.298154182394	169.541565085591	172.525683200387	189.300550872393	229.163021990184	227.351951673121	258.290483501897	273.815815572414	0	0	0	0	421.543966078332
503.454	0	0	0	0	0	0	0	0	0	0	0	0	0	0	0	0	0	0	0	0	0	0	55.6681152446653	-6.921874876217	-1.99737310382273	1.74483135055184	-0.292149051104898	7.51866121655694	11.7160500964326	10.1162408210592	15.3292357226548	15.5387226137415	32.8355776227983	40.1076724363444	36.0628863524969	47.1406615594818	36.895812274434	49.1600512877663	59.3821934268989	53.5419294113773	60.7418758921279	58.9728427205182	72.8182387339583	76.8559945509601	80.6773916598904	100.18778194741	84.3616499609573	92.3050424404746	111.74015699566	127.676420199434	139.884635220065	122.442926042251	137.416279563301	136.944163935399	126.641269197004	119.876363222613	134.359745670177	136.325424032339	145.050834861637	160.249629048662	157.262344375978	161.471230118818	156.606584039765	180.565636482395	180.92867944279	216.685919370295	222.626460091487	267.551196246773	0	0	0	0	177.019417824617
506.777	0	0	0	0	0	0	0	0	0	0	0	0	0	0	0	0	0	0	0	0	0	153.388669483125	12.5404059621262	14.6726558648428	11.5642159898875	11.2021791872191	19.6497798835855	9.45458802018663	16.5878224474932	19.1857655475084	23.4575104709751	32.0930180446623	26.434881930986	28.7905757386634	35.5733516088811	35.8227591747555	41.4951012087903	57.4903981444026	53.7729080439963	48.0529091214009	63.479536583836	67.5771045387018	74.4188480745011	87.5337126294805	109.343502735063	100.243684142212	110.531878062855	102.213434188179	122.917914161976	116.935833808592	111.853609034993	122.642074305107	120.788726729289	118.383634018356	124.911114476314	135.586002889012	130.134875093283	135.395650881652	135.958993089866	133.822868532237	151.684907904687	150.463506364734	166.78885505691	177.153750332641	187.425526299792	208.040029422119	225.057853646016	228.208545478825	0	0	0	0	311.510778410987
510.101	0	0	0	0	0	0	0	0	0	0	0	0	0	0	0	0	0	0	0	0	363.003771329012	6.52725412901973	-5.0336462687485	6.74770140212653	3.50302573053523	9.81092942833721	3.92999129780317	12.4892050444136	18.1215044653618	23.4500582789178	24.9938293262796	16.3905580205024	24.1884279592107	32.7892440257975	45.4046128047112	47.9935485987607	53.8409550494824	47.3787000118249	58.891166762943	53.962829109901	67.032098190098	65.4603964657353	71.6929763138392	79.0622086760387	64.8815863352276	79.3794022320604	90.8577934547253	107.45603378856	112.914736446301	104.879790428416	111.738572509498	114.469102048275	117.389422875663	121.285534952345	124.622486072583	131.294350797389	126.946286876991	129.293239726622	132.883152092833	134.334962376011	134.212968128788	133.931945929226	155.150957528932	165.846739913836	166.033500116846	213.35901331219	221.032609852066	0	0	0	0	317.89314487718	207.689588517266
513.425	0	0	0	0	0	0	0	0	0	0	0	0	0	0	0	0	0	0	0	0	54.0118607574424	11.5230925225934	7.22037493116382	-1.30663115236202	3.32252897224173	10.0240329098527	0.89326915874308	13.581939406859	9.24838567202393	12.5058033995512	15.4364129645774	17.6046899453885	25.6005316883774	27.0436256017374	38.9140236168764	40.2915441877976	26.0662297914459	45.1176941668181	50.3531077930051	50.5972288002079	62.4543852514151	58.2443580639015	74.2673031668929	61.1951380900999	71.5209972746021	78.8439615728811	81.7874911150976	94.2291301210236	97.8704328926026	92.9893862098804	108.520943447044	110.570580590181	101.551018495306	107.709187070307	101.566539863972	116.433195284961	110.696651065134	118.228384589527	121.105986657084	113.050616817788	118.51961015543	139.763990219277	129.955087549452	156.201264380517	175.537139874751	181.10075883974	195.627928816589	0	0	0	0	191.53771886058	298.554046887685
516.751	0	0	0	0	0	0	0	0	0	0	0	0	0	0	0	0	0	0	0	179.043454020828	5.03271943341263	-0.0126540501733308	10.5819495179012	9.72277898345988	10.6275104169062	8.43554856788686	17.6644742013362	11.5770250559354	19.1540295821009	21.5114465769534	28.478360137511	23.5308151800529	31.6250101186289	25.3468750202514	39.6988902972658	37.9194277051502	43.0460021933698	61.3818775827242	76.6420849127715	73.5411702000925	74.3530537792801	75.4315761795728	72.6578556308745	71.5285663120218	91.0445156694597	87.8977996512513	82.2794964342304	93.7897676672207	105.124228314655	109.438881725689	101.013633232366	109.618800721872	106.322934581492	103.815784287405	118.143515867175	120.249411519359	116.068094671907	132.609965156135	125.942205664507	134.477223467955	129.415200547211	135.359980943212	128.067563289483	169.882425122323	158.060903558669	212.895463347991	228.697296230278	0	0	0	0	316.327840561378	236.464123780765
520.077	0	0	0	0	0	0	0	0	0	0	0	0	0	0	0	0	0	0	367.134345907244	-6.63120631311381	-0.382381942049169	6.48411307275375	9.57340700139994	3.7362492891999	6.87294205019147	8.77903626372154	6.51137169588515	12.7405953734267	12.7075529351054	21.2181618440924	19.9903491186883	15.60545426236	33.6192554237564	39.0833341528545	27.480239245353	39.9872001650162	39.7282050865551	54.3647679106541	51.4846123268512	63.2004921171771	68.6358094631956	58.8949038537678	68.8871290870888	65.5645049020932	64.3409282628016	72.1430307828748	88.9843489626643	85.9095698214508	101.619092183716	96.0250265848826	87.6699155310015	103.334875983022	104.536207974595	108.167596123568	111.183298000302	103.349855110033	113.057682157199	113.123977081739	107.562195792163	120.748545235458	139.613656449904	135.255853466129	145.470679893374	152.44893247703	170.787201756072	181.249379176763	0	0	0	0	287.028523273378	259.945239752491	370.007829069391
523.403	0	0	0	0	0	0	0	0	0	0	0	0	0	0	0	0	0	0	38.5336271612592	3.09582923301114	4.39358068963946	-6.90044295879383	-0.969926535778853	5.10081696858104	7.6389777434761	10.3899461751922	12.2881116222784	7.57747647274951	14.2706487626014	18.1634485491365	17.6071811104243	29.4179782159656	22.8240551225187	30.118075004778	34.7319375909486	47.1018962816495	40.0150996834005	48.8617188292006	47.3003127564825	37.7003796771169	32.9546570686024	53.9626624876977	65.059152909397	71.2665256849364	78.2158182518477	67.3988472757829	79.9319092323048	96.2806329244376	91.3865472672842	101.064467940591	85.240632787893	90.1233078878744	87.7524788156941	101.357237653289	98.6312965879522	98.2823346884486	100.987422383758	111.073270528031	107.691035255586	116.523755148207	119.651785962099	111.095551760209	132.292723465431	136.945934928677	152.543344248273	181.26114201646	0	0	0	0	211.274786097052	264.52648676285	242.0167122503
526.731	0	0	0	0	0	0	0	0	0	0	0	0	0	0	0	0	0	154.041915938701	6.84197269082672	-15.7708887260864	-0.353738525038245	3.054525436905	0.907377880281094	4.26816236749427	0.474753237652141	1.74842462572857	12.9949449350488	11.5409580777096	12.3604165039447	15.27194648562	22.6549267012341	24.5961729649811	34.3907559813383	28.3119329367104	22.1161923733694	38.6589219614199	35.2707111218629	47.6808650436852	41.5521867561945	53.2133018425149	34.7350785701645	40.991908139021	53.8430650042722	56.6246870158008	60.0849089398073	73.3076529890395	69.3871322827004	70.5532204997636	80.3582523195889	85.7447791123473	87.8723078277756	79.6737307454429	72.0739488403412	79.0020627970496	102.753915413591	83.624025366888	90.4387764517394	101.917629248728	99.6039856504492	96.3622857349225	112.990173157417	112.384075598998	120.674594401095	123.944844199703	135.05147948966	193.467585187074	0	0	0	0	143.713669571224	178.173902518238	94.1048567243738
530.059	0	0	0	0	0	0	0	0	0	0	0	0	0	0	0	0	330.734125449521	5.7333972658739	-7.56237725431809	-1.54654887992008	4.22003312945734	0.93506239664608	3.0992514905235	-3.16762231440542	15.8101121703594	12.8961283032597	6.11736668758022	17.4979662255619	13.1293306086683	14.1382445278015	18.9713838222194	21.7736053346664	24.4988443913559	20.0138852715441	22.6215783337631	28.8183862308802	37.1165803272876	39.4316887008201	27.8307981875831	53.4280120623982	44.1559955797693	55.2665692549712	55.8418455610186	71.8448179359111	47.883551923497	52.4453969336586	55.766073181037	64.3753876823423	70.544831591834	67.250431569428	79.6067805367343	75.6935256889947	83.2409845802198	84.3176522060955	76.9688585281105	96.7262287319855	88.6664499775822	100.56252840519	95.0749967623482	98.4443605018895	102.211861194189	106.601680387327	104.835716225657	107.199234676433	122.91065853255	0	0	0	0	229.190495924692	147.310607874123	109.755733724524	71.3345969911723
533.388	0	0	0	0	0	0	0	0	0	0	0	0	0	0	0	0	71.9032736276292	1.61254947545433	18.8047643021157	14.9545718168194	15.5653347174818	18.1888181301434	6.8602870785999	13.7402256344726	15.9138041523509	16.8395839297776	21.3802699228549	9.02805537200174	19.0578297914053	14.7504941491075	31.9592276498156	30.6358015635919	41.0915415263803	38.8326017396191	39.9904412540772	37.9789528144846	52.6305131731149	54.2542732194688	59.1870353856419	51.5615408130782	61.7277276082141	60.6350419332136	61.4321673667378	64.6190684547533	66.3836843525465	72.8785516641115	62.9609138002187	65.7324151215822	82.5163717861875	82.1639136595926	91.867833789343	93.1827359906659	91.3477333441038	80.9510263541559	107.696392820531	95.583731794522	102.678271089321	101.208573938083	110.519713238553	103.783333690226	126.305140286788	104.90984843059	118.843346813264	132.429415585244	136.498729693457	0	0	0	0	286.027794190503	242.627424123472	376.231386611452	308.364510519766
536.717	0	0	0	0	0	0	0	0	0	0	0	0	0	0	0	168.959926859471	18.0548166164089	34.1133580121978	13.7771073081412	15.8107685989089	4.58673369490501	26.2071665018708	19.4412029984876	-0.0177938295688102	15.0200164419927	23.0832954116653	14.1033874741655	23.0603390363088	13.6408478861873	19.7667045860803	14.9014694300442	29.4553329139498	28.201281746782	41.2342177501124	35.2448718123511	45.782553383687	36.5631414442397	52.9324000546663	44.7456432570739	49.6136187414928	61.4965980535411	56.9742381732644	56.1186165959682	58.4690117827566	65.0281463582655	64.8337382002466	65.5918602345004	76.1381172825437	72.3517987326112	70.7054697241012	86.7508767005607	78.94375290392	74.3477494802063	101.598044973166	81.5612212494989	92.982687113906	95.4973100618245	85.0472197286955	87.7193403318538	108.946883141752	94.2872990248529	105.123400359243	116.675361794968	111.358458530254	123.582159433899	0	0	0	0	227.722243629877	218.130523864561	172.477111030996	253.695632093815
540.048	0	0	0	0	0	0	0	0	0	0	0	0	0	0	343.317865977861	1.7249340037652	-11.7938967390326	8.32769695451606	-4.00732637712745	-7.68618409945357	6.10784509314049	2.67754443055644	1.73427192335159	11.0924488427147	3.60657205099433	9.32438736234645	13.6980274164332	14.4731120189812	18.4583305154695	18.0516478249903	23.7322730624865	32.8990927894656	19.7852231924716	28.3990749251507	32.3306618541029	35.4553264355896	26.4910089567449	30.41701772956	48.6388516967881	43.8486110855267	42.7299209099736	49.7915438767498	36.4498913367435	54.5891262705137	57.1743695832786	55.2001670026909	54.8150912121085	62.9725842625985	66.6826271495703	75.7628139781941	69.1407320894269	62.2303369473257	70.7242519334596	73.8590721536606	84.1934414092627	80.9785864516346	80.4091609389655	101.125425980441	77.6960349463957	94.9336327249323	92.2306940196378	96.7973019345105	106.476645070439	124.74934236808	0	0	0	0	222.125730421948	224.69833686345	182.255914012831	209.441418738731	123.091868261957
543.378	0	0	0	0	0	0	0	0	0	0	0	0	0	0	30.0711332032752	-1.84960182888999	-0.449291832832145	-1.28675299979894	4.0711457640411	-7.42294777204317	-13.6046163497223	0.661868866385363	10.2079261680258	5.63782652328672	1.93019427153442	5.07974171284437	21.1942746272751	14.2537292314223	9.94493676694741	14.2329009763191	18.2228640117144	20.0676796539064	27.1203932669275	22.3854881560837	18.8398073161433	30.8108327914585	26.380409420786	40.5012921029318	36.4804257058225	41.2098912778918	49.7715334780025	41.8182436018103	48.1486651929529	46.8656499654716	42.999402320707	56.858106021506	62.1646551110587	59.0374112335055	54.9140958485092	61.9995931707622	75.2356401007934	73.8380111069532	73.1906420047307	82.8881810802397	66.3227609711309	69.9963924190653	75.2079597223252	61.7866783473941	88.8174592081249	73.2878480022684	75.1660462107264	90.3798407320756	93.4009817255863	89.8215113378912	0	0	0	0	206.782707931917	141.615862228306	157.964063410748	94.6307567933911	228.341192159666
546.71	0	0	0	0	0	0	0	0	0	0	0	0	0	146.294587129624	-27.7897898744058	-18.0978592859162	-9.08960488864047	-12.5238873736679	-19.4351678864026	4.69125674199117	8.88765235765853	-10.8968212592044	1.68539498202417	2.97957672695683	9.9260821524959	9.8478865013612	8.4425366486133	9.30868373950625	12.2364824077805	19.1786923460095	13.5293804497617	11.6081696620635	16.8765069784602	14.811468929952	22.3709133006069	26.423317709868	31.7737691931697	19.6714962991578	27.3349171984893	32.5087737257154	32.6558967676222	57.2248501818648	42.356967269968	41.5659177258221	33.1471881755244	49.8902045522049	48.7855428241367	51.9655161823361	55.3418719427488	56.059772103531	57.8153506743013	60.6506718803798	62.9170156444915	68.032025707121	62.123991043403	68.2640501386182	66.5546640044578	84.9881320876397	75.8882066900988	72.1885195316176	85.9119868847166	91.2340973643755	88.9027762377296	85.8914970864666	0	0	0	0	161.803458083051	109.14533703596	83.155426447189	199.143961178963	18.881703598975
550.042	0	0	0	0	0	0	0	0	0	0	0	0	326.395970910555	2.02018104029631	25.2722470506578	4.27616691058942	3.61240207048261	1.70782727258054	11.1430907930031	11.0538964853165	-0.0132827011922214	0.705400959962326	19.5909540315804	9.58148792334552	14.5665346826625	6.96248725614275	4.74076751844446	14.4715247369073	19.033766736621	19.3967635480595	25.6845586593607	24.2146212918574	24.8927350496227	38.5152675511763	36.482663871385	23.7799561357443	33.7366359974593	36.9250958956576	35.0357364472299	43.2607702656912	41.2767138254889	38.1284194857243	48.9234779772219	43.6568500768136	56.3729797635919	52.7082376363956	46.5934240549274	53.8708113578423	58.4860647636073	60.117397451189	79.2953342161174	62.5391529116296	58.7139470874323	70.4198624134213	78.989702174755	69.9381701357715	80.7896935051581	76.4429480141707	92.602440928715	81.361003262695	92.6073537802498	97.1607969886661	92.8459915410488	0	0	0	0	253.716613424672	168.028392302385	133.688175202977	199.693407742031	153.660509956012	201.271223670961
553.374	0	0	0	0	0	0	0	0	0	0	0	0	43.694668028187	-20.7304475126917	-8.42089642389595	6.14248995863972	-1.82175755752852	4.29394462109285	2.46753276219045	1.58147180520794	1.83141431406665	6.2218796466353	4.21262801182748	11.9603960789245	10.2503385089097	9.83889432116341	17.6472948912798	23.7380429851081	6.87782734815629	14.9757143207149	12.4617929138627	16.6650704590901	20.0652449760314	19.6154773040994	30.9439934979356	17.9759299706417	29.8165150393073	32.5435134012884	25.600709217566	39.8477887861206	26.6443297670965	38.6729851781002	42.2813379975095	36.5301897418135	55.1523484994786	52.7500366853078	61.9756916058626	46.6530865648975	64.068976718753	45.8355054297454	56.0575207851375	58.3546029738599	64.1816833348247	64.3069618713455	54.6701550813205	74.3273241401694	68.2890663428144	67.6563635102426	66.0143863235036	66.8498597316592	58.0142945496679	95.1948503000189	74.1684302264684	0	0	0	0	125.752039499545	66.3025925975918	135.942870951491	160.125763648671	101.187229353039	119.856991291235
556.707	0	0	0	0	0	0	0	0	0	0	0	127.299760626136	-11.934389342467	-12.8737692142136	14.1566602523809	-8.96508349268795	-6.27309363383759	5.12488962995974	-1.63627772112168	8.97307748429476	16.6078146115063	-12.4859202358422	3.89115509936382	6.4826014715374	11.1798694023259	6.4339841101489	6.52399106049861	13.4005153503263	19.0202179937135	10.5909414485218	28.5796814298355	9.96030276870232	25.1976671087685	22.1726319207465	28.6573166335736	28.5541056247854	25.5439315483688	31.408455539486	45.4982298152481	21.5890564558876	37.1353087159917	37.3238961947206	31.6585946626314	37.5839410196626	25.6546184974774	47.0804898400479	37.1186215838018	42.5829160821751	49.3781286628638	62.027741082369	54.5185049829521	54.1151098287586	60.4707232052702	57.2992348109571	58.1941364945137	65.0130810131706	63.4962069397829	48.5335971816175	68.5454356866761	68.4400502022506	79.7183269500113	75.6248121508054	71.9787912353819	0	0	0	0	140.333648981461	99.1991876328097	188.711610224867	151.224370069492	89.547407669691	91.3410353349683
560.041	0	0	0	0	0	0	0	0	0	0	299.101567261455	10.1353577935467	7.51188009061047	19.0190257754779	7.85953048838182	7.00745198232306	6.25445464995264	1.27956745852539	8.56482784119262	7.01430102100589	0.365323346182671	5.15173091849141	10.8398652697228	1.60827938480984	-0.0540852869503283	17.3068780837396	9.21124605553748	13.5006314769127	6.1568836859812	14.1754592297764	10.4674142261463	13.4837092926797	28.9238875023041	22.1497464889482	29.2101208358682	38.9086115781267	14.3285352372357	37.0171209944797	33.238820071148	33.5263453302785	29.350024894835	39.7873873675637	51.6225466158954	39.1594982999161	46.2536917720605	36.4407039061317	61.7529901558222	42.2440486798777	55.9614574727163	43.4463585863978	53.6724448692324	51.6565584591747	44.9448803827684	60.7687243168292	56.7212741068261	68.1507636652476	55.7066575322189	64.8456320685939	49.1794837150579	60.811598123001	74.615958251293	65.3191262708229	0	0	0	0	177.809021966017	102.430524037114	127.853807195235	117.603162147114	199.140639704307	70.009915045596	252.328928972196
563.375	0	0	0	0	0	0	0	0	0	0	38.6940696889617	-3.9564971955731	-5.9842474208294	19.0356559276629	16.6877748454153	23.4025933675879	4.4553372984776	18.8169217363032	20.0821850081099	7.42090482618796	16.2625455349369	13.7979969479954	20.5711103212419	8.92466213936466	9.90793312754474	15.7986018237258	16.4021515020494	13.7079434938012	18.6399771567821	27.5954217636003	21.6630255648138	24.4887314534406	29.9280757865042	31.5330692653493	34.6391425560999	34.2773759069034	43.9945073429922	41.9374536698706	44.612118438396	36.8426683866913	42.3382830980655	38.4794643081806	49.4369729603414	47.8010365566877	44.5267598327994	43.3452551471187	44.9728055860632	50.7467105393376	61.1330639188794	65.0077777027931	54.3706892493656	53.4408805827361	58.4179124377795	65.6203506962936	59.1521098058106	56.6432597292391	60.2278074621145	67.9617511126594	74.6878349511442	82.6196730054643	75.2269719323973	88.6339116407495	0	0	0	0	142.078709704497	114.463007601673	162.955465456475	186.119035579389	137.37024138746	240.748560418187	273.693798212676
566.709	0	0	0	0	0	0	0	0	0	128.165646063771	-7.72120208250055	-7.46631606387487	14.2602188562974	-0.533205478453284	1.49103035130619	-4.25642738589525	-7.27547578138988	-5.21331963056005	0.432356209195023	2.01590750005818	-11.6376234290951	3.18878384675815	2.45755063488662	3.57741689457198	3.02641303222532	5.19203748559455	14.5696662224137	11.1691597548092	11.1266808272561	13.573040575002	4.99801648492927	13.7256425778085	10.7282311602961	14.0341284699974	23.7562671297881	22.1017815013052	15.8439234091262	17.9584272059516	21.1478736808432	17.6119742581693	13.0952505190123	14.9761279300714	27.4868302063995	27.6086637975311	25.4827704585282	40.4409231377705	32.7910093727226	29.0023361508721	45.8438043561055	43.428110516626	37.5860244719393	34.5299426802468	51.9119753035254	46.3884174214907	52.691662012846	37.8610762449739	49.2624362753854	58.573920769171	56.5694878344702	49.4688464094481	42.2339788061558	54.278108464224	0	0	0	0	89.327600834803	72.9070253986395	73.9755989742209	72.5330784590591	79.0221280309242	27.9861627150156	17.4968517168983
570.044	0	0	0	0	0	0	0	0	260.89382037248	11.3482478831673	12.7630812157626	36.205249999658	-16.6896698599136	22.8809122065448	-3.03785384523152	24.1791341823802	-7.41057385660068	6.62252387754685	0.406853299805283	6.06144830744656	16.0216222780077	12.8040490711633	9.96940010811953	20.9598730717726	23.9381362482904	24.7976679372694	13.037198573833	18.3155318628724	16.6498691849901	23.051710679405	28.3351457446694	15.5212563491969	32.3842599364696	29.4444686105906	33.2933149809252	21.2272121766283	31.8749211162342	28.1521122818782	30.6881094300542	33.2557216690324	23.9422512710287	49.7369740024921	39.9902708780936	46.9628616549438	40.4502962573307	45.0338533761148	46.3940779875471	42.2508508211658	45.0518168455174	48.9356422014879	47.741469756119	52.0459742110732	51.3187534115459	48.529890186124	52.9427234020758	48.1522326588857	47.1807130165436	57.5051011851763	56.0831289835988	59.7881714704362	64.3727531189524	0	0	0	0	128.451188480643	115.691964126465	86.0542078083411	116.81712348216	172.986504954147	167.621801726746	181.8417521709	261.362373921855
573.38	0	0	0	0	0	0	0	0	45.5455310206085	12.7753808924395	-12.2517643747686	2.37092114723039	3.90346310975168	3.24634760075305	-9.23161259236276	-6.80909090353985	13.5129361728471	12.4483308319724	3.38608714873616	2.83845425330564	13.0611742277887	6.10621466231648	4.71694098729547	0.836252764979689	11.8248958818335	6.20836955182132	7.3403046671099	5.19317032125113	8.00132971581537	15.1399503415578	10.4147135121593	18.2612283014856	16.7653563190391	13.7192928574833	20.5950080484064	21.9707403620951	34.9914164638547	23.9413309828992	22.9818823763411	21.3302542285956	32.8633913665433	23.9008588138714	23.9495442449808	26.5265394181932	28.6512813105518	23.576092413324	30.5377814797042	30.8372815572369	37.4791404942449	45.045296387597	53.0461940902864	32.9605160028647	43.1620607673739	48.8333355620412	53.8525910864149	47.8410636115259	41.0447003177044	39.4659880667538	49.5108270102511	52.6857503127865	54.315245792782	0	0	0	0	96.1164112163736	92.1172681635974	114.750061284629	92.356853128892	69.4824128596662	61.3062377668753	92.6200436964344	3.83762986661293
576.716	0	0	0	0	0	0	0	101.129846925147	5.89227184072193	5.06418657179954	5.46160676601907	-4.74316480629619	4.98954651149972	3.16818887455178	6.1360709003943	10.6845546550993	3.23781935056506	18.1732076190522	4.66249143642052	14.5971923950724	-1.1808427477766	10.6650517058854	-5.10508820175992	6.99098213081005	11.2602480145678	8.04788971498323	22.0124857797613	12.1347890308881	17.0679806792053	16.7222767496974	20.515126933413	20.879430015525	16.7372851809313	23.6572606212051	21.4831507162502	25.030170498379	29.7589649900412	31.0763280017194	15.7784327588664	22.4145483676969	30.5450862566906	24.6011064175018	45.0169142173625	41.0688777920943	31.2004081289891	33.0124092534035	48.085399773311	36.4624848951154	47.6548933337703	42.497744078671	50.3143902474434	48.5899143628747	43.9454724737198	49.6059469727969	45.9175773290988	53.2408017412125	53.1517256914984	53.0890900000003	40.091062729888	52.9436327802561	52.7784825202264	0	0	0	0	86.9963517702979	82.8268782221282	119.628222413099	63.6427214746723	113.637985222115	138.094034547484	114.67708704244	192.759707989651
580.052	0	0	0	0	0	0	222.272373197537	7.38566643205423	-0.00790276458776587	-5.69601955939605	-1.30249493700162	7.58951762062712	-6.18503947682768	-3.74990522612964	9.5966263582077	12.9711341593626	1.37178307007896	8.36924978391684	5.91394534533338	2.36085702350247	12.1566610854831	8.14541023688187	7.42970390969719	10.5934950976256	8.08775907166418	7.53640174388335	9.71623529860322	9.38552875996095	15.8087968853426	10.8221540689958	26.3550551460504	15.5229859815291	28.9955890940918	13.9126613612454	13.7270883260369	12.5912353596528	28.9444244859889	26.8362498836196	43.8976869736547	36.0916928031024	26.1780401502939	14.0686522480811	19.9349047786556	24.9577513474449	33.2623356181446	28.2431655676435	19.9098861606361	29.100535704112	41.6754474637303	38.3531136027916	28.8072364458882	31.6021557812295	32.7224236480153	32.392259125433	43.0213970527297	48.6632393615883	41.9886811744499	58.3858244047246	48.0758567400739	74.1556589822251	0	0	0	0	114.087976061708	89.1097055698776	88.9148180616772	93.8880326566241	101.132236586526	95.5597316650698	119.562803030724	97.5741781631298	97.2906197452859
583.389	0	0	0	0	0	0	-5.75864060229392	-16.1326395862495	-3.90713797849675	-3.72214523735497	-13.1877326570818	-6.3629416739246	-5.46060892532397	12.6547632911291	4.02333908875667	-7.16872669764543	15.5574166454492	-12.665253882334	0.855964039860014	0.0326359914447798	-9.81299016373267	6.02963530169362	8.03008215668267	2.18234482248236	10.0215461308092	1.11468850864487	6.54221383485554	8.69126448843699	6.00506718209027	7.90508647747643	0.501530557715978	8.59115524407515	5.699521537843	14.7244964381317	11.1869571452256	17.3473554315776	12.1033227384842	18.6647130623936	8.43668184277765	16.6287783523835	11.2736881576685	20.9330384426213	19.4358896774695	21.7253968649053	23.0559198681894	23.1858504297971	31.7830745305126	22.6745236201313	21.6567501192877	31.3007235592511	24.047985286935	41.1777995652292	40.797955499266	41.3155174726444	26.9104563586391	31.4617057876402	41.6423983256929	38.8138607200653	37.4550058744835	44.8013247493855	0	0	0	0	61.914222809369	57.9708307790891	95.5090652672689	106.885692750735	119.175859016116	62.383175872899	95.9364205607324	-15.2326360007126	55.2082330234152
586.726	0	0	0	0	0	81.2170578415764	4.78357027538582	-4.68573535939885	20.67300603104	3.73296520832938	13.7247641206323	12.0806060884919	7.14714682894313	-2.0641796137854	-7.9780921944023	-0.974585210212483	12.7191174402646	10.403246229045	2.48218917401754	12.2890881863812	8.24610325201688	10.1718566014068	2.68376021255791	16.1758907022463	9.46219237362085	9.24085293096658	13.0310725249454	8.43768668055203	7.60685630881736	16.9306162202197	16.0523634485862	17.3579293914096	10.42743149135	12.7889128049261	27.0177875920888	18.7430864856816	34.8021703431138	16.7233801397419	25.7874035304645	36.9725472938066	13.4529886192785	36.8413113156913	26.4218581745922	27.8994380322801	29.8912499658111	17.3441152546663	24.8598771499267	27.4815767874215	53.4683062915068	31.6571976130402	30.3775984908453	28.3245976814864	30.5786763811499	23.5840518607382	36.3924263189866	38.9892485051656	44.1707235615089	50.3052314552429	40.2379021653147	62.2135260160314	0	0	0	0	52.5462488585257	89.0324381208763	78.5198767303474	57.0722528355322	113.637987595258	110.873848802033	104.679983763915	130.864461197574	34.8407410776256
590.063	0	0	0	0	188.480236257071	10.7429496035773	-0.718952651084714	-9.38313746005034	-4.51242060865818	-18.1156048373747	-8.41545381606438	-21.9244511417738	3.29583038733777	-21.5764933395906	-6.48784030814075	-1.89473723990475	16.8510898395573	-3.92967777225772	15.0212539907464	-4.38978262667351	7.14085529361498	2.77179290046418	10.1058263214647	0.513401116430496	-5.23152967698582	2.936713165958	5.45958576394263	9.2814653735006	6.82452033800174	0.0467848649112896	1.92121575927747	9.60288038472556	8.66198853918009	12.8440469723814	14.770925676052	20.9375257596314	12.3865374258569	14.9537906075464	15.1560612340458	8.2886006007336	26.6104316228441	16.8411908782332	19.0483823487944	22.6684227515568	7.33751672623671	8.40743657699011	10.2871618205309	22.8994461754806	21.0019681145178	25.6016065832644	26.2261773654581	26.7956901999898	23.2372266768031	20.6148231864421	37.964136831347	22.0986618785631	39.9425109108511	19.6758450138769	42.4368733234817	0	0	0	0	82.2076894490629	47.5825906832946	55.2636616294261	45.2191293645593	26.7089621283014	62.4230299392747	53.5166692533026	43.2329220515498	60.9563923895738	44.7167128456875
593.4	0	0	0	0	-5.53082954461029	-2.89812110219945	-2.13419067032138	-38.625969595792	4.56223469492079	-7.63857534235883	-30.992436290426	-28.5789808045097	-12.2919801419089	-6.92410380782752	-22.2625062385649	-15.5398797859021	-22.6335925927954	-13.2258231163366	-13.0888204896853	-2.86412799296101	0.733030199564105	-10.399314659506	-11.704590220298	-3.9510334352681	0.166092552738612	0.680383737020183	-4.12804177670997	5.34768487638368	4.39581174346139	9.2189820844237	6.27329247455422	5.80154349846729	-1.48675036578648	-6.192070186047	7.62668823350712	3.38158645291595	9.02220722992003	-4.86491046224088	3.10916624767276	2.61936046429205	7.58300189438655	6.28650105305724	3.75539008343004	0.36021769049839	12.9110994348051	15.7852303915996	19.8854796836942	20.1787375110659	14.3551657492436	15.7278568373168	15.513440961082	21.1114898908963	20.108683578702	22.8108063354288	19.6299760633653	27.1824285236606	25.7443390746726	38.1308732748749	32.949802492288	0	0	0	0	64.3270455999054	40.2992096433744	19.8502269248119	41.593913382588	29.9982852792227	26.2916995931561	19.3799140773389	-22.4278978616826	44.3685938422531	-61.8775677336611
596.738	0	0	0	111.39631292034	32.0865926833478	25.8886287656131	-2.91889224246887	10.3680523871535	6.03089162539388	14.184973517542	44.4188422806968	11.2594815630434	1.14853615762116	11.8912190196486	13.368522602801	17.2300345492499	21.6228824702545	6.27926252318112	20.6088891172169	23.0132315387907	5.79152296658327	15.1941429359919	18.9356788150591	11.3383394518907	9.39887077780453	1.398344871172	4.11112040801812	4.05063761272024	7.3351759872001	11.9857131022823	20.2100603166902	6.67125610888813	20.8935693412153	20.7679305790982	8.37803481881132	20.299268892686	14.0803940369897	29.4757584899026	17.3063905457884	25.9392761340524	23.5322122790093	18.0882157801973	15.3970776384991	10.6497633200189	29.5736424156024	24.4077903799871	20.2454126137007	28.1002654037474	33.5733835531586	40.6228558926348	27.3440487297808	36.4873463164389	31.0366198639034	33.8040680126737	37.0103398768142	43.3624624682834	32.6877521868521	34.0877789069575	48.9138693240945	0	0	0	0	58.4847255182735	66.0961248919501	104.396959250452	41.4344262783214	89.4084317716527	100.434604086256	74.6509137794426	165.579532710983	83.0779540132019	84.7123111303749
600.076	0	0	224.544439164076	-4.15782160475711	2.33819305655911	-4.5273050481452	8.72908532715483	18.7857673947098	8.79483428969669	-18.9813389081977	5.71973464914354	-7.82276352120136	13.8255740971447	30.1589433189637	2.07568335225236	24.420871007339	5.23769927175299	21.3759644720123	5.23311053644728	11.2615368431902	10.5942362402909	12.3935354984609	9.81742412682365	4.87923061339261	14.826627528403	9.94252592873894	10.1169049008045	13.7388462947662	7.62599319331072	10.722804324138	8.92483054180295	15.7300129012166	21.8145476312788	16.2873026270756	11.0185344785965	23.4534872626915	14.9358656686632	23.5805667752094	20.380286509465	28.9767431722921	12.1482596722367	31.3663505387497	23.4543032676095	18.4461330434712	16.0014493401532	31.6682462755123	21.764562813811	26.6796399158518	26.9260478704496	14.3897829788638	22.3626701582331	19.2226940566343	28.0389514278987	36.9168303303692	15.8085456841894	28.0826086415549	31.5415687569824	42.4723500312561	0	0	0	0	73.7745951766664	54.8965470529613	48.5293552595669	53.3718206857292	93.5210618949772	77.3429297962795	86.0056582528552	75.4489858567462	45.5975568543575	76.6307756803195	139.578328579014
603.415	0	0	49.4292668786362	18.8530682670583	18.0390756675157	21.9056372892342	14.6452057014102	38.1825458840662	28.049146192363	3.31037247371118	-1.26795800044704	25.5261870831582	-5.20272289350824	-15.502564148593	18.9626156086179	-5.5606351188221	1.89954184402474	4.12917727851769	25.0483769955736	18.4625477052671	14.6638743266437	-0.0582129429039179	-5.69247201709429	8.13112418064945	5.61037955770867	11.2210105042861	12.6303236878102	4.71197393136947	10.6587976527102	11.8608970406284	9.24724148980543	13.1398047226643	3.46696069912803	12.2351103312224	23.1629755077867	18.2100361909827	16.3717597581052	10.2855713458155	25.1375467088268	23.530074985233	33.54226864842	15.0388952736803	27.2158942214482	26.6708760361305	18.8251702379815	16.4384963058272	22.2432098758417	17.3072455653979	27.4761914703528	33.4964941250753	24.8939768643102	30.8346380211534	30.8864236188105	29.8926961143784	36.0651468626118	24.8534285769914	20.526230435909	22.443623993104	0	0	0	0	56.2362851914947	66.7873932459037	51.8723488775481	78.5995961276901	76.9453296411152	50.9423728694397	103.991182666198	71.8299714627145	57.4226395614825	77.0763159313156	133.561880972325
606.753	0	152.812657193136	27.9551987077851	7.29905874690276	-1.53450153349296	9.11901037229178	6.60836759897077	7.77152259810132	10.9576385842721	26.3889256169576	-0.665954273118642	-15.2363030758321	19.7034729657735	16.5993546808718	23.2318676030531	7.58083953688479	15.3860558671277	11.9563741043064	24.2264783317204	5.07225157015947	11.4859106741714	14.7949660915498	19.7773409816684	15.9987120615455	7.19262058743718	0.230471663223081	5.11967629040997	9.66772278263352	9.27300849318947	13.1245761711619	6.77262091558629	17.7918836624741	22.6949448474139	12.5849485077919	16.8659980280826	32.6692432923326	10.0821312696257	14.1832251837413	22.0112813602449	26.2281550068808	27.2870660686705	21.2578612177459	30.8984372607862	28.1430728208106	23.2539766191752	23.7693554424706	38.4051346890484	28.2049451578896	28.7946896146847	27.3504300666343	35.8999908868445	20.0232336810519	30.9645218590448	29.0822868403056	32.5408034125842	37.8514477298188	31.8633101522099	31.8479614515259	0	0	0	0	47.3820315095022	31.00945285753	53.1773054359004	56.1275168375278	97.9431745011807	89.6199336681469	65.8260533697073	74.7071723232767	81.3457414462067	93.2691188940812	108.170779180423
610.092	265.49463387923	24.124958342139	12.2268974763781	18.8087426249396	14.9050430714773	45.6039129635631	27.8196551449102	9.90555693312333	6.81825492455057	17.8469605480381	3.79105755362931	25.0188108510079	-4.1251565290402	11.6534167174316	11.1239212448392	20.7002548219916	0.935398621170746	14.7553642033744	11.0257172653494	0.804622521876424	19.0599329894032	10.7130736569535	7.07208557441342	13.7103087360919	18.7961214565001	16.7933679624054	9.35652078620143	8.58971146731224	8.96759389180391	10.0699039643401	14.3311081340547	8.81051506452735	12.340229403297	13.271905134403	16.2769450848519	18.6347339272513	22.874151170587	2.62872848210328	19.2311832241763	6.89053173133462	21.8359782802089	22.4851320419554	10.7878229510657	28.5844488121752	23.9970956075052	20.3411766139338	15.5362717371574	21.1280248501339	30.1148055743136	28.3729945578625	18.0895881692708	31.3309091025159	27.2344287682687	20.9310067880922	24.1760351460445	32.8995323688664	28.6328866861029	0	0	0	0	56.874106222076	34.6844705504156	54.1490014442843	46.8109866786078	61.2378107197878	44.4273488975397	50.1709053089152	59.7974607915178	101.08513075294	56.128231396712	165.925581806785	250.833808664132
613.431	74.2734459865948	68.0452413715205	56.8954553390495	6.61084910938475	28.350373367398	15.9620091066946	26.4233672195272	26.926693801962	24.0411056166699	31.0491514971892	35.6042964633347	20.1226161274206	41.8571802906602	36.0586526633354	23.2892299536683	23.2794333385914	19.3228532944414	8.75501235177735	42.3462115287268	38.8138854971158	18.6918156997489	29.3544848348203	13.0837470820749	10.496233775037	11.580626836097	10.3088598866302	16.5333580817809	12.6651773781121	13.6519105828564	17.941672904356	17.2357000380086	20.2880821823561	30.6117039448398	31.3699836795265	13.3810250102176	20.2134982943256	20.8120091628669	24.4925292307128	11.3671808044946	33.4539258327474	26.5304368484369	32.5242332689624	27.7093249290857	29.2399544398917	18.909831473882	37.4547552600123	34.1031052747537	33.8432784822227	28.5311507406278	27.1311083302587	40.7748391338466	37.5265083535674	38.949264273516	37.9578142894682	31.3847576894288	47.3967459182693	47.5748927304638	0	0	0	0	48.5411670841403	58.4685872660987	68.0267111693491	58.5283382838364	63.2157843465146	85.9323503876044	100.152078528815	86.9966906490314	84.0651229800586	120.585949949181	117.323552970151	216.395207608852
616.77	25.7311727845446	-9.42974465323263	7.17435666993448	-6.6607914615265	19.8670337150227	-6.22213258271907	11.1982039856174	-14.4003770394759	8.32130527964153	-9.41954836203646	-14.8061271801765	-1.25472837903962	-15.3667166312681	-25.9138617118908	-6.97319218479099	7.1438937592736	-6.88217682326817	21.4912918115123	-11.1922156481941	-0.0561519229322898	5.1844492480321	-1.92617642895351	0.275345355898294	-5.32727547714824	10.3066610601389	1.93599993079944	5.19315516912425	4.43801651056363	5.52966076200894	9.78261311910062	19.3136402044189	6.69565104516914	1.28784653930607	0.648625415008033	5.17738940609726	0.980529698988875	3.4221149793495	11.469539530105	8.31805573348102	3.53247907866493	9.65744069172991	15.3179669533796	7.2885433943367	2.87077217251722	19.1788732101166	10.6279502347574	14.4807713599338	6.6078955628339	24.7937709026157	14.1916857999262	16.2003355752029	16.4455629436869	26.406283196646	11.3519689431718	15.0048010900456	16.662970545049	32.049917789345	0	0	0	0	25.2986471553958	5.50176254163678	22.9035805337541	43.8389635482637	31.8111606949367	46.7093651093761	25.4308061320577	39.1723398067774	35.7779992884028	32.6203613087812	78.8532857217454	77.3674541304002
620.109	15.8433727586263	-13.9985599609753	-9.82616382992725	-10.2786553011741	-37.3287137830555	8.58641694950399	-52.2160418528798	-0.882546112341694	-32.5488211268108	-1.65315525801978	-7.22348090442877	-12.926196200696	21.7654296928959	-25.646801702607	5.81106895695191	11.3375975759046	-12.0743978610105	-16.675092774657	5.44259361663729	2.02658016641371	2.40254012706825	-9.34142517706879	2.8326416018469	5.44677050508246	-1.74971285958854	-12.5782168963463	4.69311425932897	4.80935308667476	-1.26160686038104	4.72550302708011	12.1892425095793	13.7037122841598	10.6606313219044	-3.23871962375387	9.15899481822736	8.80936509804084	2.5419100862889	-1.55890371135597	17.2989778674092	22.8349696948731	29.1898571289341	-1.45828388940808	22.0118644657106	19.7992634273335	-1.27602038957276	17.8292194692414	18.2041921095526	12.7819820322069	6.63884165076503	32.6275805854115	36.9571629571743	15.4446482701512	24.8121329446048	24.9835735128023	29.7598615057409	27.6022523693495	0	0	0	0	57.8604843367646	16.3241168861591	31.5623414738385	33.1647536905724	53.9263806988336	47.125572392779	71.4678489325887	122.437890406325	85.3490488019359	63.3767903927076	37.5361999299988	113.530500234263	42.100791884301
