Sample - Blank	600	595	590	585	580	575	570	565	560	555	550	545	540	535	530	525	520	515	510	505	500	495	490	485	480	475	470	465	460	455	450	445	440	435	430	425	420	415	410	405	400	395	390	385	380	375	370	365	360	355	350	345	340	335	330	325	320	315	310	305	300	295	290	285	280	275	270	265	260	255	250	245	240
nm																																																																									
213.328	0	0	0	0	0	0	0	0	0	0	0	0	0	0	0	0	0	0	0	0	0	0	0	0	0	0	0	0	0	0	0	0	0	0	0	0	0	0	0	0	0	0	0	0	0	0	0	0	0	0	0	0	0	0	0	0	0	0	0	0	0	0	0	0	0	0	0	0	0	0	0	0	0
216.504	0	0	0	0	0	0	0	0	0	0	0	0	0	0	0	0	0	0	0	0	0	0	0	0	0	0	0	0	0	0	0	0	0	0	0	0	0	0	0	0	0	0	0	0	0	0	0	0	0	0	0	0	0	0	0	0	0	0	0	0	0	0	0	0	0	0	0	0	0	0	0	0	0
219.682	0	0	0	0	0	0	0	0	0	0	0	0	0	0	0	0	0	0	0	0	0	0	0	0	0	0	0	0	0	0	0	0	0	0	0	0	0	0	0	0	0	0	0	0	0	0	0	0	0	0	0	0	0	0	0	0	0	0	0	0	0	0	0	0	0	0	0	0	0	0	0	0	0
222.862	0	0	0	0	0	0	0	0	0	0	0	0	0	0	0	0	0	0	0	0	0	0	0	0	0	0	0	0	0	0	0	0	0	0	0	0	0	0	0	0	0	0	0	0	0	0	0	0	0	0	0	0	0	0	0	0	0	0	0	0	0	0	0	0	0	0	0	0	0	0	0	0	0
226.045	0	0	0	0	0	0	0	0	0	0	0	0	0	0	0	0	0	0	0	0	0	0	0	0	0	0	0	0	0	0	0	0	0	0	0	0	0	0	0	0	0	0	0	0	0	0	0	0	0	0	0	0	0	0	0	0	0	0	0	0	0	0	0	0	0	0	0	0	0	0	0	0	0
229.23	0	0	0	0	0	0	0	0	0	0	0	0	0	0	0	0	0	0	0	0	0	0	0	0	0	0	0	0	0	0	0	0	0	0	0	0	0	0	0	0	0	0	0	0	0	0	0	0	0	0	0	0	0	0	0	0	0	0	0	0	0	0	0	0	0	0	0	0	0	0	0	0	0
232.417	0	0	0	0	0	0	0	0	0	0	0	0	0	0	0	0	0	0	0	0	0	0	0	0	0	0	0	0	0	0	0	0	0	0	0	0	0	0	0	0	0	0	0	0	0	0	0	0	0	0	0	0	0	0	0	0	0	0	0	0	0	0	0	0	0	0	0	0	0	0	0	0	0
235.607	0	0	0	0	0	0	0	0	0	0	0	0	0	0	0	0	0	0	0	0	0	0	0	0	0	0	0	0	0	0	0	0	0	0	0	0	0	0	0	0	0	0	0	0	0	0	0	0	0	0	0	0	0	0	0	0	0	0	0	0	0	0	0	0	0	0	0	0	0	0	0	0	0
238.799	0	0	0	0	0	0	0	0	0	0	0	0	0	0	0	0	0	0	0	0	0	0	0	0	0	0	0	0	0	0	0	0	0	0	0	0	0	0	0	0	0	0	0	0	0	0	0	0	0	0	0	0	0	0	0	0	0	0	0	0	0	0	0	0	0	0	0	0	0	0	0	0	0
241.993	0	0	0	0	0	0	0	0	0	0	0	0	0	0	0	0	0	0	0	0	0	0	0	0	0	0	0	0	0	0	0	0	0	0	0	0	0	0	0	0	0	0	0	0	0	0	0	0	0	0	0	0	0	0	0	0	0	0	0	0	0	0	0	0	0	0	0	0	0	0	0	0	0
245.19	0	0	0	0	0	0	0	0	0	0	0	0	0	0	0	0	0	0	0	0	0	0	0	0	0	0	0	0	0	0	0	0	0	0	0	0	0	0	0	0	0	0	0	0	0	0	0	0	0	0	0	0	0	0	0	0	0	0	0	0	0	0	0	0	0	0	0	0	0	0	0	0	0
248.388	0	0	0	0	0	0	0	0	0	0	0	0	0	0	0	0	0	0	0	0	0	0	0	0	0	0	0	0	0	0	0	0	0	0	0	0	0	0	0	0	0	0	0	0	0	0	0	0	0	0	0	0	0	0	0	0	0	0	0	0	0	0	0	0	0	0	0	0	0	0	0	0	0
251.589	0	0	0	0	0	0	0	0	0	0	0	0	0	0	0	0	0	0	0	0	0	0	0	0	0	0	0	0	0	0	0	0	0	0	0	0	0	0	0	0	0	0	0	0	0	0	0	0	0	0	0	0	0	0	0	0	0	0	0	0	0	0	0	0	0	0	0	0	0	0	0	0	3158.92574176587
254.793	0	0	0	0	0	0	0	0	0	0	0	0	0	0	0	0	0	0	0	0	0	0	0	0	0	0	0	0	0	0	0	0	0	0	0	0	0	0	0	0	0	0	0	0	0	0	0	0	0	0	0	0	0	0	0	0	0	0	0	0	0	0	0	0	0	0	0	0	0	0	0	0	75.9388106146102
257.998	0	0	0	0	0	0	0	0	0	0	0	0	0	0	0	0	0	0	0	0	0	0	0	0	0	0	0	0	0	0	0	0	0	0	0	0	0	0	0	0	0	0	0	0	0	0	0	0	0	0	0	0	0	0	0	0	0	0	0	0	0	0	0	0	0	0	0	0	0	0	0	1626.7771178068	176.989083633444
261.205	0	0	0	0	0	0	0	0	0	0	0	0	0	0	0	0	0	0	0	0	0	0	0	0	0	0	0	0	0	0	0	0	0	0	0	0	0	0	0	0	0	0	0	0	0	0	0	0	0	0	0	0	0	0	0	0	0	0	0	0	0	0	0	0	0	0	0	0	0	0	8101.86513019035	104.284844649198	-290.962398801491
264.415	0	0	0	0	0	0	0	0	0	0	0	0	0	0	0	0	0	0	0	0	0	0	0	0	0	0	0	0	0	0	0	0	0	0	0	0	0	0	0	0	0	0	0	0	0	0	0	0	0	0	0	0	0	0	0	0	0	0	0	0	0	0	0	0	0	0	0	0	0	0	488.544200791206	190.326428953924	-207.984659231688
267.627	0	0	0	0	0	0	0	0	0	0	0	0	0	0	0	0	0	0	0	0	0	0	0	0	0	0	0	0	0	0	0	0	0	0	0	0	0	0	0	0	0	0	0	0	0	0	0	0	0	0	0	0	0	0	0	0	0	0	0	0	0	0	0	0	0	0	0	0	0	3315.93336047922	92.9327493209324	15.3800596133489	-589.956633089261
270.841	0	0	0	0	0	0	0	0	0	0	0	0	0	0	0	0	0	0	0	0	0	0	0	0	0	0	0	0	0	0	0	0	0	0	0	0	0	0	0	0	0	0	0	0	0	0	0	0	0	0	0	0	0	0	0	0	0	0	0	0	0	0	0	0	0	0	0	0	11297.2612847728	170.383742568338	12.6258970891533	-371.811585932388	-475.580829636182
274.057	0	0	0	0	0	0	0	0	0	0	0	0	0	0	0	0	0	0	0	0	0	0	0	0	0	0	0	0	0	0	0	0	0	0	0	0	0	0	0	0	0	0	0	0	0	0	0	0	0	0	0	0	0	0	0	0	0	0	0	0	0	0	0	0	0	0	0	0	1072.03607164432	143.152129791769	126.476226709996	-89.406002804008	78.6823101642648
277.275	0	0	0	0	0	0	0	0	0	0	0	0	0	0	0	0	0	0	0	0	0	0	0	0	0	0	0	0	0	0	0	0	0	0	0	0	0	0	0	0	0	0	0	0	0	0	0	0	0	0	0	0	0	0	0	0	0	0	0	0	0	0	0	0	0	0	0	4942.88378991679	136.642218490834	45.2341715357305	-127.14507967701	-322.472870857573	6.50645625098984
280.496	0	0	0	0	0	0	0	0	0	0	0	0	0	0	0	0	0	0	0	0	0	0	0	0	0	0	0	0	0	0	0	0	0	0	0	0	0	0	0	0	0	0	0	0	0	0	0	0	0	0	0	0	0	0	0	0	0	0	0	0	0	0	0	0	0	0	12187.3162215102	313.69582755756	182.36385683162	128.918208460671	-159.927283665746	39.2082588273851	-35.4610063761067
283.718	0	0	0	0	0	0	0	0	0	0	0	0	0	0	0	0	0	0	0	0	0	0	0	0	0	0	0	0	0	0	0	0	0	0	0	0	0	0	0	0	0	0	0	0	0	0	0	0	0	0	0	0	0	0	0	0	0	0	0	0	0	0	0	0	0	0	1589.48488999297	213.105122000582	132.480421481192	21.6401351159902	-150.650271094574	-2.08463920714347	104.102119543298
286.942	0	0	0	0	0	0	0	0	0	0	0	0	0	0	0	0	0	0	0	0	0	0	0	0	0	0	0	0	0	0	0	0	0	0	0	0	0	0	0	0	0	0	0	0	0	0	0	0	0	0	0	0	0	0	0	0	0	0	0	0	0	0	0	0	0	5180.94401734256	191.058468930261	154.57949982735	106.884186971301	-229.060759386349	-4.2399676842093	120.001112420918	72.3216052365124
290.169	0	0	0	0	0	0	0	0	0	0	0	0	0	0	0	0	0	0	0	0	0	0	0	0	0	0	0	0	0	0	0	0	0	0	0	0	0	0	0	0	0	0	0	0	0	0	0	0	0	0	0	0	0	0	0	0	0	0	0	0	0	0	0	0	11225.7418672861	444.610774299522	304.807084940245	274.924064107955	191.255570428616	-100.474031570342	146.874460693711	59.8728027164329	38.6135983169219
293.397	0	0	0	0	0	0	0	0	0	0	0	0	0	0	0	0	0	0	0	0	0	0	0	0	0	0	0	0	0	0	0	0	0	0	0	0	0	0	0	0	0	0	0	0	0	0	0	0	0	0	0	0	0	0	0	0	0	0	0	0	0	0	0	0	1773.24007380182	365.0634409714	335.362962869335	281.288092890136	47.3013500711269	147.551240801461	187.105124771847	183.351902421207	108.101407160333
296.628	0	0	0	0	0	0	0	0	0	0	0	0	0	0	0	0	0	0	0	0	0	0	0	0	0	0	0	0	0	0	0	0	0	0	0	0	0	0	0	0	0	0	0	0	0	0	0	0	0	0	0	0	0	0	0	0	0	0	0	0	0	0	0	5344.83805569239	400.518247025262	480.494560933142	499.46069212203	381.852263549512	223.555741688889	357.96982127885	343.531003094862	346.623653046187	382.703574066342
299.86	0	0	0	0	0	0	0	0	0	0	0	0	0	0	0	0	0	0	0	0	0	0	0	0	0	0	0	0	0	0	0	0	0	0	0	0	0	0	0	0	0	0	0	0	0	0	0	0	0	0	0	0	0	0	0	0	0	0	0	0	0	0	0	620.959327265221	469.272415596306	562.170420778816	534.419111998753	373.646763843116	341.59891335608	424.23965655272	342.810004299293	412.0128384815	281.810451083709
303.095	0	0	0	0	0	0	0	0	0	0	0	0	0	0	0	0	0	0	0	0	0	0	0	0	0	0	0	0	0	0	0	0	0	0	0	0	0	0	0	0	0	0	0	0	0	0	0	0	0	0	0	0	0	0	0	0	0	0	0	0	0	0	2133.08311933579	365.492085560521	557.72954764002	620.411919451365	491.553605842053	412.405125838409	447.936099094717	309.692486550519	350.38512422987	238.398441100749	379.11719261001
306.331	0	0	0	0	0	0	0	0	0	0	0	0	0	0	0	0	0	0	0	0	0	0	0	0	0	0	0	0	0	0	0	0	0	0	0	0	0	0	0	0	0	0	0	0	0	0	0	0	0	0	0	0	0	0	0	0	0	0	0	0	0	5963.47153527219	249.981437574518	441.631184863955	577.487950152625	657.9162073274	572.414819244683	585.860850536563	474.429190497262	396.828913374845	300.650030538704	275.713424793272	308.495953748034
309.569	0	0	0	0	0	0	0	0	0	0	0	0	0	0	0	0	0	0	0	0	0	0	0	0	0	0	0	0	0	0	0	0	0	0	0	0	0	0	0	0	0	0	0	0	0	0	0	0	0	0	0	0	0	0	0	0	0	0	0	0	0	629.559593164822	233.721605025193	464.23228103875	654.39478854793	670.792818249818	651.299727159681	569.848319116384	511.15431237083	384.450315286421	416.938651142485	332.605401496993	595.078917785306
312.81	0	0	0	0	0	0	0	0	0	0	0	0	0	0	0	0	0	0	0	0	0	0	0	0	0	0	0	0	0	0	0	0	0	0	0	0	0	0	0	0	0	0	0	0	0	0	0	0	0	0	0	0	0	0	0	0	0	0	0	0	2662.64112431901	152.99568159158	304.286070055849	521.400219722372	665.392882111145	736.690553831522	758.213498797642	715.074589248803	525.665208375886	514.714622631332	363.732244836202	457.118837151204	244.795852566439
316.052	0	0	0	0	0	0	0	0	0	0	0	0	0	0	0	0	0	0	0	0	0	0	0	0	0	0	0	0	0	0	0	0	0	0	0	0	0	0	0	0	0	0	0	0	0	0	0	0	0	0	0	0	0	0	0	0	0	0	0	6574.70367833215	168.758157953515	171.602791717958	295.684979668101	560.699667152645	739.956237411094	805.893158155408	797.330749703985	694.009760039911	600.150236677383	539.223367007683	435.443953149068	526.087302097071	395.168452947184
319.296	0	0	0	0	0	0	0	0	0	0	0	0	0	0	0	0	0	0	0	0	0	0	0	0	0	0	0	0	0	0	0	0	0	0	0	0	0	0	0	0	0	0	0	0	0	0	0	0	0	0	0	0	0	0	0	0	0	0	0	882.626046867244	171.073640236244	238.140750288249	408.074478936442	662.921654174516	758.263014285491	904.261700156758	932.942649248921	805.487319031151	726.192865791451	665.053883151639	577.230318575975	466.918242195001	526.163347843613
322.542	0	0	0	0	0	0	0	0	0	0	0	0	0	0	0	0	0	0	0	0	0	0	0	0	0	0	0	0	0	0	0	0	0	0	0	0	0	0	0	0	0	0	0	0	0	0	0	0	0	0	0	0	0	0	0	0	0	0	3160.63006709693	151.897873894452	186.313236699511	271.692687541023	433.844267914007	652.108747024988	827.664954448599	952.760488572872	928.537991763088	859.011990040309	653.745579009537	579.549757437823	569.606289595041	552.522600568525	440.195608784648
325.79	0	0	0	0	0	0	0	0	0	0	0	0	0	0	0	0	0	0	0	0	0	0	0	0	0	0	0	0	0	0	0	0	0	0	0	0	0	0	0	0	0	0	0	0	0	0	0	0	0	0	0	0	0	0	0	0	0	7071.16797158675	264.270523961167	156.3093462437	195.310737960104	286.704698245997	441.563429966342	651.670051951956	856.078292705902	924.176682584784	924.812222132842	740.561921569583	792.561079987358	530.826966127715	510.81136809396	440.766548140606	520.975714264102
329.039	0	0	0	0	0	0	0	0	0	0	0	0	0	0	0	0	0	0	0	0	0	0	0	0	0	0	0	0	0	0	0	0	0	0	0	0	0	0	0	0	0	0	0	0	0	0	0	0	0	0	0	0	0	0	0	0	0	1097.6327626754	135.069540568139	161.344103499267	218.692892071933	319.418258598507	458.075244300793	702.991284884186	901.903205757218	971.762070918326	952.965684985908	843.506248429293	729.214903222863	605.653868798491	517.77461719982	632.876719139139	500.741055899528
332.291	0	0	0	0	0	0	0	0	0	0	0	0	0	0	0	0	0	0	0	0	0	0	0	0	0	0	0	0	0	0	0	0	0	0	0	0	0	0	0	0	0	0	0	0	0	0	0	0	0	0	0	0	0	0	0	0	3373.16243972238	127.684828802439	166.910942766214	212.128138216504	282.852876165379	373.129835058958	531.489728505343	800.059741019948	925.631418103253	971.031879211914	906.38847943721	877.594238270308	749.568790701563	624.119114988969	717.771634811844	579.646717768665	687.994844075159
335.544	0	0	0	0	0	0	0	0	0	0	0	0	0	0	0	0	0	0	0	0	0	0	0	0	0	0	0	0	0	0	0	0	0	0	0	0	0	0	0	0	0	0	0	0	0	0	0	0	0	0	0	0	0	0	0	6706.305799602	263.150617000041	138.392414509835	181.954763949562	255.983869153615	291.807007641556	407.482946754187	551.495277051676	756.46776850391	921.312809696263	947.085276612989	963.965367550614	875.455508443484	784.047154370101	633.901443257716	601.798862307552	560.029591418479	361.293637148422
338.799	0	0	0	0	0	0	0	0	0	0	0	0	0	0	0	0	0	0	0	0	0	0	0	0	0	0	0	0	0	0	0	0	0	0	0	0	0	0	0	0	0	0	0	0	0	0	0	0	0	0	0	0	0	0	0	1113.48486148075	134.286531226541	171.448135066187	217.21843792268	288.575508529658	376.943518395548	439.296634287499	616.445087333604	822.531699497493	919.934600920967	978.387490497593	965.991465854762	846.152219288466	827.957183524231	722.474874553336	635.342363078015	612.055102654223	816.771619722294
342.056	0	0	0	0	0	0	0	0	0	0	0	0	0	0	0	0	0	0	0	0	0	0	0	0	0	0	0	0	0	0	0	0	0	0	0	0	0	0	0	0	0	0	0	0	0	0	0	0	0	0	0	0	0	0	3204.45097364813	110.231962030828	161.275375517346	214.251473859591	276.793382762257	335.1627445323	402.796657937627	484.45185907513	642.514949448794	817.161115410045	907.851198639017	964.495646311916	920.147034207514	884.993727343308	741.800914685736	651.446377122385	571.826283427687	749.158459082166	794.426702626679
345.315	0	0	0	0	0	0	0	0	0	0	0	0	0	0	0	0	0	0	0	0	0	0	0	0	0	0	0	0	0	0	0	0	0	0	0	0	0	0	0	0	0	0	0	0	0	0	0	0	0	0	0	0	0	6527.39665755047	294.638169972521	150.45556878131	182.368099718373	246.589185654021	302.960021342737	367.11963295647	441.682157522829	519.771981538595	637.216633934209	794.787983901613	905.08363010951	878.733784279575	869.804022471012	851.425167579904	752.64392822831	661.519685854195	660.924472331351	566.046389887729	758.830136345197
348.575	0	0	0	0	0	0	0	0	0	0	0	0	0	0	0	0	0	0	0	0	0	0	0	0	0	0	0	0	0	0	0	0	0	0	0	0	0	0	0	0	0	0	0	0	0	0	0	0	0	0	0	0	0	1232.31173130339	116.421894474868	170.386324052477	238.78563964235	270.837757715145	390.540940246291	398.373847108917	485.627103046593	576.858640621492	672.159201947723	821.111496676327	912.371477710517	882.006104875545	810.724884730065	731.85352307182	716.698874114678	547.860589204365	610.109308197549	722.007053654446	726.727708716725
351.838	0	0	0	0	0	0	0	0	0	0	0	0	0	0	0	0	0	0	0	0	0	0	0	0	0	0	0	0	0	0	0	0	0	0	0	0	0	0	0	0	0	0	0	0	0	0	0	0	0	0	0	0	3325.40161750974	149.461534808242	166.017663479958	209.264837614127	272.84543139964	367.229958582666	448.244842419956	499.548970872388	558.060527135077	629.717589471004	706.197103354133	840.467857586538	864.403461529991	913.93742244213	846.247425525412	790.673747127065	690.802628192375	653.763056832671	640.476255374207	671.029651933762	767.445559443553
355.101	0	0	0	0	0	0	0	0	0	0	0	0	0	0	0	0	0	0	0	0	0	0	0	0	0	0	0	0	0	0	0	0	0	0	0	0	0	0	0	0	0	0	0	0	0	0	0	0	0	0	0	6514.58736906662	349.481120452539	133.242474278828	194.566067416733	281.584996473757	361.643680359238	435.581451635753	539.124397830097	573.253957711581	648.013034565162	659.767628622822	748.382091568845	833.712820524051	874.705811941693	885.430291506866	821.521937507378	774.17974623846	740.315364001989	657.968307223403	755.908588143289	697.33646869855	770.689923454929
358.367	0	0	0	0	0	0	0	0	0	0	0	0	0	0	0	0	0	0	0	0	0	0	0	0	0	0	0	0	0	0	0	0	0	0	0	0	0	0	0	0	0	0	0	0	0	0	0	0	0	0	0	1282.99054733191	124.908773016736	175.760143961629	238.715791555187	348.984839950061	420.326786429795	507.24070581239	592.058181070402	663.000694666604	678.776765370336	722.146874430305	773.921945932282	827.573248815472	913.608288812302	880.956537503061	911.317027980365	864.155705260895	735.94505111922	727.219908422184	776.697575643352	780.903470021474	946.763470764694
361.634	0	0	0	0	0	0	0	0	0	0	0	0	0	0	0	0	0	0	0	0	0	0	0	0	0	0	0	0	0	0	0	0	0	0	0	0	0	0	0	0	0	0	0	0	0	0	0	0	0	0	3315.86953752754	83.1813168762448	129.079405622409	174.250220384644	264.859619298162	364.766675349142	482.246962553239	561.737053717383	622.770863265013	699.448480380825	734.692895278732	701.322163748787	738.040666056597	811.925640498073	855.232100097045	785.290874732772	756.348981140065	701.091210954202	692.895340405037	637.67222366618	618.692810194223	706.001501258231	943.435441215936
364.903	0	0	0	0	0	0	0	0	0	0	0	0	0	0	0	0	0	0	0	0	0	0	0	0	0	0	0	0	0	0	0	0	0	0	0	0	0	0	0	0	0	0	0	0	0	0	0	0	0	0	368.497439761705	121.993989098031	158.708290254312	238.501504502887	333.578891649499	460.419180240067	567.742729258477	634.614657298662	731.468688604458	778.892358747409	792.219316078383	818.764500533562	854.589314786561	867.464900750682	863.769937159076	932.686482330052	898.371095378144	866.431629963604	842.772614136921	889.788500789786	765.178455792763	992.157801220735	1179.50178370141
368.174	0	0	0	0	0	0	0	0	0	0	0	0	0	0	0	0	0	0	0	0	0	0	0	0	0	0	0	0	0	0	0	0	0	0	0	0	0	0	0	0	0	0	0	0	0	0	0	0	0	1364.63396546506	80.188251611456	117.302117352104	181.970120392748	240.299641962923	377.90566258594	497.807686625065	579.398299352214	676.837903972583	745.630115675953	791.825781722922	830.878675029718	790.337337175651	779.343745533934	870.7190659071	812.028495552331	783.34261044618	763.245854706853	681.85224025588	638.913697202952	734.710061526298	706.986275105656	844.702557096467	866.285714644509
371.446	0	0	0	0	0	0	0	0	0	0	0	0	0	0	0	0	0	0	0	0	0	0	0	0	0	0	0	0	0	0	0	0	0	0	0	0	0	0	0	0	0	0	0	0	0	0	0	0	3367.39226268237	144.697510195246	111.05150505282	144.152714292996	198.463409130121	291.51923411123	426.241383112657	545.789089483351	662.193227927421	759.283281774558	825.684647393087	882.361503320745	857.315330626698	881.630715699754	862.125015975685	847.638182729174	864.674213258796	836.220713610891	848.329917742562	802.57963521499	784.727236163538	760.420172086373	922.787037812516	930.420140573519	1120.03140825339
374.719	0	0	0	0	0	0	0	0	0	0	0	0	0	0	0	0	0	0	0	0	0	0	0	0	0	0	0	0	0	0	0	0	0	0	0	0	0	0	0	0	0	0	0	0	0	0	0	0	391.406337827689	67.84702795885	109.069252095139	152.491227561566	231.878999386555	344.826795577772	468.172454603058	604.140631573963	712.490983014152	834.771057907161	892.452345979725	909.564720019267	912.646648274491	875.221445176581	861.215656533393	845.871135363017	841.419657547333	806.786461915785	793.413460505821	813.899697271871	731.92094082897	745.84647050676	705.877803551575	860.094214618774	962.372358626593
377.995	0	0	0	0	0	0	0	0	0	0	0	0	0	0	0	0	0	0	0	0	0	0	0	0	0	0	0	0	0	0	0	0	0	0	0	0	0	0	0	0	0	0	0	0	0	0	0	1450.39905596511	101.848307393756	117.317136985744	153.245410089471	206.140966007625	280.123155529953	393.402032487922	527.385357397888	641.804785039768	772.19750830661	888.806162097128	961.973944878328	1007.56006206128	968.777896896419	947.232184553814	904.840867893874	944.270028431052	921.581744550641	913.416657492073	861.990505296622	879.228122368066	945.200779116809	973.460114017484	1078.22462964484	1101.22385652378	1443.43410278482
381.272	0	0	0	0	0	0	0	0	0	0	0	0	0	0	0	0	0	0	0	0	0	0	0	0	0	0	0	0	0	0	0	0	0	0	0	0	0	0	0	0	0	0	0	0	0	0	3577.8802507878	100.272711264748	91.3544994793463	118.176241077485	177.975943557536	239.860944080596	310.675277908504	409.775665241741	529.499423636074	676.693748713562	797.855804841223	923.800605009382	1003.29406198873	968.83423098523	1011.42881694469	946.638065349039	931.520763703366	908.918950584575	855.007366082878	849.99443652258	855.321254084558	842.383699248541	837.446940167258	986.193038544145	923.440426449502	1066.94934550565	1046.76264729708
384.55	0	0	0	0	0	0	0	0	0	0	0	0	0	0	0	0	0	0	0	0	0	0	0	0	0	0	0	0	0	0	0	0	0	0	0	0	0	0	0	0	0	0	0	0	0	0	440.265536723569	75.1439720823792	107.605357222154	129.213456504898	179.830915350956	247.0736063349	331.060995218884	423.429107223767	549.529169167553	705.345361728698	821.359464505811	935.406037009896	1018.50401124354	1030.42976083638	1007.25571935438	933.744340961215	903.998430465511	876.156057376432	856.474676000438	814.122887561377	816.59431294261	768.896867763463	857.711979268798	941.69175874089	1060.39269109246	1229.5281386191	1044.5749167644
387.83	0	0	0	0	0	0	0	0	0	0	0	0	0	0	0	0	0	0	0	0	0	0	0	0	0	0	0	0	0	0	0	0	0	0	0	0	0	0	0	0	0	0	0	0	0	1644.72038925829	90.651712422692	90.4811717059754	138.196800942085	181.952301670296	223.922267056423	305.456675308196	387.340793395088	473.097929708276	618.160069848883	758.927564128576	885.905806121268	977.371463270449	1034.8913618474	1027.65644934561	1028.41131998107	972.086816352302	952.304349891998	923.819237161019	909.805160887536	873.836782126758	870.258709573735	909.164980533112	905.900180713871	972.443413448589	1171.16893311105	1150.89585800733	1402.29298219151
391.112	0	0	0	0	0	0	0	0	0	0	0	0	0	0	0	0	0	0	0	0	0	0	0	0	0	0	0	0	0	0	0	0	0	0	0	0	0	0	0	0	0	0	0	0	3979.55850518788	124.187544179847	83.4088762645985	124.26944771468	159.315377260625	206.2353913879	270.951036410339	335.76393398672	413.494865815541	514.326149604507	622.914215319293	776.387330036976	908.828563343009	1004.44518755086	1072.14365987388	1068.14979817677	1039.40525475324	968.238413833752	937.374882299968	931.596291054288	909.625755091346	883.799341749943	861.647345253687	854.420537343154	908.516578991706	1053.57807244465	1164.65723232531	1289.18611941879	1420.44046824832
394.395	0	0	0	0	0	0	0	0	0	0	0	0	0	0	0	0	0	0	0	0	0	0	0	0	0	0	0	0	0	0	0	0	0	0	0	0	0	0	0	0	0	0	0	0	558.061802647375	67.6670080743556	83.8321177232593	115.063587718525	161.438410719707	239.74829038804	287.725407359686	366.334869713163	449.277349678902	536.345849328741	685.845454032308	774.013946485839	917.014249807462	1006.7137761477	1099.71370588916	1066.50983417286	1068.70887049542	1007.52633818401	936.654285688626	936.281002700239	904.971751792097	873.950186123665	909.642746858694	892.231299477903	961.638770582634	1073.03030848248	1197.25463583035	1377.55189339058	1559.85575507361
397.679	0	0	0	0	0	0	0	0	0	0	0	0	0	0	0	0	0	0	0	0	0	0	0	0	0	0	0	0	0	0	0	0	0	0	0	0	0	0	0	0	0	0	0	1907.39587482383	54.5814460385101	61.2635404168458	97.3693585720326	131.479121315959	212.324255183313	248.164099595095	326.683526829884	376.654498272897	441.873539067353	584.913654511342	672.417933625585	806.728662380284	899.197052396402	1004.55270548529	1043.10158727136	1066.61178236671	1021.31490234713	976.221930883263	925.661579826608	927.650191568016	898.027946392109	910.378255420423	836.97746676414	871.612734048241	937.216699510505	1031.39055892939	1114.27942424031	1299.54640971604	1329.54993151329
400.965	0	0	0	0	0	0	0	0	0	0	0	0	0	0	0	0	0	0	0	0	0	0	0	0	0	0	0	0	0	0	0	0	0	0	0	0	0	0	0	0	0	0	4173.88950646088	120.444100951406	66.0805214236132	85.3842548308189	115.560714694173	173.754327988963	213.024916588756	287.756513909709	339.015379359246	389.764398043871	504.076158163292	584.29265775906	708.629715260766	794.591885471904	907.805569062002	1001.30345121899	1025.1410500365	1057.94102584819	1020.70062977191	994.838959870079	918.906861545522	934.587832178085	920.893063257609	857.735148233452	838.422185139907	858.984659849126	1034.31136145919	1056.35516409979	1224.09111876337	1311.94147160188	1484.64830711001
404.253	0	0	0	0	0	0	0	0	0	0	0	0	0	0	0	0	0	0	0	0	0	0	0	0	0	0	0	0	0	0	0	0	0	0	0	0	0	0	0	0	0	0	608.446177097512	57.8014096167934	70.3181483167926	95.3574697869946	141.483181228794	185.968972627259	257.424379280486	315.534289170474	391.207993879251	449.682034825831	541.084537828108	631.465215542548	740.421618373531	846.120142737454	954.971502528695	984.59700716365	1061.63386843866	1061.12435917982	1032.38792892102	998.24326431986	958.903382819009	901.519928417817	888.323259053173	896.059049905326	899.863803421367	926.189519132913	996.46977594512	1176.9131550248	1260.88031066832	1336.91095741947	1599.38542297845
407.542	0	0	0	0	0	0	0	0	0	0	0	0	0	0	0	0	0	0	0	0	0	0	0	0	0	0	0	0	0	0	0	0	0	0	0	0	0	0	0	0	0	1988.78789893389	38.4515136096157	57.4320494226311	75.1804262563927	120.349800811457	150.633301512038	213.821993594126	274.482387434156	347.609248365221	401.251494287111	467.187993487516	561.530671106093	646.8399460967	744.495475679439	822.744597396449	934.496262087663	1001.59009180315	1036.59496709079	1041.79480099204	1025.41682081618	981.622212721204	876.654521822007	928.928933477153	894.047288882066	868.183799600993	903.461137538737	961.266499235836	1052.13155350859	1161.4276420691	1245.03738475028	1232.61462612804	1631.49101466333
410.832	0	0	0	0	0	0	0	0	0	0	0	0	0	0	0	0	0	0	0	0	0	0	0	0	0	0	0	0	0	0	0	0	0	0	0	0	0	0	0	0	4382.17801754674	132.676126687492	61.6672173419799	76.5374450958882	117.066413741332	145.54339538137	192.731155224211	245.360100481493	323.921273294034	404.633129192833	423.499642616928	519.449313615993	569.154768396246	675.542443652705	742.969044127588	876.579426959525	943.099996315122	977.321109396304	1048.65226852315	1071.11553969556	1028.24022485785	989.492750366414	945.478279480469	888.84148423209	896.259641159856	913.930042142626	953.801205447008	1013.46814511578	1115.08865603847	1124.55846428095	1433.91592731538	1629.18787311649	1699.61537216616
414.124	0	0	0	0	0	0	0	0	0	0	0	0	0	0	0	0	0	0	0	0	0	0	0	0	0	0	0	0	0	0	0	0	0	0	0	0	0	0	0	0	703.400513643619	77.2237916577357	81.1586627295407	102.37600199225	119.089144834964	159.618361813309	211.920371100122	273.480114271373	343.697668169991	421.132390816302	469.244283903264	529.890463975551	613.962518092984	686.004320420852	770.166131136355	854.183577943432	939.670248606449	985.492281580174	1017.15017635434	1015.58937086897	980.649879076525	960.741781853606	908.581769682306	939.481012991068	910.765426335597	905.473662543037	924.805590589728	1034.78425291631	1065.52342516264	1230.60486039943	1383.39665253506	1489.99022473165	1738.8812754029
417.417	0	0	0	0	0	0	0	0	0	0	0	0	0	0	0	0	0	0	0	0	0	0	0	0	0	0	0	0	0	0	0	0	0	0	0	0	0	0	0	2063.18171544965	38.859159816633	50.1398311746621	84.8459718281805	72.1783129994941	138.360333115266	171.713707152578	205.187537761422	275.447855539127	356.26964354678	411.668213926563	491.005694298189	523.859617971067	590.087020645692	678.573309231646	751.113566314234	824.728337997567	905.741608631063	942.754185637514	978.073358300285	997.074346696167	970.770035676904	943.074664030864	887.348286012363	886.751442288763	875.794484417082	880.048275525036	959.777638347335	1006.1144973435	1061.20509891831	1183.47324349448	1395.34539163699	1448.49011686213	1582.42140223749
420.711	0	0	0	0	0	0	0	0	0	0	0	0	0	0	0	0	0	0	0	0	0	0	0	0	0	0	0	0	0	0	0	0	0	0	0	0	0	0	4041.27618694023	181.904127143525	65.2820021726773	76.5445308765396	89.8716144344228	107.827437277877	141.64721943817	200.918876780492	247.96565742377	311.995532429568	380.100977230291	437.299205114802	516.385356284922	574.465678416166	627.027576840463	694.571452354477	767.198628110216	839.174635348992	893.731769913383	963.99833568516	961.610125902998	970.335127907748	931.931592092033	926.984723246368	895.052309009505	877.979403375002	847.709826763769	929.417942299097	974.454677799241	1060.13631914129	1134.23750477608	1303.12262575155	1323.89329465449	1451.29690494643	1628.78369671694
424.007	0	0	0	0	0	0	0	0	0	0	0	0	0	0	0	0	0	0	0	0	0	0	0	0	0	0	0	0	0	0	0	0	0	0	0	0	0	0	701.772295375717	39.8186616361161	49.4446787201882	75.265159233618	98.7312372569504	125.213974525015	167.15175732333	203.299228976154	247.728042536888	327.06196062642	409.192007874777	463.475625158176	511.625425641083	574.37631466231	625.978677465475	683.414520754867	758.645897427535	797.126283500028	865.985016782666	925.0708783928	952.413708882481	967.793966664644	914.1346062012	877.664352950638	885.691655479318	860.750920793564	870.687340468676	894.658549947437	951.768052912461	990.373563046797	1144.47711621084	1196.40081147319	1443.10846460068	1535.52691364977	1740.29050253773
427.304	0	0	0	0	0	0	0	0	0	0	0	0	0	0	0	0	0	0	0	0	0	0	0	0	0	0	0	0	0	0	0	0	0	0	0	0	0	1813.70408263268	60.9288176806072	51.8198705082443	64.288651924654	94.9705365823636	128.25403803107	156.880045063265	166.855909143467	215.816333943101	293.041743450251	344.32799697014	408.883253931161	490.072710381032	534.588483054171	578.52485729455	647.556594353977	687.586715120997	746.817668504551	819.485461334743	868.541224345812	913.15766076428	945.092078638762	902.523310772846	905.233920849981	889.558635575998	840.049911822041	839.768973415644	869.544284349946	912.893946468004	940.850511743889	1094.02302954496	1131.20150218254	1347.08054195562	1387.2238314494	1439.72028417778	1632.5661437395
430.602	0	0	0	0	0	0	0	0	0	0	0	0	0	0	0	0	0	0	0	0	0	0	0	0	0	0	0	0	0	0	0	0	0	0	0	0	3295.62536436623	145.45372256158	39.005377159072	41.3990744276918	70.374233667778	103.267741366441	113.254808815199	160.99688670383	202.50057502103	231.596171053782	286.702810728899	351.424041614173	417.588306685782	491.406904152363	523.627846052485	585.947799542889	630.687537138741	671.675734441386	730.890401552182	786.963552468366	815.232952495159	857.453865540784	879.182538118174	894.637246453668	857.702999864332	861.427796617867	804.531299636401	811.961835174772	857.576108618078	888.896159117175	949.87302808062	1039.63362116813	1164.62809371842	1255.26447469206	1493.29174769613	1464.00539591712	1602.29074772538
433.902	0	0	0	0	0	0	0	0	0	0	0	0	0	0	0	0	0	0	0	0	0	0	0	0	0	0	0	0	0	0	0	0	0	0	0	0	601.837448598637	26.9130456065231	48.1158432816139	73.636785312923	88.822807432366	102.102229437315	130.793371457657	178.133141099978	217.879855010988	273.259081096224	314.009573360536	363.522715512712	448.511483015126	516.184848714443	539.924202139274	593.435480991207	634.753187426744	684.57476947243	734.519378456171	760.404968558601	805.133179956797	840.102591451685	886.050956901629	862.173123237669	854.594077563127	830.600161636938	819.829851575802	799.761442336581	855.089982406792	891.354195197486	989.827783067901	1065.24991902102	1130.82148049137	1308.30659250656	1433.03744402458	1522.01061928439	1559.31879189706
437.202	0	0	0	0	0	0	0	0	0	0	0	0	0	0	0	0	0	0	0	0	0	0	0	0	0	0	0	0	0	0	0	0	0	0	0	1552.85705743481	22.4781000413945	30.1004762006957	34.2789379402276	56.8011283384887	74.4617306968265	111.117642169313	132.529122000498	176.445873276285	219.820917350525	260.967751052825	328.051109123048	374.294273968077	438.298053902324	493.710641278387	538.588907683817	588.302327238614	645.122496369392	675.915472064133	728.926954912384	752.619124759735	795.208033862585	814.806343189529	831.768136947694	822.770861390462	809.947137786726	789.880097255756	771.157715288337	791.892025157321	799.215992066728	854.938799772836	940.761865110737	1039.5600436806	1152.38577444391	1232.32265056041	1249.07162002366	1344.22279795653	1488.73579739656
440.505	0	0	0	0	0	0	0	0	0	0	0	0	0	0	0	0	0	0	0	0	0	0	0	0	0	0	0	0	0	0	0	0	0	0	3131.08301592724	124.59338090063	46.4458559562344	53.7376908594606	54.596840020025	71.1792179069223	81.7686330190504	133.024127013884	167.01911147368	193.203897480173	248.595993789245	297.208990417299	325.469614865363	401.760097247942	451.202472144363	537.027265492679	549.369759696915	591.979949240141	627.338517769133	666.909952684667	721.678699010705	745.085043163198	771.972899729851	811.545568178511	811.193068433493	808.102831471662	802.689428925267	803.068190189028	792.724618167688	797.421048162673	828.495142592116	842.469364348163	922.374807986867	1079.36860815286	1223.98005917118	1318.36905312516	1414.99884153404	1528.42375186269	1559.79649548582
443.808	0	0	0	0	0	0	0	0	0	0	0	0	0	0	0	0	0	0	0	0	0	0	0	0	0	0	0	0	0	0	0	0	0	0	532.802718302625	44.9022324468842	45.2442285058839	54.0840652463045	75.9764815690761	82.9096597742328	131.532216652011	154.735309476377	188.926158391326	235.404978306001	259.897686556143	304.350904877307	344.711926453971	415.855343454586	488.542057808689	513.355294277223	561.387357912696	600.090742705826	633.460848625399	674.088994543556	702.200322861134	742.975159841253	760.829070773351	759.565061161383	793.954948680811	803.738306567867	811.529579140673	788.044767823709	780.502713255817	782.685685754697	828.664188546876	858.603225730251	988.460724410903	1068.14052767693	1173.59346422716	1372.17688353563	1377.65739690023	1469.24962044758	1564.62456748947
447.112	0	0	0	0	0	0	0	0	0	0	0	0	0	0	0	0	0	0	0	0	0	0	0	0	0	0	0	0	0	0	0	0	0	1445.39738644283	37.491867042224	27.9558231819581	41.4924482907555	58.3469670777456	72.4321546779851	97.924376832556	106.352964430849	153.677994115332	181.745707331209	223.033762462839	267.467760468559	308.428164010057	359.864392785575	391.570564843618	463.659142887526	520.906508033718	540.664014834868	574.983493993551	623.352722089983	662.394889312886	684.060780072157	697.416751398802	726.660602821309	771.07256593786	766.647648330681	755.702975476207	745.227520095014	729.197765440762	730.43527878677	748.71020309948	792.577615320849	864.854557755692	953.066007049611	1027.7901892073	1248.76953231543	1268.36785419694	1388.8782838023	1316.99895126865	1609.88617057069
450.418	0	0	0	0	0	0	0	0	0	0	0	0	0	0	0	0	0	0	0	0	0	0	0	0	0	0	0	0	0	0	0	0	2936.73077459647	105.196917796293	24.5830796433063	44.874683941801	47.2205422777125	57.961029009219	92.0553400449587	104.188339753609	148.85131403665	159.299434446973	184.443879751496	227.5466385378	256.959796282568	313.377278123068	358.5097682268	392.553592164136	472.096620071914	519.707413944165	537.046503230605	573.16415654198	589.228131359055	627.07599453996	661.730800563808	680.162889673808	721.723361415139	722.248534604643	735.265109168167	715.749851213978	731.58599304513	706.543798163625	700.307741782672	714.133443860062	770.991335026258	807.709545605772	940.581168474442	1049.30596096228	1135.49968866354	1278.24510247259	1319.09039858333	1484.00339306589	1508.7232415842
453.725	0	0	0	0	0	0	0	0	0	0	0	0	0	0	0	0	0	0	0	0	0	0	0	0	0	0	0	0	0	0	0	0	545.502189182132	28.0043056716656	33.392183622524	42.084198799375	61.5643715294558	71.3495880717978	93.1680466503671	128.634826795645	127.852239692366	167.68467115784	194.778386087403	239.758575191173	280.638418643856	307.627411527057	346.813186436773	402.084135441073	462.93289025444	509.011922330176	538.570633489957	560.805329763324	594.256213261585	610.875045865859	634.048340007951	672.010710358318	680.116931548536	694.036436639343	696.235036993689	701.606407206684	694.793767194843	678.51652100903	673.314425972384	715.855938474477	741.148271591539	831.59367204058	913.376839585851	1005.43994316642	1150.67864483334	1171.4394648605	1276.17350461088	1437.65393771862	1449.2414307235
457.033	0	0	0	0	0	0	0	0	0	0	0	0	0	0	0	0	0	0	0	0	0	0	0	0	0	0	0	0	0	0	0	1197.36931411206	18.3914592265294	42.3666320591308	28.9839419609631	47.256569498827	64.00086685021	88.0017049615561	99.1108397590034	134.916063466602	155.162425521298	155.902533279583	213.795307842175	259.61287064903	291.718493891696	331.758515788313	361.518293841361	406.137757936388	460.446097746324	503.130616980422	517.668141657687	548.371893739838	571.552977898391	607.488661081855	637.932271264422	645.509145343282	651.598385188325	668.740039743645	683.464619311739	680.140266216575	684.511490427644	672.648403835414	659.165995292739	683.083956995467	760.316765502188	790.960265713407	930.1495374436	1039.63316448436	1138.8055835659	1155.83246635932	1276.15866996585	1308.28142986258	1400.72860577546
460.342	0	0	0	0	0	0	0	0	0	0	0	0	0	0	0	0	0	0	0	0	0	0	0	0	0	0	0	0	0	0	2308.8577927604	86.2524441594066	18.2613828466414	24.0238449245733	36.464599269269	50.673752235776	57.149834907616	85.2885553399948	116.621161312577	106.997424317255	169.46931493263	189.569908549037	219.064539960676	247.479898940883	276.238003458519	313.77530279726	359.273157589475	412.905388570354	448.194763726184	485.511841897214	516.170638000733	537.827851257507	557.500562322826	593.165894340111	578.610222698821	617.877682587919	616.822121834	668.293566972164	650.188865105201	632.324561007423	642.96977012738	624.571781816436	629.371659558231	695.114124690805	725.794711771476	803.700679205687	854.886557836058	967.162122046263	1064.01605547367	1175.01182835693	1140.09247483735	1184.45087874758	0
463.652	0	0	0	0	0	0	0	0	0	0	0	0	0	0	0	0	0	0	0	0	0	0	0	0	0	0	0	0	0	0	378.869961316571	25.0856232512594	24.1093716866544	32.7708759563252	58.0008106820256	68.886706046081	101.095519280021	115.540423641813	125.05411426043	149.928312297734	175.116995968655	221.393284077595	218.133372621951	261.72326329585	289.22010092036	321.859570280275	364.603720241558	395.486876404378	461.866200828855	483.823635624974	506.607694987925	529.822387489551	531.088430937087	573.347593495873	596.870271336108	597.976533396793	629.510441579783	612.097570262046	650.541604505629	631.938777924791	630.732205947864	634.307693640127	668.511460327262	654.05574718077	737.09120237547	780.872544586153	942.714724845446	968.773551947509	1130.14440012392	1193.33451372664	1200.60488704669	1379.73191180933	0
466.964	0	0	0	0	0	0	0	0	0	0	0	0	0	0	0	0	0	0	0	0	0	0	0	0	0	0	0	0	0	996.628532112641	22.2110458914181	17.077549419127	26.8205492100623	39.4641724168215	40.8779040282536	56.3690325018806	66.5081018276518	106.465782061478	118.756372916273	155.245668475032	186.467978006027	207.070570539845	225.494775179342	253.409164352427	290.442320772219	313.779631200134	359.439111157809	392.660730455592	434.28514999919	476.842761933426	466.668824207685	514.678238797676	522.390540561902	537.581934998036	564.955859469031	573.856991783712	575.837253520921	586.689691086054	604.503015707417	616.335553044138	594.764918993289	609.42148301912	615.575583315637	655.721081731264	706.682028151346	766.056012632762	872.552233491437	963.043803210781	988.233973602712	1137.20504550324	1149.26641869596	1065.65621765193	0
470.276	0	0	0	0	0	0	0	0	0	0	0	0	0	0	0	0	0	0	0	0	0	0	0	0	0	0	0	0	1889.0619965004	75.0080157400387	21.7754957823361	34.3508424931291	31.647027826275	38.212172161574	71.792589006873	63.9799216481965	102.313189518764	126.914431388657	137.970107236838	153.873511069359	184.451165313475	205.231857176685	237.337542249294	257.079172780253	297.006201000096	326.152563784968	359.127628118531	390.594702101713	441.011697042981	471.381256346932	470.464674131017	480.857198922725	517.96448591151	521.106778617074	528.285057863244	549.329350724774	558.418055937438	547.653571678207	588.892903929032	554.78224754549	576.955231917635	567.862759768758	605.034202056851	627.214196858548	702.099638328286	760.613834550936	806.577299622069	917.774102520012	976.927787172956	1166.03011464142	1141.1564165025	0	0
473.59	0	0	0	0	0	0	0	0	0	0	0	0	0	0	0	0	0	0	0	0	0	0	0	0	0	0	0	0	275.390535769082	24.1301396947083	24.732185376221	23.5167869539405	36.5292748484665	51.0797527298213	60.2931192712868	87.1394278776764	100.759965608563	116.019614654731	141.209625418815	167.273371314063	169.485409334898	210.505842003701	246.411917266855	266.847275139728	295.16852853191	310.351173890305	340.391985744314	387.417829575677	409.737844058302	456.59286605753	465.706706698667	475.883696598962	473.040357459589	505.737274826019	524.446679611061	535.816260238296	545.166696591079	559.453168940428	564.46375249373	558.743140329531	563.541784296388	575.049463747632	563.904229498563	608.089700112002	671.52560093178	750.863170440839	861.337488278924	899.818787057585	989.792716012386	1045.55798534515	1129.71929646405	0	0
476.904	0	0	0	0	0	0	0	0	0	0	0	0	0	0	0	0	0	0	0	0	0	0	0	0	0	0	0	724.807706908614	16.1114201055411	18.0276862294451	25.0645501357894	24.4234345509458	55.4110958254187	45.7150861001772	63.2267470943684	72.9880751251213	88.4091174352124	122.602887533756	139.178179025545	162.905736460593	198.758102885998	218.062230847996	232.396026756419	267.092864178001	284.221834262928	309.312501080306	340.059435957169	362.260772814348	395.301286083163	437.355862219771	440.122334424988	466.458910488859	477.38880701626	490.165900941811	493.47284259039	506.400480111987	517.382363121985	518.794412097446	528.807990485862	530.4562527156	544.605699334808	537.449424761702	547.978073759066	604.985769200653	645.625119966063	697.767938098538	737.074737962763	912.291700261171	942.329199633936	1049.39264639423	1133.6047945498	0	0
480.22	0	0	0	0	0	0	0	0	0	0	0	0	0	0	0	0	0	0	0	0	0	0	0	0	0	0	1525.55409761362	40.0114781645185	20.9928312265768	21.1690756458009	31.3717703375452	47.7746441013773	44.2985286236949	60.9939529851463	74.6218878221203	98.0396010519147	121.329356661832	136.761487727288	157.726273914385	173.213736547158	205.650018472067	210.426880750008	250.392726172596	264.274594646687	293.856684873986	303.74464585401	328.384710868259	369.992976461675	393.114335333184	424.215766350927	429.218300397945	432.639006533544	448.062158996851	463.566634528495	476.620068792655	486.753828786755	484.97770182483	506.80241943019	523.81727221734	507.416757420484	507.144226912993	546.602873524196	554.397762310101	567.799624054838	642.356783629062	699.831488757239	796.943526079881	898.061013899233	1006.68871387289	988.229506386182	0	0	0
483.536	0	0	0	0	0	0	0	0	0	0	0	0	0	0	0	0	0	0	0	0	0	0	0	0	0	0	237.043957506054	17.4064360827237	17.0798241784619	31.1792068883583	29.4951914755833	35.6090898685121	50.1467201201158	61.6529558145077	68.5428753989937	99.7971815699268	106.773118282202	126.799690180237	155.047904652085	168.911414534504	208.664448181302	224.516788690853	233.720176654289	263.485685604354	277.316784079239	295.132780533744	335.152812782937	368.630908926253	387.425291293295	398.080123443627	418.023972686042	425.692504746351	447.048795347479	465.384371379704	454.768535208955	465.257342141239	481.799053419295	496.00778926429	505.885619507858	491.895710608153	494.789675342287	506.247337412466	526.514970363275	557.800340299118	598.752338072223	681.404651795263	788.218428440263	883.003457511178	942.35553365367	973.22978081806	0	0	0
486.853	0	0	0	0	0	0	0	0	0	0	0	0	0	0	0	0	0	0	0	0	0	0	0	0	0	714.597918328652	9.40919169401664	10.036490071286	17.0641509538715	13.0190065247466	29.691021745	30.4973872209905	43.9461142073642	53.790513464204	77.3360603839825	85.1224822370815	111.649882061738	132.669311618114	145.681250575438	174.715501551295	163.989627994378	190.93612812984	215.768438647909	239.699006968698	256.034479850102	296.053904374027	309.798759630794	330.740783163451	373.390139498777	377.138326779223	397.06099716095	401.640457669436	413.873057819203	419.880356435229	427.822857062499	444.448609527587	448.650135430533	454.290731571014	469.375251532301	472.70375221652	464.164865303699	475.759716714889	515.9152127918	539.647845370546	607.742735025589	675.336959686868	708.756048093529	792.369290832971	874.885580104034	906.64673321534	0	0	0
490.172	0	0	0	0	0	0	0	0	0	0	0	0	0	0	0	0	0	0	0	0	0	0	0	0	1521.27977078707	39.2339724838977	19.9368298631843	20.1328967279995	20.0556849448341	32.6177891263956	25.1820643936703	33.673887188994	59.099160282117	59.7256870340407	70.8284380833622	97.7103970705849	114.593798752914	135.616141591923	150.547847484216	175.037143658912	194.895225669381	208.314199390758	235.460896163142	255.431408263119	263.063477025801	279.765544671332	300.340196278674	338.168679042455	352.323626485868	376.606043751143	409.495460869198	392.771970823479	414.439541678746	415.195072535854	419.892213460439	448.609535201046	438.239541211328	430.974485881033	462.47102986489	464.118040671274	466.004708573558	483.407444507157	493.935560582147	526.514021680455	585.257124337519	641.064735053494	746.81406897205	851.227785723848	839.554153155997	0	0	0	0
493.491	0	0	0	0	0	0	0	0	0	0	0	0	0	0	0	0	0	0	0	0	0	0	0	0	230.210434559107	14.4701721032468	16.3526677803356	20.4021024056276	20.3329914796568	32.5541917810898	42.2830854648035	46.5967093541701	61.6407274955666	74.6868173070071	94.0985360179529	85.9240217277578	123.147957774262	131.521003479026	152.919103894676	169.80139063326	178.012525083858	203.682896636957	211.943662768376	238.642481812141	274.607328470706	272.832187591509	290.631809068907	334.178581301763	338.916061274436	367.332114984684	354.233373642451	371.495132580129	383.417364660975	396.077674046865	412.162467986994	410.887278845619	421.334055580103	432.930489024376	451.309330311133	434.520759529264	439.016947824938	447.561740899636	478.381029410737	504.651446192746	537.393106687325	611.899861698707	716.213784965088	768.963263049563	836.815476235821	0	0	0	0
496.811	0	0	0	0	0	0	0	0	0	0	0	0	0	0	0	0	0	0	0	0	0	0	0	788.014430619374	16.6506421578083	13.5780106607263	19.0680705404459	25.8377165383936	25.0465714665847	31.0074010371505	38.3257606135625	46.5939808703193	59.2726826955058	79.4877708999864	86.3927767888485	107.392628463074	114.723011726859	135.979760777242	157.834368937625	172.600563959167	186.088416141665	193.572399716727	230.035009707883	238.940933694874	249.125955906243	266.884627594594	287.42188663498	305.775988344477	334.762827613182	362.624525160098	362.710676141818	362.380876939368	362.305744585214	378.379526091774	393.725962536356	388.303920158573	380.356439711277	400.618690776842	413.775270927375	418.46508127185	422.94507172839	428.58324574899	454.752381677256	478.273825885025	545.172765806485	652.810801039115	666.650446930993	810.318906550448	822.225553216242	0	0	0	0
500.132	0	0	0	0	0	0	0	0	0	0	0	0	0	0	0	0	0	0	0	0	0	0	1612.91421036107	57.3109252201978	21.1210839294083	9.12580033045078	23.5911001986275	20.4112942678404	36.7575759015188	38.3866961001129	48.5557092794248	51.6930596153761	73.0894514239291	65.6635396063792	93.5103840346059	102.050833902389	120.364551391448	126.121514598418	150.605658946276	161.675898934919	201.23576854122	204.023448237348	208.941829381729	241.938694071302	245.075022125923	260.433396526599	279.976102205192	298.599932659905	327.242387223445	341.149552804108	335.578955313162	338.667101639378	348.942573230015	359.995221704453	368.631213131377	378.315223316618	370.129047483586	400.70079552993	392.238708360989	395.608576218243	418.299381227335	398.222573030979	426.246900864974	474.106725387685	509.70174882981	586.029893719331	658.39717865478	717.420601416452	0	0	0	0	942.704260280335
503.454	0	0	0	0	0	0	0	0	0	0	0	0	0	0	0	0	0	0	0	0	0	0	238.551512498951	5.86488055978384	2.41461675402277	14.7318502219532	6.28140966790514	17.4262811813462	24.1110903772109	34.2701363640201	33.0544556660863	45.27397221151	58.2618806097813	71.9832742352479	75.6976348012445	96.6720110286834	101.635334381702	133.995484700249	144.829445095176	154.791280598662	170.732653117613	175.207572639766	205.711896081917	211.762427531406	240.211639525481	247.59755490986	247.453210785327	272.925935640575	309.365000719011	320.325533007305	332.064853998305	331.258231469546	324.133653729337	339.229926389496	340.620294062268	344.100655309926	360.016880675651	353.937311047138	364.091980071694	364.258741652772	389.006204780249	375.392812793028	410.99006878716	444.225272002891	486.633192887034	570.646605441363	610.48903008615	646.617100280281	0	0	0	0	845.729653735325
506.777	0	0	0	0	0	0	0	0	0	0	0	0	0	0	0	0	0	0	0	0	0	788.20554502402	22.9476696356605	27.3953630829134	20.8379436423612	23.422239017042	33.1351553899786	30.2339156337723	35.0173363316972	48.3332132428522	65.196408792048	67.4639543123116	73.4952675192745	79.8115130806943	96.2842264391736	112.217460406611	123.021717981018	139.16918473105	161.834995197891	159.582706840252	177.737638927991	197.731407313149	201.599504685628	218.771002241545	246.438904648733	249.404849440661	269.096812960336	273.428852684874	294.336542249825	305.153481134036	307.114862036595	323.527144106716	323.164095298175	323.317278948435	318.884341215522	348.655017049342	344.152103574514	349.741351913843	367.00407057138	376.91425848183	371.311794781006	385.683823788565	414.361728504817	438.123814766684	512.437501834862	519.629541929597	596.438618250385	686.091226843245	0	0	0	0	851.166122035398
510.101	0	0	0	0	0	0	0	0	0	0	0	0	0	0	0	0	0	0	0	0	1614.12705665655	41.5236119677421	-4.74988337223582	6.26150584949338	1.13213803273534	16.5214246733519	18.5524158973102	25.5036387755083	27.7390508078689	32.6861373512868	38.2948958700894	41.2309334065659	47.532067993732	66.7622265272314	88.3926980826068	94.3212737646133	111.162717576168	126.111344341417	128.892479346492	126.143275721055	158.40986384227	168.870035784839	183.253642825005	188.280085108514	193.46374645348	218.778011505543	1113.66344706382	245.647421413171	268.855623819156	281.949471992316	276.825495873725	280.66618574862	291.432709821693	293.50998392428	296.607870192456	308.606563790297	318.446860683563	314.233256639672	318.78157222216	336.947464541478	325.822180193082	341.331213391972	368.510794779445	404.830528894347	430.671636900321	488.279181921497	534.084320432942	0	0	0	0	833.805350420143	789.9746336943
513.425	0	0	0	0	0	0	0	0	0	0	0	0	0	0	0	0	0	0	0	0	240.46655517914	8.61848462486974	16.3080346757029	15.3715479049158	15.8070693856521	21.6753756899815	19.1091266968084	28.9725391817689	37.6409204428987	38.1349775180373	45.2688155527494	54.2453814596861	62.5395233231029	75.4934629553116	84.4190451436344	95.4940138474002	99.7797056936398	122.114757827331	137.841714923501	134.026652500705	169.820080343521	162.670617987447	187.182227720023	199.397693513207	198.077699111153	215.981659308778	227.03020234752	248.228248695029	262.428414585285	268.559502328083	274.432944865819	290.587769150059	288.358107894942	294.933465847909	283.613947146133	297.843998880226	299.862869394261	319.35914412423	301.945431544559	322.645076977998	325.267569590123	350.341022900759	361.738888446079	381.577998677252	430.224636438001	512.116185864116	522.143529573452	0	0	0	0	765.52972690143	727.882983290957
516.751	0	0	0	0	0	0	0	0	0	0	0	0	0	0	0	0	0	0	0	832.60538316881	10.8171959650308	1.00218366279594	7.1119166489431	11.3568306031544	19.1887187140003	22.3982531116707	19.4317196943651	32.7329404498022	31.12650047176	38.6190356178808	42.2008520764073	49.9838004658844	75.103046752053	71.7969378873966	93.3352125711005	83.6284392002674	100.780286285786	119.608418967004	136.735019141805	142.676012165206	151.530277616381	159.211963858463	175.231052001422	171.921452660111	206.225140574295	194.578633567446	222.115707791576	232.553303556402	241.341832193343	254.816059157348	252.387774854596	265.028507297625	275.041210115759	261.385710306021	282.63433582718	278.034546623262	276.358971126984	296.518614091093	294.066206554428	296.954111288782	314.894134403348	321.410368148209	328.650932446778	379.014355956311	398.836854475612	471.330408666862	512.516372008407	0	0	0	0	620.977883309941	600.263988046273
520.077	0	0	0	0	0	0	0	0	0	0	0	0	0	0	0	0	0	0	3190.64043601107	46.4393925239141	15.3441918212496	27.0729743723293	32.7207077847535	23.8812320508797	27.6373520424509	29.5994597957423	30.2196582556507	38.9426195991971	42.7601401754493	55.1519466070505	60.1766319963254	67.2041562621668	76.6328622486959	105.218306504332	85.7264279963529	112.783440018437	116.310905529863	135.182225833654	146.791398753318	154.085526927048	161.995263439407	163.52495552186	186.023405512031	188.98215694987	192.0345465583	200.907217506336	225.952022135173	231.976335965708	250.402904317394	258.26668345251	261.175943550798	272.624125805299	256.894159639786	283.607000994929	285.186360012029	276.884628198679	286.361497948148	301.898026081886	288.370049512292	315.175129277072	321.009478079331	330.355295579818	358.055285618929	375.644346656462	419.720814970497	453.222366858671	0	0	0	0	897.337559114187	727.25201659415	730.829906119689
523.403	0	0	0	0	0	0	0	0	0	0	0	0	0	0	0	0	0	0	379.557914062516	4.27781573297803	4.41189924157578	3.07231728771989	1.75950413577497	10.8029245572587	9.42438350858721	21.8050907194283	28.9740439307359	27.7382467587949	31.377475194764	43.984771792079	46.2288201252246	57.7777647380977	59.0417836326566	73.4832827730814	91.9790530996695	87.0783196961262	103.764450310537	111.948650229171	127.084496358044	125.889337299651	134.097441028016	156.436180875111	169.277790680158	164.15483547478	182.143184529897	182.880254510884	191.840399617128	222.97053889501	236.757905063313	244.774353846342	233.97769420349	244.49225897731	245.920955693635	255.385760540218	255.614357556962	260.565902636653	256.299326641795	265.03267118783	266.535535091258	293.491922895984	276.042246015796	286.940012239635	301.408824300731	352.657659901742	376.57314097156	411.435293655269	0	0	0	0	609.348829542637	632.959791497988	578.410587602984
526.731	0	0	0	0	0	0	0	0	0	0	0	0	0	0	0	0	0	1909.72268549636	16.9607189611813	9.2603567279583	7.6613701933844	21.4955714810174	17.9318499778529	22.7318389574577	19.1544285685776	21.3413097535567	28.056853547601	33.5961528783914	34.4071327983976	45.0108065839619	53.5048516662515	51.6003074741157	72.0117957706724	77.4082467420277	80.7118522035625	99.9498874059576	105.986058562831	129.318127972084	131.195751318313	126.900993748699	146.785354673427	139.039217590627	156.112777118519	165.548982271348	173.264402803476	191.641405968945	199.379211725092	207.598467919378	212.423054991505	222.193525594636	219.892445367324	218.01363073418	239.627968050732	228.276563808033	252.73099260744	246.50381246293	258.039054053049	254.652684893411	273.542394212023	267.161249627097	279.021376546333	309.967341813973	299.254013167743	334.035587550367	367.220312930515	409.465034655365	0	0	0	0	537.19436782276	597.025396785112	654.409481801607
530.059	0	0	0	0	0	0	0	0	0	0	0	0	0	0	0	0	4003.59922190768	79.7598918219654	1.12732909120035	-0.419021495973033	3.87353503891477	1.63043481320262	2.5633994925572	9.43494432253557	18.8035700327091	24.2330509445879	23.515359460773	31.2916684374169	34.4902229133495	37.7175911491178	41.1476129154482	53.0006157055453	69.1452971343753	55.3508003561464	73.9191383172094	74.5379771232241	105.763040921835	101.310478717777	109.798927784442	119.332632459831	128.264664699714	139.540147110625	135.607305854804	160.601033659447	154.524475003084	155.434734257547	167.213488542243	185.890703872692	190.967323320925	202.669525280489	205.252575499812	208.506555082321	214.678018498894	230.958487164155	224.672393655693	232.380968484841	235.894277100175	233.99690812614	232.949568942858	246.551335275807	263.883622234534	255.060350580302	269.437089463223	289.683597581158	340.974237779566	0	0	0	0	650.018462721565	485.365656951061	471.139175102399	393.438180933106
533.388	0	0	0	0	0	0	0	0	0	0	0	0	0	0	0	0	500.056292235483	16.86836142364	15.3176547671099	2.58770682401472	10.3028931951347	30.2708305166747	9.84141227947518	19.5371103147171	19.5977863550313	24.6605020970595	32.1364703715574	33.6629259171972	39.0054234143864	39.6122031325519	53.9777449409529	61.357943646975	71.5794434658543	81.8111532140666	83.2310004631547	79.0322406944483	104.204839576581	106.725288619497	120.240873437656	124.035924297602	122.834628790558	133.791504406937	147.305922439246	136.095723898475	151.318611266454	167.710396432204	171.813245500638	176.958674220377	187.885699768594	193.562426781348	199.907931312275	193.65244630271	202.453510422473	206.571620741892	221.267465882679	210.877481583564	223.236932984311	224.043736225305	250.050243125817	241.957926186048	252.323571560833	246.423214639591	267.353741266598	293.853351843484	342.198979917613	0	0	0	0	537.800811059869	568.521051745914	556.679588822891	561.333876587842
536.717	0	0	0	0	0	0	0	0	0	0	0	0	0	0	0	1205.17214121783	27.5999119513983	27.6761123313026	14.6205552931796	26.8155766693412	24.8908740773748	25.6940449527862	28.3262758141991	20.0857924854076	19.9050351853036	36.7552338880727	31.2213506834504	42.3122003341719	42.8724625094163	46.5854835726385	44.955448257856	52.1428006100738	57.8318054094086	74.1338596519948	93.1311868346665	100.801716317636	99.6212092178502	100.890201609049	108.400108760367	128.745188147806	134.131160771542	120.539826812215	127.236742129067	156.021728652953	139.216267130602	159.242186850736	175.261519786136	178.219175686906	186.314918390826	188.101967436358	202.031877842028	200.231371760999	196.574634081037	209.944092308971	221.48754712519	215.922584688858	218.307316472124	216.992266397872	226.80885839154	236.780676209067	232.868660108274	251.051490065049	273.583175144665	269.691150281002	296.528402157188	0	0	0	0	522.819899250939	518.837571096852	517.866754612569	506.932812110563
540.048	0	0	0	0	0	0	0	0	0	0	0	0	0	0	1816.44665118226	51.2145008969335	8.29944277501366	5.02247932681842	8.78768473503192	-8.10845711424736	7.57751207451487	12.8507877431757	9.75374266137009	19.3647593169649	22.6426540988135	22.0415799804754	30.8787701989155	34.2878665240588	40.0268424336384	43.1721623098447	52.6964702394169	52.9529356159194	54.1392737299058	67.3186397136209	80.9385409376445	78.6793211921323	78.2447650273578	91.0185643415875	102.951085410383	108.552657936622	115.625701761595	116.765686702758	111.77490455281	136.264818447235	153.095996125092	137.942600785435	146.005344395818	162.247160560134	173.454950636686	182.763572092189	171.285466467627	174.640917433551	193.981576763675	181.327612017032	196.635858006868	196.914130451928	194.437307717329	211.101280981911	200.193933362136	211.808790828054	223.599082511095	230.371663152512	232.865942421245	280.306948929126	0	0	0	0	637.650844189448	450.631823684057	487.118446428226	387.093566714043	395.51282545732
543.378	0	0	0	0	0	0	0	0	0	0	0	0	0	0	259.333346307174	2.81395997086323	-0.00604064582850535	3.41062317812477	15.1079084162014	8.16047081257212	5.86472029255014	6.88215259798067	22.3581232437427	10.799204732944	14.8652285929954	15.7929069787613	26.1192830062195	30.3666722920748	27.9888639973739	38.8342954153997	46.5482504747474	58.7959541642851	60.1284238386868	62.9002942295134	60.619522054211	84.3757709429048	87.235485745515	95.4602300585229	91.4236732109784	91.2181447439677	109.02031233813	110.382506998293	129.706317624311	126.452713590897	112.064911901948	137.06237635946	142.484130002553	149.486727703777	158.646846375443	165.943608485858	185.065041076976	168.699316247123	172.039119029877	176.834245276198	181.218229617326	185.017168150957	188.829356828301	185.875230172818	204.08428251538	186.024870160154	207.919554279082	243.688614649544	245.798787359673	265.803235457149	0	0	0	0	429.190525484005	423.617950026171	416.502853324532	381.250770604748	420.058529739031
546.71	0	0	0	0	0	0	0	0	0	0	0	0	0	818.767465226773	7.31707075160086	-14.3927409223561	-9.14423172785712	-1.7537108085406	-4.63394929258533	6.680937473307	13.7726619278396	3.05191537771157	11.5246889091997	17.2326541933928	22.0708190383228	22.5361470357416	27.2133112072817	30.0745782420093	32.9843759148206	44.8862387301574	43.3922334099075	46.4273486555055	53.5252058160206	61.3024413171965	69.2093880411952	75.8295180982093	79.8665694014509	77.9432014446613	96.6503149917549	106.7568139553	117.932629158762	125.69690555324	115.780770893121	119.822874451958	122.133647417868	135.576777911393	140.275600770736	131.802938457644	158.366607191391	158.069372198628	164.277422444501	168.601324262168	165.973735884062	167.465792090086	165.857777655139	169.76381420048	178.983634799498	186.353714591038	188.653120824193	192.005092760033	205.507256895614	207.869340493971	214.999762966942	249.526617719123	0	0	0	0	418.8790943262	383.761532738823	373.799153706139	405.376339359814	347.200238982219
550.042	0	0	0	0	0	0	0	0	0	0	0	0	1632.92754156209	45.796997147831	6.46928751556396	12.836193292741	20.8504870282639	0.855538813755691	8.68154967700396	19.8211983647702	8.22062546939023	15.7784842119194	27.3786542623084	27.2004515686914	26.2587038624938	28.7053907962348	23.1035829500483	36.4865096637946	34.7337099832477	39.4782144866035	51.2268394619411	49.6375948887357	55.4318700038153	57.7919095119337	69.401716294928	72.3972619801701	76.6029198748451	91.2145911857024	104.613063264132	103.80065329401	97.29425424837	93.5039188825217	128.037031620891	121.486068310739	140.061243130456	128.157656341817	124.25269445216	147.473289208539	155.885091060251	161.542281583635	161.05483483358	154.846337434011	160.053284522145	169.317170862935	171.472696357177	177.756026547439	180.123656283779	187.867270047145	206.331582822239	205.93681491104	214.160894520309	217.012520682484	225.383465119146	0	0	0	0	597.953501675469	386.697515439012	411.999067940643	431.095120355278	408.507264735095	528.959387509187
553.374	0	0	0	0	0	0	0	0	0	0	0	0	240.05558138693	-5.24291192346269	9.86100068821563	17.5019025416187	14.8575247108193	-0.434506494715838	9.90444174075651	8.69440440043875	12.2665460270086	11.8459969667488	9.44178438723002	18.5735534936877	26.6355785749707	25.8674136669102	31.8211937046655	38.9414379587384	35.4253332429192	42.0039888909585	36.8957771901504	45.5371017958263	56.9516735696072	60.5552597178127	54.4158440716636	68.7310151224528	73.7110779751745	77.462360404916	82.7595412979194	103.652365623629	99.4264353959213	106.160533444148	94.870614972985	114.933166186744	113.657257732893	118.870352588623	126.561468653742	130.96341074614	148.050664990585	135.441805717613	142.824922592738	143.754650434313	155.142931119531	150.3890997495	142.925868152334	176.902885253463	161.88692465211	160.947703776094	157.563249040133	178.225153697316	187.777199448379	192.585978734049	181.728644355445	0	0	0	0	377.259763787831	350.666834311612	388.869526088219	311.286640811058	322.152003952781	291.23734228701
556.707	0	0	0	0	0	0	0	0	0	0	0	661.652613798214	-28.7105591456854	-11.8902718681877	-1.02702333253667	-7.12839886964758	-13.0183193057561	15.8718715211474	8.60273365152949	7.04513343032268	20.0035043749785	-4.22484934066017	17.8692006778732	18.1781996442739	28.6992258810381	20.9908305073682	22.3985509740724	34.8337491743072	33.0432121324478	28.4732921932391	40.556449750625	42.9263388157783	51.8373058830923	48.3429804846926	59.3705928354756	67.6394592610307	71.6190978372708	72.4003442511423	79.8380850217492	77.728010309475	75.4340120861741	94.5755800516233	102.608938915546	95.3672615868067	112.197164317645	111.798692236762	112.630686158116	120.740006777149	128.796438384628	143.290701581083	123.919418722673	129.72570521154	135.910439646119	144.886415921675	147.005800234819	148.59055703442	148.828818841191	154.886503798116	173.386215270387	160.206846269726	181.268706696345	176.119298646571	191.818189946194	0	0	0	0	295.38792360063	355.355954713357	328.856516218667	451.308662260219	363.876136269206	396.788471682258
560.041	0	0	0	0	0	0	0	0	0	0	1360.96187928573	50.2718690184095	15.0828485563821	25.7687887492807	10.83531715113	6.09820473686582	16.5642437082015	5.99678719641123	14.7274285983296	13.6919642025968	4.79834834227122	15.2123301860184	17.2684430050944	16.5160063902421	11.4073166191166	30.7799121888084	24.0405038822492	26.8887107140738	30.8787991975456	31.2882720231328	26.3175973075038	30.1030647121861	53.7824856648793	50.37755070246	58.9905841391794	69.9303813004099	59.3405845514715	67.7897917021017	82.6977051177234	90.0124272713589	90.8210823391872	90.4872972511341	96.7665056357415	96.2186763088585	95.3739231854157	99.7901848648452	119.698555661005	115.360305273311	122.732969772608	123.220279246832	138.799406545755	134.035440198979	125.836568468697	129.772611978903	136.595778641346	142.15570487866	132.338820534667	151.093847878691	148.434425311876	153.342578234206	172.983659449589	162.719454101601	0	0	0	0	433.400190246185	292.927493639394	301.384208111983	316.364486192175	314.350212726996	303.143839356169	309.283286115919
563.375	0	0	0	0	0	0	0	0	0	0	178.469968548077	-2.83193459052988	-6.00778289877778	-1.03450008834769	-7.38024212250241	-4.69479307965806	-8.10464358474392	6.01682949373363	8.24493179651647	2.33992009154116	18.5482542101112	-2.42715578457556	19.4844933941664	17.662213076625	15.7096844568648	11.4113219341027	27.8155548902695	23.3630382466667	31.2512009044559	30.3977175371305	33.4010864394663	37.3665719592854	46.0216780053187	49.9416794366695	54.7258382675278	54.2768628300044	62.0409967366844	73.4343925512354	69.3739168069473	72.1845264167561	84.087776294819	74.1390013971278	73.4837707632312	83.3609641838306	85.8989728625921	96.5599807298309	95.1517110452636	98.2934825221221	107.306063936668	117.520537978221	112.235861709681	120.310150682027	121.588367915105	127.988453943582	132.214993674984	133.402346369786	122.743512078549	136.858114858154	147.58710558668	146.165256221501	153.788234711606	167.130762800029	0	0	0	0	260.944066600315	216.641600131898	253.63910538598	249.614754209069	211.987716899287	282.226735938864	259.920874441206
566.709	0	0	0	0	0	0	0	0	0	619.462001321778	10.2524382427268	-4.02874612732459	7.72145323642248	2.08390654571834	-0.504766179438409	9.09107540367636	16.4114673502068	9.1677915315581	17.5431193512346	23.9691256431784	4.50566277192571	18.0020728102768	16.666617730624	19.0576395347232	14.4676542063247	20.6831095206909	20.4323028491609	24.618177531157	30.736940412149	38.1619631577435	28.7270949169134	41.594687674949	47.649932248905	48.2772855061926	57.4106824092028	57.5736041105265	63.6645002583752	54.7313945705053	66.4287747810157	76.9346676439891	66.6108756546415	71.6358049138634	94.1720821327432	88.7029583856257	84.0507965930642	92.6586775719916	102.557760410634	106.363443745019	117.669270143831	112.250438837406	113.739263993017	100.544866560251	135.555410566065	115.671737180824	108.034512933023	129.765411856237	136.495230453407	132.056430025901	127.188559237764	138.198010869873	151.049174616068	154.836543127405	0	0	0	0	261.5108325408	251.062851469832	252.692731210261	284.592692019545	264.630411454104	241.586466592162	165.401472541552
570.044	0	0	0	0	0	0	0	0	1284.89486680966	10.7570863435469	-7.92610007843569	0.0354971024995481	-2.80204450480649	-8.99170265700251	10.6717100597082	-5.29952272036362	-13.4597743019754	-11.971103862542	-9.76784627102738	-2.02111003551795	11.111664130202	4.64797026433286	15.3647266083826	11.2336077936239	26.6348700068953	28.168873534593	18.7792604557453	30.3142388764396	23.9457771778851	31.3582030639451	46.0175964839891	35.3845272338769	42.3022553461633	44.3475065052922	53.0996925935999	40.8495796764174	55.9379173161326	55.9102030893695	54.8031314594412	62.7435090432519	71.1025047742744	75.0408139476983	72.7010826933623	79.5618312363993	89.948996827022	92.2936026925858	92.2007901174491	93.6270042117257	94.9429033582874	101.088680521597	97.3601315472618	110.142013596701	106.457054236449	116.922505220902	110.322717306896	114.609276517575	112.416162859601	121.9806454364	109.569767752036	133.51129406214	122.090854668672	0	0	0	0	358.37572483245	230.769591925258	207.791739992438	245.269901943524	263.779861649933	234.181691560051	288.591286704539	167.45614873325
573.38	0	0	0	0	0	0	0	0	186.307544649759	13.4584983051486	-2.47838896514705	18.8642533781116	-3.941815773861	6.4784534561063	-16.9364801615251	14.6258626971947	8.43762978048782	19.6407207363339	2.11021086051291	9.37048280831424	10.8024078381537	20.185828710601	15.4658753726333	16.079692998306	15.5203392304527	11.8351512421657	17.6094781257628	25.5381593294377	19.3729964996627	22.2559085263918	28.8652741221611	38.7873357044388	32.7809605040352	48.7119827982599	44.1583339555301	65.3768158032984	57.5816090799485	66.2415452255315	56.5149580928719	56.4824958769838	70.3752475744288	76.2332104495412	74.5521441173288	76.2845472865917	78.6870523588587	75.8788903647337	74.9959712726401	80.6140772673626	95.8325156369466	107.174383184995	112.453224574606	91.4728344900022	102.812755449492	102.970377067212	104.796711081972	105.107412253482	116.02418970659	119.32068483257	129.284904844819	136.50761638882	131.925575280421	0	0	0	0	241.223844486804	225.167786723881	246.003320759758	282.223315323146	284.36204217028	251.908514789348	271.165811107835	217.795334067984
576.716	0	0	0	0	0	0	0	556.870007724286	5.25489761482544	-1.93364342467512	7.33257008852709	-9.47497786128369	16.7737046846773	3.16958141773371	27.597620313186	26.7924020773905	21.3855452456419	-3.5646144353643	15.7383342331542	8.94783553786953	19.552383417459	12.1831310410649	9.68272539396847	11.2465384713099	18.0573198802762	32.459438698029	28.8895122839977	24.3149518476557	36.9309721100237	34.5324700234976	37.5185764016534	43.7648330764457	41.2881238261336	43.6121620542044	53.6407146340888	41.3410641904228	62.6825674341095	53.6629922371556	55.0536171112073	63.7644630383041	59.9020607043221	67.0883334141635	81.4080557123838	77.5241269817656	59.561528222228	72.0549272456273	97.720751434431	91.9290483451814	95.959850520999	100.271366054187	103.999602005615	113.793330063728	104.933030263378	107.397192927037	112.286773753084	116.0487389574	115.512928147897	117.422122784739	106.18237326932	139.897820063892	132.501495150292	0	0	0	0	223.67450168435	213.510325082561	218.208642484787	222.637421897989	265.249745665096	276.101877050736	195.319120070001	363.165549568018
580.052	0	0	0	0	0	0	1154.88917692423	-1.39204512945075	-10.5331654942925	-19.0276828515937	-35.3930975775682	8.1989660844547	-28.4826348844402	-30.871720861307	-13.1913703271297	-12.624055790654	-8.33452795027755	7.96711013430137	-10.5556368736677	-19.4798349824568	-6.49985079021542	-4.3059520987346	-0.331795043878462	13.7193247534261	12.7693461573115	8.5152524285106	9.81255948215626	20.4524733414976	18.1947313596462	18.0695427535856	28.3656554816478	19.7795133614302	32.4961977860807	26.8183234049817	36.4499482415301	30.88804667456	44.8600486341064	48.3524586507469	34.8681527558623	47.2365109081237	43.1165960535787	39.087652346109	34.3603409973684	54.6340402295247	55.612659450035	61.1996854015825	49.5974741257838	72.7764550576801	79.3277450518318	72.8364080646669	61.1224497551669	81.928514416732	77.8922419667871	78.1854578664304	84.9229952666688	87.7078922048664	96.0226255697587	92.7339791832268	93.9889821925575	100.483665019584	0	0	0	0	261.32646652501	158.507209519352	143.448641948068	168.639612093988	204.634329629048	79.4396062711975	207.367611762759	111.714658409846	156.078519153963
583.389	0	0	0	0	0	0	189.403987912839	10.7670367028128	7.81985263194128	13.2309386496793	7.87654733307516	-1.75162487725325	34.8226099655253	39.0439853771185	4.54152506406104	18.2284348822988	32.5646777286841	14.4800675622824	34.8283352343777	38.1321579213985	8.69115412905423	23.0597101172099	22.0366301782399	14.6819553791684	17.4822089605136	15.0713484975252	24.6738845233748	29.3789707123559	30.050007216976	29.4174467908622	31.9724735513998	40.5034124893256	31.3355335699028	46.0466189855746	37.3559156042074	56.3396748076786	49.5939733490779	53.1695082408454	54.2304560110826	64.6261080317278	63.9238045598583	73.8628240046278	70.214951335015	62.2442644945384	67.0767594698471	79.1841503108023	81.4613738279639	66.2263818430314	83.7033706218921	97.3352868219682	84.7329325868391	99.1135961707152	87.9314222605799	110.883979901971	97.5551283115611	87.8625219368759	107.394396980206	115.351973965137	104.285009915247	116.040365801457	0	0	0	0	202.127013304983	188.716984165489	221.419051248391	238.823078676762	227.821716259515	244.195930774159	267.573313305282	291.205322403296	206.538035998113
586.726	0	0	0	0	0	535.21297114348	13.1752834432913	15.3846268521128	39.5284387454568	14.9793560505749	18.5857080699787	37.9894129923163	24.1678237619933	18.3402042811687	12.9650247726105	12.8346692551939	30.5061460301446	24.3981088349934	17.8896189768761	12.7270293688911	21.0517726667762	26.4068007112254	13.1913834775608	22.5836817310856	19.654086129034	23.81874175873	32.3421756691433	27.8182779844371	27.8443987317054	37.1259696894671	34.8071583310333	27.2602646315188	32.9170231087477	40.8234956118778	62.4288521471677	47.7396380010635	61.9550124233898	60.1257910977319	58.5577568428319	66.3348279552508	48.4587955772858	72.6341754026969	68.3591703476342	63.1434861688535	71.7281560115988	63.8632505063351	68.5381703572019	71.3502423687069	90.0593956649838	82.415946822297	71.4305528269589	82.0534149644254	87.8567545538484	82.0407338100835	89.3781006427492	100.241422922285	94.8625594127044	110.897136481552	101.8289317399	117.703431888308	0	0	0	0	141.325873959216	174.823819844473	215.638692386252	179.449325829309	245.967616302154	282.050318620768	269.70685767688	240.787665921022	216.552632907507
590.063	0	0	0	0	1049.19886228632	33.8043850139576	5.56683159975248	2.67671424228881	13.6765178921561	2.4962485439067	-0.621891496745159	-19.1053914456363	7.70989574567423	-13.2497002913525	10.5340092363532	9.0976641031706	6.84249183645246	-0.444461559547884	17.5769954187209	14.3824709125924	11.314922941721	12.334391092888	27.4957641305672	7.98584376874762	3.91240836963572	14.8020925586641	17.8032767795674	19.8828371182189	19.1454448739856	21.0518014295305	19.9853163431112	32.0404340847779	31.8308650810685	43.1345187704689	35.4233594409283	48.2273124954207	50.396758857429	46.2654211857678	44.2681079675181	52.8429023547737	52.0353585944804	47.4827323076516	49.4126190599849	62.3854766544957	48.2053753083374	48.9853101344976	49.9073533112944	64.2392132987828	58.310858393975	78.8660892833612	65.3520953059969	65.1935309878183	72.5247420025901	64.8756582403846	85.9632139916896	65.4508456996868	86.9228746726534	77.6497733139332	90.1404685133006	0	0	0	0	221.46785427018	141.197930430476	135.807082750884	151.274024981963	158.418285624325	180.051690558896	206.685922113377	195.226599829694	166.81220353438	246.346522416102
593.4	0	0	0	0	131.247995560078	15.281036143832	11.2636173769113	18.9778400805833	24.302509015552	-3.22836449865645	-7.37501062396297	15.6768786445033	-15.6751532839352	10.0431821773613	7.56176159746439	-14.6328989505426	-1.46699796969621	19.890332613471	9.26124296892412	8.43559692420171	19.0393533005125	-1.50311014664287	11.4047780264033	6.38285277666371	17.4066528555699	23.2575093113356	13.4458530418758	19.7610370744825	17.6833679287175	29.0846301036656	27.1869153389312	22.3995082306746	35.84993390312	23.3790674447782	37.0367609807735	36.4231779490663	39.6711829316132	21.0892983355597	42.7177652971259	35.8818124911696	57.5702353823055	41.2916018916186	44.7415080560879	42.3870340036152	58.1775567300967	47.3879098936717	55.8324938920265	66.4343440134798	68.6470674191016	63.1560725430746	63.7116405716964	72.9899885219941	63.3887336854214	72.7190642410562	74.3367568597205	77.2158512171596	84.9647700925023	82.2193964429171	75.763375996788	0	0	0	0	162.093474005055	131.144157163922	118.943998455431	138.219411281845	144.469095957359	162.043003880999	159.844034558719	191.705589441011	150.140734610897	186.52614090621
596.738	0	0	0	501.342101510222	23.7640377956083	37.8179011382793	17.9090759613748	29.0763440706232	-1.98024526068136	49.0498847398697	25.4131280624688	17.2248145991441	17.0120335259169	19.4970429813677	23.2180559683803	28.1216266280901	19.3488927428918	22.0632685717797	18.9543799678997	31.7382490922912	15.1278379086833	36.7233274393177	25.117464037439	22.491963911508	22.011817420072	16.4091498786445	16.8009475222676	18.3737519692219	26.7058410732813	29.3697158347116	37.4071447583593	39.1382745989391	29.3488718760206	40.9056166208939	34.5851885661675	32.9847315036141	45.631830892496	53.5896290737708	49.0283163414048	56.237533132453	46.1804995596854	48.1222433559021	54.7345836092349	39.3490119217239	68.8236832255777	59.1426446196185	50.1455274749117	68.2502371932513	79.1684331468857	85.1826752074006	72.3595202931997	71.7503042194111	68.5920960481097	73.1343611623409	82.2107830635272	87.6622827507161	80.2456674332513	84.7267252881637	105.221993658761	0	0	0	0	140.216541745354	141.62255607575	159.691796222315	165.366822480256	176.859017092882	199.164574156248	135.719551159691	267.835587995621	204.486757154179	230.592544603565
600.076	0	0	1198.01172408185	33.1792702286295	26.4201948698504	6.7336218209991	24.768854269968	14.7003535879014	22.4099969171206	1.89378873198722	32.1332477830109	14.4578546476478	43.7683099744461	46.1651640320104	20.4090014181005	22.5137925417795	21.9548007346535	14.1662705483886	18.7857488368978	29.6758597296773	29.149870188725	20.6035602948811	24.1272279551203	27.7327214605864	26.3264632370392	24.2693948661613	22.1528720010227	27.6236598989738	25.1980077073008	28.5689335409183	27.3214103572593	28.8434351283979	36.9888311605942	35.4002812782491	36.683685175532	39.8538866063534	43.6452276123476	46.7231379529546	46.9388240325605	68.423381072016	51.6010969153912	63.094645799727	56.2749024012784	62.7100017337443	52.371332288794	68.8775050217901	53.9781157568456	65.5617995475282	68.7588196645432	58.3971604044407	66.4759158479769	74.5597611097059	76.6441179854627	88.6533745122812	71.9625069745244	75.6605887284142	86.7934982661586	90.1697125955104	0	0	0	0	198.623336081716	148.939935815176	113.636087272031	160.728147527865	139.122836389684	207.618469641339	220.360393447301	215.7859121344	160.610352298168	275.11527839086	322.112424931284
603.415	0	0	151.590869438733	-6.45864515636854	3.22191872070151	14.4007869277628	16.9021389736042	29.8180500256308	34.9933173423007	-1.29690206981729	1.26316914579809	12.243392958582	0.574368954641291	-25.5146995246993	2.14000805165303	-12.6332554715971	-15.9025920691785	7.83337079062908	11.9314415342709	0.426184626658931	7.96649885766411	20.4145230314907	-2.75048267897161	13.4117038840669	18.7661278546271	14.156148128172	11.6107501825553	13.1996701667088	16.1175633048047	15.4465253949417	14.0267192768308	22.7776658158942	26.8877052064805	24.3340447877002	27.7411907903393	27.9638785135992	39.969582713177	28.0726340224615	33.0873190192186	35.4468882749269	37.3247379010058	39.1694140825998	36.1349729941019	37.440946335077	50.442768550817	34.3906011968166	53.4883275168439	38.6502353829622	52.3272576068042	61.7711227817518	46.5727894741901	45.7487530026658	64.2961471913319	59.3898219788169	65.8375867545613	53.6236085662982	62.2546895607027	49.1323364748272	0	0	0	0	118.554375323322	115.670610819205	106.038391545712	111.953145668791	102.205442381959	114.475194050577	134.525642564261	82.4633212365513	127.982345650155	101.736558525424	73.1189548734958
606.753	0	529.761918920845	47.273913403576	5.68902789545555	25.1534641118041	-1.48834849614295	3.68915405649818	9.22872645157882	-9.59886717746135	23.1789945731255	-1.29687379517651	-13.4623093331476	22.6807131003529	19.421249868941	7.44091882953432	13.1649992309433	20.2528584877201	18.017111028751	31.8130291897988	16.9123094304083	20.2888891323224	14.1470448633923	21.2213706525966	12.563048697223	8.57432811966877	12.0214768480484	16.3514948303494	21.7361568764233	20.545066081958	31.5940141659233	29.1270551936348	34.9214396508187	29.1611219380502	27.0068764016952	18.5404859648089	54.4629818070011	26.9456478351497	26.530898997162	30.6785144546225	50.0542975379553	44.1869745804933	44.310385076039	49.2831732142674	47.1009133295315	42.0877373783704	48.2144381972726	60.4875355491439	56.5830165252962	63.5186698895433	57.203571569327	65.0852139938972	57.7956056844823	60.620094705917	71.7485533948876	66.6204988635703	64.3290944306434	61.7404887293508	62.9856068568457	0	0	0	0	108.72788744865	93.8585985064403	85.5345209822607	121.15949391971	174.126177258833	186.91091281816	137.596262463938	182.53511682159	143.002209908237	167.250443216883	255.567481366764
610.092	1010.71702185942	12.0961266310696	-24.548864472855	-28.8539222086035	-20.4788103524688	1.56382889304951	-19.2056670865448	2.84334440370283	-13.8095295123046	-9.94949433240054	-3.83640313844707	5.53940633279502	-14.0499468633466	0.5643954950492	7.45093321647498	-8.08357726604889	-13.101512586174	0.466610377695478	6.63060178430554	-6.39511659184659	-2.04248716953621	7.05690492877424	4.19665126299626	2.63655071025567	17.0062781021488	14.7149322733866	18.1876142644886	6.70616965641884	16.3887427582272	12.8233812462023	16.3792621582404	9.1100374085266	27.9905163132341	21.5341595626351	26.2895045625872	23.9212611299407	27.359709212507	13.9669053297126	34.7065015579384	29.1353479485761	36.7407790684247	42.5035234191652	29.0627956704448	41.2008206751041	40.8505532841065	33.3082457889823	35.0239168568131	35.0972599747942	43.41049053789	47.6104285890396	33.973672650003	52.3132388944802	48.6288128035031	50.4752101376324	50.8814554000509	56.1735885752169	52.7916935358771	0	0	0	0	154.7580236818	72.1309567106327	83.765414905035	107.23453278144	93.3306915778529	66.5348869327793	108.53331098463	43.3943697509907	129.685846334938	118.487241791126	153.538527990316	155.225981579397
613.431	233.205590423427	52.4332177163292	51.8317671378425	47.7344404008753	48.8946971966093	16.7777863236663	36.8793408863688	19.9373646836786	43.3851725053701	39.1198833197378	31.9294884433608	28.1228066050141	21.6443785152484	31.1781078805908	19.6697793358119	39.5598068222359	32.4460869891449	20.8254563146123	14.2037421901502	44.8858776415204	25.1487386222834	23.1775317660877	19.3653005283041	13.4705926482982	20.5170525548285	13.2537711407882	24.4945172441505	18.0553857953111	25.3169992761049	20.1046269458418	33.6549186100036	32.2250013823185	30.1494564130823	34.5251665460486	33.9451301280923	30.3477583060785	42.5053550454075	41.1463590999364	38.2333508842931	54.3350116026339	50.2424009499622	33.5033934118689	55.8998185567017	45.4086578212411	49.319888256517	51.5135103024971	54.3435676560869	58.57309513313	58.884932327683	66.7810797616002	55.704094681233	59.1557059884846	80.3097773565389	73.9586310061444	58.4688946408137	78.5570069630462	79.7898246960666	0	0	0	0	132.362947911518	99.7301085636011	99.605797262512	102.773708743771	130.139533617847	133.521850560873	192.683278973071	167.906031100433	205.585063423897	182.703383346245	227.100098025264	297.866092131969
616.77	1.96131599136837	2.83589111127183	20.5212155504668	14.1666133350983	8.76013459589054	-10.8746133351234	10.4899968469365	3.5759057342919	-10.48510165937	-9.45465331699289	5.79734331631344	-0.026841750209264	1.10965716568056	-5.15046806660489	21.5117054852097	-3.0917893550588	-4.46558100392297	10.3319464182411	12.9871264363116	0.363379734736293	3.17524894941713	1.10605441600358	2.94590012986551	14.2471154344051	15.2771893380613	7.5742490330535	19.1160433910258	12.7285101963409	11.4333272395979	14.2744852378184	15.0427838531239	10.9079952647249	22.887303248129	8.93952128243437	21.442976216092	17.6927775606436	23.6212623264541	24.3363058329959	24.6627153573549	22.1549020400151	34.3997674966559	37.9269522701919	31.6649758000011	31.6741071110058	41.3992669852217	29.8577761030695	41.1979149135827	28.5803973795164	52.6624698060858	48.2161913670601	38.1646207624925	47.5272996708158	41.7655815472006	47.5189026377707	58.3974509029135	44.8821321127036	47.6703205488747	0	0	0	0	71.639506981009	49.1065067299936	77.0810021027797	81.9759717495727	92.3965862150897	112.503761393596	117.771020434516	93.3028730943701	75.6671335162034	113.621971516943	77.9695547623827	157.699196131165
620.109	-19.5652747542294	-40.8309271053953	-30.627013370423	-38.022731850223	-70.838529013289	5.76433845826731	-12.9224927492076	2.66215881467086	-46.4106574201743	-23.9935973557171	-35.8470197418429	-15.2512323208841	-25.3803982988014	-30.5955680130385	-45.1350206223946	-6.29436436285804	-16.3515672500059	-8.09353380434999	-18.847529862848	-13.8119711337268	-18.513176627771	-12.1775420851156	-1.63595896503916	-1.46964871600076	-2.76182320750226	-9.03081840063169	-4.7808761589786	9.2623779622111	-0.846045445394067	8.39760617973615	2.81656613761262	18.228518252085	5.56594495570281	2.86453240132742	0.796103350541122	16.9261154754259	4.21523067959071	-2.40912647857801	20.9622960927718	29.150812770878	8.46495867922701	10.6616778978491	45.7671460787451	30.5560068916478	19.916449063783	30.3457048334381	29.2423261075475	25.0082239111965	30.4107127174332	49.127732257953	44.7127063271316	30.9021474320478	28.0852687064188	35.7456613051922	33.2487831242466	32.0159105912672	0	0	0	0	142.813800014562	46.9354586765498	50.6367381171658	69.0235621399367	70.2893954791794	81.3488859630743	133.752506879192	110.701362658321	114.64166786162	28.6770075400577	68.6677489061717	-14.2308383673423	-144.697472334337
