Sample - Blank	600	595	590	585	580	575	570	565	560	555	550	545	540	535	530	525	520	515	510	505	500	495	490	485	480	475	470	465	460	455	450	445	440	435	430	425	420	415	410	405	400	395	390	385	380	375	370	365	360	355	350	345	340	335	330	325	320	315	310	305	300	295	290	285	280	275	270	265	260	255	250	245	240
nm																																																																									
213.328	0	0	0	0	0	0	0	0	0	0	0	0	0	0	0	0	0	0	0	0	0	0	0	0	0	0	0	0	0	0	0	0	0	0	0	0	0	0	0	0	0	0	0	0	0	0	0	0	0	0	0	0	0	0	0	0	0	0	0	0	0	0	0	0	0	0	0	0	0	0	0	0	0
216.504	0	0	0	0	0	0	0	0	0	0	0	0	0	0	0	0	0	0	0	0	0	0	0	0	0	0	0	0	0	0	0	0	0	0	0	0	0	0	0	0	0	0	0	0	0	0	0	0	0	0	0	0	0	0	0	0	0	0	0	0	0	0	0	0	0	0	0	0	0	0	0	0	0
219.682	0	0	0	0	0	0	0	0	0	0	0	0	0	0	0	0	0	0	0	0	0	0	0	0	0	0	0	0	0	0	0	0	0	0	0	0	0	0	0	0	0	0	0	0	0	0	0	0	0	0	0	0	0	0	0	0	0	0	0	0	0	0	0	0	0	0	0	0	0	0	0	0	0
222.862	0	0	0	0	0	0	0	0	0	0	0	0	0	0	0	0	0	0	0	0	0	0	0	0	0	0	0	0	0	0	0	0	0	0	0	0	0	0	0	0	0	0	0	0	0	0	0	0	0	0	0	0	0	0	0	0	0	0	0	0	0	0	0	0	0	0	0	0	0	0	0	0	0
226.045	0	0	0	0	0	0	0	0	0	0	0	0	0	0	0	0	0	0	0	0	0	0	0	0	0	0	0	0	0	0	0	0	0	0	0	0	0	0	0	0	0	0	0	0	0	0	0	0	0	0	0	0	0	0	0	0	0	0	0	0	0	0	0	0	0	0	0	0	0	0	0	0	0
229.23	0	0	0	0	0	0	0	0	0	0	0	0	0	0	0	0	0	0	0	0	0	0	0	0	0	0	0	0	0	0	0	0	0	0	0	0	0	0	0	0	0	0	0	0	0	0	0	0	0	0	0	0	0	0	0	0	0	0	0	0	0	0	0	0	0	0	0	0	0	0	0	0	0
232.417	0	0	0	0	0	0	0	0	0	0	0	0	0	0	0	0	0	0	0	0	0	0	0	0	0	0	0	0	0	0	0	0	0	0	0	0	0	0	0	0	0	0	0	0	0	0	0	0	0	0	0	0	0	0	0	0	0	0	0	0	0	0	0	0	0	0	0	0	0	0	0	0	0
235.607	0	0	0	0	0	0	0	0	0	0	0	0	0	0	0	0	0	0	0	0	0	0	0	0	0	0	0	0	0	0	0	0	0	0	0	0	0	0	0	0	0	0	0	0	0	0	0	0	0	0	0	0	0	0	0	0	0	0	0	0	0	0	0	0	0	0	0	0	0	0	0	0	0
238.799	0	0	0	0	0	0	0	0	0	0	0	0	0	0	0	0	0	0	0	0	0	0	0	0	0	0	0	0	0	0	0	0	0	0	0	0	0	0	0	0	0	0	0	0	0	0	0	0	0	0	0	0	0	0	0	0	0	0	0	0	0	0	0	0	0	0	0	0	0	0	0	0	0
241.993	0	0	0	0	0	0	0	0	0	0	0	0	0	0	0	0	0	0	0	0	0	0	0	0	0	0	0	0	0	0	0	0	0	0	0	0	0	0	0	0	0	0	0	0	0	0	0	0	0	0	0	0	0	0	0	0	0	0	0	0	0	0	0	0	0	0	0	0	0	0	0	0	0
245.19	0	0	0	0	0	0	0	0	0	0	0	0	0	0	0	0	0	0	0	0	0	0	0	0	0	0	0	0	0	0	0	0	0	0	0	0	0	0	0	0	0	0	0	0	0	0	0	0	0	0	0	0	0	0	0	0	0	0	0	0	0	0	0	0	0	0	0	0	0	0	0	0	0
248.388	0	0	0	0	0	0	0	0	0	0	0	0	0	0	0	0	0	0	0	0	0	0	0	0	0	0	0	0	0	0	0	0	0	0	0	0	0	0	0	0	0	0	0	0	0	0	0	0	0	0	0	0	0	0	0	0	0	0	0	0	0	0	0	0	0	0	0	0	0	0	0	0	0
251.589	0	0	0	0	0	0	0	0	0	0	0	0	0	0	0	0	0	0	0	0	0	0	0	0	0	0	0	0	0	0	0	0	0	0	0	0	0	0	0	0	0	0	0	0	0	0	0	0	0	0	0	0	0	0	0	0	0	0	0	0	0	0	0	0	0	0	0	0	0	0	0	0	1131.20063462752
254.793	0	0	0	0	0	0	0	0	0	0	0	0	0	0	0	0	0	0	0	0	0	0	0	0	0	0	0	0	0	0	0	0	0	0	0	0	0	0	0	0	0	0	0	0	0	0	0	0	0	0	0	0	0	0	0	0	0	0	0	0	0	0	0	0	0	0	0	0	0	0	0	0	-10.0509611793543
257.998	0	0	0	0	0	0	0	0	0	0	0	0	0	0	0	0	0	0	0	0	0	0	0	0	0	0	0	0	0	0	0	0	0	0	0	0	0	0	0	0	0	0	0	0	0	0	0	0	0	0	0	0	0	0	0	0	0	0	0	0	0	0	0	0	0	0	0	0	0	0	0	619.147258906054	248.724695830514
261.205	0	0	0	0	0	0	0	0	0	0	0	0	0	0	0	0	0	0	0	0	0	0	0	0	0	0	0	0	0	0	0	0	0	0	0	0	0	0	0	0	0	0	0	0	0	0	0	0	0	0	0	0	0	0	0	0	0	0	0	0	0	0	0	0	0	0	0	0	0	0	3233.6124383174	-24.7517902316948	-231.650440127252
264.415	0	0	0	0	0	0	0	0	0	0	0	0	0	0	0	0	0	0	0	0	0	0	0	0	0	0	0	0	0	0	0	0	0	0	0	0	0	0	0	0	0	0	0	0	0	0	0	0	0	0	0	0	0	0	0	0	0	0	0	0	0	0	0	0	0	0	0	0	0	0	268.428471154062	159.025231915367	-28.3592489543485
267.627	0	0	0	0	0	0	0	0	0	0	0	0	0	0	0	0	0	0	0	0	0	0	0	0	0	0	0	0	0	0	0	0	0	0	0	0	0	0	0	0	0	0	0	0	0	0	0	0	0	0	0	0	0	0	0	0	0	0	0	0	0	0	0	0	0	0	0	0	0	1412.86355086684	36.230798790558	72.5382064657004	-162.075104533349
270.841	0	0	0	0	0	0	0	0	0	0	0	0	0	0	0	0	0	0	0	0	0	0	0	0	0	0	0	0	0	0	0	0	0	0	0	0	0	0	0	0	0	0	0	0	0	0	0	0	0	0	0	0	0	0	0	0	0	0	0	0	0	0	0	0	0	0	0	0	4954.83906271499	30.4134379635739	4.59607566981359	-28.7342016263042	-225.974018849868
274.057	0	0	0	0	0	0	0	0	0	0	0	0	0	0	0	0	0	0	0	0	0	0	0	0	0	0	0	0	0	0	0	0	0	0	0	0	0	0	0	0	0	0	0	0	0	0	0	0	0	0	0	0	0	0	0	0	0	0	0	0	0	0	0	0	0	0	0	0	510.454079163895	72.004990067619	137.497345848884	-46.9101993567584	-57.9307276102456
277.275	0	0	0	0	0	0	0	0	0	0	0	0	0	0	0	0	0	0	0	0	0	0	0	0	0	0	0	0	0	0	0	0	0	0	0	0	0	0	0	0	0	0	0	0	0	0	0	0	0	0	0	0	0	0	0	0	0	0	0	0	0	0	0	0	0	0	0	2147.51042125731	20.4345438798953	18.4176096968948	-45.0512547452659	-258.577449671297	-164.691155627153
280.496	0	0	0	0	0	0	0	0	0	0	0	0	0	0	0	0	0	0	0	0	0	0	0	0	0	0	0	0	0	0	0	0	0	0	0	0	0	0	0	0	0	0	0	0	0	0	0	0	0	0	0	0	0	0	0	0	0	0	0	0	0	0	0	0	0	0	5657.99662407337	213.430860028456	86.9175505577585	163.203386263522	118.280536471148	85.6162738443149	171.274656992743
283.718	0	0	0	0	0	0	0	0	0	0	0	0	0	0	0	0	0	0	0	0	0	0	0	0	0	0	0	0	0	0	0	0	0	0	0	0	0	0	0	0	0	0	0	0	0	0	0	0	0	0	0	0	0	0	0	0	0	0	0	0	0	0	0	0	0	0	704.869793421499	104.759907624853	58.8893792317025	15.0713413540059	-195.276785033117	34.4466481452354	-17.7066302470913
286.942	0	0	0	0	0	0	0	0	0	0	0	0	0	0	0	0	0	0	0	0	0	0	0	0	0	0	0	0	0	0	0	0	0	0	0	0	0	0	0	0	0	0	0	0	0	0	0	0	0	0	0	0	0	0	0	0	0	0	0	0	0	0	0	0	0	2455.89554693083	210.244217440469	169.178989074395	183.124569285456	-33.3041402701406	8.64663656759712	229.779083138507	193.876248982528
290.169	0	0	0	0	0	0	0	0	0	0	0	0	0	0	0	0	0	0	0	0	0	0	0	0	0	0	0	0	0	0	0	0	0	0	0	0	0	0	0	0	0	0	0	0	0	0	0	0	0	0	0	0	0	0	0	0	0	0	0	0	0	0	0	0	5364.0767598918	232.543738836672	201.399056017524	181.726992618081	211.939875852058	-42.3956585167382	50.191050619868	-30.7870310555015	-38.1899635623413
293.397	0	0	0	0	0	0	0	0	0	0	0	0	0	0	0	0	0	0	0	0	0	0	0	0	0	0	0	0	0	0	0	0	0	0	0	0	0	0	0	0	0	0	0	0	0	0	0	0	0	0	0	0	0	0	0	0	0	0	0	0	0	0	0	0	850.556471086656	238.277853429277	272.845897469072	264.590725764893	111.423793253308	50.3834289635404	33.5899735367033	155.938999225842	43.7799921760358
296.628	0	0	0	0	0	0	0	0	0	0	0	0	0	0	0	0	0	0	0	0	0	0	0	0	0	0	0	0	0	0	0	0	0	0	0	0	0	0	0	0	0	0	0	0	0	0	0	0	0	0	0	0	0	0	0	0	0	0	0	0	0	0	0	2415.78523120419	241.694656756313	349.861315677499	357.86684472498	357.39022848452	138.455489984997	244.863527486045	269.236854832299	198.912082981717	325.074623643286
299.86	0	0	0	0	0	0	0	0	0	0	0	0	0	0	0	0	0	0	0	0	0	0	0	0	0	0	0	0	0	0	0	0	0	0	0	0	0	0	0	0	0	0	0	0	0	0	0	0	0	0	0	0	0	0	0	0	0	0	0	0	0	0	0	255.60672312005	246.830126956742	343.894690569381	414.422385105135	222.183148921035	217.686312878986	196.496403986795	98.2784169785652	116.086999592756	49.7798272951743
303.095	0	0	0	0	0	0	0	0	0	0	0	0	0	0	0	0	0	0	0	0	0	0	0	0	0	0	0	0	0	0	0	0	0	0	0	0	0	0	0	0	0	0	0	0	0	0	0	0	0	0	0	0	0	0	0	0	0	0	0	0	0	0	939.180843096715	198.336376296617	329.951396176765	446.758373249603	390.689264504435	343.366713641825	370.201130309482	278.522499517712	335.928261077273	189.380575314046	352.015432990852
306.331	0	0	0	0	0	0	0	0	0	0	0	0	0	0	0	0	0	0	0	0	0	0	0	0	0	0	0	0	0	0	0	0	0	0	0	0	0	0	0	0	0	0	0	0	0	0	0	0	0	0	0	0	0	0	0	0	0	0	0	0	0	2727.00356760456	107.278022736823	182.061244730748	286.614739188394	461.922647957203	403.435388226429	378.852457059345	265.464342788465	193.210838561946	167.382302393366	184.292664432858	162.707923784311
309.569	0	0	0	0	0	0	0	0	0	0	0	0	0	0	0	0	0	0	0	0	0	0	0	0	0	0	0	0	0	0	0	0	0	0	0	0	0	0	0	0	0	0	0	0	0	0	0	0	0	0	0	0	0	0	0	0	0	0	0	0	0	283.992863468622	105.638376276243	209.946119033798	342.243592813096	441.774010495635	394.837200082419	355.03367091419	318.039575152267	248.235987112362	156.10231546735	206.059902638566	313.008824312266
312.81	0	0	0	0	0	0	0	0	0	0	0	0	0	0	0	0	0	0	0	0	0	0	0	0	0	0	0	0	0	0	0	0	0	0	0	0	0	0	0	0	0	0	0	0	0	0	0	0	0	0	0	0	0	0	0	0	0	0	0	0	1449.31023906028	49.6218905286539	111.313617951024	200.078203111507	375.992848476696	394.124433647823	446.69062434862	386.642888895343	317.234767928046	274.229478558805	240.915154612987	158.929709874736	170.497145261342
316.052	0	0	0	0	0	0	0	0	0	0	0	0	0	0	0	0	0	0	0	0	0	0	0	0	0	0	0	0	0	0	0	0	0	0	0	0	0	0	0	0	0	0	0	0	0	0	0	0	0	0	0	0	0	0	0	0	0	0	0	3255.29038756064	103.18108296228	66.0731221581244	102.250648665328	205.808735135459	360.617965579062	446.130642281338	448.076065685186	435.325767128214	369.141244587683	293.289662230275	257.60899711943	235.750707878592	103.203167535775
319.296	0	0	0	0	0	0	0	0	0	0	0	0	0	0	0	0	0	0	0	0	0	0	0	0	0	0	0	0	0	0	0	0	0	0	0	0	0	0	0	0	0	0	0	0	0	0	0	0	0	0	0	0	0	0	0	0	0	0	0	440.55002007746	82.7685957702639	121.784849258916	181.683371462282	300.842823166902	341.015029790668	465.148268992202	533.432469300423	466.943326081747	393.054093805961	362.658191346322	409.164503960845	321.249467172869	541.369876812431
322.542	0	0	0	0	0	0	0	0	0	0	0	0	0	0	0	0	0	0	0	0	0	0	0	0	0	0	0	0	0	0	0	0	0	0	0	0	0	0	0	0	0	0	0	0	0	0	0	0	0	0	0	0	0	0	0	0	0	0	1332.59775178654	76.350028843188	67.4960835335085	102.757046145957	166.794718339802	263.734145835484	317.619779891414	423.927791895541	445.146924895624	399.585201556282	270.496718397971	220.986246175572	207.035930263954	269.202431473732	75.1978850665164
325.79	0	0	0	0	0	0	0	0	0	0	0	0	0	0	0	0	0	0	0	0	0	0	0	0	0	0	0	0	0	0	0	0	0	0	0	0	0	0	0	0	0	0	0	0	0	0	0	0	0	0	0	0	0	0	0	0	0	2952.18209469346	105.090058174501	62.6156045420993	85.3171735737967	109.155399486689	201.630500024669	225.173545685526	347.076485183155	421.549129798586	411.098496842203	321.450691154925	307.417485100467	200.550136290656	294.308486741306	267.157599124167	99.4754697416804
329.039	0	0	0	0	0	0	0	0	0	0	0	0	0	0	0	0	0	0	0	0	0	0	0	0	0	0	0	0	0	0	0	0	0	0	0	0	0	0	0	0	0	0	0	0	0	0	0	0	0	0	0	0	0	0	0	0	0	457.678936884533	57.7504127033664	91.574205173517	126.555106444228	183.298051895391	243.067433865903	312.741523826208	411.26379826163	443.231159320797	486.991352596425	466.140755494497	426.960713433298	432.750886978534	260.565352304939	449.979859024681	366.724764049274
332.291	0	0	0	0	0	0	0	0	0	0	0	0	0	0	0	0	0	0	0	0	0	0	0	0	0	0	0	0	0	0	0	0	0	0	0	0	0	0	0	0	0	0	0	0	0	0	0	0	0	0	0	0	0	0	0	0	1375.37741403463	66.264093040934	72.2989098481413	132.958185968723	137.300406740685	192.387160908828	215.17167140193	317.463091105835	400.243966074331	423.972402117311	434.668667685423	435.350539916503	348.328251896026	282.764721560955	385.209276114113	186.838444729086	276.933866457339
335.544	0	0	0	0	0	0	0	0	0	0	0	0	0	0	0	0	0	0	0	0	0	0	0	0	0	0	0	0	0	0	0	0	0	0	0	0	0	0	0	0	0	0	0	0	0	0	0	0	0	0	0	0	0	0	0	2695.31814346349	94.8643572415652	36.6396037915235	76.8649265583022	104.137533172463	142.755382867879	174.620388437206	205.543320504671	294.276801453056	369.501060626229	395.92030465201	416.071355857916	352.827760332928	382.088665803692	284.54248988234	232.460669817681	210.921562438465	204.506385537094
338.799	0	0	0	0	0	0	0	0	0	0	0	0	0	0	0	0	0	0	0	0	0	0	0	0	0	0	0	0	0	0	0	0	0	0	0	0	0	0	0	0	0	0	0	0	0	0	0	0	0	0	0	0	0	0	0	436.528311567744	46.3125015840915	75.72250890097	99.9986486381244	141.235164223299	187.367809383284	178.32002544956	272.564056370094	323.686185683374	397.515567071946	435.75890116485	432.765935296723	397.708303842313	314.666830601454	323.925580701768	344.419199440789	210.987822877537	193.820138130635
342.056	0	0	0	0	0	0	0	0	0	0	0	0	0	0	0	0	0	0	0	0	0	0	0	0	0	0	0	0	0	0	0	0	0	0	0	0	0	0	0	0	0	0	0	0	0	0	0	0	0	0	0	0	0	0	1270.55460578605	37.6150222294864	64.3515182297013	84.3751809731159	125.5907149501	159.85211875408	213.425970154662	215.957423279571	286.24400958651	352.903890921503	436.508009615322	479.024034219463	428.460913295414	402.858489068382	382.632837563797	305.724967986542	485.828003051813	467.724480474093	386.120274801255
345.315	0	0	0	0	0	0	0	0	0	0	0	0	0	0	0	0	0	0	0	0	0	0	0	0	0	0	0	0	0	0	0	0	0	0	0	0	0	0	0	0	0	0	0	0	0	0	0	0	0	0	0	0	0	2582.70266811584	100.484869024494	41.5160193034647	67.7293985356083	93.3620913260199	129.107197025975	151.245696794319	194.164713181942	220.777053512082	254.267640037691	357.612904401917	357.007853538856	317.0775150572	320.096127956652	378.376563614316	347.986623294505	260.395839114467	185.021045879073	358.268689310743	276.532133931078
348.575	0	0	0	0	0	0	0	0	0	0	0	0	0	0	0	0	0	0	0	0	0	0	0	0	0	0	0	0	0	0	0	0	0	0	0	0	0	0	0	0	0	0	0	0	0	0	0	0	0	0	0	0	0	472.194806312811	47.6871771100724	62.2340232761196	86.7964280290755	96.3143615731549	152.69122490981	154.823416006642	213.658908621138	272.795538605242	302.938436977835	358.636688246622	433.710811296301	400.498820957101	395.564804652913	393.940812827282	332.819639486862	389.282805254106	355.381042042387	421.526735462744	388.82789637568
351.838	0	0	0	0	0	0	0	0	0	0	0	0	0	0	0	0	0	0	0	0	0	0	0	0	0	0	0	0	0	0	0	0	0	0	0	0	0	0	0	0	0	0	0	0	0	0	0	0	0	0	0	0	1246.70667125663	41.932722122966	57.0873330684208	67.2203064644247	63.2831942049665	110.387154340076	164.592366010493	171.22116611824	217.182542823362	250.40629968123	302.852267201515	333.544299631069	329.965818324807	345.605832929667	364.866667921777	334.152375962173	299.365468025454	319.342852572907	231.53925660729	240.528293345657	245.474755732815
355.101	0	0	0	0	0	0	0	0	0	0	0	0	0	0	0	0	0	0	0	0	0	0	0	0	0	0	0	0	0	0	0	0	0	0	0	0	0	0	0	0	0	0	0	0	0	0	0	0	0	0	0	2471.97229809435	124.469845794716	38.5545203551452	65.5122290430337	77.8413896708302	110.033864119901	149.392456317888	176.834067666538	195.335677093989	248.321342541619	256.501934204244	310.965096820272	355.338099154518	376.409363770288	397.55760437743	352.225551455714	341.384522890806	291.61288833627	229.53611726043	350.845172840192	367.401172160927	451.768214538647
358.367	0	0	0	0	0	0	0	0	0	0	0	0	0	0	0	0	0	0	0	0	0	0	0	0	0	0	0	0	0	0	0	0	0	0	0	0	0	0	0	0	0	0	0	0	0	0	0	0	0	0	0	445.536080597578	48.2084748941154	55.5703601312128	54.2654099540031	90.9079272556277	115.90874647592	141.69660492232	212.373873116933	221.712655030943	238.554763827023	276.339745162262	298.652440191725	298.990287568055	361.12991481899	344.387596496662	322.331469005056	368.249346468865	272.366957583787	223.074575227086	284.158969913363	345.649175165726	357.718672276561
361.634	0	0	0	0	0	0	0	0	0	0	0	0	0	0	0	0	0	0	0	0	0	0	0	0	0	0	0	0	0	0	0	0	0	0	0	0	0	0	0	0	0	0	0	0	0	0	0	0	0	0	1219.55141323413	33.1378880498921	35.8206580070794	45.1932612566849	75.2468164791223	102.35080600477	171.541338774634	170.128198135414	185.72180485441	251.562565810496	259.305961041601	282.494910917638	287.262925461768	320.546271547193	351.293178386668	354.063737895566	308.433940012451	301.628677002033	318.539910207856	295.998939990123	314.309588251946	433.003021138314	499.250335297265
364.903	0	0	0	0	0	0	0	0	0	0	0	0	0	0	0	0	0	0	0	0	0	0	0	0	0	0	0	0	0	0	0	0	0	0	0	0	0	0	0	0	0	0	0	0	0	0	0	0	0	0	136.436425331731	55.4906688203607	65.0380651681914	95.5334209256201	126.322273192406	156.877026796204	148.953360146527	186.719579231979	260.079046265587	262.549467464734	298.731187429725	321.968714662581	354.314284868562	366.59341869096	366.651079895946	397.305335483571	407.118009984857	399.703035855815	418.082258127816	345.796316703864	351.452086481868	588.410681875235	640.769600251172
368.174	0	0	0	0	0	0	0	0	0	0	0	0	0	0	0	0	0	0	0	0	0	0	0	0	0	0	0	0	0	0	0	0	0	0	0	0	0	0	0	0	0	0	0	0	0	0	0	0	0	493.482691853882	18.4201261924024	39.4979605650907	68.7316432318751	81.050803563369	117.945752631041	167.31518599998	157.750828652169	202.067772261468	240.778676862391	297.726259872214	295.355571494741	303.918872872564	323.21324885373	333.013013181406	320.869495257695	294.940541547964	335.449868785018	279.738976997635	292.451309601922	292.435472291565	336.760976222604	325.047683678982	431.913690989066
371.446	0	0	0	0	0	0	0	0	0	0	0	0	0	0	0	0	0	0	0	0	0	0	0	0	0	0	0	0	0	0	0	0	0	0	0	0	0	0	0	0	0	0	0	0	0	0	0	0	1229.06756415898	43.8221532655138	29.4852083711174	54.4286971044175	59.5172830126919	107.210520318369	134.764133228168	175.497249748903	169.41883222848	235.55795045584	238.659658918013	299.196046414119	304.833225127126	325.042302505458	335.974803856557	328.648692966358	323.343292705517	320.699359022408	344.833339523226	340.091298224218	302.115826009944	383.724010816371	347.190901127296	386.542535723787	374.437958808578
374.719	0	0	0	0	0	0	0	0	0	0	0	0	0	0	0	0	0	0	0	0	0	0	0	0	0	0	0	0	0	0	0	0	0	0	0	0	0	0	0	0	0	0	0	0	0	0	0	0	120.052631229687	17.6405326283345	52.5096644615178	56.1247174521632	85.8398055354886	127.697923192595	148.962356780575	180.833748992549	191.467613034399	231.159435507677	284.808339171659	289.578620250696	319.882693921245	309.471945423374	337.652135251856	326.52764675652	325.448178633514	318.209766035663	341.796390695988	361.769905746399	312.771905115782	299.143337505234	310.844370058882	266.225486296489	498.89005819357
377.995	0	0	0	0	0	0	0	0	0	0	0	0	0	0	0	0	0	0	0	0	0	0	0	0	0	0	0	0	0	0	0	0	0	0	0	0	0	0	0	0	0	0	0	0	0	0	0	497.885913725017	34.1711427742141	63.2589027861952	45.7279507022631	74.9109629290822	85.1016978410865	128.400008888088	172.268327784091	191.212705732612	221.835128462371	280.915962005086	303.375340927286	328.349810100221	317.488036287989	337.87434497147	340.903079146261	353.151302793858	349.625234923515	345.27055960238	337.764262454639	326.117293258911	325.584831379373	375.585792532594	369.48452242183	474.860409545359	457.317926948876
381.272	0	0	0	0	0	0	0	0	0	0	0	0	0	0	0	0	0	0	0	0	0	0	0	0	0	0	0	0	0	0	0	0	0	0	0	0	0	0	0	0	0	0	0	0	0	0	1265.16109662631	47.8061215567286	38.5045683859222	46.3281541961981	71.0875306689848	104.14872823236	127.991578538661	159.928390502331	182.351553267229	215.682107341363	258.012807629397	288.763612665222	324.431624574029	322.287581236109	362.842894816616	350.681165389869	355.248704100879	349.113934385668	352.194721784327	332.895827918098	347.824601203761	402.334434850779	401.234236462332	512.807204607444	523.484386846789	483.934264059019	711.609817035742
384.55	0	0	0	0	0	0	0	0	0	0	0	0	0	0	0	0	0	0	0	0	0	0	0	0	0	0	0	0	0	0	0	0	0	0	0	0	0	0	0	0	0	0	0	0	0	0	155.357813400298	29.7137677703964	29.2358351451573	38.4640422420597	62.0874830372889	87.4373807785653	118.370266126945	139.088604108477	162.46176116469	227.499725155324	264.639202106338	285.924696850985	298.009489181449	342.976779279544	339.132483539311	336.298511348976	298.875756185631	340.797432591469	333.877461922182	292.938152624398	333.615085321369	289.529988930988	278.073460723801	322.071290936764	352.683747601094	527.931300049061	288.717886966561
387.83	0	0	0	0	0	0	0	0	0	0	0	0	0	0	0	0	0	0	0	0	0	0	0	0	0	0	0	0	0	0	0	0	0	0	0	0	0	0	0	0	0	0	0	0	0	573.029490755654	36.9125369255578	24.1582536315251	51.2469883356979	67.2638576186368	71.7183281411319	123.090172212984	134.641995423372	165.889341789899	182.374669575656	220.126544696116	263.966853144252	293.758361370663	323.218194015727	333.501083910975	338.243928594456	338.747420288058	349.940930209607	333.760730588214	354.155681980494	372.682532109475	361.731015428768	365.834291737865	413.843965600469	431.635838143444	639.524069083403	475.155642441404	600.67694708367
391.112	0	0	0	0	0	0	0	0	0	0	0	0	0	0	0	0	0	0	0	0	0	0	0	0	0	0	0	0	0	0	0	0	0	0	0	0	0	0	0	0	0	0	0	0	1416.89394761692	60.14405621828	36.9756979363042	51.8307138339241	54.3314104835591	84.1928983564727	103.157803819264	130.121520488654	147.304806809499	182.58403023253	212.000155514535	243.388686980996	291.978086693365	295.765876773981	318.191478468182	344.0980638324	366.96911399313	326.499570167375	345.846226942272	353.422657021227	338.334139534507	340.384995004179	345.080856059156	374.418017839409	408.034042646406	425.089045418674	412.292142867765	488.692328565139	447.970696128156
394.395	0	0	0	0	0	0	0	0	0	0	0	0	0	0	0	0	0	0	0	0	0	0	0	0	0	0	0	0	0	0	0	0	0	0	0	0	0	0	0	0	0	0	0	0	205.826819042088	17.2467808916359	37.2447580830128	35.0974988924814	69.871213381652	104.516138468469	102.513362048463	144.107565329682	176.743147609386	179.216830595179	230.324716212702	254.320635692055	290.631314761532	312.411859047137	341.326001000348	355.661965004323	360.359407574373	376.697421753227	371.75977938359	359.694715774826	350.126579061854	348.714355138415	396.036381756427	426.064287938358	407.197172200695	432.415502564573	528.261819893868	583.82082005445	733.157805652004
397.679	0	0	0	0	0	0	0	0	0	0	0	0	0	0	0	0	0	0	0	0	0	0	0	0	0	0	0	0	0	0	0	0	0	0	0	0	0	0	0	0	0	0	0	722.957725957065	11.1792427138978	11.3284436737844	17.6042501311086	29.7633039602484	52.035976752455	62.9097527185331	118.994436018025	131.96785837933	150.127277349854	193.139846895363	211.359951804603	235.371354371211	269.896472672582	282.057579141558	328.753635037946	347.054241109905	347.923445429044	328.87309032837	317.141415634471	332.194254941421	322.392594143857	334.132483546392	297.238750366574	315.638743450199	367.108077013398	344.523789110723	290.645777721064	389.501260835532	397.360092708767
400.965	0	0	0	0	0	0	0	0	0	0	0	0	0	0	0	0	0	0	0	0	0	0	0	0	0	0	0	0	0	0	0	0	0	0	0	0	0	0	0	0	0	0	1544.56574178057	35.0668018406918	33.4448967890092	33.0140316583631	40.0590018283055	58.6122185550248	87.8232479453264	108.450286066562	124.465949166854	134.290076047106	179.347603574906	206.540721550275	230.554386563893	261.128209233927	280.398784226123	299.841693539715	325.244825851224	366.555562271153	341.09726120613	349.380541125937	315.800768361883	337.462159134085	346.214782402222	319.756781828548	362.491873065583	339.935982088354	403.293177522224	433.349778171432	535.529884091408	408.130160057077	559.255091558982
404.253	0	0	0	0	0	0	0	0	0	0	0	0	0	0	0	0	0	0	0	0	0	0	0	0	0	0	0	0	0	0	0	0	0	0	0	0	0	0	0	0	0	0	219.330239724706	26.7859195776967	16.3073847797839	32.2289346758446	54.8528637261722	69.6444824310032	89.5789426070447	120.173801194429	151.729300986002	161.159713038086	208.097937894291	210.641493762043	249.447302800475	271.216717836231	304.35371475897	324.692529903962	351.628251428133	337.584688478655	361.478997619142	342.93016003061	384.066651815053	348.691794978767	372.30453834816	372.879467391431	381.733954376439	372.655540163203	408.027823595196	559.370893568704	573.455700001083	629.532946242011	680.882511683966
407.542	0	0	0	0	0	0	0	0	0	0	0	0	0	0	0	0	0	0	0	0	0	0	0	0	0	0	0	0	0	0	0	0	0	0	0	0	0	0	0	0	0	687.111564858215	18.750110988306	26.8564139052873	34.4842219253121	49.4865158826019	50.2659093873632	86.6982327032073	92.2835000393727	145.105796935624	151.355864333905	167.716270384796	194.376103999363	217.869995904944	260.2216602608	281.266839595946	301.843694604982	324.349255812918	323.743157124902	359.144654780506	358.518256252776	350.534421980254	336.371139152507	362.307575812175	345.396259604665	332.53309109686	385.71158465068	465.058759979432	456.448134700054	486.206498334704	490.243691845396	582.896691991323	734.0622724538
410.832	0	0	0	0	0	0	0	0	0	0	0	0	0	0	0	0	0	0	0	0	0	0	0	0	0	0	0	0	0	0	0	0	0	0	0	0	0	0	0	0	1449.28778154381	40.1581260282611	29.6526581992577	38.8892418846031	34.2032814839751	43.5595003456739	72.0372836120441	88.8294215111018	125.44089729889	156.95247500445	147.783585659475	196.631534546626	215.745634286331	244.097988635366	256.197918743053	281.114465206568	296.392534231386	316.155497787605	347.483525937781	352.18178403542	351.960085953653	332.781783863718	349.94730582514	331.828441312836	358.932700854567	369.512156757764	387.830556499262	423.395944321709	461.365298804328	449.80078422553	599.00038692037	703.36142079927	792.673179747092
414.124	0	0	0	0	0	0	0	0	0	0	0	0	0	0	0	0	0	0	0	0	0	0	0	0	0	0	0	0	0	0	0	0	0	0	0	0	0	0	0	0	217.209219201045	28.3758612083728	27.657893351858	25.5396134009399	41.856463775801	66.6566722925638	69.2986233940582	90.2659234662152	130.74983019635	134.761161502255	162.688967488227	178.541675841989	213.257381070628	231.856190153538	262.102369438306	286.414476251058	291.002273361912	313.862871008828	322.355272114314	330.073445633109	318.155166051122	322.191578581179	332.3040827563	338.532869531999	307.02283699599	340.023936706151	375.558938658406	395.527420164293	396.016556150305	483.119955348608	414.437104221078	544.34905184845	569.799763054585
417.417	0	0	0	0	0	0	0	0	0	0	0	0	0	0	0	0	0	0	0	0	0	0	0	0	0	0	0	0	0	0	0	0	0	0	0	0	0	0	0	658.194390991556	26.4702760209606	38.6374433271492	47.3569726178233	31.9852801528858	62.2515443438758	68.270495678021	92.8134882691953	122.166193866093	130.047165500724	164.62401734989	179.606469625024	195.82903593903	208.923672915341	253.212120444156	277.124620176129	294.087948973735	303.932152011129	327.893690109982	330.741153013108	340.718842099846	330.517098285744	322.770982404844	321.817549921136	335.38549923428	335.672931016414	370.989175561097	427.246321926349	404.567853952632	459.013947072237	481.906290904652	623.303218159492	638.469816196852	720.794837956837
420.711	0	0	0	0	0	0	0	0	0	0	0	0	0	0	0	0	0	0	0	0	0	0	0	0	0	0	0	0	0	0	0	0	0	0	0	0	0	0	1277.51355839653	33.9149450773634	5.03315056681606	8.12600547941866	22.8714685149372	25.0550948547711	35.3953407354953	55.9359200510888	80.9945627494825	97.5847415175263	105.766273347028	134.280781487523	173.286905945388	193.969984630538	225.376188183321	225.662291619334	250.437104429378	275.452803400161	272.422967554183	292.305022054031	300.114919043605	293.967724639065	323.814912032763	294.09950008048	320.722386894544	316.191112562131	289.006502186794	341.674123584021	358.867500920926	376.293403824849	349.389605059532	476.395308356088	440.323442624885	444.952910954021	462.043906086073
424.007	0	0	0	0	0	0	0	0	0	0	0	0	0	0	0	0	0	0	0	0	0	0	0	0	0	0	0	0	0	0	0	0	0	0	0	0	0	0	212.151953499656	11.5622105276448	11.6074099620726	28.6491057867945	24.4733650963422	43.6018029373613	58.318896147544	63.6244490829317	96.9346636155337	126.337733826769	152.354282990833	171.059496302244	176.606534636999	198.842901923282	215.736325983721	239.697095057929	261.16847338929	265.017069190961	278.00929692293	298.037246625564	302.703463384913	319.204992420522	310.845660823359	307.836757003216	308.262636090784	313.079088589411	317.90469751772	338.620542953233	358.467295180675	387.33786138232	430.028980669021	423.094686564266	497.18271779638	517.62005939414	631.397197709241
427.304	0	0	0	0	0	0	0	0	0	0	0	0	0	0	0	0	0	0	0	0	0	0	0	0	0	0	0	0	0	0	0	0	0	0	0	0	0	666.581202280918	19.7580383552646	25.0849199385913	11.4165557119167	36.1596989271337	38.1904209938021	41.4252683009054	53.8851119737354	73.0852047947447	108.118410350145	119.793565089203	143.823846481003	165.128681919428	192.799825563426	205.340871313403	234.847968620532	246.985326840235	252.23662203524	265.901781544055	290.960381623695	292.099579933825	316.257665332828	298.056002074957	308.152810295657	304.481306506232	294.518801190497	292.064170460577	313.180101437249	334.625645938902	348.155130437017	361.618176163078	416.674466136467	504.099432251595	469.100887636082	489.830094727807	423.954793295725
430.602	0	0	0	0	0	0	0	0	0	0	0	0	0	0	0	0	0	0	0	0	0	0	0	0	0	0	0	0	0	0	0	0	0	0	0	0	939.259112152325	65.2985115336371	6.51105145792631	-7.71210304557677	20.5274560842066	39.999283319858	51.2198653643139	59.1818400847273	78.9374483443346	88.9932286757712	111.148158527782	118.913532894837	153.52959846765	180.709648735063	194.958378760231	211.110671572433	230.917126301675	245.895930239276	268.327289800809	278.866524538489	281.127851504225	298.55661581053	282.241253986681	309.575879103083	290.458906456854	298.080267455046	299.307383101009	314.751070934769	322.89907988534	328.756085417739	353.277421246995	421.742150966856	440.328299152548	477.368987441128	508.900532974826	607.850081719127	554.005444595479
433.902	0	0	0	0	0	0	0	0	0	0	0	0	0	0	0	0	0	0	0	0	0	0	0	0	0	0	0	0	0	0	0	0	0	0	0	0	161.716427626725	11.7367725477594	24.0170267284273	38.7895271274836	45.147657792659	43.1855060653623	39.5857576901227	79.4059256588808	85.183635791827	97.086287662409	115.977004192867	143.799757589363	161.629331461115	192.004473881362	215.536314111589	229.865756548341	228.069745092724	234.040712649786	256.33745088838	267.279811965937	277.412117839366	275.060755871972	292.899611387214	293.196295470485	302.758081309867	307.481444406776	295.331082925267	296.317228274753	331.420945813352	340.034372155776	374.474534752781	457.677716969933	482.366997050055	524.832487666988	583.22081345174	632.787491779273	597.990527056922
437.202	0	0	0	0	0	0	0	0	0	0	0	0	0	0	0	0	0	0	0	0	0	0	0	0	0	0	0	0	0	0	0	0	0	0	0	395.27102398216	-18.5306346283827	-19.7428660169449	-19.9732194146438	-10.2926177899798	-12.7359536598937	-1.68484658124631	26.038936365049	46.5302105349199	67.558253698586	88.2329620837787	96.273206914768	113.039288112841	146.223506869009	176.582065001007	184.288280151025	187.735661129713	217.012216782441	238.295352194539	229.391183828311	243.828991433708	256.414204331901	256.712267297972	266.281277468391	245.797811093927	266.505266036412	251.897456153784	261.444037082681	241.445056326874	266.238791820048	260.379294983887	299.87712721513	323.89971719628	328.261100956893	406.498799879444	367.127487130255	214.054569070684	337.932770735895
440.505	0	0	0	0	0	0	0	0	0	0	0	0	0	0	0	0	0	0	0	0	0	0	0	0	0	0	0	0	0	0	0	0	0	0	872.028396879274	38.9271842148241	19.18027656781	19.0795469458371	17.8169309951881	31.2897970001614	30.154234376349	48.257959068426	59.8632029765617	75.6917544457441	93.6576961508715	107.650125194292	109.226679898858	138.43675587476	181.865428228341	194.703289518673	210.89018975405	221.678927587198	213.522509973449	239.433652390639	250.276481194112	244.786299157015	259.756735635949	278.661179561512	278.212423669521	269.6390468477	283.991147762149	273.020677504864	281.71885754392	301.710052395472	316.079343517478	338.473241846024	353.712557385047	416.818232647954	483.919455779527	482.986784671044	514.490338884949	529.85365842534	564.939386292609
443.808	0	0	0	0	0	0	0	0	0	0	0	0	0	0	0	0	0	0	0	0	0	0	0	0	0	0	0	0	0	0	0	0	0	0	133.552704906575	16.2194119155144	23.6149543988907	21.7269984809511	21.1238176254069	27.1553494398246	49.4206582950187	45.8389897948893	76.6896857397706	86.0199980015693	97.2656106469793	112.033615465591	131.910938546215	152.266759552973	172.685740359647	178.892924689873	207.068406753151	223.017817982474	243.630701501946	249.855663824654	238.784562606088	256.759506410705	251.565058232058	258.688968448989	260.491026313317	275.36864712544	277.340164081923	279.971954368418	272.811396943824	279.425716424997	305.356988673273	336.092095688926	365.95182841684	414.165398848515	458.806523306569	527.276363188191	557.64073213551	498.044955399652	518.385264983249
447.112	0	0	0	0	0	0	0	0	0	0	0	0	0	0	0	0	0	0	0	0	0	0	0	0	0	0	0	0	0	0	0	0	0	401.693031395048	15.0118073906722	14.1766324794288	18.1175180496474	32.2729925893291	38.6952418641653	38.4521173951492	38.0804568355155	77.2612291906897	66.3925454333686	113.005904090333	112.591565485221	120.873790320111	137.958691114897	161.80886807386	192.949127602677	208.748437788401	197.080864772523	222.942506988922	237.608467656939	235.096312238373	244.240009712972	254.655124781593	270.769266792792	284.170100333164	268.97261863923	283.297536369312	262.6263078946	270.944133312002	286.33117990374	301.805469363963	311.90551699877	329.973044909986	382.103573176168	442.040162219886	453.127880101011	499.875881369427	577.183615370697	523.630131844175	615.875276800484
450.418	0	0	0	0	0	0	0	0	0	0	0	0	0	0	0	0	0	0	0	0	0	0	0	0	0	0	0	0	0	0	0	0	792.817717392272	15.6735653675348	9.57907527252067	11.5163333660397	11.402279341364	10.0205706670059	25.5034599470224	46.5004774191645	54.1223329708901	48.1442331479605	68.6954548229709	87.1048664679827	92.9074577296042	104.899802402462	133.888673935697	137.863907355854	169.271946774019	181.718128644396	209.071673443782	218.504826272382	211.146768080082	237.944189101515	242.163499834577	234.399065577028	250.056919862922	250.462537217333	256.309748000674	255.152088828614	242.285315410799	256.638851148879	271.293232994513	254.088247843685	299.503575035819	318.56864895883	379.205728418056	405.287699649086	458.663587270315	517.698343801104	520.523910600733	510.225075116369	543.141562165115
453.725	0	0	0	0	0	0	0	0	0	0	0	0	0	0	0	0	0	0	0	0	0	0	0	0	0	0	0	0	0	0	0	0	157.0739790945	31.485394046198	18.4168416405298	20.0977353076816	30.3899546284693	36.6683188710996	36.6172876730051	52.4214423849976	52.2475816084455	76.8599602256259	84.1692091104291	99.1050231146815	111.207101565071	130.561396508782	142.269936162922	150.735719272476	185.744631148145	200.343516882041	209.490824458286	211.718854090112	219.387670600292	213.756870193573	233.620918093724	244.16077221167	247.157984582625	259.202606467837	247.042030007458	250.291830110242	255.932769544728	250.627084529461	261.025556791801	282.791893209557	293.040621060564	328.031383286448	379.291875927509	438.93550467357	502.302258178347	496.743350850279	463.879341621981	588.304346438774	629.872771537121
457.033	0	0	0	0	0	0	0	0	0	0	0	0	0	0	0	0	0	0	0	0	0	0	0	0	0	0	0	0	0	0	0	299.135460686014	-1.18667820462512	11.1921323671702	14.0826175228209	25.2867068946468	23.5464175781727	32.5309487644681	35.4947242606381	52.2688404809718	64.2802662812006	73.5312825358396	77.328217150305	92.0068557888711	106.714577244177	121.334509182157	141.591457352721	154.514961569204	177.39386996361	191.771599546519	196.429398637409	209.16600742331	221.897652713556	222.228457871744	230.082682044393	229.241964244418	226.67759537797	241.18508036486	232.23681317202	244.298948044145	256.690508610637	244.042703133248	235.955416158469	256.48866571609	296.744718075442	321.097016254374	376.580174228431	417.676071709781	435.252689587656	445.469258757292	528.799983532846	561.509073121064	593.613087037492
460.342	0	0	0	0	0	0	0	0	0	0	0	0	0	0	0	0	0	0	0	0	0	0	0	0	0	0	0	0	0	0	596.32442533895	18.6103120740582	7.25026700177406	5.24879824957251	10.3446387133447	5.51847471526932	11.8732260532233	23.4096640171008	40.7010882920512	25.1070658871504	42.3368839339829	76.3448429900326	83.03121610033	77.2230043208225	105.405319254211	112.385727280955	134.800246931361	158.297930855765	160.098578234825	186.377227953771	192.565244722293	192.919042597979	204.854870590742	200.918422711428	208.771368065171	222.385971319841	223.996866926421	206.907881205385	233.189691671562	219.14672478727	225.320814628022	227.399525660205	229.013205471402	274.004675844319	245.833539992208	288.432819915948	313.642819354131	370.18507759429	369.6558462981	420.800573808449	376.568415877654	304.345731999748	0
463.652	0	0	0	0	0	0	0	0	0	0	0	0	0	0	0	0	0	0	0	0	0	0	0	0	0	0	0	0	0	0	94.9503437022453	10.6369851491848	10.4639827824322	-0.616994502256668	19.5960583904708	23.3848657372599	25.0891162576448	37.8195640116245	36.9763217975885	54.3639267617229	71.9221927813159	85.7509087664405	81.6387253280543	102.832927916203	107.336771016239	121.289578241577	133.88034589048	142.765403504615	171.153511848735	193.866500251383	182.305382790991	191.731364005531	189.709311612793	200.783174757463	203.74077717461	202.437830385223	215.065682520153	230.315832805062	226.336985940676	227.65579847223	218.88091521561	228.384151098198	244.907382588027	232.648059057082	289.960455625293	307.281586700298	341.221369412878	351.036580397662	407.428485223505	460.266068972673	548.811049474411	555.232661907179	0
466.964	0	0	0	0	0	0	0	0	0	0	0	0	0	0	0	0	0	0	0	0	0	0	0	0	0	0	0	0	0	250.125119246774	7.80570545172358	14.9003017977273	29.8595148486388	12.4270090297523	25.9666415814304	29.4638445150811	31.1443687673384	36.5450297053921	47.9214974866218	58.4683199012012	71.9510477155197	76.9151600924694	86.6040883357327	102.121676318565	117.963735692822	122.478505832628	152.834687971045	143.954561282219	164.423177674596	179.663682251192	180.420146965048	193.985466486553	209.485607234681	204.272614988883	205.374679635699	203.958546723293	217.569430016434	209.810603946161	215.653098436151	225.359500947643	219.599340358322	226.806704827285	249.571285122654	236.959422876881	277.127824827204	348.965501977287	347.529345987161	384.656694039314	411.623690282276	478.62411268923	491.59511868958	466.082963754597	0
470.276	0	0	0	0	0	0	0	0	0	0	0	0	0	0	0	0	0	0	0	0	0	0	0	0	0	0	0	0	514.267606912715	20.702208179196	7.73184469004028	8.91181358009554	-2.32433955916212	14.7166800422045	30.7654577348161	15.7979866575912	37.3979646174677	52.6834039063732	50.4635571291447	55.5090380920438	67.2818016699974	73.0460745579614	96.5641613456146	100.244130427197	112.84386406536	125.224207389607	134.817731357089	153.346167018031	166.77087682495	177.766656585967	175.744790955286	172.205401384799	184.789282740211	194.830377207647	193.749197730444	200.688676171932	204.835742770261	203.448947457625	204.411650311109	221.663651958871	219.441805969147	232.799139857024	211.157067110246	259.966236881588	287.910320323719	304.929999344184	304.261149240158	380.367443748048	404.512313247882	472.839726861846	459.812279168332	0	0
473.59	0	0	0	0	0	0	0	0	0	0	0	0	0	0	0	0	0	0	0	0	0	0	0	0	0	0	0	0	73.9141709134533	11.629714958926	8.85217285618885	5.58799285525075	18.4120828937762	18.874966208273	24.4831003151656	30.6045728157865	32.9440697682757	40.8929529370122	43.0866430102412	68.0436409293467	55.7303100545256	80.1783016339206	92.9777077677291	95.3865146407015	99.0749277234004	113.676070100674	129.269674254572	139.978609070877	149.416559043753	178.161984041539	175.566726742428	195.81727461113	181.28904321393	188.284370766683	191.512253498665	186.367372705105	193.775042688718	198.38219595425	202.499032689342	184.446797156661	214.527306456107	223.377723423336	208.874090556242	222.039861587055	266.690384987428	271.802028209704	337.833188447392	355.07701866006	376.794809266941	373.897306196752	415.912924705041	0	0
476.904	0	0	0	0	0	0	0	0	0	0	0	0	0	0	0	0	0	0	0	0	0	0	0	0	0	0	0	458.418597804026	4.25923463664272	0.619784234281815	3.94569426902893	-4.27681933157579	7.57409839883028	22.3490016461633	18.7822846935923	14.7832812520575	19.490865347194	36.8453648880358	41.9172943279038	55.4872932426035	61.2696224773662	69.5282782513551	77.2395036686474	87.0871651935938	96.3893705314875	104.905707362909	120.0518815458	126.09128131638	132.431448719066	164.898359583292	163.512125156183	156.671057939566	159.312855603111	181.087531214635	185.250675814446	184.533388199226	183.894361754215	187.452561188731	184.24969174696	191.640129163224	200.644213720344	189.610679641582	190.678335238297	214.508814722049	232.29279827922	267.745675292497	271.285475276292	367.654263373668	329.06997299735	384.923116313926	411.997454542279	0	0
480.22	0	0	0	0	0	0	0	0	0	0	0	0	0	0	0	0	0	0	0	0	0	0	0	0	0	0	1277.51627122716	34.407815375872	8.04485816624523	12.263653625084	12.1830764991772	22.5938530967689	20.5313113339147	25.782459949096	30.0550948495774	49.9681554911161	51.3346952793131	56.6957158209808	64.7696953038377	73.2847609934846	93.1798246295059	99.2149336201328	101.533416764626	104.36646881982	119.97088125099	115.960615972501	134.682977394052	155.529869089138	158.746807293804	172.267744707511	160.391742943735	174.219204409052	174.24026106513	182.221630567309	185.300685990296	176.830669813247	188.335164988954	185.766060579309	202.621533961008	187.861400575081	192.445874533585	207.160579954274	217.562509299093	233.853248879235	270.892374972485	287.659695988238	341.35360267794	351.194143205962	400.053348344706	407.773119415257	0	0	0
483.536	0	0	0	0	0	0	0	0	0	0	0	0	0	0	0	0	0	0	0	0	0	0	0	0	0	0	281.235216341909	-0.224194219532657	2.1487625083622	5.61986879251313	0.288385456276638	-1.75178329817687	14.2705712728006	10.1294279299975	15.8491906931556	13.0110302132321	30.6237949154775	28.2612895065614	39.0403788049077	40.778375180302	57.2530985736189	63.4790434982112	69.2711693446827	80.2905268263204	92.6649092419313	97.5989611909781	116.92119022983	133.545114111432	134.761826647814	137.306391811095	139.76392461883	153.143859900546	162.560361537646	158.902213962537	153.555706847638	161.246215828877	155.689501721843	163.506368406246	168.714516036107	172.264761815914	166.232863664053	172.715997727183	186.591527661871	201.142129674102	199.078024547407	233.030449174421	266.509896434893	279.212550599435	303.907200609338	308.922678577917	0	0	0
486.853	0	0	0	0	0	0	0	0	0	0	0	0	0	0	0	0	0	0	0	0	0	0	0	0	0	792.254971324544	2.94847548772566	0.405852813271641	6.50930370079635	3.74474039455776	12.979331910499	11.3687077539125	17.4497925683743	14.8832652404834	25.8041408697992	37.2193245976717	38.9336909214349	48.4341292522451	51.7541478500813	58.185020634605	65.9466955733428	82.6007791426772	75.8258700039317	104.569098609452	88.8425078949633	119.445745699287	108.559146327425	135.983595181969	145.64000423945	144.660916953832	155.239116567847	159.80463194666	149.484070686308	159.567862968615	161.199463855211	161.69130541693	164.439440426979	169.430112730716	168.561817454049	173.813692797287	178.855767358842	187.967422113063	200.280092073424	209.71239461557	230.423944947367	247.264431719695	281.504370093593	319.376099911845	373.459111440421	350.880702951905	0	0	0
490.172	0	0	0	0	0	0	0	0	0	0	0	0	0	0	0	0	0	0	0	0	0	0	0	0	982.612381596667	32.7720160090256	7.21889242085071	9.91419057794199	1.0072177579793	4.65020996900005	-10.1166934566138	8.87682291157908	12.2596087823356	9.26606084386882	26.7906783757431	23.4291258803512	45.9141326756345	36.1512423658562	39.7971811662021	55.5708557668994	55.5975257074117	64.8386341070887	77.8253368717166	79.5418756660407	85.4674271394301	100.237267758891	87.5402179894338	109.288350730422	128.522813399232	135.748512650145	145.063276312754	135.627790642835	145.764536841122	140.116731061037	153.746601698828	163.808355281468	144.189608123452	149.60060689175	165.257872758554	169.013223982923	158.901982073715	172.802872604446	178.930141415409	185.071755320224	189.267254349391	231.813735032738	262.382338137935	279.021389798387	273.799963417388	0	0	0	0
493.491	0	0	0	0	0	0	0	0	0	0	0	0	0	0	0	0	0	0	0	0	0	0	0	0	109.408706559208	10.6162454605952	8.40319714953112	7.27223910412116	12.3171609268838	19.2877778309577	21.5302273637784	19.2221316665403	19.5151157152287	29.2513793582212	37.3258859643029	43.228440201983	51.1169642563227	61.3904509397273	68.1892670167951	58.2725420775132	66.8301284010679	103.523273474626	83.9938000811297	98.9335179942563	106.82474950396	112.680489816232	128.231374600413	128.304414443337	135.271480716736	149.933908373115	144.208092306196	150.140047148528	142.831095050892	148.836780581739	160.459475017201	175.79177845808	168.836891199688	171.763356583022	168.63967083335	171.131218449171	177.118693072242	178.954258765456	194.153935001419	193.985060650246	216.243237334702	262.160834158513	300.461916073026	341.248189998621	404.06516330061	0	0	0	0
496.811	0	0	0	0	0	0	0	0	0	0	0	0	0	0	0	0	0	0	0	0	0	0	0	250.338243799085	9.62859126985965	9.95186055186515	10.4877233712611	17.5461675356582	11.8313559679832	10.8081987315436	22.9129741377954	16.6945981271182	31.4439651441034	34.3257767630362	31.4458484585317	52.4032747268484	43.0822389619754	48.2695123671984	62.5867619235429	86.3289114703917	75.5846090382794	77.5322058817193	82.6738978512712	93.7177877871244	94.9816371958607	107.101371275361	113.942400710363	117.692802182482	126.851131232915	134.976256044965	134.75590933028	132.169535386259	144.984088483849	154.791892536706	154.038524830298	134.661877040244	141.798436608989	151.591184666274	159.014954625463	159.184458311172	147.949868531081	161.581674349563	176.127394083943	195.742851269461	205.227886382337	262.75642594205	287.66576180716	338.244490834098	303.060972936739	0	0	0	0
500.132	0	0	0	0	0	0	0	0	0	0	0	0	0	0	0	0	0	0	0	0	0	0	445.568620656304	5.06949316478897	-2.24038470947443	-3.54414123372867	1.5976707645255	1.59967002333476	10.0478289055359	8.31424171163256	9.94453425002107	15.9387132761265	21.8475826740479	3.57913028449108	21.1673298080992	28.7332329668194	28.2510015609039	24.7786304357301	36.3946344231756	56.5279026576032	57.7101669341912	63.6365970305547	81.6892976501017	83.3319528491923	96.2505749524727	88.0578861882912	85.1295575673533	96.2438517317467	112.992142020624	124.649995171794	126.637933730732	122.619231438298	120.703692210066	134.228408365417	127.066434189186	132.95914532624	138.776268645882	140.763097202288	135.864514652685	130.291249752211	145.510822306204	141.339941536943	154.107424025557	179.181616479575	181.334405691537	222.867050136388	225.888878705892	264.207852087277	0	0	0	0	333.017314815768
503.454	0	0	0	0	0	0	0	0	0	0	0	0	0	0	0	0	0	0	0	0	0	0	68.9551335869608	10.5997614189301	7.03528229642488	8.08172761965113	5.80764985080939	10.5714670027547	12.1843723453477	16.3966304791496	22.6593660079126	20.7387494170688	35.6656174195676	34.206154968905	27.5845246988729	60.8439257764027	55.4181604811344	67.5847571521402	56.9714697277471	69.3450708760176	68.9023445370209	79.7064196684532	75.1077035276187	87.1413353704583	84.913781085026	91.6015083206027	99.8757160295774	112.88020496514	133.921840823081	128.822870949829	131.198778883338	127.854044607405	138.172722127854	137.122298782222	141.725929472235	127.854909211838	126.442216217144	134.280185639482	145.316387107205	149.183772685692	154.226709475323	159.657789765188	173.208125381134	190.225343141517	210.859958534485	242.745476748418	242.150181339609	281.846833664242	0	0	0	0	355.216906523312
506.777	0	0	0	0	0	0	0	0	0	0	0	0	0	0	0	0	0	0	0	0	0	227.248678502284	3.19044544581259	-1.84197033711789	4.09706425225878	-3.45288171572283	10.2404145442781	4.71900360656852	11.8389545772482	9.01963445255634	13.5405137615183	27.0956240618943	16.7440645792113	25.0087444467309	35.7979998840141	34.0526718942169	24.1720184026243	41.1625031558691	50.7651491335156	40.7152692734714	50.8800594691887	59.9526230801533	80.2314657938862	69.7702783282125	95.8955893942656	92.0516891816498	94.6064375087467	103.242061893166	107.826489091058	107.155160466638	117.677064023587	116.292393035351	121.276229237753	122.563988377734	112.646741692135	139.464467475419	116.63979573068	125.586180592444	119.758306251506	130.872749364952	135.85592368614	122.245783876622	156.019596322283	165.479846204469	178.120483551175	181.888982777252	191.879610300057	233.853316227282	0	0	0	0	242.016465661773
510.101	0	0	0	0	0	0	0	0	0	0	0	0	0	0	0	0	0	0	0	0	429.749574621267	16.8071278035423	2.47744527131691	9.84741423753441	-0.306880073865712	16.8423195367874	4.92451881627657	8.43122793995661	11.2377266590747	13.0183870847704	19.2039339315554	10.2438871472029	14.8833002026712	26.172588714715	49.0051667661272	37.6745994876664	44.7700735791421	50.1641678065294	60.3197338234971	48.3843833838303	45.7526049177133	71.954484259374	77.1206409829113	71.5320601390896	79.8282910331615	91.3383498440083	94.9564817294093	96.8748270282204	115.294286788643	110.426012173004	100.283936222217	125.257537979373	107.202566854916	114.175712467952	118.930346680923	118.274611408812	118.033889209047	114.659304287545	121.647267601965	127.144068598817	135.384148599022	142.679252644017	137.393941178897	171.242641029627	175.773536379429	185.591095291944	216.053123586374	0	0	0	0	404.397775388401	304.003003151076
513.425	0	0	0	0	0	0	0	0	0	0	0	0	0	0	0	0	0	0	0	0	67.7935794653448	4.92876214275872	2.59374153694462	11.1230083267147	18.3271836802664	11.3006272910107	-3.45843045313088	11.8704566558958	14.70227925745	13.4224788613058	17.2349134047539	28.0367551903749	30.6071176561259	37.6894416705794	25.7899412787883	35.6841353253206	34.0479746336515	39.8706502113079	56.2267294197043	62.2746777442439	75.3340373383157	63.3919616674971	79.6946409046953	74.0489178528514	76.2544156236005	77.244384970809	82.3216656274652	96.625482225938	91.8593924758575	101.025206112206	108.087214844365	108.745054847799	105.675082563546	117.865825983297	99.6387037908765	111.281173766545	123.088227522165	114.697734156025	108.266360432512	114.066108408174	112.487819031224	136.882518101452	143.378651395996	138.841958569441	172.632114515569	210.304292388107	213.849295623824	0	0	0	0	311.765639566349	287.966858794244
516.751	0	0	0	0	0	0	0	0	0	0	0	0	0	0	0	0	0	0	0	220.291322241763	11.1196960245557	4.68296497316204	16.720032702169	1.31116090666034	3.38296737275443	14.0478963676745	10.440799810223	13.9593047168528	12.0173636059276	12.6349617625951	18.5349537161672	16.0562496495265	37.8290009452231	34.679624834893	42.4883330359227	29.4980444520579	40.2273261080579	51.6947675622896	58.2270203359888	65.1185853226696	58.4906743199636	70.1881701456022	63.88477914459	76.5975201328931	80.9173747941864	80.2436940891692	97.9047129119017	80.2738061348818	100.721270704221	116.725453563608	97.2835227789069	100.84933454459	99.4204146270105	105.117484833641	114.273013768654	118.157216189161	97.135672232462	124.022022773518	119.402467991509	134.49925337253	127.128190397485	136.484683404796	132.863944545982	161.773782327347	164.210945257283	202.038289026259	218.904037818802	0	0	0	0	267.098997293958	239.075719258922
520.077	0	0	0	0	0	0	0	0	0	0	0	0	0	0	0	0	0	0	578.429451232224	-5.46610925044686	-2.56431298339954	-2.02913793607788	6.59337672665945	7.72896271203846	17.4129816456157	10.972125069208	5.49440943325871	14.8381350551617	16.3917717481349	32.4961122008653	24.5954744442775	23.0889585914402	32.6812271890975	34.6425955409008	33.5445256162851	61.695973352516	45.1721615217949	63.136192128416	57.5437860474919	57.8074988356435	81.8947490827847	67.0436453260698	69.5286934157924	72.008190449236	78.1847162242306	67.5689285979861	89.5533379656255	96.344760735594	94.2773601519811	90.3286495920047	102.147515249208	111.178937964513	96.7240031319106	111.110067426035	102.834018452193	105.870336660162	115.451755986666	115.531545017292	115.724890587328	115.02352229923	128.458360463393	130.043062781115	135.301063846257	144.214856992302	177.038586416987	191.75385648714	0	0	0	0	361.154827551129	281.056660517108	385.682722124007
523.403	0	0	0	0	0	0	0	0	0	0	0	0	0	0	0	0	0	0	57.2279331123238	-0.403185482391713	-1.10829741322377	9.91564298481188	-3.36571306367391	1.3297214137846	0.226300162412998	7.73544948191557	11.0624784310324	8.07418440283219	15.7144556704184	15.0612884977867	16.4611027553794	19.2204577741188	24.7959540981855	28.3341899769224	34.085291730033	33.1523735053935	39.3140847931885	35.6926951716491	53.0731885313452	44.936587923509	30.669148213976	55.4213658424773	72.6866442337182	70.2848628329721	71.9178472967507	72.7651476989849	76.232605099024	81.0231946795132	87.7424814042041	101.358734320631	98.1572490769754	89.0547573757349	95.0118925412538	93.2329315138556	95.8055496594536	100.541590172258	102.79941696824	89.5246757878257	111.285366619881	107.354623777108	121.95839007746	110.751146786305	120.424566828668	139.301038878573	135.941815996011	151.124577612156	0	0	0	0	236.628401839886	302.995186221212	261.470502659916
526.731	0	0	0	0	0	0	0	0	0	0	0	0	0	0	0	0	0	1402.64918936453	12.4671568685905	7.2959080029478	9.07458913324023	8.48404856449523	6.53493100944899	12.7661793267029	8.04688126449049	12.462425578039	13.0008757214109	13.4744499263767	14.7504905976023	14.4969675554518	24.2699701555579	22.7633508444434	27.9751301220567	29.793149009031	27.0218924696115	41.8524091355787	52.0375999496587	50.5537043296921	47.2887589410193	52.7317905386637	58.482397268601	50.6055667323608	63.6837169591316	75.6023686911051	74.8122292111076	74.5490687265275	73.6871535896786	81.5384128285559	88.4856362952023	93.7057757564077	81.6222945592885	89.667745834687	78.7308010847801	87.1006426546679	104.090860125004	92.5017352738242	94.9726023632892	106.2383469602	95.9623866280429	107.856417722225	104.04982626809	132.895921764666	112.58960515215	127.190450946718	163.465250683668	174.7207906669	0	0	0	0	270.382055329809	250.669570729382	289.216490144993
530.059	0	0	0	0	0	0	0	0	0	0	0	0	0	0	0	0	2418.45071030976	45.5212490544795	-6.7630124156307	0.345767561247258	-12.1848516933766	-0.0473940546486382	-1.85598789276154	-5.26460919718701	6.67649603063023	4.07853518489706	6.92635288051483	14.8279845007932	11.6991900882253	13.5624070680605	11.7862757526004	29.2958860053277	18.75887545705	23.7941787374348	29.4418694467236	28.5083799850464	37.9455002728181	40.5167188357918	36.9840430501687	44.0497175791051	43.3295370855253	49.7516478070328	55.2008020445313	59.8198952767332	54.8111786248771	60.2412827081661	54.9979924799791	65.719876739389	64.1972702236048	82.0753697030676	79.4380741974418	74.1395263147333	85.064954136396	90.6935553112888	77.4916520828077	94.3998331044022	87.7581626897472	88.6396685286944	84.7332689038045	88.5441330735048	103.095477541206	98.9548333858641	107.647313649104	120.308229553557	120.076936406312	0	0	0	0	297.409945496012	186.305075056665	200.0600684009	142.394537203475
533.388	0	0	0	0	0	0	0	0	0	0	0	0	0	0	0	0	221.009294694742	0.818193372722539	1.15862707270361	-11.2784272633872	12.7330210183058	17.2116738630277	5.70215877456459	16.053452946634	10.4344486624907	17.6928774563448	15.844530403766	9.50926343444877	16.2347509381044	10.0897348323921	27.0796471819532	22.2185319733291	24.4538114728877	37.6871546980609	36.54408719089	29.9656099654318	41.1901925305594	51.5973415028286	54.9517172165137	45.3358371709198	51.0376792578606	64.7775029701692	57.5983148986883	67.7634498916792	55.5299350399614	70.7097325655519	64.6902475686345	79.214017826945	80.6881318934866	70.0104954448583	79.3331499841415	72.9981547535628	75.9831556177125	76.0381552520289	87.265004360629	87.1035483432305	91.7211078905612	92.1768203747609	97.7191733670955	106.790268092736	101.806138788094	108.954937790762	112.951874251159	130.709572530061	137.371425357436	0	0	0	0	233.996955390958	221.116154056517	270.594864263234	252.554497374905
536.717	0	0	0	0	0	0	0	0	0	0	0	0	0	0	0	284.571721389079	15.0413571918529	23.0284056105584	5.91180045212689	13.1738507934419	-1.43665192708948	6.66424534477613	10.1708816891498	4.12835168633475	5.70920003985899	16.0320162800725	12.1253208372832	22.4492357419047	11.1279001339639	25.1608327178308	17.3979690538858	27.3914061451309	29.5606255297801	33.4541013565022	37.7654822451914	45.7635360521658	37.6952844644224	40.7958452503822	35.778615834987	57.9778197446137	60.3284330330644	46.3722326763244	51.6387220055507	60.9922117879785	60.4737213221162	63.2147081724847	63.4629231429812	71.9439796007502	71.3562277763911	64.9077663135004	79.0266826979067	84.5090566563381	74.3447036200373	79.1039104139312	76.1660641396912	67.3114355133669	80.0745206702339	78.4861604099734	88.0247959257637	95.8308453098595	90.3852440623388	96.0820329576058	98.1112990055467	98.0153939621814	120.796248660794	0	0	0	0	228.850467998379	196.627630626211	181.327357933303	295.119937548906
540.048	0	0	0	0	0	0	0	0	0	0	0	0	0	0	373.087830838883	-0.543288661351711	2.16914609049622	6.68022497464128	-3.2066171811084	-9.58842905930135	-3.24978082581364	7.7349609562926	3.20386174239608	12.1388130406686	0.940382123847056	8.67625192640759	12.9018825608851	5.88706480582884	13.8396004039535	14.6329641012259	21.7271240984931	17.398712586954	10.3150189752791	25.1860816033381	22.2051844058058	25.8548234554071	27.6545718623399	24.824398805968	41.1486488043679	37.8853998871398	37.6237711552275	39.4210641556906	36.1408985674955	58.1154912391986	52.5609708953117	48.9480919836645	59.4088981908868	62.9418196140558	58.5512522111497	66.216952527027	64.8582005736326	58.52750244434	64.9007233218074	66.2326874710565	75.7170573699388	73.2272091021534	78.0067926358374	69.3569941768981	68.2622700941501	87.9717148316129	86.1949062066896	87.9909181620329	95.2688113928177	117.561304687046	0	0	0	0	252.565655922995	126.153348626492	113.687678573017	92.5926449284387	83.1340061991968
543.378	0	0	0	0	0	0	0	0	0	0	0	0	0	0	43.6783566059966	-0.921176096206178	-2.22774264166471	-6.38690624670667	10.5804246656631	-1.97609922222431	-1.49212179406273	-4.1366563919806	6.30997943911083	2.67188171549548	-0.540386435709111	7.51674214697	6.81413297869076	12.4851912185606	6.04945552488045	14.9929057210277	18.9635410379221	14.6888184868601	24.1783347382647	24.4846098103364	25.5799705736055	26.9519254954097	32.5290925525181	35.6970469473603	22.3011312682992	29.8610224564926	47.1243153071936	48.705186673627	57.7967438555483	51.7678321375703	33.6334807109012	45.2159912411325	59.1381148648282	49.5613701934543	49.529096370003	64.9118383497265	65.857303590363	64.8895457144551	74.2818395253109	75.666604798494	62.7061800366193	58.0233654389115	70.9263114249628	65.9034794165719	84.181319497331	75.0559648087306	78.6410109216687	88.5647415538067	90.9939952593534	80.1761191973576	0	0	0	0	206.807256696586	141.457641114158	181.658929502728	145.937562723834	211.113611737331
546.71	0	0	0	0	0	0	0	0	0	0	0	0	0	204.5008529853	8.26399796015088	-21.8564050865862	-15.8428879514432	8.19429528861111	-19.8424247391537	-3.18878594283381	-3.75052904936829	3.73263692477316	4.72302246527129	5.14884437866444	7.92670752600517	0.437848937990562	10.1259396022176	10.1501921891608	15.8408453028543	21.1204917448143	14.9799821704736	18.7335211282915	24.8193387663814	19.9668929031052	30.3922088535561	19.5132740682693	33.5994406790978	27.7743578962466	51.5090817065474	34.186134281661	35.1725770598029	48.6591722329853	50.1292924928911	48.1939705434174	53.3425311182415	44.0422412955112	55.3010576756084	48.759400107775	50.1894918105843	57.5698776540872	66.1263441630788	54.9125056392761	60.2036478949458	64.8565410336131	62.1425225468266	69.1448028363988	79.3405593431914	76.5159479279954	74.2232130184569	73.2991868190077	80.4206861881196	86.7402872599146	87.7246955750257	103.811746959825	0	0	0	0	166.504507745657	160.528099840374	110.909871527734	175.828008092771	127.268927127509
550.042	0	0	0	0	0	0	0	0	0	0	0	0	416.364345676117	6.7103244258361	2.97427724337269	15.1557849322364	0.449283893545195	-5.19424317361263	20.6597092152512	1.57013491973831	12.2975919646449	10.1248796865955	20.204590860928	22.4203830465641	9.5489013173866	7.86750563702358	8.30490175788845	17.1365212101706	16.0633806587499	19.9765024121935	22.1946540726217	18.5144657472816	22.2086334033211	22.7617813605888	24.5053762283509	34.6186434879304	35.2659495108944	38.7088409457469	38.6457142598705	46.3912106856805	39.72937228425	42.9729199609503	49.293586260148	40.0525191652913	64.2866155717053	49.227488560847	41.5273534722711	68.4290058504951	68.0360096913624	62.7988330296138	61.2798335747543	67.5924213640525	65.0596115430267	64.7771798055497	68.8235163333308	65.4996367433248	71.4711622579246	73.8211023472644	91.9652515288087	78.3315102202939	93.6410679709603	93.8182061549247	78.7708405937457	0	0	0	0	260.847528245137	180.936438157599	145.074480435459	192.11722102004	145.645245292481	248.667562138401
553.374	0	0	0	0	0	0	0	0	0	0	0	0	54.7460952611711	-0.556836784823595	1.92998120515288	11.3242679508921	-5.86998016539003	15.936514881832	9.46680222620917	9.05658947245672	-2.62002520799952	8.67000505319232	11.4928276256752	8.14641216144034	8.25698248212364	5.81858413222677	12.2638973139303	17.5397018192673	9.16511157133941	13.9959771179865	10.3811864857488	29.9462509528959	17.3976167508051	22.0522238211306	24.689074483518	26.3703178789351	29.1527006845411	30.71371536113	27.5393739014537	43.3354566201497	43.6119006927816	34.5416522154314	38.6301523101324	37.2257110576405	48.5430127864444	57.0234092952083	56.6509646509557	58.2568144053434	54.8319934054021	51.4174114016995	51.3753212043125	53.4706694813298	58.761628830511	62.8335969582892	50.7633717436893	74.0579905146921	64.6159080468892	62.1500291145219	68.0672238797758	75.2225738919637	69.1355016468386	78.1670711548554	87.1054806323978	0	0	0	0	144.448852695874	100.064112207507	133.022309061721	148.914864350603	105.662283577552	48.242199357878
556.707	0	0	0	0	0	0	0	0	0	0	0	159.222764817829	-24.8558558426696	-14.940338265665	-17.6741484594645	-13.6397427295812	-8.5094724498152	1.28362644549792	-5.31648898070056	-2.74297749217486	5.1878466172569	-11.7968987692711	9.31487662536578	3.24130482586706	4.98091979995433	1.77356414666277	-0.278018711974395	11.3186867270591	13.9729890874849	2.63899596007258	16.0587758972359	7.89317275564279	5.57181846378692	18.8995473331425	22.1560819543244	23.2119152219236	20.854448477535	31.9919079995398	30.297789592544	20.8314212963088	15.0531594893953	46.463930353167	30.0285696541836	24.8735662164453	33.8020174869032	33.0275757020586	43.6351345566572	44.614923500311	54.4508247631261	60.6616462763927	44.5537452095113	47.9005847978897	55.0979783912016	52.8658566837391	58.5241503735905	58.3087585594955	57.3876125744442	49.4995522882902	55.9477533345651	53.1303753989671	73.6294052096433	69.6840675190822	65.4870749005493	0	0	0	0	103.715042959136	138.524639504759	122.022723132726	164.099180077079	158.62714588149	87.8015397132155
560.041	0	0	0	0	0	0	0	0	0	0	316.820938088678	-3.95908270372129	-21.0045856280072	-10.2311075124698	-7.78601662518348	-16.8048029144421	-12.9347914317747	-16.2364683521053	-15.9283990048823	-16.3964679144908	-7.36875062853749	-13.7843232261702	-5.39649381892589	-10.5335914859259	-16.6737453673606	4.2247394488682	4.27894660312056	7.19190287322449	-2.30310099530079	8.17705252283122	3.51567247850357	-4.31073611013343	17.2338470930793	4.79611354895013	7.6718566255724	26.4523064832854	2.18518637427448	23.8765382571657	19.7285264227981	21.8499065672241	27.4965475753815	22.5080817359529	28.3484038673412	11.43818719503	28.4552333230627	23.2789119535783	25.8048802812147	36.2294516579272	28.7845183090083	32.2695867466272	40.0698779900666	47.0827362374134	36.3202054468557	46.272786849648	29.3690457547143	46.5396528573062	36.0485661022811	41.1046050095227	49.2264786337818	46.8799537283444	63.5473589244229	38.955413627883	0	0	0	0	143.861783824904	77.4164145966336	55.3680759691006	73.6869494820352	55.5428417435317	-53.9135328412053	29.9296669546648
563.375	0	0	0	0	0	0	0	0	0	0	40.0711124384053	14.1670406586612	-21.6481563421678	-2.06312173544876	10.3147869175266	12.6583461036928	-3.60134112371189	8.25453078067329E-5	7.3967173878035	-0.405028346200695	5.93047583855946	-2.41875089307037	11.8364589554073	-8.67143047246958	-3.02458160139881	7.57580968081784	5.67466241346688	9.50617250995376	14.2449102372977	12.6488759256198	15.1759889696785	12.487724174662	10.5633189768707	16.2416912282824	21.914078719162	14.916283291079	33.0652451436081	26.9592674849208	26.4147064110386	26.1796773709127	28.3313539592786	29.0126404411033	32.4491712071785	37.3793812864249	40.7934858704198	32.5248769058692	35.9711685432699	40.9743865529494	50.5035215998264	52.9631960971226	43.5529065931243	40.6335802218649	47.6107958486221	49.7168251915563	55.5731076398877	54.0506501178496	50.7210836790489	52.5264561086662	59.0863695601536	46.3664041062607	61.9838551683132	67.1653729570643	0	0	0	0	88.4561169730396	76.7997751008148	103.004664467277	85.2260316693506	67.1655869780999	128.740206954639	84.2704876621038
566.709	0	0	0	0	0	0	0	0	0	162.906405580833	6.63257312968602	-1.72588910210205	28.5722073944763	5.22743732308511	12.4642562236137	11.4506683694708	9.55726898468728	7.40723279324243	26.2487697490487	7.98668196524669	13.1365422357014	12.3225194357888	8.90284772205477	10.7315902602626	14.4145669420099	8.59895776442451	13.5598929862456	14.3666126257195	10.3064615342173	16.9461446862468	5.72583562764141	20.7098580172896	18.4839203342698	23.5319206885204	33.4001527679206	36.9793305981052	34.2335332233147	30.4470601721728	20.4639706208911	34.1321830162657	39.6312767648552	28.0086957653024	26.8538666215284	36.3191038619396	26.143613405125	36.9614042773171	34.5023098261051	53.3671092926967	50.723285518069	39.6893990818583	40.8358169947197	49.1057184132973	64.7021329046862	46.3541969412555	45.9208883925942	39.6932566138983	45.8817869659007	58.2903694137866	56.3083789324889	52.7172382520248	47.3425379944155	52.0787304351524	0	0	0	0	115.16895277017	101.66898834456	104.644716318668	108.650761649587	161.64067740629	113.636959628409	58.6151270197381
570.044	0	0	0	0	0	0	0	0	307.344676091228	-4.47604088360477	9.15102643036064	20.4934155162191	0.551655318541833	15.470407360076	9.62782715684201	9.22153942242932	-8.34372069480021	19.4781885059705	-4.66761931357053	10.1124811039608	15.2819316879794	6.41853847634768	8.42491314545986	6.44545595603733	12.6677595335426	13.340283772893	8.37920215388811	11.4453214293862	12.9628491866664	12.2423320352273	17.08007884531	17.358221765543	12.4108222031166	19.2526998962846	31.1816797907144	13.2447178676627	26.0837865289292	29.396480107041	27.9484055519134	21.17854447841	31.1483960035072	34.0765262208689	39.3739085038088	24.7086990884096	45.0308072023088	42.4112224129861	34.1620507486681	31.5750429610516	38.871657861528	46.9406794820478	48.463738078351	43.0889386396992	42.9774137210726	46.8132320485562	46.0717596016447	59.7366868360333	40.874499088724	67.5425259787818	42.0406473136966	56.7333067413915	48.1160466824866	0	0	0	0	136.32870318781	81.0310900015578	96.2586387615031	112.218109853694	130.53792443598	87.6267646920253	130.423602345312	125.245349184939
573.38	0	0	0	0	0	0	0	0	75.565449644626	29.415202864162	20.2328020502413	18.8566070204792	7.85510561928664	23.5945180039691	-2.61787822523138	18.0149748881462	32.6140728604607	28.5156520430434	8.92876814349116	11.7957880845738	24.2199953478445	14.3832583985911	15.7038009148569	14.3346938609744	15.2109055312541	14.7952455740265	12.1085440541362	8.78395810526559	6.31432264822298	17.9880771173438	17.7197071303437	20.1158388008655	17.0782772322751	31.5612300743514	19.999484743203	33.1630913682398	39.5435271269392	41.3978259239038	35.3298636304625	35.2781372285377	52.3726533326062	38.3570476650449	41.3760165518728	40.2148642399657	40.427150500829	36.5653968133754	40.3645840935842	41.073938249282	50.3447020956829	50.2552939748748	53.787552078554	53.8746327112323	42.9631236136064	45.9793963271268	57.4494286218305	50.3554416560264	45.9477424528111	50.896889801234	64.8618753195721	59.9570739378276	65.1555218271777	0	0	0	0	121.839432149501	110.149397233247	141.23721059983	167.039244622872	134.529410555555	124.703826384129	169.943885469309	133.644807687241
576.716	0	0	0	0	0	0	0	135.35156101397	10.56040134858	-1.93038143352906	-3.08161089746222	2.31031755099318	-2.26187900085511	-3.23574454035806	20.9168173530125	12.168541587074	2.78016486649091	-1.33490237968474	9.77457966104747	9.74734585138552	6.10747265914192	1.74936072225031	-1.35583158815915	5.30453729674187	13.0941927163577	5.99122328741517	13.6990556284292	7.08716242555057	12.5246394239653	12.5144651763753	12.3443642201499	20.0896032173711	14.3142537699951	19.0342502459366	11.0612412880331	13.001532556652	28.159467491302	18.6632825041112	11.3145883892112	22.3947942355789	20.9987548320563	7.4030443677925	30.5455131934165	29.600270180691	27.0175574025971	35.2905678547991	37.318021398732	29.3371781631463	34.5179849704614	25.4972347455569	45.5239941273145	34.4763902187547	35.2895861111067	47.0471152856423	39.3154592721694	48.7649871122822	43.0013452832346	39.1204112407019	32.2069217403348	60.9301716612563	52.8201403016329	0	0	0	0	99.6206400227679	89.1220492769535	77.6202886578955	15.7983347144118	94.5727720125303	103.734026186117	3.56904422675669	84.0823469884323
580.052	0	0	0	0	0	0	269.287298005817	15.6152900105021	5.25919892249661	10.1321823317204	-0.0544362136761125	38.5765444184967	-13.4173464435673	-4.28587713684523	17.7100217969796	-2.93731860356926	27.2426982262846	10.6120498268669	15.6451719341384	-4.09376323046072	9.13816282029162	-5.00943627416306	15.5402430492922	15.6329838866918	9.13641479611038	12.6176374240942	13.3845417686496	7.05959099312026	9.10729530585846	7.43505917905965	15.8503129060101	3.68874857842486	23.2881854132194	12.7120452887968	14.963661039981	11.0765710149125	18.022150450483	26.2548400597164	26.2126636952243	21.8758526134199	14.7989279528333	30.2493705170836	19.6488605502425	29.4223579426132	25.8834933299178	32.9259301872818	33.8293431336668	27.0743081262249	45.451955404202	44.4368945250304	23.7140058867166	35.9457281604002	27.4774821898359	26.7568603846659	39.3609800319173	44.5245307494313	31.889944289301	48.1843612537919	37.8627312197827	42.1554536904483	0	0	0	0	138.026957693293	81.2001015370736	79.3413304334668	69.1272362586104	150.275305307733	64.8718116719049	144.508585272774	92.3398424659019	118.246238130659
583.389	0	0	0	0	0	0	53.0926697926736	1.3297815557161	-11.7550268623427	40.8881904402571	13.9114409360059	3.46806035319446	13.2845018901489	20.589787974507	9.05133519540488	11.5035951169499	-0.89800222952907	-0.87705178296404	11.3322015398049	17.6534620638535	4.14831396620433	7.45564025921924	1.56578977034084	1.62095292507603	8.52273809606775	2.71765024674246	6.14055396330353	11.0602618420143	9.85489959945936	11.8986648867396	10.5294274692895	18.4973826139302	10.5057489655547	16.9176511568217	9.38747867999187	28.0630337413987	18.8190833648764	18.383987203175	15.5302554141117	27.1207985899606	37.9999721939574	28.5757259434691	12.6513563812929	30.1669092541853	25.9916336409945	18.4431553878398	29.7187796792811	28.6240039219727	17.291500035916	37.0148989087676	25.8680589028615	36.2477807683546	40.9033715114089	41.6230693606409	34.1539022759222	16.514524603651	41.4361890878173	34.2750821045556	44.0355121338387	47.0515923313636	0	0	0	0	66.487926947311	83.8866798240654	79.3745169951135	113.141104671479	98.1871296690232	101.738091991758	122.545816484069	45.6795888605084	17.2344462619538
586.726	0	0	0	0	0	98.2245697982623	5.54151459998208	-8.05378056204595	9.7414001847589	-13.110475067242	-3.00111117473137	13.8417212247311	6.0616320028806	6.30090123227979	5.46508197591645	-1.92640457288406	3.65093130959864	10.8879722408798	-5.83515021625238	-5.18372151677485	-0.742636628307655	5.99110944234573	-1.90909988336999	5.19950817238592	-0.623499071193492	1.12220751602214	20.43804096391	5.97784130143124	12.9280387507879	10.6527004163693	7.10366189936201	1.3060164768783	4.47858198541695	16.1892076318785	14.7377001986596	3.03145993295848	13.3027171033324	19.4854135188588	24.4727162271999	19.0328200712897	11.2132800919716	28.0632740925683	20.7261184304636	25.3238198624815	21.3537020837005	23.7330144882782	17.2462493511279	13.1833571503954	39.7500202295145	30.2884058750476	23.3756066817784	23.9622498123686	24.0351283950142	18.3071445749199	27.3700575492443	33.4163572558735	38.014331150436	45.1769930540175	38.3132519976632	47.4215122615663	0	0	0	0	39.2143218558862	66.4742577350282	64.9306940922342	56.2892158727112	68.1227210813693	85.0893070924949	76.7291208717116	50.2297511253285	-37.2959747804748
590.063	0	0	0	0	217.327449706161	34.6136655762588	18.8325471596442	2.00750636329995	20.2025871141844	16.9221992744756	15.045372230215	4.58881719704987	26.4634929185803	-12.1734219951731	20.535032108941	20.0912413155955	9.13157804615293	3.49825128223062	29.2749794744075	-4.00189903129618	19.9822144522983	2.44135463311529	14.445631569069	14.0296359920788	8.72244632379912	8.8585406103277	6.32648947297324	10.6561658538889	6.17504780885285	8.96698000697207	13.8340042554017	16.6316087529593	15.5626322175828	17.4877085035693	16.311675983802	22.5159504602778	25.4558665166426	14.9795923157342	16.8459956161151	13.3457687902809	35.2786190103926	4.72700390259755	16.721978362447	27.0912031104767	20.4783648857561	17.511929344243	26.4192959840687	25.6072048842985	25.2874555836757	31.298747420164	25.4896498903733	37.8136683529955	31.9123288971997	30.9244385767175	36.9321074607901	19.761159032897	43.5378666256661	34.1807007265372	36.4340771123946	0	0	0	0	92.0487610055226	67.3109760311808	52.1165912126162	71.1096237588024	63.4826430059682	129.881718236105	117.438540413359	99.8533658720875	40.6619497980607	165.362297979614
593.4	0	0	0	0	17.8654544774225	13.1354457195827	4.92788989411153	11.5228215693021	14.468148501318	-20.3463370305257	-7.97710896517543	-1.79616372478576	-19.5618151050025	4.22023127031144	-9.15818607110228	-21.3840898979113	-16.2293523635442	15.4815803563866	2.93764277064349	5.61404681795508	-0.0239256959294838	2.06505573981516	-5.2007252304163	0.488328240955428	-0.345356042845057	-0.695167224007015	-0.0779222346726334	4.69953060790539	6.93193614324529	4.83315263858234	4.38080960431876	6.58157183169349	10.9123630893479	14.8878815275728	6.72240895744967	5.54294878790066	3.55230124246161	10.2493065908026	10.580852690558	1.49089709271158	16.3226505486445	12.5133242185201	12.4051122025343	7.4754054820093	15.2140354948108	23.8086976020746	27.3124056653041	23.213798220707	25.5811719812915	23.8545062989266	23.4336144222653	19.2207671788847	21.0263155842323	24.7956188740701	24.3315309316898	30.9011818263378	28.708479045229	30.5833642432521	30.3036031123833	0	0	0	0	64.600402097259	29.5987453746496	32.2499601218308	44.4141940702554	36.1505399226282	43.1114474110986	36.9941015655936	38.4882204503594	72.3559335970216	-65.573201061608
596.738	0	0	0	125.969632152152	10.0214956171794	10.4428285635229	-14.3993187852132	41.6032909800504	12.0921197886764	38.784414116987	40.3350510054933	20.2376923639757	0.0102143910953261	21.6784511079625	13.9232434134257	30.5846686900084	22.1635292961788	0.450938184290102	23.6925566414067	21.8548000945355	4.6494885310378	19.6237995939583	19.3186830354155	12.5039719884559	13.8791675734361	15.4493860682334	10.0044250190958	2.35829158671126	8.9020000841184	11.0048532901492	28.6294838144517	12.8428659607585	18.485014539881	10.1094839654541	9.95431580649417	17.8604572812994	14.4276370234164	29.8761194259438	13.5227706967484	36.0190092525868	13.1405272074763	21.8332816738818	22.4873770897386	19.9981235147128	22.7468517334131	22.9750501228367	24.7869583717394	37.2845180582435	34.0459470103887	37.7441987596737	26.5916263215838	31.7378556578801	28.8662857923179	29.5549745495848	41.5670891527023	37.6465506253752	31.5127944906787	33.8526948282264	35.7686646681083	0	0	0	0	46.0018377134573	85.3549369109983	82.5902713286092	77.4206468361032	99.9814982409157	74.0604391453987	55.4216264367177	158.303276856378	106.662238136576	120.37622318301
600.076	0	0	272.957084682163	-23.7327846310833	1.57266071925687	-12.0928807819167	14.6099081967072	-14.8138645563346	-13.6152105321227	-19.7247920048727	17.0570275798564	-7.25501529857071	11.5661632428593	13.7948935123741	-0.0124420030763184	6.02886939236569	5.25729038429227	13.2606656728016	5.68914493367475	-3.73315869675846	-8.67653796236468	-3.37405075142432	1.80613473737917	14.9915241463861	8.24944571427336	0.00266001811158286	3.98009858055032	9.09467744340722	10.2631524289375	17.3947274869891	7.97489636068751	5.70628985589532	25.9536012881339	10.9048226608525	14.5259209069054	8.90663616397048	6.32147091212849	7.34944068133522	14.0827719156924	16.2094762321805	7.06412552294741	28.7104704334477	20.6979196347573	22.368722827267	12.7107208291337	30.8785876744776	18.7182911310216	25.2361460800846	22.72149379658	14.1529312466829	10.7916301623731	22.8264674455412	30.7615129254965	37.87042331665	6.8969928947049	19.7291899534109	42.8825795673843	21.6518282395214	0	0	0	0	60.9109380920255	51.1722390594459	46.9139552049536	67.7465560425621	56.1547325436629	61.1227160548632	56.7425869627692	102.977245279469	22.0742953463651	55.5467143680406	118.327613512213
603.415	0	0	63.7887683689371	13.2292491751378	37.821315483223	19.7765378028374	6.64450135387499	36.2704712180599	47.4241389280619	22.4958356093749	3.17195955996237	40.8756527419202	15.1080456552473	-0.603768866840775	15.8654243061715	-0.0362807695268094	3.35442240602581	6.91717583214238	15.4533073881435	14.3245245755396	13.9299954441874	15.5739952409193	-5.39118147326423	16.0203302279336	13.9339626185649	16.0632296526209	13.1402022398375	7.02483687711552	11.0508478043525	11.6982236550555	10.3008739426816	1.92471218447143	4.73743422184862	19.083020695468	16.8770443341208	19.2460709867606	21.4616365571054	20.9496874425867	22.0063775796604	14.4501201893698	29.6745350378777	33.158313429547	21.9445737776504	25.0281609505464	23.6213509589228	17.1832336261944	20.4229330085811	21.4077774827266	32.9668875079498	36.4515585261563	19.3039946937104	27.4456971353559	31.0198237982767	37.308784874789	24.1457644868706	26.5319689858023	38.9113884103666	22.1747605480909	0	0	0	0	50.7435101938091	57.0850914048583	51.4509586754428	61.9120969587885	88.7562279985772	98.1881404935655	85.7659465708282	39.9425506782666	83.4390962096878	103.91637062752	119.408464325527
606.753	0	101.502836270959	-8.69630590885341	-18.1883614833388	-14.9589714925123	-15.9904657737994	-0.727073541530021	-4.26546279073625	-4.80765856571253	1.3487743370449	-1.29408820331068	-11.6430907612649	4.08907987386765	-0.548115533205921	9.56110847051596	10.6469399724979	5.3096402032347	4.162563301472	12.3986663756539	16.9200546430359	6.75810921882467	5.56940425823549	4.56168704690613	6.71447713946584	9.10606978670573	-0.727902524316138	5.36991873242858	11.3067598529476	5.08863931091557	12.9712538465238	6.05753106428078	21.9731311545525	9.80302575375017	4.21492223354521	8.94253242777468	19.6214591451584	7.07428097517018	2.91656893859104	14.5949627807302	24.7771573280231	25.3931555769344	3.85246349360298	23.4670921772773	24.7412485806768	18.9506058168883	10.2130614358064	17.0672482106199	19.2982247449589	22.0433307891578	24.6777503681956	20.0384651565062	15.0953175323002	35.5091827854314	23.2768148638975	20.8842918692992	30.7287941729876	21.3424481721454	15.287239056359	0	0	0	0	39.1657957190343	27.6536216923164	33.7976685650497	27.8767362009157	73.2809266957422	38.7497089585198	44.9223938406188	113.325085711705	101.565933732599	117.568237756705	217.878906692808
610.092	237.34052906631	7.42000285793621	30.8135269095332	16.509824017634	31.6418682517903	15.337117116283	3.68344078508989	24.2640369142239	21.3747345197619	11.9732503487724	10.8533511651687	19.6391987036478	-4.12447666467515	39.0334777308011	24.9792309495839	9.65100248039311	-0.995818273099332	17.1655779756825	10.6356394944577	5.04723035768644	13.9604879400616	26.1357048997283	14.291496589037	2.92775012705361	13.5023178787301	13.745010779239	10.3065301253123	-0.0260808011164383	10.0666238003099	8.85240694487939	5.07770407433197	10.4806479985333	20.320809813668	11.3889077358408	18.9031474685424	15.1694818281437	17.8886448553535	6.83827795554904	31.4321137493548	-0.372756051124864	15.9244137861869	27.5379320584747	19.5347656731239	25.1856567351392	17.9928540942675	25.2709295152411	25.5288911949939	23.7197514658393	25.8939942686114	26.3302637564136	25.5129117742304	29.4219367285597	20.3073558378037	20.9811138231642	30.0655243872349	38.7715344739421	38.481534726118	0	0	0	0	94.1638785282349	42.91153197872	64.036915798598	54.1346057024303	58.0085248435619	59.7292872953324	94.5754889490435	80.1191450249026	69.1860097793934	84.3122492176973	96.4913191416569	123.707743643953
613.431	102.564669563944	64.8663111930802	52.0851213215208	15.7489174472472	24.6154955407166	21.4325877854259	19.2494325751089	29.980801904784	28.3368067175573	21.2830490626292	53.058690855154	9.82561745955218	35.6859640899937	11.7448397773893	22.868114201753	29.4757242654384	23.2885029589443	18.0760723147975	32.8125886163199	30.1137316456176	33.9705784195625	16.4604897253818	20.9813393124659	12.0065271717498	21.0585457152523	12.5314497975857	18.8663711054462	17.3381799713066	12.1318536737561	13.8281333075887	14.8093884898502	19.2667933537019	12.986278180776	27.6383033449589	16.6430799114289	19.0229936037741	24.2705113947582	25.5707487443674	14.2666177431299	40.8591589259335	25.8458941254144	26.3653383737692	34.0040493542047	37.5475647414084	28.1584182452644	34.8103596861854	29.2320822800241	33.3828781924979	31.2423616860087	29.1530153830038	19.7698261194865	37.1423116435632	45.3216709520584	37.5004134957108	24.8735562534313	40.9638279706464	42.475104600964	0	0	0	0	69.3414440830449	43.6304608699574	58.8436284732256	55.2179001786196	62.1550560918822	101.4256969822	89.1509169775439	73.6842519089735	76.7487512553052	139.102610707452	123.053124398975	305.039623734759
616.77	20.9807695010775	15.1899453473692	40.2683154800564	17.6060616575358	6.40440689365496	-3.93325298348424	31.541542022636	15.1677308646998	7.6863554968735	-6.10476422559453	-5.19599413751528	9.30831359127206	-5.96437522572129	-4.01154865378672	22.6064635682486	3.58868673116374	-1.51002460575359	13.6414847579025	9.42763348611537	17.131007172766	1.16554411948317	7.93364435078216	10.5433728158321	10.3837828371547	3.26437709716156	-0.00668886503717501	4.54439616995704	7.69868765041061	6.6312995262865	4.71416267122903	16.1081723378596	10.3455312711531	17.3848291477043	7.91362605570638	11.3701846828954	7.85560631020573	11.29979255255	16.1165034158457	15.5810842152553	11.2742831566029	10.8985616992406	20.8251260348135	12.8382207150267	20.8767575953639	27.1931360080119	19.4648366904084	24.6210936206318	12.3387793183093	22.0922272940822	22.8500354141914	24.3371525217008	21.3688671360149	18.7970601460022	23.9703753464159	26.4808915973446	27.3828844119789	35.2853286211238	0	0	0	0	27.5455233532108	25.4613250765783	42.9998989871828	48.2602666267579	49.4561931091087	40.879004255943	63.9445915465335	85.0812529723571	93.6396833813355	24.6466231486518	54.5320439615812	185.121404882796
620.109	11.078451137173	-9.45780840346729	24.1447678091041	3.05448053586668	-8.02515205882288	14.3753120014353	-10.2031927560434	-16.9208882312138	-1.76741242227575	22.4015568821879	7.11109573439796	3.81708938654542	28.4789436227033	0.638202426567132	-23.326591753941	15.8352420855507	0.560536477397562	8.68181575913258	7.13984419364057	8.91412525944116	-13.5414533231056	-1.92046139642774	15.0753522398645	6.56634152445797	6.64315726055732	1.78970731815913	12.5560992086616	6.83125384433755	-0.390218250628545	3.96263574248316	16.0496262487597	13.0691010684246	-0.386065125657867	4.45968597153752	8.79633511193932	34.2284426778853	11.3830346750474	-1.17877202140806	27.1789967540696	19.0958296700942	21.3582008771308	19.2837647562553	33.8842566432726	19.0370993630945	11.8465155178492	27.1459625406194	26.4149527218836	24.1474936767098	15.3614337877195	33.6138929495156	23.9349524206667	18.5135840649614	23.4937810582419	25.4435049901364	34.8605817570643	21.015101368371	0	0	0	0	96.3225510221022	26.1702018373986	28.9769421313983	52.8996582490321	72.7475974529563	41.1981555710581	84.0085098994203	119.265847135511	113.94939709853	29.1081731239328	102.544129086162	87.0692362263382	78.513663995143
