Sample - Blank	600	595	590	585	580	575	570	565	560	555	550	545	540	535	530	525	520	515	510	505	500	495	490	485	480	475	470	465	460	455	450	445	440	435	430	425	420	415	410	405	400	395	390	385	380	375	370	365	360	355	350	345	340	335	330	325	320	315	310	305	300	295	290	285	280	275	270	265	260	255	250	245	240
nm																																																																									
213.328	0	0	0	0	0	0	0	0	0	0	0	0	0	0	0	0	0	0	0	0	0	0	0	0	0	0	0	0	0	0	0	0	0	0	0	0	0	0	0	0	0	0	0	0	0	0	0	0	0	0	0	0	0	0	0	0	0	0	0	0	0	0	0	0	0	0	0	0	0	0	0	0	0
216.504	0	0	0	0	0	0	0	0	0	0	0	0	0	0	0	0	0	0	0	0	0	0	0	0	0	0	0	0	0	0	0	0	0	0	0	0	0	0	0	0	0	0	0	0	0	0	0	0	0	0	0	0	0	0	0	0	0	0	0	0	0	0	0	0	0	0	0	0	0	0	0	0	0
219.682	0	0	0	0	0	0	0	0	0	0	0	0	0	0	0	0	0	0	0	0	0	0	0	0	0	0	0	0	0	0	0	0	0	0	0	0	0	0	0	0	0	0	0	0	0	0	0	0	0	0	0	0	0	0	0	0	0	0	0	0	0	0	0	0	0	0	0	0	0	0	0	0	0
222.862	0	0	0	0	0	0	0	0	0	0	0	0	0	0	0	0	0	0	0	0	0	0	0	0	0	0	0	0	0	0	0	0	0	0	0	0	0	0	0	0	0	0	0	0	0	0	0	0	0	0	0	0	0	0	0	0	0	0	0	0	0	0	0	0	0	0	0	0	0	0	0	0	0
226.045	0	0	0	0	0	0	0	0	0	0	0	0	0	0	0	0	0	0	0	0	0	0	0	0	0	0	0	0	0	0	0	0	0	0	0	0	0	0	0	0	0	0	0	0	0	0	0	0	0	0	0	0	0	0	0	0	0	0	0	0	0	0	0	0	0	0	0	0	0	0	0	0	0
229.23	0	0	0	0	0	0	0	0	0	0	0	0	0	0	0	0	0	0	0	0	0	0	0	0	0	0	0	0	0	0	0	0	0	0	0	0	0	0	0	0	0	0	0	0	0	0	0	0	0	0	0	0	0	0	0	0	0	0	0	0	0	0	0	0	0	0	0	0	0	0	0	0	0
232.417	0	0	0	0	0	0	0	0	0	0	0	0	0	0	0	0	0	0	0	0	0	0	0	0	0	0	0	0	0	0	0	0	0	0	0	0	0	0	0	0	0	0	0	0	0	0	0	0	0	0	0	0	0	0	0	0	0	0	0	0	0	0	0	0	0	0	0	0	0	0	0	0	0
235.607	0	0	0	0	0	0	0	0	0	0	0	0	0	0	0	0	0	0	0	0	0	0	0	0	0	0	0	0	0	0	0	0	0	0	0	0	0	0	0	0	0	0	0	0	0	0	0	0	0	0	0	0	0	0	0	0	0	0	0	0	0	0	0	0	0	0	0	0	0	0	0	0	0
238.799	0	0	0	0	0	0	0	0	0	0	0	0	0	0	0	0	0	0	0	0	0	0	0	0	0	0	0	0	0	0	0	0	0	0	0	0	0	0	0	0	0	0	0	0	0	0	0	0	0	0	0	0	0	0	0	0	0	0	0	0	0	0	0	0	0	0	0	0	0	0	0	0	0
241.993	0	0	0	0	0	0	0	0	0	0	0	0	0	0	0	0	0	0	0	0	0	0	0	0	0	0	0	0	0	0	0	0	0	0	0	0	0	0	0	0	0	0	0	0	0	0	0	0	0	0	0	0	0	0	0	0	0	0	0	0	0	0	0	0	0	0	0	0	0	0	0	0	0
245.19	0	0	0	0	0	0	0	0	0	0	0	0	0	0	0	0	0	0	0	0	0	0	0	0	0	0	0	0	0	0	0	0	0	0	0	0	0	0	0	0	0	0	0	0	0	0	0	0	0	0	0	0	0	0	0	0	0	0	0	0	0	0	0	0	0	0	0	0	0	0	0	0	0
248.388	0	0	0	0	0	0	0	0	0	0	0	0	0	0	0	0	0	0	0	0	0	0	0	0	0	0	0	0	0	0	0	0	0	0	0	0	0	0	0	0	0	0	0	0	0	0	0	0	0	0	0	0	0	0	0	0	0	0	0	0	0	0	0	0	0	0	0	0	0	0	0	0	0
251.589	0	0	0	0	0	0	0	0	0	0	0	0	0	0	0	0	0	0	0	0	0	0	0	0	0	0	0	0	0	0	0	0	0	0	0	0	0	0	0	0	0	0	0	0	0	0	0	0	0	0	0	0	0	0	0	0	0	0	0	0	0	0	0	0	0	0	0	0	0	0	0	0	1800.47418801352
254.793	0	0	0	0	0	0	0	0	0	0	0	0	0	0	0	0	0	0	0	0	0	0	0	0	0	0	0	0	0	0	0	0	0	0	0	0	0	0	0	0	0	0	0	0	0	0	0	0	0	0	0	0	0	0	0	0	0	0	0	0	0	0	0	0	0	0	0	0	0	0	0	0	-127.641737102148
257.998	0	0	0	0	0	0	0	0	0	0	0	0	0	0	0	0	0	0	0	0	0	0	0	0	0	0	0	0	0	0	0	0	0	0	0	0	0	0	0	0	0	0	0	0	0	0	0	0	0	0	0	0	0	0	0	0	0	0	0	0	0	0	0	0	0	0	0	0	0	0	0	845.38756819067	16.955397441086
261.205	0	0	0	0	0	0	0	0	0	0	0	0	0	0	0	0	0	0	0	0	0	0	0	0	0	0	0	0	0	0	0	0	0	0	0	0	0	0	0	0	0	0	0	0	0	0	0	0	0	0	0	0	0	0	0	0	0	0	0	0	0	0	0	0	0	0	0	0	0	0	4475.90931588899	-13.5509080492596	-169.123119480058
264.415	0	0	0	0	0	0	0	0	0	0	0	0	0	0	0	0	0	0	0	0	0	0	0	0	0	0	0	0	0	0	0	0	0	0	0	0	0	0	0	0	0	0	0	0	0	0	0	0	0	0	0	0	0	0	0	0	0	0	0	0	0	0	0	0	0	0	0	0	0	0	215.8766144963	35.562847196395	-224.784534453273
267.627	0	0	0	0	0	0	0	0	0	0	0	0	0	0	0	0	0	0	0	0	0	0	0	0	0	0	0	0	0	0	0	0	0	0	0	0	0	0	0	0	0	0	0	0	0	0	0	0	0	0	0	0	0	0	0	0	0	0	0	0	0	0	0	0	0	0	0	0	0	1799.22559468076	92.2070303219517	-45.6399533947018	-495.771245819287
270.841	0	0	0	0	0	0	0	0	0	0	0	0	0	0	0	0	0	0	0	0	0	0	0	0	0	0	0	0	0	0	0	0	0	0	0	0	0	0	0	0	0	0	0	0	0	0	0	0	0	0	0	0	0	0	0	0	0	0	0	0	0	0	0	0	0	0	0	0	5962.72124097029	97.0196629205184	47.0286387951402	-327.419294840131	-446.694040441269
274.057	0	0	0	0	0	0	0	0	0	0	0	0	0	0	0	0	0	0	0	0	0	0	0	0	0	0	0	0	0	0	0	0	0	0	0	0	0	0	0	0	0	0	0	0	0	0	0	0	0	0	0	0	0	0	0	0	0	0	0	0	0	0	0	0	0	0	0	0	667.753975435862	141.515148117664	84.0564142831549	-256.960871310045	-2.17266184768756
277.275	0	0	0	0	0	0	0	0	0	0	0	0	0	0	0	0	0	0	0	0	0	0	0	0	0	0	0	0	0	0	0	0	0	0	0	0	0	0	0	0	0	0	0	0	0	0	0	0	0	0	0	0	0	0	0	0	0	0	0	0	0	0	0	0	0	0	0	2680.18158722656	109.143816083662	-9.31577564432752	-86.9916467913402	-336.608625272214	-86.5573451679353
280.496	0	0	0	0	0	0	0	0	0	0	0	0	0	0	0	0	0	0	0	0	0	0	0	0	0	0	0	0	0	0	0	0	0	0	0	0	0	0	0	0	0	0	0	0	0	0	0	0	0	0	0	0	0	0	0	0	0	0	0	0	0	0	0	0	0	0	6653.6427821719	254.756775064219	147.493468865531	136.345430042144	-122.940462202283	122.529067224758	165.549999474054
283.718	0	0	0	0	0	0	0	0	0	0	0	0	0	0	0	0	0	0	0	0	0	0	0	0	0	0	0	0	0	0	0	0	0	0	0	0	0	0	0	0	0	0	0	0	0	0	0	0	0	0	0	0	0	0	0	0	0	0	0	0	0	0	0	0	0	0	984.844293863022	126.203266742254	136.427796073187	-93.298979267811	-93.1756994299368	64.3079975679228	261.036490298018
286.942	0	0	0	0	0	0	0	0	0	0	0	0	0	0	0	0	0	0	0	0	0	0	0	0	0	0	0	0	0	0	0	0	0	0	0	0	0	0	0	0	0	0	0	0	0	0	0	0	0	0	0	0	0	0	0	0	0	0	0	0	0	0	0	0	0	3064.94972699915	227.91415352298	212.857676642108	150.877788004817	-62.7248132400929	94.4680356230984	235.52469300705	246.496803791587
290.169	0	0	0	0	0	0	0	0	0	0	0	0	0	0	0	0	0	0	0	0	0	0	0	0	0	0	0	0	0	0	0	0	0	0	0	0	0	0	0	0	0	0	0	0	0	0	0	0	0	0	0	0	0	0	0	0	0	0	0	0	0	0	0	0	6501.3373996399	297.139701529208	281.262783167465	215.690911382291	93.4344506665748	-17.3624093021005	128.380027246994	14.0310536438847	195.000473760176
293.397	0	0	0	0	0	0	0	0	0	0	0	0	0	0	0	0	0	0	0	0	0	0	0	0	0	0	0	0	0	0	0	0	0	0	0	0	0	0	0	0	0	0	0	0	0	0	0	0	0	0	0	0	0	0	0	0	0	0	0	0	0	0	0	0	1081.34506624321	247.184984842621	242.390624585986	197.427037193304	33.5093177003277	27.7879358194368	128.460485262668	86.3077545127681	-71.7710289043915
296.628	0	0	0	0	0	0	0	0	0	0	0	0	0	0	0	0	0	0	0	0	0	0	0	0	0	0	0	0	0	0	0	0	0	0	0	0	0	0	0	0	0	0	0	0	0	0	0	0	0	0	0	0	0	0	0	0	0	0	0	0	0	0	0	3452.77222852645	333.892659168878	385.702940639661	396.693737756124	269.827943824626	163.92708331	328.420076217899	319.615866485909	430.847941014525	482.071274279107
299.86	0	0	0	0	0	0	0	0	0	0	0	0	0	0	0	0	0	0	0	0	0	0	0	0	0	0	0	0	0	0	0	0	0	0	0	0	0	0	0	0	0	0	0	0	0	0	0	0	0	0	0	0	0	0	0	0	0	0	0	0	0	0	0	506.26922828898	422.363032000866	456.279097542902	408.917573414367	301.404967967684	409.544957263214	339.684592397416	337.79213392074	292.42094900586	502.538629112993
303.095	0	0	0	0	0	0	0	0	0	0	0	0	0	0	0	0	0	0	0	0	0	0	0	0	0	0	0	0	0	0	0	0	0	0	0	0	0	0	0	0	0	0	0	0	0	0	0	0	0	0	0	0	0	0	0	0	0	0	0	0	0	0	1527.14749940441	423.163676836523	487.826367717128	546.961094480511	418.367202299702	464.211250488825	414.846632032387	284.799781363327	338.312800608826	313.948134528089	504.054016494825
306.331	0	0	0	0	0	0	0	0	0	0	0	0	0	0	0	0	0	0	0	0	0	0	0	0	0	0	0	0	0	0	0	0	0	0	0	0	0	0	0	0	0	0	0	0	0	0	0	0	0	0	0	0	0	0	0	0	0	0	0	0	0	3921.68903746348	429.778323096285	527.747518340712	639.809407799109	636.637236536276	541.5883527466	536.999826412412	463.301126795691	381.169673188039	406.57151535646	414.858666507415	474.297177194024
309.569	0	0	0	0	0	0	0	0	0	0	0	0	0	0	0	0	0	0	0	0	0	0	0	0	0	0	0	0	0	0	0	0	0	0	0	0	0	0	0	0	0	0	0	0	0	0	0	0	0	0	0	0	0	0	0	0	0	0	0	0	0	780.904542970078	526.735732256665	670.435474742022	733.74615312947	702.153307392221	635.617546469046	592.930979913275	529.606118210331	445.281416041707	347.378166461439	542.660965895696	573.075576556182
312.81	0	0	0	0	0	0	0	0	0	0	0	0	0	0	0	0	0	0	0	0	0	0	0	0	0	0	0	0	0	0	0	0	0	0	0	0	0	0	0	0	0	0	0	0	0	0	0	0	0	0	0	0	0	0	0	0	0	0	0	0	2314.33798932865	828.637519406586	881.161487092954	964.630080461096	990.587958784342	852.481257062907	892.308549241789	794.741456677856	626.219997384617	539.623056652882	562.441978001944	744.918208943999	983.862680583884
316.052	0	0	0	0	0	0	0	0	0	0	0	0	0	0	0	0	0	0	0	0	0	0	0	0	0	0	0	0	0	0	0	0	0	0	0	0	0	0	0	0	0	0	0	0	0	0	0	0	0	0	0	0	0	0	0	0	0	0	0	5212.42462756232	1721.49710628013	1874.27585406675	1858.06775375069	1851.95657372561	1702.65298187958	1507.55753143452	1374.09920351903	1136.47314910113	1042.2880421454	885.913073342525	991.391793564083	1296.26688670324	1642.46862437244
319.296	0	0	0	0	0	0	0	0	0	0	0	0	0	0	0	0	0	0	0	0	0	0	0	0	0	0	0	0	0	0	0	0	0	0	0	0	0	0	0	0	0	0	0	0	0	0	0	0	0	0	0	0	0	0	0	0	0	0	0	3325.16070050085	3720.22885622859	4137.53053274087	3903.17593952274	3665.14454625913	3103.10589367019	2712.58367031366	2335.91544151811	2069.36265945939	1719.77399419136	1570.71301686116	1726.95594366124	2740.5308427444	3483.8699677105
322.542	0	0	0	0	0	0	0	0	0	0	0	0	0	0	0	0	0	0	0	0	0	0	0	0	0	0	0	0	0	0	0	0	0	0	0	0	0	0	0	0	0	0	0	0	0	0	0	0	0	0	0	0	0	0	0	0	0	0	5361.46177227001	4497.79611633443	5697.79402316135	6318.0432852162	5919.26343096839	5430.04984861332	4568.10834663348	3888.11807506644	3300.95559260748	2896.67960089796	2562.6049078655	2213.24673603076	2285.03331486796	3701.65461483385	4929.68843079129
325.79	0	0	0	0	0	0	0	0	0	0	0	0	0	0	0	0	0	0	0	0	0	0	0	0	0	0	0	0	0	0	0	0	0	0	0	0	0	0	0	0	0	0	0	0	0	0	0	0	0	0	0	0	0	0	0	0	0	6612.2133108873	4061.39547658969	5166.07849961873	6613.93011571738	7244.84862056207	6752.28520503823	6283.87777968008	5265.37222624925	4327.08543432616	3708.04106912233	3229.46879102928	2816.55734467874	2450.5981477665	2567.98949319874	4239.01495522305	5696.3698069599
329.039	0	0	0	0	0	0	0	0	0	0	0	0	0	0	0	0	0	0	0	0	0	0	0	0	0	0	0	0	0	0	0	0	0	0	0	0	0	0	0	0	0	0	0	0	0	0	0	0	0	0	0	0	0	0	0	0	0	2564.36845949481	4194.73458119774	5468.38530855842	6944.62406749795	7741.78207378122	7239.99098924034	6585.86350621697	5522.26165848482	4573.74588838211	3925.52030649687	3377.54780129024	3000.54267180293	2459.99057893721	2669.78419185125	4484.26002120107	6189.75657765529
332.291	0	0	0	0	0	0	0	0	0	0	0	0	0	0	0	0	0	0	0	0	0	0	0	0	0	0	0	0	0	0	0	0	0	0	0	0	0	0	0	0	0	0	0	0	0	0	0	0	0	0	0	0	0	0	0	0	2547.89023668708	2129.83986654879	4791.1126081689	6110.66735330687	7814.52045576021	8663.63788336878	8089.80418664611	7355.31271560633	6114.28541921516	5071.71843078359	4176.51910957999	3606.77965908518	3176.2435299175	2894.28641768841	3103.42089175431	4894.52731791398	6682.74088811982
335.544	0	0	0	0	0	0	0	0	0	0	0	0	0	0	0	0	0	0	0	0	0	0	0	0	0	0	0	0	0	0	0	0	0	0	0	0	0	0	0	0	0	0	0	0	0	0	0	0	0	0	0	0	0	0	0	4073.61248374717	589.392469961618	2442.25462613223	5567.14759846236	7172.33756303273	9151.61727045758	10083.1853969403	9338.19740069108	8462.07645989379	7026.88174902346	5672.36263991172	4959.28169851611	4112.38145904146	3681.32504912019	3186.85819574349	3458.17798656001	5845.40122593943	7705.35095705374
338.799	0	0	0	0	0	0	0	0	0	0	0	0	0	0	0	0	0	0	0	0	0	0	0	0	0	0	0	0	0	0	0	0	0	0	0	0	0	0	0	0	0	0	0	0	0	0	0	0	0	0	0	0	0	0	0	769.876734519969	541.844670414559	2701.93262762411	5962.68227844622	7759.06952218124	9846.21160683654	10879.0411383172	10136.058200866	9164.73720166027	7572.01764122471	6141.19698684518	5191.46733199209	4529.00704559014	4017.19335605212	3453.47356988716	3774.00330079968	6209.06475083173	8618.51256311828
342.056	0	0	0	0	0	0	0	0	0	0	0	0	0	0	0	0	0	0	0	0	0	0	0	0	0	0	0	0	0	0	0	0	0	0	0	0	0	0	0	0	0	0	0	0	0	0	0	0	0	0	0	0	0	0	1872.37039718218	145.630707018528	564.778288706489	2664.59344396964	5888.50654528392	7617.14212770625	9745.9831055172	10633.5241499776	9929.27897129718	8904.96620011203	7472.68497109408	6026.69733011147	5097.03088943766	4460.91042744133	3868.85119807762	3448.09597082222	3663.7202290637	6192.20701397443	8508.0038760928
345.315	0	0	0	0	0	0	0	0	0	0	0	0	0	0	0	0	0	0	0	0	0	0	0	0	0	0	0	0	0	0	0	0	0	0	0	0	0	0	0	0	0	0	0	0	0	0	0	0	0	0	0	0	0	3528.36371160622	171.947050558456	143.182612303626	544.09201094844	2540.0191201644	5515.21375240212	7118.98937360086	9024.93976896744	10003.7474618437	9257.43816558502	8378.14596343083	6907.57994112523	5595.59739388695	4629.16621768482	4174.53844276132	3665.69876478171	3168.32587355886	3373.79145904575	5765.09434591958	7680.82923997617
348.575	0	0	0	0	0	0	0	0	0	0	0	0	0	0	0	0	0	0	0	0	0	0	0	0	0	0	0	0	0	0	0	0	0	0	0	0	0	0	0	0	0	0	0	0	0	0	0	0	0	0	0	0	0	705.319105311195	87.1846761501566	174.480707762801	537.434386962782	2459.84157059076	5285.29981619911	6761.69852345062	8693.28602953486	9559.36739755029	8897.47751070097	8072.44198428941	6639.50786150758	5371.7049210866	4494.95891544602	3975.91888759261	3520.98260381359	3095.46485766098	3191.36679660279	5416.83140453978	7357.10362357959
351.838	0	0	0	0	0	0	0	0	0	0	0	0	0	0	0	0	0	0	0	0	0	0	0	0	0	0	0	0	0	0	0	0	0	0	0	0	0	0	0	0	0	0	0	0	0	0	0	0	0	0	0	0	1761.46288695051	93.940755163568	85.8749034115837	188.087027467999	536.675529721474	2401.04766782016	5150.685203833	6716.36736100797	8509.14635277155	9386.20299798288	8633.644630479	7737.17152396726	6467.87956778806	5091.52905043311	4446.03483972142	3912.91762219211	3411.01652938354	3060.70879256574	3193.62431866307	5389.73945470967	7131.71850783773
355.101	0	0	0	0	0	0	0	0	0	0	0	0	0	0	0	0	0	0	0	0	0	0	0	0	0	0	0	0	0	0	0	0	0	0	0	0	0	0	0	0	0	0	0	0	0	0	0	0	0	0	0	3260.33684509247	211.39621668234	67.2798246979567	122.498518822949	203.33924330853	567.964971048363	2368.46307789573	5047.30735492991	6378.66334577395	8170.74037417819	9002.81865387791	8278.69245472293	7393.20740940356	6156.00143044238	5055.71952850774	4289.67787356068	3689.54301083913	3252.87035170476	2868.89597310021	3214.92467965518	5105.84971963462	7002.13894905101
358.367	0	0	0	0	0	0	0	0	0	0	0	0	0	0	0	0	0	0	0	0	0	0	0	0	0	0	0	0	0	0	0	0	0	0	0	0	0	0	0	0	0	0	0	0	0	0	0	0	0	0	0	692.20316377781	88.918083651384	111.599834481611	152.802557397259	258.542792499364	599.575792799826	2213.78560522803	4653.19290435957	5991.71739484514	7531.17479941621	8291.98218181884	7680.01415760916	6948.01358636702	5700.47894994861	4643.12485328946	3980.9173652142	3562.73874244048	3084.21207454185	2768.24916298387	2919.85763776345	4881.46217672965	6482.8341088303
361.634	0	0	0	0	0	0	0	0	0	0	0	0	0	0	0	0	0	0	0	0	0	0	0	0	0	0	0	0	0	0	0	0	0	0	0	0	0	0	0	0	0	0	0	0	0	0	0	0	0	0	1672.46752452296	47.0641997076651	59.4429979104935	99.13649350372	178.046439380495	276.980122636716	602.151462859902	2046.64345806873	4190.76067205863	5381.97817803624	6730.28399448806	7417.24722500202	6821.33627264986	6165.6800334979	5124.21664043071	4202.9429512421	3528.01177473416	3128.22021003896	2829.83084268183	2415.1444866459	2625.77237676426	4091.92244704691	5744.73717853845
364.903	0	0	0	0	0	0	0	0	0	0	0	0	0	0	0	0	0	0	0	0	0	0	0	0	0	0	0	0	0	0	0	0	0	0	0	0	0	0	0	0	0	0	0	0	0	0	0	0	0	0	217.890227334557	87.6438128962426	129.567402367477	171.544393220372	230.77765312923	325.425445104812	602.11244293634	1919.83586176565	3827.50790800548	4850.40061271939	6063.08117030985	6609.65733708364	6179.14197659754	5527.80900518821	4591.67768873691	3846.20848459384	3289.55694558974	2981.37988875432	2597.43875155231	2347.15276594721	2414.11297534729	4152.25484450257	5360.59165108197
368.174	0	0	0	0	0	0	0	0	0	0	0	0	0	0	0	0	0	0	0	0	0	0	0	0	0	0	0	0	0	0	0	0	0	0	0	0	0	0	0	0	0	0	0	0	0	0	0	0	0	692.594081635805	57.010879297066	83.1696212791695	130.185669978373	166.763891026029	238.920001981883	343.39133019064	591.894734970018	1763.17180663637	3475.85496115324	4365.16750964636	5479.82171771359	5949.83491317813	5609.63314811204	4943.14893554355	4163.39644144836	3388.18253933113	3028.86856955114	2558.37936895816	2298.33911351438	2135.99508346844	2315.6038361582	3472.99115109706	4731.07360874694
371.446	0	0	0	0	0	0	0	0	0	0	0	0	0	0	0	0	0	0	0	0	0	0	0	0	0	0	0	0	0	0	0	0	0	0	0	0	0	0	0	0	0	0	0	0	0	0	0	0	1703.45953963259	90.3879999002314	89.4094133903274	115.394621047822	143.69480762675	217.578233305334	291.447693585216	372.383825990692	634.580820573425	1712.60529090045	3223.01038417498	4084.28186386255	5042.91888518427	5517.87283521096	5050.75423349679	4606.88582133067	3837.60575092657	3236.45668148719	2785.67032662852	2470.08957753992	2194.33921276198	2056.29489393895	2195.1620582523	3551.09742437771	4433.49904625632
374.719	0	0	0	0	0	0	0	0	0	0	0	0	0	0	0	0	0	0	0	0	0	0	0	0	0	0	0	0	0	0	0	0	0	0	0	0	0	0	0	0	0	0	0	0	0	0	0	0	224.314119041656	64.0108023210603	92.4129497200373	147.171049611072	193.586602989017	250.530180332972	317.935693158364	422.559008308715	663.526184532897	1624.10908459558	3060.83798422882	3818.06652892063	4691.67714882134	5108.05062027902	4789.60204844539	4290.93166980711	3599.1069560653	3020.07241700095	2609.20354969517	2321.02251030461	2077.01866646241	1937.24470493207	2091.09211671237	3047.06173883904	4246.7286895957
377.995	0	0	0	0	0	0	0	0	0	0	0	0	0	0	0	0	0	0	0	0	0	0	0	0	0	0	0	0	0	0	0	0	0	0	0	0	0	0	0	0	0	0	0	0	0	0	0	700.900318535246	54.1262997895124	91.4581495769512	102.12684589617	155.42608895939	185.76447769147	269.894280106541	341.749500534711	446.427532720805	680.335081024981	1543.05952365389	2797.50045938908	3469.07026535012	4272.95766769108	4639.19377187352	4265.61065918256	3853.03315592249	3273.71016959255	2736.96275665219	2403.22397823441	2155.7547603582	1925.72394085852	1805.1308313499	2036.42277883839	3004.94215632781	3917.94309574455
381.272	0	0	0	0	0	0	0	0	0	0	0	0	0	0	0	0	0	0	0	0	0	0	0	0	0	0	0	0	0	0	0	0	0	0	0	0	0	0	0	0	0	0	0	0	0	0	1696.27178809336	89.2258180298394	66.8061399940854	112.455032689202	146.240421006817	205.763079451646	254.233448320505	315.735291190505	389.566775554812	479.327739322516	663.367525536763	1441.2613803911	2595.7418224388	3117.73054849519	3824.51930571529	4118.63861427383	3852.32367391679	3451.98848662711	3002.48849676357	2455.94080350662	2181.76644850861	1996.50062237308	1821.19592332389	1859.48675262415	1954.92471921352	2817.7340380063	3640.95925107282
384.55	0	0	0	0	0	0	0	0	0	0	0	0	0	0	0	0	0	0	0	0	0	0	0	0	0	0	0	0	0	0	0	0	0	0	0	0	0	0	0	0	0	0	0	0	0	0	219.582417486066	33.0590837606144	72.990087031224	94.6781480312106	145.665746069424	185.548410972843	252.298397795713	308.900460347737	392.565260431977	479.782027254682	691.123879067242	1329.1159353598	2311.02704496093	2806.19889602487	3389.41648457086	3658.69936420696	3378.33384262014	3044.45432169432	2611.31905720487	2212.32469960201	1929.91143136551	1785.81020160207	1659.75043986111	1591.87926028143	1718.32382522327	2430.14763954787	2837.14877117574
387.83	0	0	0	0	0	0	0	0	0	0	0	0	0	0	0	0	0	0	0	0	0	0	0	0	0	0	0	0	0	0	0	0	0	0	0	0	0	0	0	0	0	0	0	0	0	767.693302872418	59.4283206757344	66.9964730824228	112.648748944899	138.516284118315	174.651472072363	259.614828690764	309.786033177813	373.045827315322	438.274170089692	528.152753252724	686.252880565543	1288.68012000688	2120.47055731908	2535.61450997558	3056.15780742344	3246.00765934917	3059.60343124266	2780.88951068534	2382.17733778457	2068.06921188381	1879.26189851467	1716.1229103932	1649.64872408069	1597.05040253244	1889.37762526013	2438.2468374761	3177.35888669865
391.112	0	0	0	0	0	0	0	0	0	0	0	0	0	0	0	0	0	0	0	0	0	0	0	0	0	0	0	0	0	0	0	0	0	0	0	0	0	0	0	0	0	0	0	0	1817.27505188426	80.7383593678763	61.8782246623591	88.2463289395954	118.974000645423	157.810313209008	211.944816299159	262.154067219679	312.434734779318	378.361987574992	449.979158455708	557.453462088041	698.583386510383	1210.89790588293	1915.40279383976	2282.77305278777	2727.5706663637	2875.80795496773	2738.35175316423	2494.36167637431	2116.84449983966	1837.08063877396	1655.50179991381	1580.05290651856	1520.87156080101	1428.00120230255	1637.85653165873	2122.20878800346	2871.21847565236
394.395	0	0	0	0	0	0	0	0	0	0	0	0	0	0	0	0	0	0	0	0	0	0	0	0	0	0	0	0	0	0	0	0	0	0	0	0	0	0	0	0	0	0	0	0	276.760054875848	45.8083382321193	68.5697340739567	96.85198087774	134.530679523587	200.784408461196	238.167115611696	286.624499597375	358.774432724186	410.480386203654	482.24611803165	529.89871675147	719.840412389574	1154.26557372852	1766.72229334975	2077.03012556296	2517.98848251878	2664.32686865258	2471.03635413957	2293.74377768147	1983.46578072705	1729.34119353031	1552.73776368113	1541.24241169237	1462.02038101135	1461.36696684141	1576.35010280528	2171.47432719957	2842.06614579163
397.679	0	0	0	0	0	0	0	0	0	0	0	0	0	0	0	0	0	0	0	0	0	0	0	0	0	0	0	0	0	0	0	0	0	0	0	0	0	0	0	0	0	0	0	903.821102222058	53.4370147448828	64.4015178774139	73.3978110343911	104.184171076894	164.197689636062	197.186308667231	258.862838245644	282.989557405759	348.644233516677	428.56499484743	490.526968495361	559.276983017323	673.425890109499	1080.8045602374	1634.17704293674	1897.08910103947	2219.23540814946	2380.68264663313	2213.08162267292	2032.55061269092	1762.59779716782	1574.44829223748	1473.96249929042	1365.19893486687	1329.83188476424	1340.14854674904	1426.72006015615	1833.03897201108	2227.50418670554
400.965	0	0	0	0	0	0	0	0	0	0	0	0	0	0	0	0	0	0	0	0	0	0	0	0	0	0	0	0	0	0	0	0	0	0	0	0	0	0	0	0	0	0	1938.8249903787	53.6817291457866	46.6705008455143	58.8981863049011	86.0228460813043	125.819747657429	188.473377471958	245.363787282614	271.551286435636	304.19827003845	389.369653726575	459.462634728424	509.358861168968	588.280349179241	672.947369814112	1030.93065557095	1472.96692981194	1740.84262086479	1991.9657576636	2162.06525543106	1970.80849225255	1857.56664537426	1639.1240768817	1436.59046524245	1328.7721337014	1225.77753364026	1326.82795916781	1313.14852471971	1406.14743231532	1843.00890153357	2213.69685354356
404.253	0	0	0	0	0	0	0	0	0	0	0	0	0	0	0	0	0	0	0	0	0	0	0	0	0	0	0	0	0	0	0	0	0	0	0	0	0	0	0	0	0	0	291.488293579916	60.2781272854791	56.9895111346718	74.322853187933	119.285949865257	160.081989588992	204.91579479662	271.037360191053	315.159203102827	349.137524674263	422.389250684644	480.783163222815	563.678897032886	598.244152973821	707.475417639562	1007.83547880139	1394.81892993114	1610.08243883898	1839.53692538932	1927.78761348333	1827.54208593053	1690.78762228709	1508.89512410391	1348.64028615631	1300.04880430166	1239.7699130585	1275.13192647367	1273.79761984349	1487.7527476142	1844.4671703017	2105.15874103907
407.542	0	0	0	0	0	0	0	0	0	0	0	0	0	0	0	0	0	0	0	0	0	0	0	0	0	0	0	0	0	0	0	0	0	0	0	0	0	0	0	0	0	929.066992948175	31.9662811807263	49.0363298003688	58.5377168437315	84.5770092632434	118.766857402437	158.306020545639	224.030459645485	274.786417199535	327.191818163263	375.441018557372	423.132360917912	503.046823209172	561.041429105963	614.163811227492	703.022672627253	932.330345703224	1267.68969693452	1462.47951784873	1665.86595876857	1705.40081009582	1594.42341388068	1555.52789737581	1342.94304139079	1237.54744773716	1196.9683885392	1204.83013113771	1219.92726665105	1255.1913264202	1322.38915900643	1474.2916034617	2016.52026429541
410.832	0	0	0	0	0	0	0	0	0	0	0	0	0	0	0	0	0	0	0	0	0	0	0	0	0	0	0	0	0	0	0	0	0	0	0	0	0	0	0	0	2079.38155307373	73.8664870572909	44.279688609966	59.9019072887688	64.2117958103974	118.160469395546	139.674677615364	196.223370154939	252.007537662901	316.916947175541	346.885664246269	404.78780854452	471.74569620477	523.990103584578	574.218806481728	597.644859737602	695.009849949015	899.791891424495	1190.86980288304	1348.65838805476	1499.79954728089	1557.79187629061	1507.05190345753	1406.73363112143	1295.1832809764	1178.31158762107	1173.6993261883	1209.22720783308	1217.87182744729	1182.94625177852	1386.2649666714	1802.8606624642	1904.9104227781
414.124	0	0	0	0	0	0	0	0	0	0	0	0	0	0	0	0	0	0	0	0	0	0	0	0	0	0	0	0	0	0	0	0	0	0	0	0	0	0	0	0	331.104850105685	49.4514759662407	60.312658534343	90.4813968461494	99.0084418743142	146.946966725268	164.625711101755	208.760726706815	260.697725924448	316.049160498024	381.945902968033	424.739879639501	470.042011417972	518.973072054407	559.510379821204	612.370158389873	691.499939289002	873.216652030418	1095.31128854764	1216.48901523853	1375.37052482569	1411.35926116267	1342.27086518737	1307.55957443932	1241.06175842519	1080.72436188872	1114.14297997028	1134.43184224213	1225.8229575186	1240.82760259256	1300.38528083967	1709.36609791891	1835.1405451836
417.417	0	0	0	0	0	0	0	0	0	0	0	0	0	0	0	0	0	0	0	0	0	0	0	0	0	0	0	0	0	0	0	0	0	0	0	0	0	0	0	989.858243451407	23.9311237677003	43.1254857850945	59.6514903273787	55.3457341589482	93.6405301901995	132.358954754059	166.149624628237	224.958047777438	276.476597347969	342.882945120535	369.196232306314	414.494791450244	465.387041721741	513.525232967862	554.10679533363	604.535392237209	669.062286900849	801.013678953882	1013.63631483096	1132.9019772951	1243.59846530028	1277.85945065675	1233.28442882797	1219.23977752152	1102.60557746628	1056.48440847036	1053.12078172831	1060.98414148279	1071.58658378029	1185.22338592359	1351.54293002289	1537.97518800978	1667.2878392479
420.711	0	0	0	0	0	0	0	0	0	0	0	0	0	0	0	0	0	0	0	0	0	0	0	0	0	0	0	0	0	0	0	0	0	0	0	0	0	0	1966.36441957114	87.805282338591	45.3654752248814	51.8085311135487	68.1506707376152	79.4666534319397	117.113282735779	150.981600418942	187.575693679869	233.084154788411	291.252088869695	346.856218167618	384.292479315937	436.804623000673	487.071851375304	532.318528367269	552.267114354336	619.363901858806	671.654298537888	802.673815155703	970.867198362639	1025.45972704469	1161.30264538282	1186.96110575453	1153.30017863549	1089.55153989763	1036.68107609882	1002.62257320248	1000.02559054296	1048.91340486794	1113.00744040014	1150.42013288136	1277.18923886321	1496.51936844985	1678.3001798403
424.007	0	0	0	0	0	0	0	0	0	0	0	0	0	0	0	0	0	0	0	0	0	0	0	0	0	0	0	0	0	0	0	0	0	0	0	0	0	0	331.52143013923	23.1941064307986	31.9677267279033	54.4806270047564	59.3962079894811	84.8523611898052	113.992689325642	151.258843916965	185.438081652387	243.735529643782	310.182814067918	344.264266716044	372.807051782423	440.214964793719	474.370961515522	507.894910617314	559.316544991938	590.230868710876	625.984347762335	747.568529622504	895.396892683207	996.448749781306	1053.78866219726	1083.92455273481	1051.11198879435	1043.8086403962	970.818942396277	962.001474721586	997.998087856735	958.445585420608	1106.9964177601	1110.57708231055	1318.78043115544	1341.45589901109	1478.48587703159
427.304	0	0	0	0	0	0	0	0	0	0	0	0	0	0	0	0	0	0	0	0	0	0	0	0	0	0	0	0	0	0	0	0	0	0	0	0	0	1054.00692829463	50.5738256679649	49.5535068112221	58.0102696519259	74.005394682762	99.7862315197678	113.347840473377	149.852784143888	176.778666977772	220.249322375861	277.003892969905	306.191923788058	383.953106650432	423.916466715209	456.058802219371	505.808984313992	540.220805718455	567.731105674881	592.407166644825	655.180982463807	743.660026913256	868.415542093599	909.256918355634	987.01606538163	1021.37451777717	1000.41135683324	979.855035121991	957.390408931382	932.72130077955	944.619569728957	989.745322766139	1052.84030387081	1209.0467852216	1214.11435268109	1403.02870621181	1652.14872952049
430.602	0	0	0	0	0	0	0	0	0	0	0	0	0	0	0	0	0	0	0	0	0	0	0	0	0	0	0	0	0	0	0	0	0	0	0	0	2258.4849973788	103.16300710163	33.6397610381259	30.2954990371805	50.800054892726	82.5250990956184	98.4802170750523	129.156404055193	146.89368165109	185.901553690319	223.446829071702	262.394265116602	338.903275230158	376.127391677548	419.406786849514	453.826224808419	495.985638313209	538.390822964465	573.106211733945	600.007271156676	637.544250132789	721.246482848752	812.867723939385	896.775839559227	920.221054017419	951.32211568409	944.793957506063	924.006094819277	921.599326519873	926.618195136526	960.775497218139	967.057402232973	1080.1631732082	1110.65145611964	1288.90171131281	1410.28427380534	1579.58541382327
433.902	0	0	0	0	0	0	0	0	0	0	0	0	0	0	0	0	0	0	0	0	0	0	0	0	0	0	0	0	0	0	0	0	0	0	0	0	422.795600716932	27.0735496777504	44.5376726286323	55.8829238808435	72.0863978650722	91.7168854857711	105.79338846478	125.010406322547	171.509978389908	193.325044793322	236.605937454151	287.969133714218	343.484262149058	389.911825818179	421.617154394412	469.216895424135	491.51466720087	531.224380723996	559.145084073952	568.331838013611	607.516140797598	678.176066604356	762.972659254921	809.108176498756	893.454987607347	885.466901747256	886.882277909122	866.713615891126	883.174883210114	879.227313918678	945.678392183406	1034.59847624872	1073.68079065456	1165.49194203126	1300.44050039741	1476.178469461	1467.93406825884
437.202	0	0	0	0	0	0	0	0	0	0	0	0	0	0	0	0	0	0	0	0	0	0	0	0	0	0	0	0	0	0	0	0	0	0	0	920.334160627845	29.6567161436688	34.7895065796224	35.7804286242111	53.0362503766663	53.822620191843	76.1183718067792	121.782656944115	147.744500244433	174.664182217098	213.023386326644	246.758295073912	297.375349211029	342.947274610727	391.743439427303	424.125600051927	461.026523088271	502.626186162791	521.405573350532	539.231749658388	583.096456588097	601.439009863161	661.096512491931	752.010173818223	781.950809486804	819.262113796072	843.325937252304	838.953185724107	833.47112227384	855.915395959795	824.071823015941	891.000359227723	932.905223957884	998.394148337718	1173.0512350137	1171.68376109036	1233.291387676	1444.67739750955
440.505	0	0	0	0	0	0	0	0	0	0	0	0	0	0	0	0	0	0	0	0	0	0	0	0	0	0	0	0	0	0	0	0	0	0	1884.2623506872	85.6085669476554	45.0754062936559	37.2359114540018	46.3443801486529	62.3796150993301	75.0959428796642	115.164622454473	129.294381229826	156.381626702994	182.780587870297	224.029283671074	248.261608391816	310.288263085614	353.321820645572	414.468820558947	439.894970292008	458.330481148985	489.709608280154	518.764694042952	538.318982295308	560.059237750358	591.002231818574	684.153973314155	713.35696480413	739.494941887887	784.678453821726	774.786215487007	788.981603614596	807.571323406049	826.975608118403	838.394180944551	848.716692617445	962.938372914759	1081.51611070232	1201.9779336419	1116.88798308464	1390.09579298361	1465.1659718469
443.808	0	0	0	0	0	0	0	0	0	0	0	0	0	0	0	0	0	0	0	0	0	0	0	0	0	0	0	0	0	0	0	0	0	0	322.902540787677	36.4015283089371	43.5767421794172	47.0532326990551	56.7528501690129	81.7122686323373	110.443312648425	121.570241306792	155.074904157419	176.343822430433	201.182472056278	236.623796705212	271.020720706312	309.874599086622	375.613420351799	401.977690299185	430.414447031022	467.626187784461	500.543837150844	506.978213044067	535.238588277317	571.091667431255	573.35335839914	626.376364027252	691.22656750501	725.182160864585	772.30166557329	768.867218485829	757.204386562183	755.309670589071	787.516622233477	788.953577296061	893.433956990049	915.446209717347	1079.60314826475	1110.66611788973	1186.33214714909	1180.69947775956	1573.34877884338
447.112	0	0	0	0	0	0	0	0	0	0	0	0	0	0	0	0	0	0	0	0	0	0	0	0	0	0	0	0	0	0	0	0	0	1466.27209581747	21.9281527870931	25.620854800289	43.5013640325177	55.484667459116	71.9356098863586	88.043133663722	87.1835950269397	131.886544929483	148.957675246487	166.027980878251	213.268973060097	237.447575258514	279.453785106936	314.917421448856	378.271662733163	407.148771473778	417.063379539633	443.899138745748	482.810086847721	493.181418786954	522.42048967061	538.20476839865	565.676589799051	610.494417511032	645.82635240894	694.469818442367	704.368042560519	718.898945183321	707.911779272734	734.582918516939	712.902250722589	790.065456306721	855.835438035641	925.982325587639	1019.61622344708	1122.17836263786	1233.92921961027	1308.95217121358	1385.10723210182
450.418	0	0	0	0	0	0	0	0	0	0	0	0	0	0	0	0	0	0	0	0	0	0	0	0	0	0	0	0	0	0	0	0	4258.11080691696	108.320539823976	25.0620173953953	48.1229696197277	59.8806127823404	66.0958525187663	78.3015009465665	98.4735774447056	119.603145654516	137.002718697941	153.77478223702	180.860806792618	203.14019024537	247.268110793813	274.568769048366	313.812653695274	348.573968845543	391.85329086223	425.917211476676	443.437896486344	473.515237177963	495.861051627891	518.465612359224	512.524677557509	555.559401744576	588.826917183255	626.376845558685	642.900490542129	667.79517688929	692.93633399798	683.592532539454	686.057003846602	746.59939879069	745.063391099634	853.353103921772	909.525101688647	1011.17251722228	1088.56186919454	1148.80086914381	1274.49422662454	1410.15818769415
453.725	0	0	0	0	0	0	0	0	0	0	0	0	0	0	0	0	0	0	0	0	0	0	0	0	0	0	0	0	0	0	0	0	746.771438102633	33.4801275604492	31.3726430655025	43.7747567458717	65.0254737554362	63.8061529588896	79.1776919197267	97.1010445766497	113.86923683739	154.85570037083	150.662892668971	202.879005942236	215.930565303307	252.753932043245	275.51062160803	324.129068952361	360.961105583336	392.070489034103	425.556384023156	436.018949438897	453.46648642478	476.97354585934	509.581167113277	514.179415512918	524.530221234167	550.26969777311	595.400885078458	626.529890241615	636.015979762224	650.160317529208	629.162216095234	670.783521450851	700.366395817481	781.191090157095	803.685605014205	907.900853148205	1014.60666585151	1033.94697293228	1075.64423449621	1387.11041672934	1260.5816723867
457.033	0	0	0	0	0	0	0	0	0	0	0	0	0	0	0	0	0	0	0	0	0	0	0	0	0	0	0	0	0	0	0	674.848426282115	51.5924669917231	40.57190660196	40.799282548286	57.5979311436855	71.2941312132281	81.6436000652764	90.5990110203993	119.954435847758	135.677425448398	167.817332539077	178.702074522447	210.161071134713	222.895833445965	246.565579945505	287.360393192323	319.710642515093	355.474050699085	404.056194889985	417.429131780035	434.326400268436	454.853255816428	484.282820000447	512.065948343328	517.456510347219	518.674534352494	549.192158341248	590.034549294264	593.99978407571	632.87347041782	613.431972884742	625.794063641771	655.7794146335	705.533181861893	746.124798964271	818.90898382256	896.178071287864	973.357232495807	1104.96353061924	1170.26012037754	1278.96228872084	1297.99467070654
460.342	0	0	0	0	0	0	0	0	0	0	0	0	0	0	0	0	0	0	0	0	0	0	0	0	0	0	0	0	0	0	1182.05930998303	70.5319806403074	20.2069875755482	30.0859234144696	31.7052920398458	50.7881585982715	57.051780952813	83.6154336319644	93.4433201375212	99.5661599399401	140.899875896464	150.08543557828	180.369220335148	201.423211791133	231.573870292094	258.49295521392	278.17738040447	312.994489914026	352.095467142876	380.277858834351	392.141136264818	416.29803828992	431.514610791404	446.49120946041	464.768446861519	489.358929044948	491.796942619498	507.325721281858	532.95294530989	582.154110665704	582.698420390547	565.75737161715	588.31589162753	637.088459854402	653.199494738287	706.526979928075	768.395171081307	857.524569042161	915.381878107155	1020.43552656452	1012.97070161383	1026.07187238814	0
463.652	0	0	0	0	0	0	0	0	0	0	0	0	0	0	0	0	0	0	0	0	0	0	0	0	0	0	0	0	0	0	205.325518126684	19.7492978521959	35.5747735055955	39.3433877363362	33.8467306119739	53.9853306306041	79.1275223233459	92.3339582468762	105.059489969263	126.463070070864	150.144206966764	172.197226978603	170.576077470824	199.252284619762	229.171795858817	253.729506391761	285.979122101202	300.422682425273	361.18748091319	394.10330316559	397.013455191188	410.285268016986	414.229179665885	452.282329050476	458.270471305936	464.141116333375	485.17037052065	501.764261538598	533.663847589411	554.949314115975	547.089556048551	562.608514483636	595.814055672269	601.319298914343	642.666826972966	687.607600150349	751.218765657737	870.350127110177	914.428553330123	993.006551487221	1105.41626757893	1116.62699895805	0
466.964	0	0	0	0	0	0	0	0	0	0	0	0	0	0	0	0	0	0	0	0	0	0	0	0	0	0	0	0	0	487.519173303831	20.4192298495485	21.0911865078207	44.9878992482806	46.5538961757945	69.0922814558079	69.1373245168503	77.3516954748609	104.112663097224	123.326241309309	143.07618838641	163.057670123976	187.899375590852	185.162215901716	224.079584015429	239.560990241339	255.36764645735	295.320866309555	313.160414255666	347.460295172794	373.925394024632	388.098166040556	399.155435854534	424.68441878482	434.922031339447	452.771422977249	454.662973202112	465.448322001517	484.849350625074	515.989420352456	527.237377325142	534.58798884784	550.682473226233	564.810479207242	556.397293916622	643.561417158954	707.456386744516	793.32784769587	852.356426020826	890.64379855179	990.452572788594	1063.31037810014	1095.56109205404	0
470.276	0	0	0	0	0	0	0	0	0	0	0	0	0	0	0	0	0	0	0	0	0	0	0	0	0	0	0	0	828.513413446476	38.2577773668832	13.0272782911337	13.7647774433574	15.5357061276688	21.4067366851458	40.908186035211	43.693935943401	76.995444136825	87.2803311322145	105.373064981123	106.721550959814	125.444856471274	142.965988794142	175.145641974142	189.876122189714	215.364984383761	232.592859719031	246.737419888879	288.340584625976	328.230520924764	347.816582081222	355.180860103669	372.299473971448	369.954149972424	407.049483701018	410.560173194665	407.113122234114	438.221715318614	428.406418778016	460.724692377162	468.308422281397	502.914522030747	502.253424201978	504.791231037614	539.973824881727	562.37042760563	638.504639316596	678.501686848361	767.11225096162	809.088034826352	867.311313998743	843.896004580032	0	0
473.59	0	0	0	0	0	0	0	0	0	0	0	0	0	0	0	0	0	0	0	0	0	0	0	0	0	0	0	0	139.90902255784	23.7931969576656	25.2728323738789	32.5338254211617	48.2526029953141	58.6307811551978	70.3457890974835	88.3014984756809	93.8593610739539	108.259925975315	131.085288540087	150.596909463065	162.882101668637	175.352373862215	212.136543223099	209.30432117998	218.499301027893	266.823536290599	277.127821180773	307.718144183607	331.935502982731	358.739640404912	359.53883289992	383.927905289743	387.16829952897	411.362536866646	423.449070513452	426.57398387271	433.842298643804	455.406490563419	482.61271172452	480.808053740608	502.174397322139	520.733673437463	514.608108267854	557.82644391338	629.714795949438	641.428150903965	728.09867485301	810.102104393987	860.794686900887	952.08330242229	1064.12884751471	0	0
476.904	0	0	0	0	0	0	0	0	0	0	0	0	0	0	0	0	0	0	0	0	0	0	0	0	0	0	0	321.880916207032	11.9539495538654	14.8306666120916	25.8323009174556	18.959823005589	36.0674714225846	43.0684678122383	63.5039245445806	70.9358447093221	89.6430463924927	104.132968450693	113.678231878405	131.924746028694	160.984646958959	180.904008189959	202.034976401237	220.919824479309	219.238136626432	241.320191550111	267.092588185194	272.210509059741	302.57408486915	334.888070583554	352.60976928635	342.647166813956	357.182990531557	371.524415378042	384.536771210289	393.560948070141	417.388171853983	424.292610863983	424.18025593223	453.488600097589	453.099536932979	468.800375862499	492.385648827374	529.490994185806	542.780140244137	620.519566203055	646.467075877247	798.8765586235	843.205865539423	864.926869259686	909.577369117329	0	0
480.22	0	0	0	0	0	0	0	0	0	0	0	0	0	0	0	0	0	0	0	0	0	0	0	0	0	0	718.295045187187	22.8600577377354	18.9381013989797	27.1667034028231	37.6063579004371	36.2048383309634	50.3298404022905	46.3942589762561	71.3375805980083	90.2910433514661	99.307413351552	130.158036256649	140.401386415782	163.67839079167	174.305203053802	192.704803247555	201.885746207366	207.67566417429	230.111194906488	240.527335927269	249.327641318365	292.380999645707	322.84896888272	344.785077225992	336.100243722869	351.359845780773	362.987748732559	383.255372205596	390.980887274493	381.689136410647	394.108205787789	410.004173255064	433.429853072305	426.927071126579	457.325733024394	468.773632056	492.866018166452	529.720378241731	559.596644299237	632.378056671574	708.645292651096	757.537350519708	793.14801113693	937.397765012841	0	0	0
483.536	0	0	0	0	0	0	0	0	0	0	0	0	0	0	0	0	0	0	0	0	0	0	0	0	0	0	116.794931944149	16.304252821565	13.7286843825116	21.9473798516139	26.7639712164373	31.3517793572924	36.6482824855144	48.1557582209982	69.9744671981339	70.3483043110913	98.9231799842053	106.824419336537	113.657927394814	130.531748188585	158.499334894303	173.398281388158	181.057910815659	197.804780895196	229.872741860964	233.105039334726	258.223210506341	294.072087579776	298.240883514146	312.321912612336	318.046989326943	314.386430058244	343.635431179978	355.153866250669	361.580053078217	368.043239672997	374.735199818783	390.085661728991	417.849223139413	411.822693352578	423.596277302361	433.329379413223	450.792397223952	485.682341434242	519.368967637568	593.5721397666	643.200303338936	711.966023239413	782.286354517141	816.480374106871	0	0	0
486.853	0	0	0	0	0	0	0	0	0	0	0	0	0	0	0	0	0	0	0	0	0	0	0	0	0	401.318897221574	9.66518434345509	5.8391377044429	14.6843661465171	17.1435142184865	33.6508937216289	25.0079392556764	46.791871056716	51.6990722796879	59.9255980417018	81.554979387669	95.1355847900646	115.358235241809	122.071297018525	151.098786995149	142.297026459672	170.040131103427	178.894313698735	202.51599460298	200.32484936225	228.178621747684	243.686702629903	255.915842330063	300.611445311627	312.638635795603	304.032406435583	316.581904594647	332.75659048974	336.845627821196	346.421539595133	346.345017795344	365.78168967675	375.231309566875	380.679335455272	393.215613067647	410.271214429889	420.363845223749	439.160041345754	462.639199763673	507.732903793637	563.38015640059	625.2507216689	668.395715954374	774.404171853531	783.441005801391	0	0	0
490.172	0	0	0	0	0	0	0	0	0	0	0	0	0	0	0	0	0	0	0	0	0	0	0	0	949.883272510204	31.1089547251934	21.3964333055111	18.5108019875358	18.9506797467804	29.9212531882458	23.1517785942444	34.4950858996271	49.9017886886968	62.4103486950041	72.5551830624899	100.633523190395	109.472712220873	112.546768340413	135.716984864318	149.563093335283	181.749599348791	197.300445786199	194.341125249497	219.337666688645	218.373203269422	232.934570300568	245.238023326346	284.90334637221	292.772723445754	297.644621810629	308.977214517156	322.815876575346	314.49228937473	338.730819804301	347.52278769424	362.167576349403	358.874938808503	355.674291709397	388.927248266566	409.646800565701	401.43426473608	431.60618055425	437.996696403542	457.402304146321	504.171319238941	560.901518451682	646.000681635919	715.162832294488	779.931800393539	0	0	0	0
493.491	0	0	0	0	0	0	0	0	0	0	0	0	0	0	0	0	0	0	0	0	0	0	0	0	149.637158617354	14.8714316715111	20.7258458819929	18.4706935091212	26.5166431216285	34.8810131864782	51.5149929675736	44.0712280386969	55.9494190055731	65.0146844814167	72.7562422435349	85.027656772439	104.332447531734	112.980592360257	141.116380382199	152.851256802715	159.145235576771	177.675943671748	187.367527928671	207.912423517132	213.989414116837	236.999875955587	243.428565659044	257.449461694865	287.392526496618	291.137119517266	303.696662692207	309.141322559718	306.414952208779	309.766847768216	343.635802362342	346.658911061876	359.310109749457	351.922910576244	361.867729465449	380.044151754056	390.010755674083	392.730713271764	430.660273103645	458.597526844304	496.707195294289	555.928390820855	620.114290664923	655.017663850257	749.904497744836	0	0	0	0
496.811	0	0	0	0	0	0	0	0	0	0	0	0	0	0	0	0	0	0	0	0	0	0	0	948.598964961905	13.2037590058128	14.6489012343081	16.1761922601189	23.7259613219061	16.9772279848779	27.7530570586134	35.1106887366225	42.8023653397282	53.9110782354336	65.6130597067376	83.3512404782216	86.8110049113562	115.755140919368	116.841631254057	130.291796721377	153.890980390655	156.965934236461	163.331923856734	190.712141093617	192.890663584183	208.349554501447	216.066772943694	224.187190133223	253.115904412673	257.963963785357	276.348047719538	278.967961733699	284.387196520652	297.436092277248	309.196256516283	319.478648677047	310.775293603868	320.272096893787	331.849314346918	349.773118610681	364.496572670462	380.25617367021	393.856092510958	399.380487501092	451.943101850797	469.247570733037	546.418903115803	595.215378754307	682.002907873038	716.368833840179	0	0	0	0
500.132	0	0	0	0	0	0	0	0	0	0	0	0	0	0	0	0	0	0	0	0	0	0	2940.83577630991	58.5695951624916	10.7110303519302	8.87745964745675	13.4615040071836	18.1517199436966	30.7271146098424	23.9099977322469	40.6659500584415	43.3220450938508	51.0090915227913	53.0421187453294	75.120174949554	79.1167102860062	98.0942993738952	103.161810636279	126.386347051404	130.694735474378	156.647055851188	154.400742526594	169.072951234801	184.784681001312	187.435720808711	196.079985691854	216.503503212396	230.168364597922	255.425492131988	254.684778651095	262.689216247799	265.46542169877	268.403351920028	296.429525855161	288.685800736402	307.055089786739	306.134294468393	313.180981899219	329.0684955083	326.632018186396	352.578768852129	364.528646945901	379.076326421447	416.185394176135	434.165101087331	491.164515285838	548.061201368263	582.05450414579	0	0	0	0	770.336732534698
503.454	0	0	0	0	0	0	0	0	0	0	0	0	0	0	0	0	0	0	0	0	0	0	493.676723424338	7.72503717096023	18.1998013880273	14.6907802621105	13.4854958799649	21.4895633920439	29.0758678508624	36.5600631744234	42.2253282150243	45.7927490978971	70.2517712713914	71.0417928750695	82.6297627218125	107.518690718903	110.375380054442	123.955964437808	128.407082277232	136.740279276296	140.618297848707	170.549589361628	168.649307877293	177.039369823912	195.340846203244	198.618643095044	215.262555399263	231.041318253842	250.570070529019	251.860138505235	268.395982073126	266.56226408393	279.098896376004	286.570447289001	291.516733346228	282.08798435541	287.07643619648	300.066133193277	318.741808198222	328.06823581874	347.889100717756	360.424522787613	365.76205174696	404.076624377359	454.233595543578	469.721943751997	539.693204064192	613.482590866885	0	0	0	0	691.021950136622
506.777	0	0	0	0	0	0	0	0	0	0	0	0	0	0	0	0	0	0	0	0	0	1412.25868589296	23.2548018336606	20.7752742284037	17.0005509912867	22.7083920271495	28.9090360745131	25.8132626169568	33.8747847614998	35.1187162517613	44.3495457704841	61.2154086387641	61.0538836456553	68.0270429575931	88.3867380811532	93.0284613898613	93.8050841315775	116.167981969687	126.335239684757	136.262845224655	161.160714942006	172.4353786753	177.079150814447	181.938918770486	213.11230852043	208.828531320085	219.873478522879	210.512982865562	248.867498630606	241.918972696523	246.077801644014	253.551927443763	258.328532240957	261.595248712311	266.205149055889	289.719425725567	275.334472133245	303.225404634827	297.069895506089	309.132216985422	318.890375550354	342.468684930435	368.478952446054	393.949879041563	429.47750696597	464.681443851542	521.014201528023	595.35996414764	0	0	0	0	756.966090282069
510.101	0	0	0	0	0	0	0	0	0	0	0	0	0	0	0	0	0	0	0	0	1341.21337789432	46.4760003206808	-0.641840953355732	19.5192117121468	15.5838098466871	21.6126368383449	21.5759091961968	28.2183334610833	33.8187976315473	37.3417533097738	40.5302776384302	42.9687806687854	59.5475380475416	75.6642821875749	77.4834393821213	97.7470449909122	110.44853027437	116.918174131343	124.333035432995	125.956497575846	124.840170536986	154.672796097316	160.380104966335	159.521547300832	170.073823507236	184.12406693614	186.782466895966	204.352452249134	218.653078444752	240.698399440781	242.883923444413	231.182421603084	228.795048467433	251.901754818501	254.115755015966	255.70329773938	272.952834809438	269.070805469434	279.951585887995	297.797173192985	314.737168116058	330.646111784393	339.987554671178	382.848213338518	383.363794454784	434.865734897447	490.541554072727	0	0	0	0	776.291483004346	670.503820967918
513.425	0	0	0	0	0	0	0	0	0	0	0	0	0	0	0	0	0	0	0	0	154.053940650829	8.61762686550475	19.813773782352	10.1444497930744	20.4200881922112	16.2677969015995	15.3583026495866	28.8581683734092	22.1441123508142	36.4386139657463	35.6516873623683	49.0940298122613	59.0102094141676	78.0056852800248	81.4690682679742	86.883223997289	95.2433300489225	112.370847387408	121.219962041118	116.500683922716	140.783227217852	148.166609408491	146.608462575511	161.78475826946	177.389139519301	167.730316623046	171.358097545649	199.439041850607	209.181640866448	212.293490809002	219.371295904022	227.031987191032	232.823076008049	231.427310719195	229.858219828653	241.63653217909	238.120944494039	262.00877122657	257.743695734278	258.646271166358	278.338742629299	310.860317928442	313.596894875721	320.192733691395	377.030466213146	412.190425503869	446.728660882677	0	0	0	0	604.876917973763	619.733072694986
516.751	0	0	0	0	0	0	0	0	0	0	0	0	0	0	0	0	0	0	0	460.073102866133	20.1624599125896	7.73975280032649	14.7825016797512	10.8127356962387	10.9583902668923	22.3433375599248	19.045844566943	26.2157569334086	29.0654133857988	35.4047997577631	38.5951596879288	45.5351988891315	53.81292355213	70.5421536923347	79.3965945595058	83.0805531014076	82.6040996671571	104.529093780855	120.90442050252	126.619176224834	131.565418922381	144.199775658441	143.664089446668	145.419892278508	168.739256187451	161.285982976446	169.128071811105	180.430917501788	209.683321657982	208.613586841523	220.918550825438	202.346250566215	211.726451410184	221.647989423509	226.853440718048	229.622488631564	237.360783891823	250.303616475703	265.419521328073	268.120906514978	286.942502717549	290.307477506512	295.334429864009	336.372397121091	364.508724785917	408.981788259997	450.155727668024	0	0	0	0	574.728864135785	600.156467269973
520.077	0	0	0	0	0	0	0	0	0	0	0	0	0	0	0	0	0	0	1029.08725092125	37.1834131523022	7.66494698120122	24.6506939741819	21.9257882694419	18.2204651430688	19.0504752146313	19.8303007351397	25.1095843069377	30.8633310449759	36.7549712225245	46.2809675380246	43.1162826557119	49.0317343781061	68.5517104908151	78.8119851461745	74.2411458064633	95.9095670128918	89.1596504170935	127.799618090354	126.750441125628	132.499257544906	134.772687600997	132.629517055378	146.969944269366	161.360648453015	162.736086688313	159.204589972273	182.097925350109	189.332481161181	200.896327178875	194.972053681844	193.462109426169	219.269010835445	221.86797446416	226.011253029185	221.851676337141	218.418584604004	240.566545481738	259.132387546697	239.706874515888	255.636300296262	276.861153917281	310.143226759807	293.4216601399	330.535179284385	371.980925124555	389.44370706798	0	0	0	0	737.674677612408	686.339913908028	581.581144157607
523.403	0	0	0	0	0	0	0	0	0	0	0	0	0	0	0	0	0	0	206.502849973524	5.85057187002498	-0.743445202902226	-5.19684908726891	3.59244702725438	15.6509462170972	16.6893215584466	18.6450736291035	15.1244866566623	25.8323390393741	31.0480875153025	28.7266022104487	40.2062569480265	55.4756314044011	57.6861434916148	63.8173552336043	73.9245461844241	77.9050513495411	91.9966407459471	97.7650343260196	104.054280380589	95.8225109390007	103.171635385253	125.72274770474	145.715699185738	144.615770555742	146.430367518685	150.073942875529	154.751591791857	175.490332340567	169.491088167396	191.509813854689	190.962480379472	184.841773690191	191.433989383146	207.447164977177	208.909001256015	222.11585616689	220.987541337161	220.946561607253	235.123624368232	240.625437773163	248.256518267106	280.728765495162	282.70982286699	320.728905351237	334.543906582117	393.019359360506	0	0	0	0	574.373274491564	508.346196008846	515.477588601097
526.731	0	0	0	0	0	0	0	0	0	0	0	0	0	0	0	0	0	527.266907231705	23.419083147033	13.5162816497139	24.0460868766354	16.3661396427271	12.2620915979727	29.3731443626612	19.4625831692725	23.2676734864247	24.6067923411288	27.6611284200792	31.6618187732696	47.0767248612988	50.0329330736522	52.0968516424703	62.2271915255573	70.216029924052	72.5232487086838	91.133170502552	89.4367568895179	105.503152863696	117.499565640295	127.465351148478	118.32038966202	123.261177576629	141.789913274697	141.055403317107	140.768968151556	148.962245354329	157.272840275952	168.691763751526	175.657542008691	192.805213677863	186.601007344999	190.382646235959	186.861599595525	193.223568189433	208.227382712926	203.931241559994	206.25545849353	218.474808567306	231.825387924333	229.740719257104	257.245910089921	270.381744140762	268.819417674679	297.975824128226	339.603557551629	368.523728588412	0	0	0	0	467.683000441246	540.794166992871	388.005263648553
530.059	0	0	0	0	0	0	0	0	0	0	0	0	0	0	0	0	902.204268936754	44.4614549976164	5.52203815814344	3.77903225932562	6.04446222960191	1.64030154649132	19.0541944586685	2.86716535927803	18.1568951887438	19.4250157477301	19.1307988274733	37.3875520666421	29.1016614060432	35.4508986584709	38.8873777750912	50.989548169382	54.3943547165209	50.4117525774588	72.7549240580328	74.0357741319296	87.9611754836531	92.4762356155916	92.8924542599667	97.2999628542853	107.811542985621	112.512070609643	122.572693022554	133.97779451039	134.188950037488	127.617566734391	135.711542843172	147.157766050788	155.180190577069	156.930961861243	169.283548168299	162.632523313044	172.684231731764	183.127066739301	176.691404560156	197.44014412712	200.163728772648	191.598556445791	215.28966734497	209.182086401974	215.477835433444	232.855296905355	251.854533776776	271.535221883052	311.236931841265	0	0	0	0	527.899937217056	469.57022896015	389.565948816126	348.083399247227
533.388	0	0	0	0	0	0	0	0	0	0	0	0	0	0	0	0	155.895598255295	-6.17866568580686	-3.95189288783833	4.49392673965455	13.4934707356784	19.2818671210525	6.37241604032152	13.2687206533253	11.9909298642409	23.7479216436051	23.9833582612531	21.5869822654214	32.5712219204013	35.1289690696266	48.7789588102727	46.8652455587716	62.6255021381467	66.7109368395213	72.1140979146616	68.7769920288308	72.5396439930474	84.7403814179851	107.56595909694	103.879978531149	103.333281655251	114.968395766267	109.261809212817	118.927358388967	117.000248357465	129.852520033771	134.756507226275	130.855138303254	158.019057350687	156.358339617679	155.598138779752	163.833115864946	159.071084446085	163.01751327928	169.677128724321	173.295582329193	188.530328382212	189.8750123879	212.067370267009	208.619073350904	220.135930523643	224.116488722044	237.911393690122	269.042671708956	274.980041767875	0	0	0	0	502.723413760888	444.73544583756	460.008399634792	394.995775421044
536.717	0	0	0	0	0	0	0	0	0	0	0	0	0	0	0	1468.71768458712	20.727121233253	26.4143879843154	25.2559275594368	26.8075023062892	13.5039253294768	22.6695979054529	29.7950024305595	16.6746503675027	19.7302223875033	28.3072344383626	29.4511841216619	32.2460408169205	36.7053089634197	43.0040358515974	38.1897867193353	59.2027247263283	56.8551865010864	70.0402772496607	79.3871613115375	90.448602119393	82.8716801839959	90.6788310110914	102.403996431936	112.259821187103	129.728847341543	107.255818569556	118.836373883934	131.159853701093	118.458877670285	134.396925819817	137.818680055935	158.391031311515	152.163547485375	145.782850302952	164.655473295036	159.941790040158	165.987471694594	172.604289278899	173.566927689098	177.638833818757	186.244415815331	190.593833179968	203.123155122537	213.732591022919	213.642639358355	222.745343396364	245.24902650181	239.995853330358	302.034129093665	0	0	0	0	489.433299929112	452.9890410185	496.146002689645	535.571552550061
540.048	0	0	0	0	0	0	0	0	0	0	0	0	0	0	3961.632553559	111.422440893236	4.81550319178448	16.3408273747949	20.8073636331518	-12.6753578330816	3.24258297273633	11.4883078803205	9.17349003704182	24.3629439666679	19.2952242481162	20.0249315633852	31.1147071755346	34.170859489571	36.7908535568425	36.5028318829114	47.3787427877053	42.4708901101488	44.5742621512221	61.4140487117284	64.4203909520244	74.6415293268381	82.3084438741579	79.5064879605206	90.778118768871	87.390693821987	91.4978129868157	115.574556399766	109.522829030139	126.127129502657	116.905717384809	116.224137532592	122.475248840901	128.925184697559	142.794821378836	146.032997932935	147.272573860254	151.050586773509	157.057980100478	156.475417777616	156.402421227528	172.878482414897	171.184141934202	172.895197340486	175.964250425598	187.216588422666	199.57267224468	211.533760224394	228.983414963716	278.825927512491	0	0	0	0	503.043555713892	384.425841333662	366.226494740867	326.769363703026	360.590233181442
543.378	0	0	0	0	0	0	0	0	0	0	0	0	0	0	627.521712143392	17.7754661352011	14.7414394232351	-3.84436279854872	7.75581150404093	3.8846080356588	13.234306387479	11.3587449799898	19.0395544361871	13.2134957715801	23.1470359364633	20.4091545396455	29.0342888380009	27.9550274554643	26.5160007353882	38.3900111965319	47.6073596732705	45.3178574893506	55.9317835188726	62.8959187498563	60.6469153153437	69.8368811118314	82.65698026077	91.754009348572	90.2214071433977	101.051629530644	107.897714465702	104.538990951435	101.660104231501	107.673755321439	99.7481041744618	119.646435518724	121.385010042332	135.434070429089	117.284059871647	136.096059905659	145.334871105676	147.374610956274	152.751973086348	156.463125165046	147.064256245359	147.106930024795	166.111545806943	170.072278438667	170.641778128861	171.84812226836	195.841098710029	201.457131971462	205.469919761775	237.968770214452	0	0	0	0	386.87188889141	355.084515697382	394.190512875223	410.319919415615	543.328743405981
546.71	0	0	0	0	0	0	0	0	0	0	0	0	0	550.857522121429	5.91699580396805	1.30945614185196	3.58538299257838	22.9304836177158	13.1819433950088	23.7126722682773	7.80713399255291	3.41950132234396	11.5637614782106	25.4105720974255	13.5903631742411	21.7979353721987	25.5848180942757	24.6627360656066	42.9159326169218	41.8456154507278	41.9138929177144	44.6301034490755	46.3278965302083	60.0788754075155	64.7233224489752	61.4316424194201	68.9892951779364	68.5238460814943	83.4252283506129	95.6107393982243	81.8704295181579	96.1285163988092	98.5751864286693	103.476132415436	102.009459335532	113.759849844946	124.438331917653	115.339860848753	129.734054674435	131.699486579728	137.245389603958	131.454571862902	142.900679081602	147.4522368015	150.993321361225	154.100190189931	151.986303895591	167.068002191243	186.125722982122	179.701111576977	194.031335076341	194.045011066726	205.238284833549	224.369033445455	0	0	0	0	357.977282474609	347.821393612127	380.531285281872	363.692128253474	333.378127421036
550.042	0	0	0	0	0	0	0	0	0	0	0	0	654.658002063084	15.0986571815616	7.97057351782914	0.963491858115346	1.81414078520165	3.03600543554161	-6.65043114218804	13.083692415734	21.3109229826421	15.4091303965552	30.124395788969	16.4591746806288	28.851647496393	21.6380772131701	15.1384975372665	25.0736086582649	30.0646509083067	36.4689860626218	41.7719446976556	48.6168012796195	59.781621760281	52.3355221026151	49.0512340039731	75.1757052793493	67.6191666817421	81.7172255977406	86.6648297756057	94.7799248974919	83.2325199509966	88.7335693740562	96.8478148043496	90.1666971183149	108.349195907998	109.867285080004	100.2923057099	106.627085927557	122.724377634281	133.27747324247	123.670110658313	123.177452299313	130.049852110664	132.841155757441	149.40093072351	136.62949465442	137.34149591347	159.976144907903	178.474787539155	165.112569819642	187.231493718132	189.51505937035	188.85245080337	0	0	0	0	421.153372400105	338.232518594131	362.159587138323	311.064158898162	301.489618085793	376.320292597748
553.374	0	0	0	0	0	0	0	0	0	0	0	0	106.480712896662	10.8805229801802	15.3554195394609	37.3710112243851	16.7051100820827	17.705995127158	27.2356840457072	18.1673271491134	13.7577698714664	26.8220950704524	24.423267030604	21.0041476802055	23.1764874624088	24.4556773758196	29.761023266412	37.6845240188939	29.7722304624683	38.6246783387768	35.5071978352226	44.2936750099884	45.0661168912101	51.1826506658679	69.0765311728231	58.6016936580769	68.2380696241404	65.975502049749	74.9743814457305	86.8618497954474	101.339888311343	82.9094492964511	80.5333082026883	93.7033635385153	112.900421753716	99.5251111584049	120.420770164146	114.267243520245	126.870132594234	113.310577740102	125.069345189998	122.594742724564	140.175823801854	134.986715931959	125.16249649101	154.421966232317	142.013573994855	143.862088544473	155.939026048473	170.975631827533	160.472366861843	170.084046827191	178.698443272319	0	0	0	0	355.379288914571	336.746909762914	324.754898241563	402.653734911069	352.52487726329	339.42263305237
556.707	0	0	0	0	0	0	0	0	0	0	0	254.488609216583	-37.8583909954893	-10.8524521990784	-18.2331986487035	-10.3852616128433	8.06596661035928	10.7221963852116	-0.411662610339577	19.208235840787	14.0711339684153	-5.93613125766811	3.32655930325661	20.8653651114296	17.5170400633379	21.3875200389502	15.9977944180905	24.0949916591772	30.5382125806496	21.1339840357007	34.7858956201664	22.8801917527733	33.9301827189982	43.6104098571889	41.1011721666998	57.2984263717139	64.0458803141121	55.3470797612277	66.2268794464992	61.5281265349637	57.6409253347381	75.1482442648423	66.2630377395927	74.7099867113989	82.2767025745352	89.0660991865808	92.7950856782453	92.9763465173874	107.574698905846	124.771601280766	107.255346798154	101.869733670245	110.819118068497	119.216664530791	119.500332161635	121.203730883035	121.780538868686	115.913528780099	146.118017223326	135.146798277327	159.358832777046	162.769229243933	167.414148016785	0	0	0	0	281.535194985167	253.787787927296	303.198315778144	349.740383560965	287.55172948573	283.603285622341
560.041	0	0	0	0	0	0	0	0	0	0	738.178019240728	38.4329557889743	37.2130074929259	18.0573617738305	37.3904869006086	18.2991735674854	20.6197944411043	25.2749893879985	18.8277896954786	19.9712784508372	10.3388144813364	24.1941277032114	21.22078941131	14.6083319321175	16.7185600273347	30.9419996526693	29.9183749861073	28.4788638628248	27.7473195870958	31.9021467690123	33.3617683638919	45.2067454091464	52.6038450919958	57.6826697558759	66.1590088453741	68.5526338205509	61.7870473919417	82.471996645479	75.3693318745044	74.1603146896058	86.2241292750342	89.0791920236563	101.315971745735	95.5674207906306	90.6609605646937	96.6586811891291	92.6848304545778	107.58690337634	109.191809784066	99.6221714838868	110.83057685305	123.288130412655	109.865086251094	116.337355167568	108.102567306564	129.028372111142	127.206540495294	146.276364045391	132.152107899484	148.483960941378	159.538534567722	166.414326632856	0	0	0	0	361.363782858603	280.190879325392	303.946383033622	292.494758183957	330.259844420335	264.096484544799	562.591018285645
563.375	0	0	0	0	0	0	0	0	0	0	93.862980998934	4.53878607560904	-15.1848774474506	-1.55186328206081	7.40389782887232	-7.52787263565327	-5.85449601548147	-4.72784525470458	2.4836102141683	3.13528787665789	14.0939356859354	6.24381062988607	13.4074869294439	13.0300649696953	10.0120661467922	21.4367719983742	18.9294530408573	23.1418838163677	28.9615494053576	31.0275347404494	26.0317119025199	35.4193085141388	37.8194213447314	50.3381254790743	48.5970632375754	47.5548358867346	55.7842649986504	51.864901212199	57.1229649545883	58.822143018738	66.9969872614399	69.5430471159421	61.381923173207	71.2552701362824	78.0554263793308	71.1760136371483	76.2451033942527	81.8955915608162	94.9248801603681	99.6737719108563	93.9176552573277	94.6317835205902	88.8995682825692	105.434459915219	116.36626654259	114.386514548662	106.162013136455	109.010392994376	121.463224234506	137.517861669704	136.83769958344	143.495285510213	0	0	0	0	223.066293882341	192.478943543118	208.54139243488	315.639812514692	219.827935137523	264.572243109389	259.144317582406
566.709	0	0	0	0	0	0	0	0	0	2569.11077502726	46.8537131410497	35.7212455103992	33.5484468721929	10.4951586225555	12.027913232159	26.7829568527124	22.8360129816445	18.3370427669761	26.2977685691253	32.3492239252055	16.9296010802026	34.8961216379788	30.5773359977427	12.6913068158516	24.1906344938957	25.4008926434712	30.462889208455	28.8803949805034	33.2148074801028	41.5407234101279	37.307291343482	42.9689036055105	62.5394036897713	49.6017339631141	61.1094878302975	74.4268638399058	64.5759635398437	73.6999595276066	71.1070587240569	78.0949198441318	75.9017635927897	84.1780289592322	78.366228473216	82.3880113581357	71.6120875741742	72.6066216767029	95.9280375374691	97.0112454744475	99.3982144359474	96.2098122001369	102.591069538175	104.560438649016	118.380117388528	107.380917735361	108.452104521863	108.67156757712	115.428593250055	131.229562921017	130.23729979933	124.5256155445	140.107394137247	129.354114303445	0	0	0	0	271.478836226282	264.074250816955	297.520110564549	271.159918524028	240.685435892078	321.712858794109	306.787626575688
570.044	0	0	0	0	0	0	0	0	12825.7379799094	270.420097765625	12.1979770359922	8.21206570473157	-2.79804966015913	23.4904725082858	7.12655527712952	17.9814077209058	4.62824980078328	21.2833656684461	13.1215393021188	15.4071543458536	19.8921218636608	1.78389457416607	9.72761676129253	29.1449429312813	30.8086484887776	32.2491630494839	21.229749038918	34.2790171195801	30.8733055046899	30.8034098384248	37.3986698788812	40.2210640130731	45.0678736533024	46.3335749056589	53.8120726873334	43.509133162807	60.1183559598841	47.0147388363681	54.5019783500976	70.9116984461001	58.8545856448835	63.2170988703114	69.5556311899977	79.94436535796	79.5516817540968	86.5672806769668	76.5673352255256	73.139236351285	76.4613561242213	95.3220995284549	90.7705445564819	82.4978557342726	99.3347538364216	102.236615170904	99.358970563889	105.492798532157	108.893250414096	121.527601335716	113.809996942832	122.879237879315	119.452349633112	0	0	0	0	274.611907367571	211.07649832808	239.078522676684	257.349130914183	279.74587064835	323.751828305016	235.493858800995	325.890905224989
573.38	0	0	0	0	0	0	0	0	2842.990623772	14.7185403507833	-13.5117891017775	2.37240305045204	1.67812864425248	17.7269651888285	-5.14394556648166	6.34606328824771	13.5510967728778	11.599285990556	3.82408270828039	15.9024615859459	25.0173810767246	18.0075199943171	19.8889085682444	14.9329306767472	20.5339101887609	11.1059484122826	23.7478182765557	22.1819077138918	16.0452283562819	25.964171119395	27.0199841768796	36.7631318721573	37.7284883043036	39.7306234441654	41.2141548693402	54.31678217557	47.8695391733521	59.1192389952039	65.1151691308383	54.426613302405	60.3783633119519	71.4392522387222	62.3305011255535	59.985984228855	76.1105421472354	66.1830919144145	69.242240216861	74.4856742255025	83.9204979114927	94.9953997646927	94.8751807719717	79.8205319022796	84.0306379503767	98.0020187218409	102.013013280097	96.315882241007	91.4328852484053	100.984616916883	119.065250915536	107.767204620692	122.056861791077	0	0	0	0	221.784289508641	239.228108786186	259.338296823558	233.900590421766	267.711264626119	229.80584338253	282.716358207289	247.11330974695
576.716	0	0	0	0	0	0	0	2849.14867216577	48.9280132158587	17.2003220294976	20.1848196793021	-1.2181014541463	-0.581035399483989	4.26585365794568	25.0617549115599	20.4840733526208	13.5048331920199	17.3664470626105	14.4627941093718	13.8385204651238	7.65373441062441	8.94885724129933	16.329246776905	14.0503525910987	15.5499363453495	20.1118103166755	27.2095226059502	22.4888347807695	26.1192214528588	27.3228593782432	28.171544264824	38.5450015144956	34.6238416060673	36.5366771887169	51.5765371815556	46.1730159460417	57.7895898861476	42.5568105492412	54.0465512682468	51.7661969921389	60.2441970202478	55.9863602607478	63.9432628504649	68.7207773824473	65.8618236731012	58.694207311337	75.6956118757084	66.8530985345369	75.5673335639001	74.2671057960141	79.4501072383356	86.004741831193	91.5407687275547	83.8556460969906	89.5428890035749	104.726547898568	100.639256595166	114.288632330688	103.10838226673	118.005862212952	104.921421825086	0	0	0	0	188.929295792523	180.871445377611	185.82619775456	193.675159676315	227.346117395471	227.536373406495	177.960910017824	143.472758085664
580.052	0	0	0	0	0	0	855.134444882726	118.262965963399	-4.60790618192023	-26.6112013305382	-33.5098170653239	-4.65541019688993	-26.7808204388688	-25.5598656708708	-17.2692946843535	-16.0095759954768	-6.94696067500284	-1.32709205800063	-0.413269848526829	-23.0883822363629	-6.49137266390393	-6.438928139764	4.68145780613623	12.0196589056416	10.2762117598642	12.3947184005112	8.77215581196372	16.4202398879424	15.2385383716139	14.7747901091387	27.7432832588195	7.34063341265424	34.4035756975367	16.7511500758082	19.2080040876418	21.2474220069354	28.5323196532228	40.1132999853076	27.5288401432706	55.063032803848	33.3273311891652	36.3254639204008	43.1390010589121	43.6005346675298	43.7303590746037	47.0059535103841	37.4574404844987	43.1846233569601	69.6573580739743	59.6822302669411	45.0998841738924	69.2019624888202	58.5452446342333	66.8767208543069	74.1300392131234	79.0932422723577	78.1840461380301	84.4025275896104	75.0064081300873	88.2868737307872	0	0	0	0	167.473417839396	150.548472288498	166.777671558094	175.276080539392	199.707711373657	82.5826929868395	172.30493280035	104.286696132239	29.1318679906499
583.389	0	0	0	0	0	0	117.063399771239	24.2502185825094	36.4900163558881	44.6095135140618	27.1575107715981	20.8265838162605	23.2152845236153	31.6726623577753	35.7554804760458	19.6886698658123	27.5387695879501	20.6137547864919	36.0602969779703	30.8956946024032	20.4099541389685	30.4586520888075	26.381390525924	7.73786545224396	20.9204945039552	21.862531223345	21.0752210262741	30.0701338487649	25.3966058204941	34.2173437492621	25.6188204255251	39.5246037670696	43.9754292670786	47.9844096113157	48.077791501048	47.9117675324718	55.648951110777	57.516266692108	54.9216054728655	60.3776944207774	66.8675631872987	61.7744913612481	60.2354116537755	81.0855247721716	66.80416171079	72.0241387030945	69.2538180106406	79.1449354055984	61.859832176123	77.6298301121129	73.6176476389371	85.0015673082379	84.5829972139143	93.2555483234409	78.3943327948786	75.0830577672884	95.9582682449167	103.272855061515	109.142265208429	113.039146159585	0	0	0	0	164.847836628381	169.382230061167	197.687805023357	276.556168867786	218.922103041304	240.449984285985	302.489973833322	328.401066613006	365.997962247966
586.726	0	0	0	0	0	250.976041276303	-6.25740117917954	-11.385352394644	19.4318692847548	-6.8580374116845	-4.79219691350214	12.0993951213479	14.8305684009444	10.488563677325	1.49368977427206	3.32287864615205	7.29562831418204	12.6300015086425	5.81908224049244	1.58510407196468	9.01804965794871	17.5871838203987	6.74403516442403	11.2691275380618	9.60280234235241	11.7591308863086	19.8852689574175	18.5095130064038	18.2949478924275	21.2151240708457	31.085484980549	17.8130409939133	20.7917558706009	32.0698239191927	34.8354663582008	28.1880430316672	38.5306445724716	29.1667132023664	40.1535290102439	38.7711910296405	33.9318605110559	52.5990401448498	57.7805275351915	37.6029247939582	49.1140935837823	48.9898914979325	49.7520327153962	49.8412896257751	69.4872734616373	66.746835533626	65.6270126081006	59.1527244149273	57.6470355213897	55.8054556821767	67.2589684367572	75.4739565681535	72.2530485249425	80.4610757025296	80.3421487898561	96.4114283201543	0	0	0	0	115.794861597455	170.249206045728	141.320886937555	130.711136831794	188.061241463645	189.164767688305	191.126331314374	128.773139351097	47.0432965837958
590.063	0	0	0	0	533.08040322793	51.1258286495905	4.15805272256978	14.7751106470194	18.8617926342885	11.2623826403099	33.0487186274413	-4.65237883000302	18.720803169835	-4.78789215262116	8.03433848818853	6.70937810871743	5.94303803432521	10.4937330783915	7.534255246129	3.59371490728044	16.9624427766106	22.2072226135724	25.3491689830296	3.83991096372108	11.661222453074	6.12843942754766	19.5212840328332	14.557068192679	14.8959594912267	24.6737213603837	24.35884224156	30.5910667427136	32.5108099864394	40.7853799141776	40.0950347008189	46.8530858437869	40.5811082242048	47.5828561300059	45.6825569153397	47.5791989088208	56.9285483029032	50.5808019655484	51.1887648424935	52.4477432542161	42.8988465625925	42.5568554405805	39.3736056785767	65.9473132070362	53.6267514401301	61.6743866346292	49.1991567086321	65.5924033735332	64.281715196309	56.306707460176	70.1114146155422	60.105501234118	78.2376001889562	74.8139592467638	85.4685892123411	0	0	0	0	169.260208708376	121.930003814246	130.195539926464	125.782388154195	163.017002501118	148.422003936331	191.473391419355	199.810666146908	153.221294006595	223.984287660668
593.4	0	0	0	0	53.8727985185304	-3.63994258490189	11.2316000425596	-38.076489417077	-20.3858405337263	-29.163428041831	-35.9244145600726	-33.2998793126206	-16.7512376098255	-17.0368212005007	-3.05995736260923	-13.1437883918662	-15.2920090829675	3.09382631058827	4.62664840518935	-1.64362181021654	-1.92570344759522	-6.47886894374571	-5.42221271520021	8.6225127746616	1.25146368968312	8.95462843285688	10.0521756716846	20.9813847893977	13.7257374402717	19.9527267233365	11.9622620110506	11.5306895307069	18.3902663627184	6.818290568798	15.8423171813765	12.9304904612566	21.455951629945	13.8917029184718	5.42528376220686	18.2456043207583	39.3783681261215	29.630019787982	27.2361767219288	32.0999840323257	40.1456991089817	34.791549295573	45.7518363670951	35.414482315852	47.6002259545913	42.2591728369813	53.2225387091277	46.9490787779976	39.9324297021394	52.9671633352726	53.7564589863788	63.2208250732617	55.3867801164999	66.2766324621969	63.5090452730193	0	0	0	0	111.969196053469	91.4963372873208	97.3645568207622	121.188689512178	113.007535162087	131.519552327376	108.431322271364	132.888953819594	96.4445269395793	80.7466761888942
596.738	0	0	0	311.541023579445	6.15151248343072	31.1492819118803	-0.0358631970320365	25.6036821348518	23.4301272185098	17.4323630749546	11.1490856593037	19.0056565238715	22.1095677843736	21.6667764719301	16.5344238375227	25.1705631789112	30.6279524208224	11.7016803697064	20.2291560067359	30.4799075946384	10.0795641411279	14.5346201763885	24.8185295469445	21.0381885135895	22.8465034966052	14.9645137244762	11.5761197572023	12.0421449212452	20.6061131177741	29.2266583377015	27.2476381913027	25.6159328834595	30.7013403801937	35.6649877621884	28.2329176503277	43.2153861661865	34.2443507781776	50.5358882515872	41.8362653490706	49.3327284509892	41.6279030922737	51.6948424485907	37.2270999654709	44.3609363142704	46.8020326823134	51.2312973918268	46.2694609380346	57.881526980674	59.8304927821948	67.7672106399273	63.4075648440773	60.5600421487523	64.1610283168804	64.2783222615238	60.9212830969231	65.3095740474608	72.0463214178624	77.6890589496203	83.3824061644929	0	0	0	0	119.3876833712	123.669339109084	144.545288241374	118.071698679393	149.819716801971	195.570904459284	149.075299296916	279.884865463842	179.252806558752	196.930657482189
600.076	0	0	536.862309628907	-1.70767853892959	5.44560676777711	2.99784103496478	29.8043236693551	5.58932180121217	0.676492907756305	1.25881159922301	29.5703227112181	3.61176095032775	28.7963843572517	13.2205845476389	3.6664139421098	27.5261622207946	11.94692972261	10.9621528686224	20.957888145706	14.6315910103381	8.26487814147686	-0.779515889780478	14.8010726582078	19.9022753654815	13.0627821964557	14.7151662302663	21.7288105595287	20.8228520299497	17.2844004631524	22.864052961198	17.2907648137055	23.8295820392668	28.6694631396513	28.1881529485356	38.7329260520669	20.9755470920723	27.4824912765071	32.1791065141786	41.7559928046233	43.6715037984952	37.5418311305164	47.5085088507289	50.268458387917	42.2198933323585	44.1443142236927	40.6385587561762	42.659953903311	62.1284345772672	48.2541541205568	44.2705798884498	47.8045282439693	57.6289221153501	62.2155155037003	65.5209894974101	47.132294922576	64.0627131395049	65.5270789704549	61.5551071069208	0	0	0	0	151.148925337009	101.471908836738	111.219719304555	113.505905545633	114.505284906273	135.993180260799	153.694600324504	193.657014498678	118.874189652381	215.112999123312	278.955543901797
603.415	0	0	93.0858871102436	31.146003398004	49.3681737807148	19.7194314540138	32.2501627172818	35.435544838108	52.7494414308909	26.3885242579719	8.2265023469048	33.4724489718381	11.0126874447365	-8.33954735705318	15.8695274947753	5.52110506467806	21.6683417481919	23.4847503733239	28.6293329196269	22.7367224887972	23.8332639161757	18.5456284141538	-0.746762942724257	20.6619784338116	22.0298568569157	14.5989937885849	15.4216141528746	17.9798016873344	21.4335006528504	22.8467194631199	27.392027226321	20.4734831937335	25.7540159250494	31.9708923981118	38.1044083102144	36.8436043992297	35.0695354430671	37.5824539153743	42.8075052270685	39.8563258945174	48.5155945855442	52.9002699864877	43.4826337133331	43.2690670095741	37.7664310850729	42.5865253369006	49.8141010936128	39.6792455726842	61.839540325256	59.0292657562711	44.2263517338608	53.3555669686203	65.652414596265	61.6356312024749	62.6377458059572	66.1750590531483	64.7035666872885	51.942768843883	0	0	0	0	108.787451002418	113.997103853564	114.540073204562	133.387112486483	130.623006764042	147.897155685374	172.982503403501	141.427534316496	150.601372338483	194.557351268771	189.965503997418
606.753	0	192.445595912751	33.2373189499592	-31.1983963185565	-10.1747904203339	6.85443198668903	-5.85833395640624	-0.707261414849345	-2.73286604168345	-0.642022064700247	-10.1770313713826	-24.4019781481345	13.3786853191597	2.78108779127884	18.0311831798525	6.08705394629417	-9.66148829455169	-3.69294994621016	10.1693427416381	-2.93928217741405	-1.60757183993275	6.31457224864558	8.49227655631236	2.33350441455641	4.83742417246946	-0.00539896238341317	10.7601022963012	15.9172484885363	15.1970858088997	17.6919136995657	11.4864858983311	22.72046857229	21.4162368454349	12.949552536125	10.820250155913	32.115867182007	16.0509350377326	20.290392931563	17.0255029724759	27.0110635686617	41.9280379596681	24.7667302326776	32.804692511842	37.3827216744165	31.1014811631989	33.1360809441747	31.6393619676339	35.7532381590447	41.2298840248218	42.2693000701387	45.2991216516729	34.7713262188652	42.3157467499871	47.5954497693658	40.6513507706023	50.4790281010681	49.8164025170701	38.7941409672382	0	0	0	0	74.7842110907815	79.1013420881138	90.6552500759766	67.2530177040973	145.307373525655	96.3215663616117	84.1545901238395	135.235883734785	64.0983273347967	119.774997921273	239.905258441841
610.092	460.080658974412	51.2807973154414	36.7670667350246	15.583706806947	28.3199377335573	22.1283827915742	13.9648972316453	13.5157206673791	8.91032932381119	30.4958209424993	22.9068051631992	27.5167183793677	4.62956539384978	8.35599892525273	12.232215655164	17.246598383974	14.0325997292021	20.3723880972341	14.1529717101806	20.295160028287	14.7384286393728	14.1587840952376	9.45878658410604	23.694664993624	22.160097751167	22.6137238957498	17.0791831317583	12.7529164021969	17.8727385900869	19.6406135398068	22.7878787240513	12.0763347597835	19.5789329676513	30.84678505278	20.4270962987148	25.1312159623084	36.587900803369	21.0011625985891	29.5230321809797	25.9605081907877	32.9030079746221	40.3768817400115	45.1552683515822	43.8613984262073	41.7022847751405	36.4192849680299	44.4882257014839	40.2027720008953	60.2744780113556	53.3832363863332	56.055731501125	48.2934167781887	39.7771091486246	42.1160358382281	66.0255855836927	64.315545448377	60.3705719086985	0	0	0	0	133.886736266815	60.1050283096057	111.053546617714	87.2808846766938	131.927751623845	86.4270558020243	143.277743598188	166.199860047557	142.074240020277	159.893662081806	279.495913566508	271.297587105957
613.431	128.430532656128	29.0451878044954	59.6072183159191	42.7453617538807	28.3947099721539	29.7141614593075	11.7965141371489	22.0480356650108	26.8491668406686	17.2316695420649	31.2320157422004	34.1986453475636	43.1405222026876	26.7248587160991	8.51236874636681	21.8331350153371	16.9563191706536	11.0984677417646	26.9880010574567	25.4021639021847	27.5159748867731	20.5346661487009	21.3081915684627	12.860847467388	15.4040833968946	15.1405729831607	18.4318269579252	15.7643607956269	18.5424456508518	20.2191105204878	25.7421073614686	27.4183130953298	31.5484766818996	34.37898947935	27.422714347559	35.0718527438435	32.5314535170958	35.476910132072	41.9219992377627	60.5807881768226	44.3796394640366	48.8623586146879	49.4571466306419	44.8600395253428	36.9182309251158	53.2643419541514	43.1833006138287	47.9658683908139	38.1472572038174	50.1937750516069	39.2790673026424	54.1996053623609	66.840206352757	61.2959243246439	44.9711051730152	59.1635901374648	68.0444021692347	0	0	0	0	95.6135040163026	83.4552798472943	95.5481656100831	91.9905122652638	117.806526156829	163.508195390222	130.057603329034	137.392275188825	164.187393868295	146.779398240366	164.576330316634	277.949100898589
616.77	5.95523767767801	2.83325271334332	21.3674285832945	-10.8415334459795	17.5284927267047	-21.65876882888	37.3312285515899	8.63274102028462	14.6244173099721	8.03132893227984	-4.52912927934666	-2.49201478246207	-9.4898831225256	-22.0409599568507	-1.61842253607427	7.69811726312716	0.962990288917679	13.6062772259241	5.8162255924966	-1.32065982304709	-0.851141312202011	6.41192798567455	5.28361301565418	15.1130590283943	12.5828550583089	7.06381294659086	11.8420710766091	9.87346233515065	12.0749464153642	13.977420250526	17.5018773271651	9.17789407387717	24.6400417762982	14.8036045466973	26.5195284187636	13.0640138217617	17.3364864776111	30.7659364382009	20.9017196883087	17.4209246447664	34.9514869610447	25.564501563521	28.918796170504	25.09515700826	42.6016627815783	22.988247572033	42.5583208289177	28.7357409308531	33.8969302466332	35.3095098778912	43.5298030101659	29.2921048574675	40.9019191296399	36.3647006474071	45.3230152599744	49.3499176558411	47.9213291695929	0	0	0	0	63.425850031315	43.0680996283995	69.5078091729443	83.533312865311	73.5646688365971	93.9109711383945	90.1976813549599	105.291078240528	121.372614188313	126.269890263975	102.031461515645	158.847285039417
620.109	2.44690420544241	-20.9949516936084	-8.75164696036694	32.7565756381303	-8.94705364494486	35.1963955814506	-22.0882044169245	-3.54778702852466	-0.902332281023579	-25.6228737266102	-16.7329427866226	14.4639182308134	30.5501780073674	-14.6150687577462	-19.9243638729516	17.0743517077115	-22.3643505969892	4.61689376180382	-12.1836919302527	0.481590296325903	-9.5115257246859	-6.56095440356693	5.3057140465718	5.46432254445957	3.33319691533595	2.3870746887866	7.55271067227667	9.71865463291189	8.52815682573953	6.51969673694098	11.8575194710814	21.216927275503	16.531529603717	19.0212521664891	11.5291546457712	30.120705840609	17.5553297585969	20.1408517626553	33.7035820256236	25.6936205707849	23.7255424191652	14.4882459388195	28.8446326870416	22.9315090560354	22.3851739473605	32.6616264152703	31.8028699077979	31.47276475632	31.4677050469952	41.8844682236714	45.6110956698437	44.5833741306734	44.4370792007728	51.3884363729572	39.0691644626112	44.4523562927328	0	0	0	0	126.743566446913	51.6724661727147	51.8211292344409	72.1077480095902	79.34033983478	68.5733501832345	136.784508552352	144.769839593934	111.649514432507	30.0362008410506	41.5128620501238	170.765314775546	38.7303134635323
