Sample - Blank	600	595	590	585	580	575	570	565	560	555	550	545	540	535	530	525	520	515	510	505	500	495	490	485	480	475	470	465	460	455	450	445	440	435	430	425	420	415	410	405	400	395	390	385	380	375	370	365	360	355	350	345	340	335	330	325	320	315	310	305	300	295	290	285	280	275	270	265	260	255	250	245	240
nm																																																																									
213.328	0	0	0	0	0	0	0	0	0	0	0	0	0	0	0	0	0	0	0	0	0	0	0	0	0	0	0	0	0	0	0	0	0	0	0	0	0	0	0	0	0	0	0	0	0	0	0	0	0	0	0	0	0	0	0	0	0	0	0	0	0	0	0	0	0	0	0	0	0	0	0	0	0
216.504	0	0	0	0	0	0	0	0	0	0	0	0	0	0	0	0	0	0	0	0	0	0	0	0	0	0	0	0	0	0	0	0	0	0	0	0	0	0	0	0	0	0	0	0	0	0	0	0	0	0	0	0	0	0	0	0	0	0	0	0	0	0	0	0	0	0	0	0	0	0	0	0	0
219.682	0	0	0	0	0	0	0	0	0	0	0	0	0	0	0	0	0	0	0	0	0	0	0	0	0	0	0	0	0	0	0	0	0	0	0	0	0	0	0	0	0	0	0	0	0	0	0	0	0	0	0	0	0	0	0	0	0	0	0	0	0	0	0	0	0	0	0	0	0	0	0	0	0
222.862	0	0	0	0	0	0	0	0	0	0	0	0	0	0	0	0	0	0	0	0	0	0	0	0	0	0	0	0	0	0	0	0	0	0	0	0	0	0	0	0	0	0	0	0	0	0	0	0	0	0	0	0	0	0	0	0	0	0	0	0	0	0	0	0	0	0	0	0	0	0	0	0	0
226.045	0	0	0	0	0	0	0	0	0	0	0	0	0	0	0	0	0	0	0	0	0	0	0	0	0	0	0	0	0	0	0	0	0	0	0	0	0	0	0	0	0	0	0	0	0	0	0	0	0	0	0	0	0	0	0	0	0	0	0	0	0	0	0	0	0	0	0	0	0	0	0	0	0
229.23	0	0	0	0	0	0	0	0	0	0	0	0	0	0	0	0	0	0	0	0	0	0	0	0	0	0	0	0	0	0	0	0	0	0	0	0	0	0	0	0	0	0	0	0	0	0	0	0	0	0	0	0	0	0	0	0	0	0	0	0	0	0	0	0	0	0	0	0	0	0	0	0	0
232.417	0	0	0	0	0	0	0	0	0	0	0	0	0	0	0	0	0	0	0	0	0	0	0	0	0	0	0	0	0	0	0	0	0	0	0	0	0	0	0	0	0	0	0	0	0	0	0	0	0	0	0	0	0	0	0	0	0	0	0	0	0	0	0	0	0	0	0	0	0	0	0	0	0
235.607	0	0	0	0	0	0	0	0	0	0	0	0	0	0	0	0	0	0	0	0	0	0	0	0	0	0	0	0	0	0	0	0	0	0	0	0	0	0	0	0	0	0	0	0	0	0	0	0	0	0	0	0	0	0	0	0	0	0	0	0	0	0	0	0	0	0	0	0	0	0	0	0	0
238.799	0	0	0	0	0	0	0	0	0	0	0	0	0	0	0	0	0	0	0	0	0	0	0	0	0	0	0	0	0	0	0	0	0	0	0	0	0	0	0	0	0	0	0	0	0	0	0	0	0	0	0	0	0	0	0	0	0	0	0	0	0	0	0	0	0	0	0	0	0	0	0	0	0
241.993	0	0	0	0	0	0	0	0	0	0	0	0	0	0	0	0	0	0	0	0	0	0	0	0	0	0	0	0	0	0	0	0	0	0	0	0	0	0	0	0	0	0	0	0	0	0	0	0	0	0	0	0	0	0	0	0	0	0	0	0	0	0	0	0	0	0	0	0	0	0	0	0	0
245.19	0	0	0	0	0	0	0	0	0	0	0	0	0	0	0	0	0	0	0	0	0	0	0	0	0	0	0	0	0	0	0	0	0	0	0	0	0	0	0	0	0	0	0	0	0	0	0	0	0	0	0	0	0	0	0	0	0	0	0	0	0	0	0	0	0	0	0	0	0	0	0	0	0
248.388	0	0	0	0	0	0	0	0	0	0	0	0	0	0	0	0	0	0	0	0	0	0	0	0	0	0	0	0	0	0	0	0	0	0	0	0	0	0	0	0	0	0	0	0	0	0	0	0	0	0	0	0	0	0	0	0	0	0	0	0	0	0	0	0	0	0	0	0	0	0	0	0	0
251.589	0	0	0	0	0	0	0	0	0	0	0	0	0	0	0	0	0	0	0	0	0	0	0	0	0	0	0	0	0	0	0	0	0	0	0	0	0	0	0	0	0	0	0	0	0	0	0	0	0	0	0	0	0	0	0	0	0	0	0	0	0	0	0	0	0	0	0	0	0	0	0	0	3382.49221079892
254.793	0	0	0	0	0	0	0	0	0	0	0	0	0	0	0	0	0	0	0	0	0	0	0	0	0	0	0	0	0	0	0	0	0	0	0	0	0	0	0	0	0	0	0	0	0	0	0	0	0	0	0	0	0	0	0	0	0	0	0	0	0	0	0	0	0	0	0	0	0	0	0	0	48.5869904549405
257.998	0	0	0	0	0	0	0	0	0	0	0	0	0	0	0	0	0	0	0	0	0	0	0	0	0	0	0	0	0	0	0	0	0	0	0	0	0	0	0	0	0	0	0	0	0	0	0	0	0	0	0	0	0	0	0	0	0	0	0	0	0	0	0	0	0	0	0	0	0	0	0	1609.34937153404	100.460148849473
261.205	0	0	0	0	0	0	0	0	0	0	0	0	0	0	0	0	0	0	0	0	0	0	0	0	0	0	0	0	0	0	0	0	0	0	0	0	0	0	0	0	0	0	0	0	0	0	0	0	0	0	0	0	0	0	0	0	0	0	0	0	0	0	0	0	0	0	0	0	0	0	8178.751765781	109.13175774705	-80.3483485735541
264.415	0	0	0	0	0	0	0	0	0	0	0	0	0	0	0	0	0	0	0	0	0	0	0	0	0	0	0	0	0	0	0	0	0	0	0	0	0	0	0	0	0	0	0	0	0	0	0	0	0	0	0	0	0	0	0	0	0	0	0	0	0	0	0	0	0	0	0	0	0	0	524.037027888804	236.72303922474	-325.837288122675
267.627	0	0	0	0	0	0	0	0	0	0	0	0	0	0	0	0	0	0	0	0	0	0	0	0	0	0	0	0	0	0	0	0	0	0	0	0	0	0	0	0	0	0	0	0	0	0	0	0	0	0	0	0	0	0	0	0	0	0	0	0	0	0	0	0	0	0	0	0	0	3397.82034877695	126.892119363847	-39.2938289480784	-608.059714277637
270.841	0	0	0	0	0	0	0	0	0	0	0	0	0	0	0	0	0	0	0	0	0	0	0	0	0	0	0	0	0	0	0	0	0	0	0	0	0	0	0	0	0	0	0	0	0	0	0	0	0	0	0	0	0	0	0	0	0	0	0	0	0	0	0	0	0	0	0	0	11398.219308431	128.65861236496	-75.7048417185557	-379.805707194913	-294.550558033911
274.057	0	0	0	0	0	0	0	0	0	0	0	0	0	0	0	0	0	0	0	0	0	0	0	0	0	0	0	0	0	0	0	0	0	0	0	0	0	0	0	0	0	0	0	0	0	0	0	0	0	0	0	0	0	0	0	0	0	0	0	0	0	0	0	0	0	0	0	0	1041.16849382192	106.907838993643	92.9541602700569	-251.043806792727	-69.2226601598813
277.275	0	0	0	0	0	0	0	0	0	0	0	0	0	0	0	0	0	0	0	0	0	0	0	0	0	0	0	0	0	0	0	0	0	0	0	0	0	0	0	0	0	0	0	0	0	0	0	0	0	0	0	0	0	0	0	0	0	0	0	0	0	0	0	0	0	0	0	4941.64035040506	143.804210899854	73.2926217399195	-148.451340236323	-496.913013986145	-195.667799875511
280.496	0	0	0	0	0	0	0	0	0	0	0	0	0	0	0	0	0	0	0	0	0	0	0	0	0	0	0	0	0	0	0	0	0	0	0	0	0	0	0	0	0	0	0	0	0	0	0	0	0	0	0	0	0	0	0	0	0	0	0	0	0	0	0	0	0	0	12260.3953209082	368.294518998061	197.562515071268	118.872566025709	-135.666856746127	255.696487959666	68.7708843741071
283.718	0	0	0	0	0	0	0	0	0	0	0	0	0	0	0	0	0	0	0	0	0	0	0	0	0	0	0	0	0	0	0	0	0	0	0	0	0	0	0	0	0	0	0	0	0	0	0	0	0	0	0	0	0	0	0	0	0	0	0	0	0	0	0	0	0	0	1556.92421856125	220.579325196769	146.284934320791	-8.68388154688168	-211.235777474274	-34.3875882586186	147.144977347665
286.942	0	0	0	0	0	0	0	0	0	0	0	0	0	0	0	0	0	0	0	0	0	0	0	0	0	0	0	0	0	0	0	0	0	0	0	0	0	0	0	0	0	0	0	0	0	0	0	0	0	0	0	0	0	0	0	0	0	0	0	0	0	0	0	0	0	5155.48100709227	263.577631614169	222.059372850635	208.438320452913	-172.691796476367	34.637198177012	224.465896762571	158.219195431485
290.169	0	0	0	0	0	0	0	0	0	0	0	0	0	0	0	0	0	0	0	0	0	0	0	0	0	0	0	0	0	0	0	0	0	0	0	0	0	0	0	0	0	0	0	0	0	0	0	0	0	0	0	0	0	0	0	0	0	0	0	0	0	0	0	0	11125.6816616259	428.624759516135	280.222266982831	247.392078506379	111.999082178322	-24.410755249438	196.397492979647	21.5171726679932	94.5448428999099
293.397	0	0	0	0	0	0	0	0	0	0	0	0	0	0	0	0	0	0	0	0	0	0	0	0	0	0	0	0	0	0	0	0	0	0	0	0	0	0	0	0	0	0	0	0	0	0	0	0	0	0	0	0	0	0	0	0	0	0	0	0	0	0	0	0	1740.27001480133	311.45673043834	344.323022381764	191.79403454999	34.4986923866506	103.720638024854	23.4105238463315	67.4156956642645	15.1005158972433
296.628	0	0	0	0	0	0	0	0	0	0	0	0	0	0	0	0	0	0	0	0	0	0	0	0	0	0	0	0	0	0	0	0	0	0	0	0	0	0	0	0	0	0	0	0	0	0	0	0	0	0	0	0	0	0	0	0	0	0	0	0	0	0	0	5346.06944619458	389.531514637755	445.773430669806	440.125753683206	393.166212790243	227.935354397257	300.000935674477	384.738617708598	370.110909817018	356.525882533852
299.86	0	0	0	0	0	0	0	0	0	0	0	0	0	0	0	0	0	0	0	0	0	0	0	0	0	0	0	0	0	0	0	0	0	0	0	0	0	0	0	0	0	0	0	0	0	0	0	0	0	0	0	0	0	0	0	0	0	0	0	0	0	0	0	602.329371812722	469.193559182933	545.89706332114	508.514647799242	289.799859113519	428.82936380651	411.02996702314	342.206241509368	269.952917181463	450.465367346607
303.095	0	0	0	0	0	0	0	0	0	0	0	0	0	0	0	0	0	0	0	0	0	0	0	0	0	0	0	0	0	0	0	0	0	0	0	0	0	0	0	0	0	0	0	0	0	0	0	0	0	0	0	0	0	0	0	0	0	0	0	0	0	0	2123.43735755994	384.865861206416	542.120050416958	627.69801281958	510.823354024295	568.302166514634	506.658186400262	364.793992638548	464.094874020499	469.313096446396	478.859195449967
306.331	0	0	0	0	0	0	0	0	0	0	0	0	0	0	0	0	0	0	0	0	0	0	0	0	0	0	0	0	0	0	0	0	0	0	0	0	0	0	0	0	0	0	0	0	0	0	0	0	0	0	0	0	0	0	0	0	0	0	0	0	0	5984.59105238486	261.416106714222	436.034256701289	600.639024342402	693.94757998199	576.323235469522	542.916342096341	437.365730961903	434.334310516813	305.22456705479	384.900295083301	525.654284664355
309.569	0	0	0	0	0	0	0	0	0	0	0	0	0	0	0	0	0	0	0	0	0	0	0	0	0	0	0	0	0	0	0	0	0	0	0	0	0	0	0	0	0	0	0	0	0	0	0	0	0	0	0	0	0	0	0	0	0	0	0	0	0	645.07259910499	267.012071906661	467.48484131562	657.08861170284	720.498456626642	674.998177775865	595.381223813771	578.770813157366	551.758524745245	278.893347992692	375.79357003247	530.98885006093
312.81	0	0	0	0	0	0	0	0	0	0	0	0	0	0	0	0	0	0	0	0	0	0	0	0	0	0	0	0	0	0	0	0	0	0	0	0	0	0	0	0	0	0	0	0	0	0	0	0	0	0	0	0	0	0	0	0	0	0	0	0	2673.37438161476	188.304559673953	305.372698580794	529.836011361066	693.679180025945	769.096605686868	768.884067735376	691.076427386374	584.641469453945	460.747981663895	547.930420259775	413.118743680766	410.815806879674
316.052	0	0	0	0	0	0	0	0	0	0	0	0	0	0	0	0	0	0	0	0	0	0	0	0	0	0	0	0	0	0	0	0	0	0	0	0	0	0	0	0	0	0	0	0	0	0	0	0	0	0	0	0	0	0	0	0	0	0	0	6448.91670206214	183.461137244596	165.086922959607	310.357000515408	570.293048955273	711.256228905497	762.027387746546	850.995853611318	708.828155570209	581.488637401534	507.533442430746	369.239266130508	306.165759966227	331.664057535163
319.296	0	0	0	0	0	0	0	0	0	0	0	0	0	0	0	0	0	0	0	0	0	0	0	0	0	0	0	0	0	0	0	0	0	0	0	0	0	0	0	0	0	0	0	0	0	0	0	0	0	0	0	0	0	0	0	0	0	0	0	912.941775979171	202.054507142749	268.219279549404	446.771019151183	690.818830792865	784.17250544746	942.631775962232	957.926642265017	847.496547761962	729.957127775476	662.896359699562	650.34608222153	568.294305203454	623.623667599779
322.542	0	0	0	0	0	0	0	0	0	0	0	0	0	0	0	0	0	0	0	0	0	0	0	0	0	0	0	0	0	0	0	0	0	0	0	0	0	0	0	0	0	0	0	0	0	0	0	0	0	0	0	0	0	0	0	0	0	0	3153.75500929104	201.580605009651	230.280016638434	320.49460644521	455.254184543231	699.791509642087	897.210620012023	962.706724220951	935.291345537064	835.98713103011	632.624054583438	588.089356884907	538.893426691694	443.660632635735	611.36017026327
325.79	0	0	0	0	0	0	0	0	0	0	0	0	0	0	0	0	0	0	0	0	0	0	0	0	0	0	0	0	0	0	0	0	0	0	0	0	0	0	0	0	0	0	0	0	0	0	0	0	0	0	0	0	0	0	0	0	0	7060.31411496135	287.329739015335	182.950802642289	247.311889507547	353.88749096861	524.89127934437	728.41291919864	918.496012272051	998.880004938532	932.924344069388	787.429000967571	717.989187079015	578.10628820915	555.889278473743	553.087149435707	352.296847505639
329.039	0	0	0	0	0	0	0	0	0	0	0	0	0	0	0	0	0	0	0	0	0	0	0	0	0	0	0	0	0	0	0	0	0	0	0	0	0	0	0	0	0	0	0	0	0	0	0	0	0	0	0	0	0	0	0	0	0	1096.39095807729	172.17164690024	208.387842809717	280.375053643014	388.606674933672	541.482690922429	731.548402253394	952.029105635091	959.690736829536	963.393012560813	832.393657294329	726.790393406689	616.382147725458	542.287735879646	512.583271687097	549.839385135102
332.291	0	0	0	0	0	0	0	0	0	0	0	0	0	0	0	0	0	0	0	0	0	0	0	0	0	0	0	0	0	0	0	0	0	0	0	0	0	0	0	0	0	0	0	0	0	0	0	0	0	0	0	0	0	0	0	0	3292.10192676401	121.201701231635	169.693877637093	230.460820235584	310.965520633646	416.496550632883	549.58902780768	783.394621126276	923.904074521062	957.07914464238	875.793732530114	817.440733541168	660.321841912945	530.075890613669	363.75937719143	368.800430755238	296.724649452014
335.544	0	0	0	0	0	0	0	0	0	0	0	0	0	0	0	0	0	0	0	0	0	0	0	0	0	0	0	0	0	0	0	0	0	0	0	0	0	0	0	0	0	0	0	0	0	0	0	0	0	0	0	0	0	0	0	6623.44097560911	271.647957191637	153.937667326714	233.31329023846	299.701713560616	402.684814661378	468.559428206448	633.802347938912	867.607151722439	979.126321335935	1020.29282904151	1017.5427380779	845.881810900868	818.17402883862	677.733041641327	763.205197595251	587.714389182761	670.407945779306
338.799	0	0	0	0	0	0	0	0	0	0	0	0	0	0	0	0	0	0	0	0	0	0	0	0	0	0	0	0	0	0	0	0	0	0	0	0	0	0	0	0	0	0	0	0	0	0	0	0	0	0	0	0	0	0	0	1111.36299251091	148.698330257589	187.276750216229	266.603568997639	340.879186187167	453.034065466605	506.184646607507	679.877639027213	873.872182079314	968.509942598244	990.909831737182	965.027066422378	874.24969268285	821.506037708643	728.406715407356	654.01548123013	635.743090632215	779.349163380913
342.056	0	0	0	0	0	0	0	0	0	0	0	0	0	0	0	0	0	0	0	0	0	0	0	0	0	0	0	0	0	0	0	0	0	0	0	0	0	0	0	0	0	0	0	0	0	0	0	0	0	0	0	0	0	0	3165.93523787067	117.04628403956	139.065807848513	217.660381127477	319.863544277784	380.082116089507	456.058663422561	553.89553115085	693.091859961998	877.333313890343	972.400823009311	985.749945845371	959.23097166109	917.223288764456	749.520741343067	653.849229866653	669.443884005771	789.972606394238	727.236594767254
345.315	0	0	0	0	0	0	0	0	0	0	0	0	0	0	0	0	0	0	0	0	0	0	0	0	0	0	0	0	0	0	0	0	0	0	0	0	0	0	0	0	0	0	0	0	0	0	0	0	0	0	0	0	0	6516.65515295792	287.832195115429	143.816551415245	176.977194978521	265.37511661459	378.75629919994	430.159977683359	508.285935256114	619.077803050517	714.054785626861	888.883347100422	929.784552417111	942.832548168249	881.439912758433	867.11016461838	848.458296869937	680.580522708592	576.310638378877	736.940499983079	902.103104913286
348.575	0	0	0	0	0	0	0	0	0	0	0	0	0	0	0	0	0	0	0	0	0	0	0	0	0	0	0	0	0	0	0	0	0	0	0	0	0	0	0	0	0	0	0	0	0	0	0	0	0	0	0	0	0	1198.95931238125	125.618090495418	176.14771229986	227.722222304443	307.743822352282	410.428508482987	481.72694451203	589.46136748224	656.836847172147	746.780345747241	877.042962740077	939.842292964504	967.251442243326	870.530955673634	820.064603500656	760.890951418342	599.937519027819	585.514739704375	686.022040690427	725.075577577047
351.838	0	0	0	0	0	0	0	0	0	0	0	0	0	0	0	0	0	0	0	0	0	0	0	0	0	0	0	0	0	0	0	0	0	0	0	0	0	0	0	0	0	0	0	0	0	0	0	0	0	0	0	0	3318.17048039754	136.738635857641	182.706879180629	233.59065001092	289.701360773967	387.328036306358	488.06370514372	554.45848293043	646.14857621617	733.120692862997	776.185820711928	922.415178408453	930.740904842663	915.988423014614	917.47893890728	895.733769668417	775.766898740197	724.922966850769	712.788591349084	672.661003606345	1114.626886371
355.101	0	0	0	0	0	0	0	0	0	0	0	0	0	0	0	0	0	0	0	0	0	0	0	0	0	0	0	0	0	0	0	0	0	0	0	0	0	0	0	0	0	0	0	0	0	0	0	0	0	0	0	6462.64532802751	331.071736442289	132.070788956267	192.431812800134	270.141228678751	373.707069481082	490.718246598926	575.625803425165	602.709817796235	711.898315657194	749.841005792489	823.363150508497	899.527281109376	872.259676939597	943.364670345562	863.583612845104	838.158422287709	757.550370111711	688.928582977349	752.20864102124	756.001727777872	950.872543240803
358.367	0	0	0	0	0	0	0	0	0	0	0	0	0	0	0	0	0	0	0	0	0	0	0	0	0	0	0	0	0	0	0	0	0	0	0	0	0	0	0	0	0	0	0	0	0	0	0	0	0	0	0	1293.70823545413	120.27795028041	167.484290111728	241.255986249255	337.103365161971	411.650105590112	539.780723127334	632.050701453897	701.394071732251	737.218448194026	770.901605788542	796.494336251198	879.424262092329	935.792250799754	888.552307784152	815.752190466576	851.06937988288	663.048909020833	670.583858560325	818.375727071078	785.73881836456	885.742440452817
361.634	0	0	0	0	0	0	0	0	0	0	0	0	0	0	0	0	0	0	0	0	0	0	0	0	0	0	0	0	0	0	0	0	0	0	0	0	0	0	0	0	0	0	0	0	0	0	0	0	0	0	3344.98737719251	93.9113829947796	108.248355003596	166.347297361108	259.757591381974	358.86946819467	487.06992044897	578.480767937608	640.935747089421	731.293261617826	762.655274005279	778.508936881775	824.377464308181	852.358650254503	863.905307325619	847.079424523883	773.814366993988	708.392652563608	680.562086773349	658.435689105464	593.309838698495	730.846680867997	755.246095262869
364.903	0	0	0	0	0	0	0	0	0	0	0	0	0	0	0	0	0	0	0	0	0	0	0	0	0	0	0	0	0	0	0	0	0	0	0	0	0	0	0	0	0	0	0	0	0	0	0	0	0	0	394.800733229618	115.31957637182	159.532313808369	239.176324041304	334.307608030582	452.204435973571	549.956917429802	663.118389382286	759.645562933119	814.146278329649	844.942512577201	849.406565667677	885.819669593689	902.178692824766	882.585673296133	903.62706126721	851.451378920669	844.153313404518	782.481378706165	671.411853864644	729.779957674588	1030.44539324852	1057.12353222545
368.174	0	0	0	0	0	0	0	0	0	0	0	0	0	0	0	0	0	0	0	0	0	0	0	0	0	0	0	0	0	0	0	0	0	0	0	0	0	0	0	0	0	0	0	0	0	0	0	0	0	1390.49631912947	67.6650949996919	124.585106258835	166.086776940114	239.767172948338	363.306400640503	501.364246335566	575.588707021809	687.581556046653	791.644077489395	842.344382696775	877.238538641269	851.884575955556	845.8249282639	864.397111350843	882.949710627951	754.517519677005	787.010350221183	702.828302564927	704.039813113683	734.953220505963	746.935952704613	849.149378900735	922.105577637664
371.446	0	0	0	0	0	0	0	0	0	0	0	0	0	0	0	0	0	0	0	0	0	0	0	0	0	0	0	0	0	0	0	0	0	0	0	0	0	0	0	0	0	0	0	0	0	0	0	0	3513.00969239524	120.968858619925	113.826385807715	132.628608345861	205.561224019028	299.623118919314	413.108311715615	550.486379235936	659.32815537315	777.160324647066	881.913944170649	908.049666643727	905.910636649721	903.173259357771	912.2129556067	875.194638944029	888.335408699625	819.306165736466	884.870565446176	833.215534530304	816.356611856231	791.165649779302	952.178726054342	972.723857432642	920.689699976642
374.719	0	0	0	0	0	0	0	0	0	0	0	0	0	0	0	0	0	0	0	0	0	0	0	0	0	0	0	0	0	0	0	0	0	0	0	0	0	0	0	0	0	0	0	0	0	0	0	0	392.58175153221	84.2701839115845	115.613290796727	170.579081601644	237.628433032282	347.814723343679	475.122894419039	581.166512490365	714.856361423418	828.398973706853	907.764045204718	938.798022430087	939.083603510695	931.514338302444	924.439742861684	882.696374957018	881.954347908512	895.557941267817	823.092455105992	841.564889558091	723.087468249575	842.638435124022	925.583461986834	876.002705174723	1127.76269206031
377.995	0	0	0	0	0	0	0	0	0	0	0	0	0	0	0	0	0	0	0	0	0	0	0	0	0	0	0	0	0	0	0	0	0	0	0	0	0	0	0	0	0	0	0	0	0	0	0	1445.67889399055	68.055524407045	94.6175547173517	119.966200374967	191.042605395219	251.260275026696	368.311218386811	497.556217398442	618.648691160215	748.070892222855	884.141815888637	942.566896912189	997.547894197182	979.571291121264	940.259569371615	899.174717894172	904.859014814053	888.334917429339	868.853098647271	807.286055388954	779.295574622998	832.252412836365	862.321516398231	907.431406795678	952.830444129035	1240.33561975421
381.272	0	0	0	0	0	0	0	0	0	0	0	0	0	0	0	0	0	0	0	0	0	0	0	0	0	0	0	0	0	0	0	0	0	0	0	0	0	0	0	0	0	0	0	0	0	0	3641.47533843936	118.122330297349	75.1426003615212	120.552714808414	168.731535718403	240.490748279566	305.380660221346	428.680607243588	534.098303690007	684.673153796242	801.380454043974	928.749061718301	996.900474860298	992.134529948069	1022.79064993022	988.291367008288	929.340296977164	937.165784821237	878.614419805233	879.923998318815	854.867192833965	847.363071337055	821.283885704476	897.912378752118	1080.62796500718	1195.3133452963	1209.87937448875
384.55	0	0	0	0	0	0	0	0	0	0	0	0	0	0	0	0	0	0	0	0	0	0	0	0	0	0	0	0	0	0	0	0	0	0	0	0	0	0	0	0	0	0	0	0	0	0	451.977838598077	51.9514471754962	95.700054214321	136.337206949204	195.812572737193	254.182246562701	335.288802109881	425.493123624492	575.001474107889	706.41211672135	834.601881066138	937.034370664821	1009.36589288387	1020.6449917789	1037.4526546416	1001.70449940986	918.833715068493	896.008388576295	906.802570822725	852.063957332074	842.978519265147	799.410162295691	873.50095801845	946.325051054688	1033.09140396209	1216.06852618049	1055.43727240041
387.83	0	0	0	0	0	0	0	0	0	0	0	0	0	0	0	0	0	0	0	0	0	0	0	0	0	0	0	0	0	0	0	0	0	0	0	0	0	0	0	0	0	0	0	0	0	1661.26293019272	89.4722000199783	112.407365973602	148.177360421397	183.173878511264	229.818979898184	306.967933129043	399.499636369851	505.959175777226	615.185557476959	737.164192662747	876.113138483303	1023.9535440985	1039.1251378101	1070.03635594979	1056.97634339877	1025.05913194813	988.322362279868	943.083028483984	915.947970641807	930.208995104845	935.644936926377	963.194042111945	996.734985072245	1082.14518298079	1233.1994365958	1351.79814591692	1643.59934546382
391.112	0	0	0	0	0	0	0	0	0	0	0	0	0	0	0	0	0	0	0	0	0	0	0	0	0	0	0	0	0	0	0	0	0	0	0	0	0	0	0	0	0	0	0	0	4023.76157622057	120.633705786236	76.9643790688578	108.742295604527	151.140970676959	206.56635283996	261.154280067688	334.994334826477	409.734847273042	513.605592117598	643.438228951734	759.809141553448	893.795919706664	981.58022368998	1080.027421784	1059.45287382327	1025.66987035049	993.660015481276	952.900042270099	908.633012295095	876.722548263613	857.305195524425	869.770718090222	891.166385902062	932.687396739706	984.047490931329	1045.3298518012	1199.5437111652	1280.97586112265
394.395	0	0	0	0	0	0	0	0	0	0	0	0	0	0	0	0	0	0	0	0	0	0	0	0	0	0	0	0	0	0	0	0	0	0	0	0	0	0	0	0	0	0	0	0	582.89042681131	55.4879679899053	92.5105042577229	122.002546252768	188.751384415839	233.865402554472	282.036668450322	350.845761572212	458.963205520568	560.963943527341	691.746661182616	789.678427339352	928.158154135525	1004.91167351705	1078.77361088846	1063.35283189738	1068.71118576403	1024.8618903651	980.997133833993	919.168645840845	929.124907713251	877.171043872092	920.57726888119	941.410846851624	977.224701934857	1072.18975574232	1165.15319744545	1315.68515043371	1616.90298317061
397.679	0	0	0	0	0	0	0	0	0	0	0	0	0	0	0	0	0	0	0	0	0	0	0	0	0	0	0	0	0	0	0	0	0	0	0	0	0	0	0	0	0	0	0	1943.37212870528	55.1812152969608	68.264013490377	83.2891812507782	121.914113073475	185.747578757909	232.678334848145	312.963743164279	383.834982596431	450.702696615843	561.916009729368	673.937925008971	802.25445101088	889.050817821805	981.931738229614	1053.05142552358	1062.60487780142	1046.27938509047	987.012874267333	914.892712563092	927.983010954814	887.069864822618	911.532558601086	905.077262089964	845.040844917555	921.659017056772	1000.18704677117	1140.39608358513	1198.83068340775	1479.18643132667
400.965	0	0	0	0	0	0	0	0	0	0	0	0	0	0	0	0	0	0	0	0	0	0	0	0	0	0	0	0	0	0	0	0	0	0	0	0	0	0	0	0	0	0	4198.44852198465	132.312210483037	81.288616610501	100.392496106834	113.647757812011	160.114463924617	226.304530871063	305.015835051672	327.290587265292	405.866226552318	493.048728595463	600.223231230312	714.523349089006	824.601268624415	945.811195876915	995.067027087311	1026.05684841704	1071.11651364625	1033.29612674306	1004.84724405801	942.260543410148	921.611745575837	900.665182791399	890.148265468773	875.814784039359	923.603922030835	1056.47410917441	1132.64412670349	1278.29523429879	1387.71121631406	1540.24535398331
404.253	0	0	0	0	0	0	0	0	0	0	0	0	0	0	0	0	0	0	0	0	0	0	0	0	0	0	0	0	0	0	0	0	0	0	0	0	0	0	0	0	0	0	622.352187911729	65.7076286345252	68.872602148986	91.7170178539528	131.926921983893	187.913532435147	256.461808847855	318.706011253448	384.714791610449	440.459197807789	543.600189113188	623.931340435906	735.806249541741	835.248272837421	933.879639623904	1008.87025046502	1079.51800379629	1087.45686628184	1053.28982711385	1005.62942525571	989.516679495054	966.634933146319	898.710452023409	881.00644904986	919.591466034023	952.918602577486	1041.09945082813	1173.21485287134	1263.2833863908	1434.219468149	1684.38410768224
407.542	0	0	0	0	0	0	0	0	0	0	0	0	0	0	0	0	0	0	0	0	0	0	0	0	0	0	0	0	0	0	0	0	0	0	0	0	0	0	0	0	0	1996.75184629978	41.2356290274767	74.4963941949182	86.483876422554	137.018588789324	163.165322406678	225.19300908135	285.287712485625	358.920913691525	399.332481196827	462.3410961951	553.51581806731	642.043095576582	739.559693004121	841.240473112469	944.47641098221	998.658638619686	1054.37044359808	1040.96271798509	1028.1790693366	999.888767787194	914.535175671029	908.635556751556	907.689561065584	915.517981892305	922.858236671618	988.821715949268	1071.99450229588	1229.27170386036	1328.47157644152	1319.66284241889	1587.46588225153
410.832	0	0	0	0	0	0	0	0	0	0	0	0	0	0	0	0	0	0	0	0	0	0	0	0	0	0	0	0	0	0	0	0	0	0	0	0	0	0	0	0	4278.48533480538	144.369725516882	66.7271894170897	75.4198105194945	103.373578041918	138.63297483271	181.889980847873	241.376755598115	333.207244382952	395.943206361039	429.994340239985	509.788194994458	586.970474849934	673.678531686934	753.093758844825	845.94863692985	934.406745807609	1001.2337733089	1036.33745262903	1045.43281032916	1028.29061465854	957.655383613232	965.00476706677	912.23093864333	883.77469391278	879.479374976778	928.060580227191	990.180533850428	1065.59501754172	1114.00465532672	1425.47219167308	1648.51410958247	1556.57995624273
414.124	0	0	0	0	0	0	0	0	0	0	0	0	0	0	0	0	0	0	0	0	0	0	0	0	0	0	0	0	0	0	0	0	0	0	0	0	0	0	0	0	696.744748216358	54.2988154282118	79.7016121650892	100.388677584608	118.278347444683	152.41017633669	199.457106906237	253.973918186209	341.637093946033	398.031425702562	457.277975602332	510.194053565447	583.911047560357	671.368559253244	754.161733908527	839.919729243745	907.775513067329	965.718839423978	1007.96673759193	1019.8502349828	978.344662075474	923.102111872029	913.033494620263	914.143259421337	913.086931985108	899.905343884422	923.462308877091	1033.46076382004	1090.30518946819	1291.99313763867	1361.52248695367	1516.18983540327	1759.0427174795
417.417	0	0	0	0	0	0	0	0	0	0	0	0	0	0	0	0	0	0	0	0	0	0	0	0	0	0	0	0	0	0	0	0	0	0	0	0	0	0	0	2019.5156722695	57.9440640292747	66.774003428578	78.7102622144429	90.2326010584275	130.896194541806	170.127530284548	222.27715331611	281.227076474197	352.804884213998	412.029877391034	480.796771901507	521.937988926491	591.329229564721	685.7615898935	752.289321213919	861.633020453078	899.687284580506	963.036138192741	976.315372386163	1011.89799958349	977.046855683759	952.045405686817	910.469300439608	913.860805350413	868.384145797029	906.553214362046	974.811755811472	989.689531852828	1125.0849199275	1219.66280671129	1414.48302339601	1526.40980551331	1661.84181139116
420.711	0	0	0	0	0	0	0	0	0	0	0	0	0	0	0	0	0	0	0	0	0	0	0	0	0	0	0	0	0	0	0	0	0	0	0	0	0	0	3796.14833596669	159.592658402148	49.3233113877094	60.2087900664464	100.758082415289	98.0041110338287	146.552974822818	188.768938029103	235.825407898746	302.591689449713	366.87733694488	427.845048385323	506.904768998071	556.922776634075	613.365808475845	684.523479663791	750.460388667828	831.263048337832	872.471441192026	946.900054181733	952.626117594168	964.710111070501	940.79293328128	897.891619558273	889.773909397298	883.339509053855	850.923343072499	941.068498761243	945.900947688333	992.780642684577	1123.01808034607	1267.69272761346	1363.10624078228	1494.64288089306	1665.3051258794
424.007	0	0	0	0	0	0	0	0	0	0	0	0	0	0	0	0	0	0	0	0	0	0	0	0	0	0	0	0	0	0	0	0	0	0	0	0	0	0	634.029931258885	24.0848117676778	24.1656751957309	56.6746131255846	73.366393395756	90.9391147498145	143.79804620543	195.309301981296	240.65689699666	293.140852283028	382.769309031749	446.10879945698	484.365665551634	527.678421556666	599.174603150405	662.003839102835	716.881850931575	782.460439243505	844.048510891028	910.189493445954	922.188058417596	947.297899481236	897.858123190522	877.526702186067	831.955201767516	820.751897845459	816.208037207807	827.56288376409	935.056634270675	966.508174177625	1120.98872808584	1170.56409575257	1355.76380850462	1355.40464875022	1499.82267075268
427.304	0	0	0	0	0	0	0	0	0	0	0	0	0	0	0	0	0	0	0	0	0	0	0	0	0	0	0	0	0	0	0	0	0	0	0	0	0	1686.2408855769	47.5090811318299	54.4678774242565	49.601468784647	87.047068130685	126.015420027406	128.518153925241	164.545544588677	219.132700013539	274.693389005468	311.843310473193	397.218138834005	476.451022396011	526.569472981139	563.636790232519	631.155591990904	671.095794301803	742.904511470772	803.964888442388	830.239055064847	897.103530281465	918.003034382487	905.487371522628	881.945808511441	873.460481292968	839.866816411168	836.123200660859	867.488680768679	851.309559215845	906.705433591459	1028.45953048919	1105.42922803316	1247.43536614066	1390.20887453571	1438.12622591446	1524.30004072956
430.602	0	0	0	0	0	0	0	0	0	0	0	0	0	0	0	0	0	0	0	0	0	0	0	0	0	0	0	0	0	0	0	0	0	0	0	0	3087.69051489156	149.750797486976	35.6356725873266	37.0377189249992	57.4532084916774	105.715296785237	110.728314507917	157.851858448252	189.038745944523	227.035381841102	281.338860678472	325.36767153961	405.393355942512	471.243405448604	535.643746148453	586.410048445465	621.186848733074	675.752476613498	725.231514430663	784.138885117973	823.979563689063	855.423986773536	879.04903718569	889.555597009216	860.943392314315	854.55484184384	822.547872741368	805.842280735085	884.763796176206	848.479540961551	957.528597666595	1037.40512653203	1138.94860152068	1272.28892463343	1386.64055824408	1465.10179542207	1578.27749817689
433.902	0	0	0	0	0	0	0	0	0	0	0	0	0	0	0	0	0	0	0	0	0	0	0	0	0	0	0	0	0	0	0	0	0	0	0	0	575.318588482195	35.3680385259034	67.1136706420761	76.1830885942956	85.9731341562068	108.862829981563	141.431434558793	178.167044882413	203.439807966277	258.637492853386	298.516644330679	361.911386856736	437.54409046937	506.888182757817	550.562827342376	574.298536645619	620.836100338382	671.734399058971	725.184310005276	756.106236026178	798.87592332338	835.673264781944	860.482911470616	859.553828324774	863.786581613173	841.593507782405	817.902318260807	793.227043153643	835.879727711006	885.473685759642	988.934789220957	1138.04175475036	1168.92517914302	1295.51076699972	1509.74829664476	1605.56272323392	1684.26032725884
437.202	0	0	0	0	0	0	0	0	0	0	0	0	0	0	0	0	0	0	0	0	0	0	0	0	0	0	0	0	0	0	0	0	0	0	0	1549.45493866978	18.6636580039449	21.2389721483727	28.4531204226593	39.362753046717	61.6245691086952	91.2039253204847	146.05585375346	168.995525542171	213.985792960316	252.601082407482	303.430596952975	355.024948229792	429.630050165453	493.391802593715	531.059328715187	574.67032292205	599.947547429593	655.957961046131	695.047882924832	741.270492381557	785.606330199584	816.151081503138	820.446202074236	822.592979471316	811.792618348731	788.009443750265	786.387899219962	768.807829326424	815.354648880025	828.479232031912	900.050261916631	938.404106324929	1088.85263699141	1192.46477959921	1389.99697008355	1243.4534940355	1508.54182963374
440.505	0	0	0	0	0	0	0	0	0	0	0	0	0	0	0	0	0	0	0	0	0	0	0	0	0	0	0	0	0	0	0	0	0	0	2861.53866032967	123.566959963948	22.976875626119	17.2334252393603	37.6289744548775	51.846905718838	63.3804226758773	117.793101137634	125.831440865514	173.641542205381	216.482325540753	243.891814839655	297.169590412724	354.247069888312	433.95395965784	486.41621042191	516.38885689606	554.442110169789	590.109839409879	642.876328677818	672.658521516921	707.482393734294	756.393424275942	772.62649450395	799.968455997757	781.222674204465	768.28103595542	744.739827991208	731.684287043338	761.962952471754	791.191088041027	833.906943927867	859.231742358567	965.221660077315	1143.18986140332	1216.62346520989	1224.09905973238	1219.74527689208	1194.98442097224
443.808	0	0	0	0	0	0	0	0	0	0	0	0	0	0	0	0	0	0	0	0	0	0	0	0	0	0	0	0	0	0	0	0	0	0	519.915624716564	46.0464439338464	57.1211304512175	68.4125892813222	65.8682526142123	94.1201086094323	132.057903246215	150.791103425661	190.560058243963	237.316442244754	264.82009055286	282.942643221864	346.012953899435	394.515208482847	460.985181430714	488.645247569865	549.92028977819	578.615426314574	628.566543059979	654.701550186804	680.439356766325	736.557513816054	747.460639146132	768.725344519517	779.661433781172	787.961923187395	792.256514637696	782.864913408949	761.181544503528	789.58126002158	805.063348499603	830.281063694724	943.536118113679	1079.96601831216	1151.00184555568	1343.04282351087	1376.19959528146	1405.54642432497	1748.35643936066
447.112	0	0	0	0	0	0	0	0	0	0	0	0	0	0	0	0	0	0	0	0	0	0	0	0	0	0	0	0	0	0	0	0	0	1276.22130951215	39.5172261938509	34.5245041112612	43.6751507255822	62.030215476909	79.9625823936256	104.096182136185	115.564056492777	161.613734806469	171.298039822545	231.232914047148	260.649691963011	304.113640372053	348.850592073328	390.480610656256	464.067590586434	498.564090097831	528.192994504846	558.482582526402	599.090997728462	619.284928139914	674.288806098315	702.556402219504	735.416439024621	743.81189096965	752.95251956028	754.674771608447	746.925932700442	744.783946346218	732.523495242565	772.889209964861	778.372098742806	817.223004174116	916.788832372072	1032.10709278466	1206.6799852128	1246.5493647117	1368.84216534558	1452.22699603639	1571.25043543875
450.418	0	0	0	0	0	0	0	0	0	0	0	0	0	0	0	0	0	0	0	0	0	0	0	0	0	0	0	0	0	0	0	0	2535.24486114513	106.739636902149	30.3498156643013	41.6157927352579	56.2206381799223	73.8663855406948	82.8262508453562	114.750278598009	136.539616236396	162.987554528064	190.67354294264	226.010892296238	263.761856960008	296.7002927737	351.275211109879	390.564718589832	457.763481929941	501.930834330251	536.895967778345	557.46926781688	593.230637399836	627.084565474063	653.371021639579	665.769937015285	695.718602701492	705.75652165053	735.311435731752	736.407459558829	718.451292860963	718.409236551211	724.110443655646	727.191450839058	788.42284965959	813.163908755561	951.312261697315	1051.41644367189	1137.6912753482	1287.81728868784	1346.49415677531	1501.10617753092	1561.2434730473
453.725	0	0	0	0	0	0	0	0	0	0	0	0	0	0	0	0	0	0	0	0	0	0	0	0	0	0	0	0	0	0	0	0	486.345551091349	40.0597559346881	38.1747707266007	62.7906691115629	72.4135277169915	77.757524486606	100.858434010105	122.842979269331	153.276502517785	175.820762515442	216.340000275756	251.15957802211	285.338093747741	314.788757369015	351.091126368905	395.254445362361	454.823139619751	492.300425078617	536.35864401233	548.405768381657	593.083694659962	590.017387190027	636.46918980171	652.807558256864	671.679326664764	684.538259641337	704.518253752707	704.817672299522	698.977393686091	692.838500885539	669.949697611538	728.815427701384	762.157602517803	833.331149050684	923.328574693522	999.283624392443	1145.20387570474	1208.08019461	1285.47539987373	1427.74667046077	1464.59541041371
457.033	0	0	0	0	0	0	0	0	0	0	0	0	0	0	0	0	0	0	0	0	0	0	0	0	0	0	0	0	0	0	0	1042.85963985392	31.1387120982097	37.1407814970264	31.003360254385	58.2824467099037	72.54426778118	85.3219456136179	124.617246123132	139.051948174324	168.148961252011	169.673974747383	204.947019621319	238.918650166567	283.627577286568	322.545400524753	365.134647968365	405.914161240762	451.152891100702	499.16425206471	506.435732170421	540.33986886069	561.932995315728	612.44025577164	629.18523057293	644.599798871507	643.290194736549	667.81583199355	657.776535710009	679.099094283661	690.251023684515	660.933973427434	684.701776351236	712.491670128162	777.060308397846	780.158047372345	888.663645104054	1004.99770646954	1163.56516468181	1220.34359660722	1299.57624637128	1424.31817578962	1449.83071735051
460.342	0	0	0	0	0	0	0	0	0	0	0	0	0	0	0	0	0	0	0	0	0	0	0	0	0	0	0	0	0	0	1917.01266045122	78.1580127771533	16.9912461956818	30.6952264729704	35.3857797281724	54.2258277308086	59.5427145798167	87.2745316652862	115.996419600431	114.118762867761	164.819869188936	196.841279237292	216.143523665116	247.925051467678	281.214220173693	314.739889617166	342.609937240508	396.530393545514	445.933333914292	475.615822002968	478.746300207962	520.175549799738	538.941195555499	560.321714582374	588.547545824119	601.778808359874	625.4353246763	632.397213932091	645.668423648747	650.485901740723	628.943218867976	618.689220567716	643.588536634464	690.28984936508	711.143729255406	802.723527283121	843.452250137978	948.612218215882	1067.78393830537	1166.60195824961	1220.2511217415	1141.07631801962	0
463.652	0	0	0	0	0	0	0	0	0	0	0	0	0	0	0	0	0	0	0	0	0	0	0	0	0	0	0	0	0	0	318.138060715733	19.8128826546704	20.732254284089	15.3530305305318	50.2003051253358	68.0812478532449	78.4565912236443	100.569668660943	113.597289658652	143.467545308129	182.523644323904	210.106022951614	217.625232133056	255.743347025133	281.891173620278	320.361997110786	340.985410010321	381.986291818738	440.735047393377	474.904248191601	488.046485881074	504.166325743349	517.823423169323	541.713694878709	576.864225443057	577.854033675358	598.069088239919	618.345223796175	619.127248124396	594.817439572633	636.603777606026	605.163424178683	650.577600541475	671.391831000986	714.420806403235	755.591081201993	826.348124350488	956.594333073564	1070.34796270136	1186.37113332663	1226.0716168179	1324.73657539351	0
466.964	0	0	0	0	0	0	0	0	0	0	0	0	0	0	0	0	0	0	0	0	0	0	0	0	0	0	0	0	0	821.720398512817	29.2330994451163	30.9707744471003	48.4413844012163	47.1564442418821	62.2508270706507	83.7093862211777	88.7122864114125	125.662890355213	132.861837950334	165.343669408415	188.093562419178	210.149256977702	234.7937094422	264.099130821437	294.944408651929	309.626227053482	358.267326496799	395.095305788106	438.309142502106	460.362251494974	481.909193620162	502.150414087902	513.969482706631	531.208092598714	549.853912279277	569.893888205573	566.076449999121	585.03103840712	614.207938939118	615.874847101468	611.02558698837	633.720505258887	625.714194504806	676.233559179257	714.069276213926	816.347519338919	895.068480922745	1035.95947392341	1036.36778340187	1157.78360867004	1210.07008890936	1257.01855629664	0
470.276	0	0	0	0	0	0	0	0	0	0	0	0	0	0	0	0	0	0	0	0	0	0	0	0	0	0	0	0	1520.06194543346	57.964717504635	19.8644564796751	20.9723143759216	36.850480436101	33.7542653486711	60.8111910700585	60.2028269959459	96.9874138831208	121.224040372545	137.304128379794	154.658076476612	180.837373975603	203.219882370381	229.997226288206	273.565760335191	295.761059862176	324.653580724121	346.375427130949	370.951598893615	420.912381582039	455.049439447213	450.645708306884	465.203722068063	486.554525829037	514.827898451576	522.817615235223	520.511368801019	542.830231774362	546.772549764968	577.888613845489	563.270674708627	562.828575880285	582.036136945631	560.253048481612	617.464771059734	683.352413211117	730.348661078152	826.683505016315	942.495034591967	984.5691132979	1160.71971604379	1146.85737195894	0	0
473.59	0	0	0	0	0	0	0	0	0	0	0	0	0	0	0	0	0	0	0	0	0	0	0	0	0	0	0	0	222.261108610959	18.8523166891424	25.8454439248921	24.736376692558	45.5258174067465	66.4457537070236	59.4475114990555	89.2827648344297	108.557339625551	125.668484424591	144.509678850716	182.569026249403	175.880672482481	214.232699361193	241.749010046022	257.682466210228	279.479700399699	313.641194309173	338.134876238543	377.973863136658	405.911485442194	436.570214234996	446.812979811664	463.873903991358	485.408437647477	486.322847753795	512.242069707628	522.542794358891	526.559798947163	543.214085368467	549.872979686104	541.814678028356	562.266602128547	577.588827940256	571.201791731722	619.928916086604	685.768229957642	737.808146999121	817.43286570737	918.443206645503	1020.34299757215	1011.27523628827	1098.62896866673	0	0
476.904	0	0	0	0	0	0	0	0	0	0	0	0	0	0	0	0	0	0	0	0	0	0	0	0	0	0	0	562.308205982136	12.5325096386252	14.5294513842747	26.6344351875561	21.0713049005735	32.7449144550812	45.1487112100049	69.1327058911451	76.0508858073453	97.4439605688357	109.522162522072	131.29878207766	156.669521026833	182.681601592778	205.980387760819	224.125892968712	265.477610217069	270.525779391389	296.117895943804	322.885723794789	353.833523836905	379.635416202542	427.346023557913	429.29690760138	424.067887978688	444.749115040549	462.145546590388	478.667260644206	482.699466580664	505.499390630065	503.76256422716	517.121515552769	508.542858485766	523.514425656087	524.412739153169	525.184776950577	592.100232013616	618.91989376554	686.430182861942	756.626324400546	877.368547659636	927.234782456224	1022.62150572949	1025.39524214323	0	0
480.22	0	0	0	0	0	0	0	0	0	0	0	0	0	0	0	0	0	0	0	0	0	0	0	0	0	0	1202.78128272706	39.6503373409683	20.3221373669639	22.4849607030589	38.9047957978652	47.6629997609828	61.3099078282971	67.8031135194182	88.9427910100313	105.74324852412	119.725084121594	142.706212120907	166.199581556442	183.462670314658	219.190636400085	230.493078205531	246.772578122096	261.057578649838	289.534213718242	302.638536670695	336.76333709381	355.860858719951	391.425306061044	422.358561716868	438.911428661793	423.613371992692	444.949167054086	454.070382294484	464.499134930787	477.328942483851	480.08391109798	505.426566770112	515.211694147089	503.265666238736	518.028891491645	528.639148776453	532.122608445088	599.024454649968	656.038039890301	714.872366248621	806.093819419386	918.432882368444	949.39385931765	1037.29861066671	0	0	0
483.536	0	0	0	0	0	0	0	0	0	0	0	0	0	0	0	0	0	0	0	0	0	0	0	0	0	0	179.336517739587	8.10357646557988	9.76895799662922	20.1263361371599	22.7247963131027	19.2969715498722	21.3602077626427	51.7272775354695	62.0685328175523	84.3720822343249	99.9300105645404	116.709712034836	126.443575587264	140.114862153716	185.282808327913	192.365292957138	228.473407129565	240.044505979359	268.347104297889	278.760258767887	306.518785616406	325.673986514652	363.673618013194	382.434562998486	393.522449262977	400.45865521822	410.99161209343	428.71571586956	440.737866025368	431.723466725295	450.199923770205	440.887653801313	463.07718589796	477.433528270139	463.460036155108	489.53492343123	496.32366689944	547.986293047056	584.135134084875	651.181200751814	692.503111999514	783.845341106083	856.26773025476	926.265879460671	0	0	0
486.853	0	0	0	0	0	0	0	0	0	0	0	0	0	0	0	0	0	0	0	0	0	0	0	0	0	574.813325336768	-2.15107971988973	3.03397984258942	15.5933413411472	10.8896741254696	18.5308126866464	21.0545062963115	37.6851332789242	45.3999092572478	62.6033965731324	76.5798795024286	108.522211235247	119.308558826816	142.106469025166	161.039336632833	144.867616176888	200.792808961459	202.904896805032	227.773824171836	239.651702963555	277.335608887878	286.737904999663	306.380736637429	350.601201997723	366.200685975126	378.00197511074	370.73622944395	388.581404935848	406.718162673283	411.419068438337	415.443662306878	422.48528235242	447.296694398534	429.775045645601	446.59157747369	449.659235825828	457.668380454436	484.562795665319	528.50150639087	568.421303933034	614.662236753025	657.75349456462	739.904234221112	833.792704072165	852.798035109618	0	0	0
490.172	0	0	0	0	0	0	0	0	0	0	0	0	0	0	0	0	0	0	0	0	0	0	0	0	1232.18088386313	38.8108059732341	20.7406525439665	19.2925469408537	18.898992420648	29.2808291412721	23.7443979825216	46.3213129204267	58.049013520153	73.7964144318978	73.7764220993589	106.684323071415	130.749053580572	147.65361059813	140.672645811518	172.956751948982	193.592833460213	212.052079612791	245.607514954234	256.498986868592	260.085170217939	276.676687506569	282.125947395257	334.184538616337	357.252567291637	370.575490896705	389.75400849258	384.916735753	402.987850356154	392.937011113187	407.993114803727	430.124408079401	420.12786820476	421.775050166356	448.012488880804	458.078579099929	450.726105049927	480.619589564928	486.508813661656	522.540101434495	580.289507770048	615.095416865178	758.951110253156	842.725114898397	809.406523698068	0	0	0	0
493.491	0	0	0	0	0	0	0	0	0	0	0	0	0	0	0	0	0	0	0	0	0	0	0	0	184.509801488344	19.8108577126526	20.6825931449102	19.0770346891616	29.4055483613006	44.3150455761773	49.1554775353272	48.0154370492262	60.5843505822244	78.475563554759	95.4896717411564	111.574371516412	125.259856946763	142.65485316501	165.101532872328	174.427562903358	207.216105810917	218.903160818924	223.806154451365	249.233904709596	270.961327086365	284.198744592247	302.09044362396	323.581534312587	342.429033910288	371.178552426235	347.952692606108	379.370916159935	375.619182244786	383.802116472354	405.657729844365	421.478421466781	416.050135973087	424.354751721307	434.537314651409	437.953947486702	465.58042911008	448.75822381392	484.860803433137	500.751499215044	553.494271716097	669.756505257886	733.514650153229	799.056089026529	918.860254841267	0	0	0	0
496.811	0	0	0	0	0	0	0	0	0	0	0	0	0	0	0	0	0	0	0	0	0	0	0	637.194117875667	13.170435446184	12.2415966789784	11.3863493842125	19.2753121555378	25.9927442325823	25.7419225041339	42.8869100828531	39.377780409622	59.3961898677789	76.3799033815109	81.3269257120787	95.4994543554347	112.817560291715	139.32493004076	155.169914650847	178.625242019635	188.135123827037	190.166455508335	229.470765413437	234.836100053496	243.681758502527	254.984859320918	267.24990650449	284.640918007138	312.383995258203	333.437854318863	346.540547630681	343.867370214252	358.671472431578	368.923240533926	385.065773069276	367.710754135373	377.103833901602	383.079033064023	387.737461072391	386.977935550295	425.657589529675	421.413314077435	451.714371590144	472.575535610498	516.257630319984	594.864184495082	630.012294208513	757.481216756373	812.714171126816	0	0	0	0
500.132	0	0	0	0	0	0	0	0	0	0	0	0	0	0	0	0	0	0	0	0	0	0	1306.7291484309	34.0358246028682	20.8751865793321	27.3870262404137	20.2566852690993	24.8007795854155	27.9439573879377	40.8555481065086	52.867805926165	54.6277827702799	68.4922180223898	66.195617951496	96.0747706066896	116.357918725092	113.158096435976	133.675068246564	146.319663641037	177.272388739902	199.552876390097	191.9874358063	218.148142781594	236.525958789506	244.356020474583	255.341091449482	271.350216551511	289.31717743474	315.098045251213	328.570355772356	327.692802051613	337.850598431099	334.190740338692	352.27442888045	350.248107544764	367.50760884901	389.023409112669	377.651062518784	384.122546294692	377.39477430486	413.798679583553	416.556875108352	430.485810025123	485.569086253905	520.367031123698	572.658721680343	639.353973608411	714.426484590658	0	0	0	0	971.53496779685
503.454	0	0	0	0	0	0	0	0	0	0	0	0	0	0	0	0	0	0	0	0	0	0	201.31020718422	13.0721618884772	6.35401314221609	16.4935398969578	10.5775059716587	21.4397612531126	30.6650204279056	33.6521392946579	50.1698449224838	50.9442508545247	72.2619085142601	77.229128001968	84.1080878762464	107.87133186144	124.041786796326	142.880472380761	158.819549146929	158.68613712562	173.901184133235	189.26225517429	197.944132770008	200.695585333164	233.307009926772	239.669904217204	253.792681498037	278.639216178888	302.021603510306	297.905349488616	321.193855043548	315.767168548587	326.313151377625	322.436954762694	332.023565600832	339.939564992052	341.189229834126	361.12705015195	374.080057376409	376.47969121332	387.174332850855	390.526560583776	413.144816366392	445.762984594296	485.583200621641	567.54534156701	599.32236492165	675.651610408273	0	0	0	0	737.353770393317
506.777	0	0	0	0	0	0	0	0	0	0	0	0	0	0	0	0	0	0	0	0	0	622.256526006761	17.8950874277617	15.790420372407	32.4604541815399	18.2215721724443	30.8721002556016	29.7241837178416	31.6515418308147	37.3301804038061	46.3141008004436	64.3374916482992	69.2887090242047	79.6599997468929	99.5996176705311	106.688064188699	122.035868450839	131.316785335599	143.804199425158	152.064666707462	184.735492074301	189.134617645475	199.793149947704	211.309500510073	245.989781827121	248.733314866481	259.270750567814	258.257682903747	276.059923377961	288.147192448502	301.115710989165	307.160632751284	293.927903573467	320.420844141909	313.483554253119	337.874426792001	320.445489992481	333.715558587948	355.18309685734	350.055724889988	357.171706401714	393.4120359858	392.335043224893	438.683969497667	483.802728457381	549.895884328212	579.731121803354	644.777767913304	0	0	0	0	890.116124020833
510.101	0	0	0	0	0	0	0	0	0	0	0	0	0	0	0	0	0	0	0	0	1263.60424316937	22.4885070385858	-8.80767138523338	5.9908210223231	1.86685578374003	14.7959800684994	13.3449055973721	25.9452571672158	29.5805728775999	45.6930364177022	42.0139791691914	37.2175519658394	55.8482980190542	59.7317973106892	81.4590972913232	84.0174013793343	103.627366021595	114.612189934878	128.58368707539	132.703894780865	151.609804010599	172.879297582789	184.715094005259	174.374915292441	199.808613834047	217.890390148622	218.187592747399	233.502365321411	255.62138311468	267.958438894419	268.517035094306	273.838175731201	276.7819939995	293.636625113514	284.556613364669	298.626315536829	306.149157267924	303.161671018107	305.281360933793	313.507260068319	342.06165355245	341.342921115315	356.181783162213	386.679243158132	424.409266398536	490.143152576154	533.956280829795	0	0	0	0	966.287573660495	639.727357215261
513.425	0	0	0	0	0	0	0	0	0	0	0	0	0	0	0	0	0	0	0	0	195.253922010002	13.5655952108916	11.6154475471995	15.3604600547995	16.7649634436607	21.8835256265281	21.2884419384864	29.724786109761	29.4541822065641	39.2020070201943	40.0349428871914	62.440092163328	60.9391563545571	87.4628313662195	85.7085484091067	101.52883563108	100.062422445472	122.144598016831	143.539882981658	143.635609680236	152.720136204324	169.117547172987	178.316054737452	191.426484303845	206.817385059677	200.901134666392	222.6892142675	249.116503148679	239.107328906624	255.162841302368	269.658564689632	274.179433246411	280.541966023837	282.083574479622	270.527867301862	282.776238128797	280.133259014084	287.285756912321	308.276988992407	302.927008848513	307.948204242553	340.307107375094	354.277774318299	385.521165276128	421.789690594365	486.311361305148	517.243679785709	0	0	0	0	730.010968592331	722.47245708189
516.751	0	0	0	0	0	0	0	0	0	0	0	0	0	0	0	0	0	0	0	629.116854020888	26.6348368286743	21.5021716810884	31.2275666237001	17.4128858823207	23.067297144761	28.031486268062	29.7139881668729	34.9203100351141	39.3312244756734	45.5552214764634	58.6406357146822	61.5220800683798	85.4494683245982	79.8117229429103	101.823948417234	102.563451534553	119.887035548009	127.514574439031	147.9742069112	152.718942079827	174.424422211794	182.221960848128	177.388359623103	202.869464003607	212.605532907872	209.293569024719	219.139527478899	225.934077946136	252.227313239968	262.80053158597	262.217163089725	257.348463173975	264.245394045125	268.087327632629	268.026149788138	282.452082403812	288.979407282053	313.563979017405	312.66286960769	316.005828282186	317.959992963606	320.765890819827	336.008728966993	399.271381406266	428.397344479639	487.949029266688	537.005213174487	0	0	0	0	726.231146176756	679.420997173878
520.077	0	0	0	0	0	0	0	0	0	0	0	0	0	0	0	0	0	0	1385.66969258142	33.970741786213	3.2783253375464	19.1401792437881	16.7855101347433	16.8865805848425	23.9293983455012	20.9817071638506	29.7690728072214	40.5078568141358	39.8014806082908	56.9828927863238	59.8189399130092	58.2212426312849	72.3311824442306	86.4346489005722	86.2068421463248	102.720253844194	112.552595547415	139.029688845142	146.427670156641	159.7191708595	163.388896462091	166.964152610898	184.208084908538	193.150158986161	186.460053662286	191.287744139612	222.352600589686	222.983425572375	247.571458016951	238.773081635707	245.42961244565	261.242837096407	264.67854504402	266.643512563123	270.634873498675	265.000876234879	282.1794857913	280.244492332781	297.966257060857	301.819446367891	300.736214728433	319.772640946818	357.934040085083	390.137611255492	420.108302784982	447.981060198879	0	0	0	0	933.257835899907	610.901045044384	789.126440200732
523.403	0	0	0	0	0	0	0	0	0	0	0	0	0	0	0	0	0	0	187.526839707919	-1.18555064906544	10.30517211268	-2.44525701617082	2.65568200096015	15.3873425916334	22.8449679827192	21.1378828951872	28.7324576339585	29.6665553782435	40.7527089342269	41.6016791585235	41.4981188052446	53.8327875430349	60.3180723695743	78.3876314647103	92.4588762393333	97.5356725982714	100.024093382379	113.206107633532	118.877318277713	130.944913419139	138.180940715588	165.311796831632	157.477622208772	167.474471883209	200.047000050489	183.857357921241	198.696986306778	210.795364729339	222.049118732702	241.126761183629	225.548745936017	236.437291321757	229.822795129235	248.033176390091	239.992882524081	254.567653515552	253.153606226516	266.408292986598	280.668045149578	284.99514995108	292.095491328336	288.008198999685	324.620192905249	340.765139511792	394.647981394688	451.273960875756	0	0	0	0	663.109188624382	599.899055351015	741.722797056358
526.731	0	0	0	0	0	0	0	0	0	0	0	0	0	0	0	0	0	659.095277431909	18.1524473474195	15.4081713036917	24.0380155646842	18.7125921236834	17.8847883730702	32.5798234190249	25.2963849881175	25.5169303216521	32.9303432585327	42.2668894954963	39.9843098630894	50.8756360952787	57.290412589593	64.0330043451266	71.5001582973545	77.5217481024155	93.1838302004659	103.787059570479	111.188564509396	126.971048146217	146.509248785351	141.996640169668	149.328452124329	162.757546112895	166.954210748435	168.503293007398	175.207352532427	188.788339787756	202.71789297724	198.469541620319	229.059416614646	222.952834613964	217.453558130037	215.560667435866	226.970580506172	230.882061581676	242.029136810093	239.168543229537	246.621320541531	259.892199378067	260.236679792851	268.453872875711	288.430714887729	285.101798633344	299.433828568186	349.128242539783	367.916933635959	432.060037067885	0	0	0	0	625.214229294304	727.016397660214	575.51555918849
530.059	0	0	0	0	0	0	0	0	0	0	0	0	0	0	0	0	1285.04351905696	16.9865175575717	-12.3382701451877	-0.0362246768803515	-6.4871183760765	4.96569189584376	3.72439562281895	1.82576671695878	14.946337304988	12.3426410571846	28.7255983707266	31.7314249114496	31.7710118826718	31.6527964668198	43.0976623252928	54.1180925312684	60.6814054270989	62.2802791338478	71.3050381966973	69.7045043168248	99.39889705462	93.5572383614273	103.786517285701	115.682116662946	121.559167957062	126.943991893531	135.276638724706	156.536424959761	147.360910067309	137.267284404589	150.474184779664	177.835049685914	177.127485727539	190.236204779478	187.021060613039	183.93117753722	203.368308461145	216.159208503512	209.885970242062	206.851344448813	222.017150611841	213.347007201468	228.83637423131	245.880934510405	244.994681003913	256.223459167355	266.891065514563	294.08460642308	313.345086606396	0	0	0	0	672.726337948896	419.95438860496	368.9355627989	393.942041050738
533.388	0	0	0	0	0	0	0	0	0	0	0	0	0	0	0	0	197.191593154177	-5.76587535923706	4.30683767408719	-10.9365979730859	0.712329547773951	8.30340660747726	-0.638596860161246	14.5746383934905	17.6908633028181	20.5866059793696	23.7240395383916	28.7544559980574	36.2997182134717	37.1430451538355	48.9623359174511	45.0763093343244	68.5502453489392	63.1838533536743	76.6500783490705	78.8198196544056	84.433693893337	105.359205962215	113.619131476445	107.481214346119	115.531682458277	145.524008048573	133.740024776257	132.473775681572	150.268008701927	163.298041162017	157.979008651205	162.911251720502	179.522125052112	189.37413733905	189.729913822651	184.700614151115	186.300601881955	176.67178904498	199.591309373656	205.848314716697	201.441548727443	213.93278282124	229.387451035112	234.308846321999	229.131655632023	236.886601441597	261.62262571528	282.619456232114	306.155371832805	0	0	0	0	511.137072432695	445.431505386751	500.140572237238	474.758464713479
536.717	0	0	0	0	0	0	0	0	0	0	0	0	0	0	0	586.650812801985	23.7017643135043	25.5600415048038	17.7504465676076	17.3519680537596	9.94735707672329	33.2724660361698	20.6910743705257	15.6439769428661	19.4292915408721	26.6429427015854	34.3823976611906	35.7995879619963	37.9661152870223	49.329312025664	43.5368344473581	61.1083052766703	60.2099007401385	69.4143968587701	71.710987255059	95.0795873382299	97.5303917787052	107.615610942926	106.571783414874	125.43816369872	125.366380298101	121.256211534693	129.846542774528	134.985575660328	137.906218500881	152.570122594036	148.060985021416	176.388408939171	177.949651622796	169.931190770032	192.373961728614	184.076305149257	190.419520576133	204.092714470408	202.221678486072	192.924363594875	193.489160821401	205.017152111304	214.318692090723	240.522923600853	214.977351722374	248.165690631641	269.045633630561	270.94921540744	293.803627988963	0	0	0	0	506.319441196625	491.082200644701	489.177060715151	558.388097633113
540.048	0	0	0	0	0	0	0	0	0	0	0	0	0	0	1186.82743670232	21.4129810575316	-12.2612219606036	-18.8345696655192	3.18705749470978	-11.1480133061459	-1.45258588757758	-0.685427234932622	13.5703566618252	18.548508023244	15.8242697884145	21.6122623371195	23.944806134857	28.970053492735	30.9082463968726	36.6751932273617	49.8783704408071	40.888522799598	47.3848002184955	59.6171811279785	62.4151863938282	78.475331609485	79.5422761102936	75.6153038394347	98.5252295431312	95.2070303619443	112.557028471043	118.91987065613	104.308571378551	132.919019496971	138.525184884392	136.729641014476	138.235012234223	148.320102138935	159.037015291829	165.190323741795	167.407640281377	164.79403097633	172.780232258734	164.482864383195	173.898070550905	194.189641381297	186.731152010084	194.195723204276	196.204476010951	197.386328455767	219.011516657554	214.366393184071	228.887807069724	275.026186101537	0	0	0	0	605.706360417507	441.677119098057	375.757984510738	417.729065006444	270.204606116464
543.378	0	0	0	0	0	0	0	0	0	0	0	0	0	0	172.841756467708	30.7952300435972	6.68636247586675	5.96748879413551	15.9124180968696	14.3861824807126	15.4513375256514	9.61470695144694	23.2095505002963	22.9509367286881	13.6351492605901	23.1466014754168	38.7112607907421	36.0520149189349	33.6531143107018	42.8707834520123	46.9412099038598	57.6620606257934	66.4039977291221	65.8702494376981	70.6871529569295	82.9750757267732	92.273235440128	103.947054829692	92.226042579411	109.42802093014	108.884179122737	121.580860384311	141.45244308007	134.523460723693	119.275933110416	134.378436798813	147.819524458727	154.375353943608	153.9311850618	164.046187838067	177.431118646409	177.933773528931	170.421178334036	187.42143889923	170.24482871862	189.10610774025	184.448531762956	188.559627978411	199.692747695461	205.400198568804	209.87536520592	222.365303329251	229.158024181759	280.973955384863	0	0	0	0	513.622261284287	396.925491234187	537.475570177499	430.874600175325	509.821782188909
546.71	0	0	0	0	0	0	0	0	0	0	0	0	0	549.444841528919	-5.07123939649102	-39.3985192088369	-12.7175151422867	-7.79383433457763	-12.4533111946586	-0.0407635940267389	5.57472783230012	-19.2803574533582	5.38739449073583	8.20103123026415	9.25279688170926	24.8109561821853	15.2467557894005	29.7241394096498	33.4601040409659	37.0227514220723	32.5245280285946	33.7298861710524	52.7876497221828	55.8067139006011	71.0225946926574	58.4652420310215	69.5711170925075	60.8682919598909	89.7879406714416	93.7263118368059	96.9406916765534	105.754711070546	101.645282710106	104.211035567199	115.778267429811	123.317881087936	127.054402466042	120.784755428089	147.409795006723	143.563565749216	145.784348484337	140.658003102101	153.324514167822	147.105527175747	157.103805773984	161.11897840171	169.868533884435	174.942689986244	193.473298390146	188.118058269883	181.076449139218	208.607269542186	202.966495431279	227.421818807577	0	0	0	0	365.289637476623	360.046048822739	296.834826122638	336.597380723415	225.451001484271
550.042	0	0	0	0	0	0	0	0	0	0	0	0	1141.18231449976	26.5570239374879	13.408878067864	27.0335836763555	5.88844535277261	-3.90859722083734	12.4170030360114	19.3931748356305	16.0824886903838	22.7304253232486	38.0312172652597	33.208731682896	24.493965857683	28.0355683654045	23.7179263455238	34.1350849785572	40.3240529716965	47.5150488591808	49.2566928905314	54.6963423590048	67.1735307420002	72.4008346244767	67.0329546894638	74.3324919797511	92.1729890818205	87.4086961775933	99.0419925965696	107.570735524435	108.020268985976	111.857206088418	121.97398922364	118.431559010501	129.80699735049	130.243549780862	120.390751007626	144.851441341899	147.571636473989	157.861840488928	163.115302509172	154.778165821562	154.860417074029	155.024128995612	166.108213840281	169.05684175474	168.444385744974	182.017901248512	189.576013570015	192.480373389758	205.097171481138	224.345887413083	209.867325544222	0	0	0	0	621.14031758527	404.172739720088	437.857534058342	451.826590508428	421.705623678999	391.166092128045
553.374	0	0	0	0	0	0	0	0	0	0	0	0	143.255458446536	-9.88953008376819	-3.49753519242063	2.85544571056867	1.33384255063757	1.29247617059806	2.88664394444835	10.6507498470186	19.3507949271327	9.72749477073702	12.4656304745714	13.3778192496995	21.3633028734564	19.5752673110546	27.4003722920163	37.0993528506016	30.8236247301208	30.6336888115967	34.0262645192087	42.8814138628569	55.0300032445271	55.7038838684415	62.2568647668452	60.7479201839645	64.4023882498689	85.489497416294	67.2840947977859	85.2879307949309	84.1510327440384	92.8448421843312	93.3240374941846	100.368824149245	113.668409289522	107.273645205835	120.386858629423	116.196125794638	131.579907201136	130.991915746297	142.669878461073	140.395410136505	146.411070354251	133.193981582675	133.167019287068	150.655571106446	149.711488516348	152.270749817494	168.946370167842	161.801753625408	158.723572343758	196.501979983993	180.903395678414	0	0	0	0	364.139976111538	315.866956749738	311.136989507248	319.015242868788	277.818025263735	202.634183738185
556.707	0	0	0	0	0	0	0	0	0	0	0	500.82286905788	-4.3988787853538	11.828318951416	-1.0236196446098	-0.551966543096968	7.14718674512031	28.2693872271526	15.1534234255424	23.0808737471301	18.1385847029387	4.41296584787931	19.6443639268205	23.3199341347966	27.7065602210259	18.5473739054251	24.2583962032276	27.2858502380719	40.0499332125269	38.756781016806	54.6888347405044	39.7892159274394	47.8888480430179	51.3994639189474	63.0001814113054	73.753882539377	67.0661332376884	77.3829715133625	84.6453512351632	74.7887939362887	80.5993889135742	96.5129580868606	89.979868936333	101.954015718704	103.106980237037	116.871693446026	112.327214736899	122.315676501116	138.824278255668	142.919295926103	130.336862870971	124.495316205167	144.005888276165	144.370447037898	136.744624880672	146.626507270815	148.968492852882	137.18330583009	165.737545315121	158.580268616382	179.029989461025	190.490593600836	200.21681890384	0	0	0	0	294.714346528488	338.945571634847	350.542534024662	335.846223447229	364.16274942483	368.987320432921
560.041	0	0	0	0	0	0	0	0	0	0	1083.92305737855	36.1742853048813	9.15160276538034	15.9816603163765	10.3263449194778	5.15469143451994	3.13926748568175	6.84392363837163	12.6776350984913	11.3279157920781	10.3385628327578	14.8312853015506	10.2849014736715	14.6182470525204	20.6436439925412	30.1104317424642	31.0825854624557	31.4733555957372	28.9260627102121	33.7878769725183	38.1323413070998	48.1259372279769	60.4016978783644	56.1446820911531	57.5988744123869	72.1591898524033	65.4186526628862	79.9587090161996	88.1545178315392	83.5151340090373	96.680933137899	88.4786090708496	109.308190603063	95.9241283782731	104.549122449177	106.076287863092	106.112718578029	118.692978239496	118.766784444848	117.398447965713	127.655496453646	132.925710995103	123.025826430095	132.619698371755	133.737915821041	142.585837722579	135.35077266037	154.24483822426	143.926899162196	160.777790226361	171.882800762766	171.738999698733	0	0	0	0	448.455891311931	304.348417974927	304.635793701552	323.228738756621	440.264090333863	259.356004967849	435.92018496611
563.375	0	0	0	0	0	0	0	0	0	0	161.140195969769	33.4657860874755	11.3008166667774	27.8794586386706	25.0803101629703	21.5874451057374	15.6874066468236	15.0202124480237	17.668092290628	14.1012751694956	23.354512410956	16.9625797160691	37.9324113462458	18.4719181136733	21.7237642777632	33.7996462469396	30.9306621765555	32.7258973752739	35.4819416605456	40.6861946596432	45.7085899220011	45.4724780306429	57.9748373601116	59.0401697260564	68.4553532878423	69.4111356160561	67.196368586797	83.5296714701751	77.5279089904883	80.9614853241861	107.326320351244	91.2867381776117	94.529850650853	105.439517926838	100.167892239957	101.387938703214	99.8155435558369	109.810690008017	122.125394122173	112.559176353472	111.619497705887	128.914640064291	117.951536741213	133.057070733194	145.503139859114	135.936055720948	137.054959363296	139.737126140449	158.277775365284	163.404535414544	175.734769857496	180.796430958646	0	0	0	0	304.733006830154	255.766296029078	308.082618594795	373.515154460199	307.828848382514	403.769846407171	426.771505093746
566.709	0	0	0	0	0	0	0	0	0	524.50688700855	42.0343764499467	9.79611183694132	8.25748801407479	8.90941200613084	10.9829848816635	22.4235830624944	24.6107931540189	6.10294888041807	14.6063611326903	26.3195801943518	14.2954741208173	24.641818059521	22.4791025144208	32.2917160503284	26.1545011467534	22.0620333149168	24.869127508602	35.1185826878904	34.0333882631158	45.6305993972044	38.1571578848819	49.8178249912522	47.8285879905522	63.6437457204349	63.827408527277	66.5552475311291	69.5292169793715	75.3953442529607	91.5397908658773	99.5330069831034	76.8010708773188	79.5285812454508	92.2659934310604	87.086839415895	79.3498152832629	93.3547796470318	101.095799710241	105.668772872491	106.505190092451	118.477949095012	112.815635375998	118.87456689777	127.907178422442	126.751041888657	125.950936632459	127.829970996133	129.050954217472	142.279002278743	140.857136052188	133.793700474026	150.385020510567	154.634365036737	0	0	0	0	252.32280698228	304.041085762881	289.524729885476	281.132866778476	334.027347104749	317.315324733359	288.157395849625
570.044	0	0	0	0	0	0	0	0	1054.65154723536	18.9957073198298	-7.91562819412387	-9.34439537614441	-7.81393297113824	21.8710422291421	6.59401225993389	3.4176065515811	-6.96193107147416	9.29878047690498	-0.86103052256057	11.7365549099704	22.1844182127719	15.3484625606757	14.0780784490511	17.1041865044388	31.0052956432145	29.7935155823861	16.2040188782406	29.105294454984	33.8624877689273	29.3152075274174	33.1848806123663	38.4740468771444	40.9768202495062	41.960636048632	59.3284724244517	50.6244107318498	59.9755108118176	54.8813388388139	57.0816063131762	58.9776754431825	64.3026726658216	84.5245006870003	80.5205266503806	84.0435424980368	90.997256995094	92.9796798887652	83.2747690665965	78.0164145804472	91.8430877397159	111.335149522881	100.848643355319	104.180731206738	105.846270329792	110.218176079795	108.3521282155	114.214546148326	117.191432639807	115.535876769939	122.1138417404	136.234017291117	136.957816413419	0	0	0	0	343.787314821643	233.73718414665	253.297946606264	281.455963669868	258.922165334715	298.858542675401	284.004186407111	236.613271916038
573.38	0	0	0	0	0	0	0	0	175.466402451653	33.2260113277413	-0.633518609566915	15.3254939885955	8.96548515715821	13.9621245241058	4.53208543348845	24.3515550551951	20.5267585353836	28.5185550377691	4.24734387757277	23.6041946601079	19.2502015446395	26.6061158221396	23.6125611496568	27.0740268766026	19.1696942632674	22.1034653225581	23.4474125437355	28.9339830463879	28.0110537669671	39.2063911233363	41.1653876207524	43.4855115770347	38.1962798631347	50.6559967292996	63.6870673799405	56.5260527063275	74.9512930744722	68.3089704117306	70.1610630884161	74.0894377566489	77.3500611652029	90.2825512934302	89.4067039349873	73.9961080054632	82.7305479860429	74.7867282733487	81.0973183828136	94.1468937349546	102.756206878251	112.033917905153	109.748924990558	97.3223098200251	105.646898799492	112.05563787028	106.089858065354	110.613848991669	113.69389679608	132.526786445772	128.507994496048	132.746262711195	141.945967758308	0	0	0	0	258.444310400247	232.581521365879	263.238314167116	312.182765904145	276.248270200693	294.704527559439	372.942028268097	242.347339007598
576.716	0	0	0	0	0	0	0	423.472268319827	-9.2976318329083	-5.75235200120082	0.591830284756208	5.25234181172045	-7.30876257860394	10.1466773309082	10.2239126281461	11.1960087962194	3.24726593677282	1.77825537842999	8.07658387285636	13.8113246257742	10.73121576268	6.76639694133478	-1.02254616093986	13.7873366563811	29.9996019408961	28.3259894319124	34.0484766764076	19.3668567317592	30.1275792628814	31.8773695126941	39.8740885719957	52.6818062501617	36.9126409493336	49.9457989905027	39.9279290415455	54.5762149647581	56.3628137841033	52.9527605170364	57.35448987888	67.7218229841047	57.33068936339	55.7092684467617	71.4746358124817	69.4483031229372	81.9334205481813	75.5838965952049	82.7518569685433	84.0749388995267	87.9997252604901	80.9772884294839	98.9788061271334	94.6231043929067	100.64386904919	97.8543113091891	109.434465128495	117.507548415434	109.292384773304	112.341656905115	111.452426680799	134.323106640909	122.467899056555	0	0	0	0	216.861818747806	181.818564325881	230.308295537179	177.453783821691	234.032036425656	240.042963111076	142.336186482074	230.50564037769
580.052	0	0	0	0	0	0	833.538745388764	16.2608893723746	1.96362622727191	-4.44202349890895	-11.6180207854554	14.6141893581685	-12.8612928003195	-1.08905557268354	5.05813835749949	3.34299763111109	7.8450266371683	5.74489957410823	0.432718486624901	-1.67680203766842	0.756060306506452	11.7417329312842	20.2649155440901	23.5003077997599	23.8653748702884	19.3854173630679	18.1704111247279	23.9868982515218	30.4578092213332	33.0813309478732	41.04011968037	26.0536373508874	46.6542843936513	38.4492100463709	43.3207848506034	44.0576483883867	41.5165419302263	57.8537141302714	69.5922463042539	61.0475442733033	67.5921950385721	50.8825421055174	52.6505429199396	69.3361951262601	63.5688902226832	80.2838191671406	66.7373907599747	70.7033442862574	96.8001419809069	83.4542632314861	75.5222377387895	82.8858148140691	82.1832960360137	85.0020865190535	91.8188815159973	98.7136918940624	102.783052230147	109.933008372235	97.1564669068277	114.091985342664	0	0	0	0	299.498866719756	187.252002230759	211.722299996728	245.526926156711	293.419260886257	183.478827586986	196.012860665797	224.441884883137	295.369612757309
583.389	0	0	0	0	0	0	109.549704866841	3.34512881184276	-0.00708238766982515	22.6265611377433	16.9080394592302	8.09913744424747	20.9943264554697	13.7332997289215	12.0616219264491	9.10212268021908	30.7078603989205	15.3338184994706	19.7108931601168	10.8440065228386	15.1240208227802	41.0270422082429	18.8916716205799	4.9799606522015	20.8339536906031	14.1879640124604	21.8871581076473	31.1916555762432	23.5194778535885	34.3481939599041	23.3483496286119	35.2051146958722	34.5569168304204	47.0589539321615	41.448080791866	49.1752484536797	44.9907573123499	49.6986112234555	56.8246310847451	55.4563483018322	65.5202033086008	53.7828010217483	54.9507742271683	72.1006261332491	68.4988849672194	67.4934836616082	72.3633541545886	80.1686624812209	71.7078795080877	90.2196323999489	77.5211194913813	96.9017327403409	85.7000685298764	100.322276538931	90.4587401051515	84.838500743621	95.842197818959	101.996907870254	104.967074219206	116.663344404653	0	0	0	0	176.201459480309	196.809178999375	204.706020863636	242.242180814617	206.765131249401	196.779468001818	283.704270105461	305.371241798532	223.398830446218
586.726	0	0	0	0	0	399.490606828968	-4.17269910547217	-6.69778863212744	14.248141001746	18.0785732422212	2.39321421493395	14.402985050206	15.9216463574107	18.8587461947151	13.4407395119128	1.40399324457621	-0.444589403677379	-0.00197417181579434	16.6351328405753	9.52722533057488	15.7828437643773	16.8677078263774	10.3929193149536	14.3152310313306	15.1228561045964	17.9381159066649	26.6100328850003	19.4715946150883	21.6917498725308	28.4036792810862	27.4188984847013	24.8770383577936	37.9017628094557	33.8929342371771	47.1760535159752	34.2768544004975	53.2323469456795	39.0010096689721	53.3976828192734	58.6652708933649	49.3506280931223	64.0351246082042	55.2507459494424	59.274811431073	66.7425494057039	59.2088832918211	64.2395814704052	58.4439930067063	79.6124286159485	83.9669075364058	64.0290730301381	72.9031632087969	73.6916655551804	70.2665905001763	84.66333650837	89.0676405276492	101.200993399054	93.3424967219445	93.9462794106083	106.659207888961	0	0	0	0	146.867649288112	168.37515047048	175.241832869721	157.456981535736	229.876051016833	292.290515005907	185.155169316365	252.531020274317	207.742943581137
590.063	0	0	0	0	776.740995054441	36.7252703536094	-2.09559376882066	8.04115248811345	23.39833939608	16.888746608862	-0.0179574864644103	-12.1562267215276	12.6532543905809	-17.40415165394	18.5222038887059	21.0254470532017	10.4975260369681	4.80044784547808	17.976580762155	29.9264000986705	23.3814614414299	9.12955430064649	23.4226374249502	14.363261332495	13.8766511387827	15.5004498527276	22.4500438983677	18.5326161350627	19.4641266029827	19.6499505141105	30.8720732940658	34.0581802363811	38.6395935413802	37.7141709846181	40.1178088528981	45.9813502541605	54.0809152469333	47.7168071313102	45.1962058805814	49.5072373230024	53.6853690344501	49.9401055919543	54.4438074367813	55.1657090786362	48.7227097685875	55.8235388437744	62.1397949843578	71.0743448142156	60.7637395607138	69.4577842780636	67.4615163631788	68.9927843204998	73.9879859552039	71.1063721546111	77.2200818474221	64.6387015376785	77.7149300106977	76.4331087881666	97.4187775858501	0	0	0	0	241.618570854594	137.577370838915	146.242489740388	136.713620769446	164.307490888232	146.990632821809	223.565828265194	193.966977370373	272.552208926614	306.717623910266
593.4	0	0	0	0	82.4020167369148	-9.46579319851571	-15.4921472530798	-18.3702816132331	-11.8397470506022	-18.4034003861198	-23.1631624799528	-22.2211713000445	-10.0816291842402	-13.8398559219176	-15.7246009285221	-21.8436949519084	-7.43917911904723	-17.231946654368	4.2014561302128	-12.557899879186	-1.54274066434925	-7.92122533158762	-1.7288124265817	1.93474731276501	11.7718628833468	9.45093440549879	3.37533006024612	18.3976165698781	15.8249820743912	18.4442214773726	17.7870840287987	19.7300010429995	15.4655125201478	21.6817448102561	23.7757897550572	25.2528763921094	23.4823099395036	16.1240078508298	33.7808045326779	20.8676573953698	48.9630521157079	26.7147632533717	34.2724476810493	27.3787093876827	55.4324753958199	41.4933728451591	54.1917162264295	43.5227671999922	61.7514465853801	58.1993247574083	49.8201842737828	50.642554047418	52.2091564657954	52.2894980655279	66.4259054053692	55.5865328655252	74.3854698837426	63.5053526951514	61.948595625983	0	0	0	0	137.907368987718	122.300877885403	98.6303692321465	140.852735881423	121.23620009453	100.025162670971	127.974576088907	150.422689734041	27.6275843520053	48.5974208131401
596.738	0	0	0	360.857599998011	5.38830465134468	2.98339249866177	-17.927850571836	3.47956905223284	4.70484808268594	9.05901501564522	5.5808698735367	-2.96951548015652	-7.90892374991463	6.50970049531586	-3.60298138288327	6.94293730896934	25.4263873431884	15.2870470016085	16.3546238434313	17.7195150508527	-0.00710801800102853	15.6048659543711	22.203750838214	23.6204103562403	13.1088302598027	13.8345834503733	10.6817684361859	10.283450595209	22.0622047131391	24.0379156864361	22.6882157437029	20.5999111383239	33.592840846016	30.2922043710457	23.8997958073005	26.6395810047203	29.4677261929887	42.1584112324297	44.0741960726522	52.4238600341002	40.1811303004437	55.1887453619328	49.6887368866641	40.6009672334573	52.8018628708681	55.2788551383438	50.9194180576841	60.1038590426852	70.5830387657237	69.9853799098535	71.8404218247146	64.3481678102579	66.0931058855091	67.3767302567899	63.4595420949497	76.4884392749713	69.1647636281521	80.0318651103538	79.0132043789836	0	0	0	0	115.164721085955	127.865277490099	146.709888199099	141.550993432986	196.61493653789	217.157213056603	126.966659280122	237.652070819054	200.441192366942	108.742779594627
600.076	0	0	769.560812104585	-17.9356618770828	6.22190976004601	-31.6066088432661	-7.25629568133558	-32.9870447129373	-16.280657906409	-21.6311832033448	15.7587773805623	5.42303081300428	27.6343362907457	28.585482848577	2.07951521129507	5.02107138179385	4.77285101682044	6.38854284900394	6.11685361852073	24.2076580708405	7.8746827021903	14.6574693789131	3.12438228636488	5.77093846292936	13.8354599435357	14.5124997340208	13.5019393602844	17.4730812936459	21.3551650417176	25.2271558276205	18.1045172690534	26.3433467086604	26.8855065548079	32.6658196311785	29.9311681103602	36.2600708529215	35.5539984185526	44.406920687881	28.1785125753159	38.4927570255018	32.9309664917178	53.7287024346103	50.0717476773303	45.0493778409932	32.4762022656101	49.7979188859138	43.3698815711756	56.0727864914121	55.1043696325292	37.7929370672512	53.9198345030492	53.8136229840533	68.5392034349057	67.7840080461128	57.4853901990163	55.5320782546159	85.5015055014329	74.6276576121969	0	0	0	0	187.855209618055	101.625070444126	123.258810778182	140.276696762146	116.89475702766	132.691681178683	136.661073718751	169.879647115671	114.05875637779	158.973011245962	201.650001493961
603.415	0	0	136.371092943873	27.0555624439121	21.1982558990309	-1.51577397585047	11.7438114358486	27.6532157144785	21.9509649970494	17.8128271883737	-2.53645477778657	18.2845547699359	-1.16223692151617	-20.5123927334691	2.66202721805071	-5.57047478950116	-6.74909242957733	5.52080511027696	24.2231879310385	0.425104226214555	10.735300687055	2.92038510886868	9.26746021155066	16.3105951435849	12.0673520139634	20.6244524014239	15.3927787270721	8.61439419484936	19.0778231824988	15.2203660798279	17.0027559893424	18.6264991008826	30.9174715687643	20.3420404876031	30.8222275536654	35.2716194430579	48.2379412104095	31.245402148116	36.5686200666593	33.8664251475329	45.8595218540728	46.0316091445271	30.2877376982158	48.937880365073	47.6043244220199	34.9524352792856	46.8225739363411	40.3646546814314	65.3028671192392	61.2851975907114	42.7875527782989	50.0994567236954	56.7491704189268	58.2815262282881	59.7723863767502	60.7593174972772	58.020757107944	54.2406112173252	0	0	0	0	109.870728874701	97.8091804572782	98.8063912035042	112.839881489748	168.172141798546	145.725649513702	168.888494055491	131.531268505682	122.979303861606	185.451660974589	161.070382858906
606.753	0	374.61375383748	40.1892353095597	13.0561437987551	6.30193440993121	13.697992756478	36.7489195607951	8.50541172453538	4.81129953676807	5.96953071732596	2.51557923750598	11.5503009259965	2.91701189033336	1.11529447833749	9.53920642524085	12.6385710881541	20.2460384744446	11.9922291204065	22.0749933880825	24.4664231721528	17.5049901048699	20.8026791662116	10.0985396279489	11.6780666866746	9.11797480470002	11.5531401946973	20.5840211705478	23.6532542547252	22.1019267680715	26.1178165299239	22.0610295455243	30.4566063329402	35.7259124021074	29.1254458941706	28.9763375578628	40.8255548246773	24.18247014568	34.5585956477383	39.8696594710334	43.4760279044234	52.7195350110654	34.5047613019136	64.3483405837772	43.4164296064598	42.3097577756221	38.8649479814148	56.2682456684869	55.4293716832771	58.860049418687	52.3432271893959	62.4377354145955	70.7464466100427	59.2525136718741	74.4440491370789	59.317200723145	76.8638399431432	60.1859673436645	62.0982402206873	0	0	0	0	106.41417963897	107.379191962362	100.877057521267	103.624429644903	146.954172160803	151.524572675076	115.991181109271	131.539959935933	208.937548832871	188.720890471399	296.200069210956
610.092	702.423373179742	46.4593125105065	-11.3683272440423	-31.2707662113282	14.9413864120335	22.8914336512541	-24.3320818000988	-7.81947129900169	-4.16259600834368	-5.29908157354029	8.90075666476335	-10.9820562533969	-5.28846274727219	6.12489383538276	11.1449082653072	14.6814577596696	-6.31064312949347	9.7141032187353	15.4748231323944	-7.64846151421369	3.96651898526089	-0.428582729978404	3.20361242089793	4.68444601758093	14.843814467228	18.571536730513	13.9066333994507	9.53433038377338	17.2525357853671	13.0207551753467	3.78653305703882	14.872891243674	19.3510413295243	18.1793896597131	26.5039825542126	20.3137054388055	27.2827265488258	16.5428670716159	21.4218795951249	26.4134744939175	25.4331561658938	38.5032462453752	25.0138639807368	40.0010430872079	37.0011433242212	33.865607158815	43.0274760021782	37.1437474644874	41.9721338449848	56.5854148663735	35.3944961088326	48.9070412057466	41.6803130185009	41.6576019015835	46.0664413372965	47.9797469056058	59.6888662717535	0	0	0	0	136.6532445292	49.9913902062025	71.5916266784827	104.216180892843	110.523474752917	76.0576698186449	99.5023075077186	118.953666354198	135.247630417691	33.8463437496582	76.1884003146733	84.5476656907115
613.431	180.169314939629	30.023382317935	41.2519642205579	33.7013222767807	30.7552277475267	16.0059681995744	14.7370292900198	14.2267569079535	40.5703431211829	19.2127526970865	55.3936574644865	18.33917740131	33.8122784081271	22.819739717676	11.6918126834495	29.3884927560699	33.8499008065433	11.5505793954844	23.0057997449162	41.8469343604864	32.3106534349867	20.5096946790128	22.9096631314787	18.426158382735	23.9991110634889	19.0248104857434	21.0998899858317	19.2710806167183	21.7671408705858	24.4736030909236	26.8120057762251	32.7039778198255	32.6033681776979	47.0330461357848	29.9908421287056	25.4390067049111	40.7030715893596	37.8272795066264	31.0151171234304	68.7331489700199	51.2207012053412	51.6658315005239	47.7965745758582	40.3055236003978	54.597191231693	55.2012134055873	50.1252670207263	65.2016928121631	51.7107568523565	51.200239080546	57.9575218829365	56.3184209115222	80.3316806927116	66.2432334779538	53.6239619489708	65.1745993247223	68.381575700166	0	0	0	0	117.271102290521	98.8120911452748	113.617967365721	98.5659455937514	116.937902623941	129.117783464387	182.232761684889	172.18852605081	152.715415448921	225.485993637203	177.59943154848	288.074902731625
616.77	-30.808861889027	-0.00596198711459362	10.7409701473957	-21.6616893806093	-10.3770152509901	-19.3411781300305	-13.4265050662515	-7.95089892756297	-6.9845616376565	-30.9221199816308	-33.554793965015	-11.7824489506	-10.0853731589929	-18.0827817301537	-11.2817154203753	-14.358930554643	-12.2826930293281	14.9988073239894	-11.2173067748383	-14.191384799125	-16.2217791358479	-1.92491683428664	3.5983554933756	-0.00291471487728461	14.7336840085551	8.3184436579788	12.9566692588516	10.5656012332044	7.14114742277003	10.6465574051376	17.5595136607001	12.5584400833357	14.1453048943756	7.55111031462228	14.5562309421288	16.9921128148337	14.335678141937	13.4629810042308	7.96891466158753	15.5396007633698	26.5787627023743	29.944261405559	18.7348528874464	22.9555473712627	30.6145236296207	28.1653371387944	23.0634560558665	31.3116870392455	31.0195141348059	37.8893425764308	28.4480510169467	31.7078672214775	32.947511953596	30.4527084681615	42.351747651239	37.2696758582591	44.0814678080913	0	0	0	0	69.2368597277341	22.6327932244896	59.5532310071506	54.9664444970215	76.2154161309698	70.5779271777317	39.9168298171463	45.1022373676241	66.9729716203418	70.3621629748822	68.8455779830671	3.76892564974037
620.109	-15.8843238003057	-30.2655916920317	-40.3488633392766	17.3630539286398	-28.5691901541254	14.2830282884647	-7.38175221596329	-6.2004112763047	-11.1920433891118	-2.48255603658273	-0.0737402879551668	-0.00685029667619966	22.5431921740925	-15.3027955737464	-17.2956719551503	16.4077045800376	-12.0968370437562	-1.73431980912251	-9.97750382187411	7.29266525129763	-7.01909470500113	-14.4756223655692	6.104312169935	5.83654339960512	3.30257515825338	-5.695315789233	11.7273072620858	14.3266056093975	18.0345296763136	18.3253858157123	26.6190208408369	10.6374190426843	11.0834006266152	10.50062984159	17.1026363995526	28.9390456664814	18.4767928655193	15.3721072355666	38.7150892667351	46.2677659790473	39.6383422729581	25.6662419989823	38.4179236830582	29.5663886018829	11.4028905127441	38.2350226202771	37.7029760411522	43.9793556745256	50.3447667365342	54.4652107855737	44.5572340557118	49.4152829836895	36.1076222407866	49.6985176722199	49.0606953262456	53.8298183086833	0	0	0	0	161.723213346155	58.6787212685127	100.213050975169	86.7401025335881	89.6531554850536	80.9033050436223	178.053291414922	129.416032480034	206.854213163531	54.5251205274714	102.14721591667	102.191846342061	-18.3635934674783
