Sample - Blank	600	595	590	585	580	575	570	565	560	555	550	545	540	535	530	525	520	515	510	505	500	495	490	485	480	475	470	465	460	455	450	445	440	435	430	425	420	415	410	405	400	395	390	385	380	375	370	365	360	355	350	345	340	335	330	325	320	315	310	305	300	295	290	285	280	275	270	265	260	255	250	245	240
nm																																																																									
213.328	0	0	0	0	0	0	0	0	0	0	0	0	0	0	0	0	0	0	0	0	0	0	0	0	0	0	0	0	0	0	0	0	0	0	0	0	0	0	0	0	0	0	0	0	0	0	0	0	0	0	0	0	0	0	0	0	0	0	0	0	0	0	0	0	0	0	0	0	0	0	0	0	0
216.504	0	0	0	0	0	0	0	0	0	0	0	0	0	0	0	0	0	0	0	0	0	0	0	0	0	0	0	0	0	0	0	0	0	0	0	0	0	0	0	0	0	0	0	0	0	0	0	0	0	0	0	0	0	0	0	0	0	0	0	0	0	0	0	0	0	0	0	0	0	0	0	0	0
219.682	0	0	0	0	0	0	0	0	0	0	0	0	0	0	0	0	0	0	0	0	0	0	0	0	0	0	0	0	0	0	0	0	0	0	0	0	0	0	0	0	0	0	0	0	0	0	0	0	0	0	0	0	0	0	0	0	0	0	0	0	0	0	0	0	0	0	0	0	0	0	0	0	0
222.862	0	0	0	0	0	0	0	0	0	0	0	0	0	0	0	0	0	0	0	0	0	0	0	0	0	0	0	0	0	0	0	0	0	0	0	0	0	0	0	0	0	0	0	0	0	0	0	0	0	0	0	0	0	0	0	0	0	0	0	0	0	0	0	0	0	0	0	0	0	0	0	0	0
226.045	0	0	0	0	0	0	0	0	0	0	0	0	0	0	0	0	0	0	0	0	0	0	0	0	0	0	0	0	0	0	0	0	0	0	0	0	0	0	0	0	0	0	0	0	0	0	0	0	0	0	0	0	0	0	0	0	0	0	0	0	0	0	0	0	0	0	0	0	0	0	0	0	0
229.23	0	0	0	0	0	0	0	0	0	0	0	0	0	0	0	0	0	0	0	0	0	0	0	0	0	0	0	0	0	0	0	0	0	0	0	0	0	0	0	0	0	0	0	0	0	0	0	0	0	0	0	0	0	0	0	0	0	0	0	0	0	0	0	0	0	0	0	0	0	0	0	0	0
232.417	0	0	0	0	0	0	0	0	0	0	0	0	0	0	0	0	0	0	0	0	0	0	0	0	0	0	0	0	0	0	0	0	0	0	0	0	0	0	0	0	0	0	0	0	0	0	0	0	0	0	0	0	0	0	0	0	0	0	0	0	0	0	0	0	0	0	0	0	0	0	0	0	0
235.607	0	0	0	0	0	0	0	0	0	0	0	0	0	0	0	0	0	0	0	0	0	0	0	0	0	0	0	0	0	0	0	0	0	0	0	0	0	0	0	0	0	0	0	0	0	0	0	0	0	0	0	0	0	0	0	0	0	0	0	0	0	0	0	0	0	0	0	0	0	0	0	0	0
238.799	0	0	0	0	0	0	0	0	0	0	0	0	0	0	0	0	0	0	0	0	0	0	0	0	0	0	0	0	0	0	0	0	0	0	0	0	0	0	0	0	0	0	0	0	0	0	0	0	0	0	0	0	0	0	0	0	0	0	0	0	0	0	0	0	0	0	0	0	0	0	0	0	0
241.993	0	0	0	0	0	0	0	0	0	0	0	0	0	0	0	0	0	0	0	0	0	0	0	0	0	0	0	0	0	0	0	0	0	0	0	0	0	0	0	0	0	0	0	0	0	0	0	0	0	0	0	0	0	0	0	0	0	0	0	0	0	0	0	0	0	0	0	0	0	0	0	0	0
245.19	0	0	0	0	0	0	0	0	0	0	0	0	0	0	0	0	0	0	0	0	0	0	0	0	0	0	0	0	0	0	0	0	0	0	0	0	0	0	0	0	0	0	0	0	0	0	0	0	0	0	0	0	0	0	0	0	0	0	0	0	0	0	0	0	0	0	0	0	0	0	0	0	0
248.388	0	0	0	0	0	0	0	0	0	0	0	0	0	0	0	0	0	0	0	0	0	0	0	0	0	0	0	0	0	0	0	0	0	0	0	0	0	0	0	0	0	0	0	0	0	0	0	0	0	0	0	0	0	0	0	0	0	0	0	0	0	0	0	0	0	0	0	0	0	0	0	0	0
251.589	0	0	0	0	0	0	0	0	0	0	0	0	0	0	0	0	0	0	0	0	0	0	0	0	0	0	0	0	0	0	0	0	0	0	0	0	0	0	0	0	0	0	0	0	0	0	0	0	0	0	0	0	0	0	0	0	0	0	0	0	0	0	0	0	0	0	0	0	0	0	0	0	1186.42356165146
254.793	0	0	0	0	0	0	0	0	0	0	0	0	0	0	0	0	0	0	0	0	0	0	0	0	0	0	0	0	0	0	0	0	0	0	0	0	0	0	0	0	0	0	0	0	0	0	0	0	0	0	0	0	0	0	0	0	0	0	0	0	0	0	0	0	0	0	0	0	0	0	0	0	-30.1270200233227
257.998	0	0	0	0	0	0	0	0	0	0	0	0	0	0	0	0	0	0	0	0	0	0	0	0	0	0	0	0	0	0	0	0	0	0	0	0	0	0	0	0	0	0	0	0	0	0	0	0	0	0	0	0	0	0	0	0	0	0	0	0	0	0	0	0	0	0	0	0	0	0	0	541.394184096978	126.280560498905
261.205	0	0	0	0	0	0	0	0	0	0	0	0	0	0	0	0	0	0	0	0	0	0	0	0	0	0	0	0	0	0	0	0	0	0	0	0	0	0	0	0	0	0	0	0	0	0	0	0	0	0	0	0	0	0	0	0	0	0	0	0	0	0	0	0	0	0	0	0	0	0	3186.18766586032	-129.155999307758	-242.844842800907
264.415	0	0	0	0	0	0	0	0	0	0	0	0	0	0	0	0	0	0	0	0	0	0	0	0	0	0	0	0	0	0	0	0	0	0	0	0	0	0	0	0	0	0	0	0	0	0	0	0	0	0	0	0	0	0	0	0	0	0	0	0	0	0	0	0	0	0	0	0	0	0	201.736436499246	183.553668695007	-22.5845437693203
267.627	0	0	0	0	0	0	0	0	0	0	0	0	0	0	0	0	0	0	0	0	0	0	0	0	0	0	0	0	0	0	0	0	0	0	0	0	0	0	0	0	0	0	0	0	0	0	0	0	0	0	0	0	0	0	0	0	0	0	0	0	0	0	0	0	0	0	0	0	0	1358.0473130903	-4.74131793550874	65.5714341054147	-214.62995990407
270.841	0	0	0	0	0	0	0	0	0	0	0	0	0	0	0	0	0	0	0	0	0	0	0	0	0	0	0	0	0	0	0	0	0	0	0	0	0	0	0	0	0	0	0	0	0	0	0	0	0	0	0	0	0	0	0	0	0	0	0	0	0	0	0	0	0	0	0	0	5170.32814241313	98.4519867727179	16.6130564285356	-101.04806257611	-255.773380886244
274.057	0	0	0	0	0	0	0	0	0	0	0	0	0	0	0	0	0	0	0	0	0	0	0	0	0	0	0	0	0	0	0	0	0	0	0	0	0	0	0	0	0	0	0	0	0	0	0	0	0	0	0	0	0	0	0	0	0	0	0	0	0	0	0	0	0	0	0	0	453.120417620107	83.6873089708426	152.836911259473	-61.6479254086256	-26.4949939875822
277.275	0	0	0	0	0	0	0	0	0	0	0	0	0	0	0	0	0	0	0	0	0	0	0	0	0	0	0	0	0	0	0	0	0	0	0	0	0	0	0	0	0	0	0	0	0	0	0	0	0	0	0	0	0	0	0	0	0	0	0	0	0	0	0	0	0	0	0	2345.21741217407	97.8870856524926	68.0959928335503	-44.1807042393122	-212.957705918579	-65.9419514043031
280.496	0	0	0	0	0	0	0	0	0	0	0	0	0	0	0	0	0	0	0	0	0	0	0	0	0	0	0	0	0	0	0	0	0	0	0	0	0	0	0	0	0	0	0	0	0	0	0	0	0	0	0	0	0	0	0	0	0	0	0	0	0	0	0	0	0	0	5745.72324374008	226.66830951001	123.014269854324	198.806319938761	-21.5118375400288	183.300067855295	167.198261477902
283.718	0	0	0	0	0	0	0	0	0	0	0	0	0	0	0	0	0	0	0	0	0	0	0	0	0	0	0	0	0	0	0	0	0	0	0	0	0	0	0	0	0	0	0	0	0	0	0	0	0	0	0	0	0	0	0	0	0	0	0	0	0	0	0	0	0	0	739.193136582154	153.932894822613	164.124289284872	85.4658973685336	-170.309376554027	-44.5057179013402	36.2630663489132
286.942	0	0	0	0	0	0	0	0	0	0	0	0	0	0	0	0	0	0	0	0	0	0	0	0	0	0	0	0	0	0	0	0	0	0	0	0	0	0	0	0	0	0	0	0	0	0	0	0	0	0	0	0	0	0	0	0	0	0	0	0	0	0	0	0	0	2238.48645757803	193.011544031216	223.995056588826	217.90355428237	-64.3405749040946	81.5324455729617	175.142174986753	123.476610439915
290.169	0	0	0	0	0	0	0	0	0	0	0	0	0	0	0	0	0	0	0	0	0	0	0	0	0	0	0	0	0	0	0	0	0	0	0	0	0	0	0	0	0	0	0	0	0	0	0	0	0	0	0	0	0	0	0	0	0	0	0	0	0	0	0	0	4934.63270367657	212.782804360245	249.772794318508	242.827667938561	204.017903984691	8.28023269969815	74.0153699406698	-8.37004573925996	22.4285837855915
293.397	0	0	0	0	0	0	0	0	0	0	0	0	0	0	0	0	0	0	0	0	0	0	0	0	0	0	0	0	0	0	0	0	0	0	0	0	0	0	0	0	0	0	0	0	0	0	0	0	0	0	0	0	0	0	0	0	0	0	0	0	0	0	0	0	822.095248675198	294.5105438474	329.364463893156	285.622608314585	173.695025218617	113.654183681818	145.259418043787	203.521849827131	112.032105207823
296.628	0	0	0	0	0	0	0	0	0	0	0	0	0	0	0	0	0	0	0	0	0	0	0	0	0	0	0	0	0	0	0	0	0	0	0	0	0	0	0	0	0	0	0	0	0	0	0	0	0	0	0	0	0	0	0	0	0	0	0	0	0	0	0	2314.00869461464	269.44298585952	340.599296550967	390.480764237374	372.280861996014	223.503775964218	309.116703102491	322.508988363051	341.499175628185	338.430859539215
299.86	0	0	0	0	0	0	0	0	0	0	0	0	0	0	0	0	0	0	0	0	0	0	0	0	0	0	0	0	0	0	0	0	0	0	0	0	0	0	0	0	0	0	0	0	0	0	0	0	0	0	0	0	0	0	0	0	0	0	0	0	0	0	0	282.09203037772	281.957265356093	370.727295605026	423.471998828322	276.553553885806	293.105457775935	281.502280216078	171.647399761697	202.618408855709	154.453983663074
303.095	0	0	0	0	0	0	0	0	0	0	0	0	0	0	0	0	0	0	0	0	0	0	0	0	0	0	0	0	0	0	0	0	0	0	0	0	0	0	0	0	0	0	0	0	0	0	0	0	0	0	0	0	0	0	0	0	0	0	0	0	0	0	866.191405133543	198.660214231492	359.000499802933	442.748235911823	480.783154469239	388.025177313237	405.521466668838	288.137493394959	291.048275559068	208.555811534185	369.556017657441
306.331	0	0	0	0	0	0	0	0	0	0	0	0	0	0	0	0	0	0	0	0	0	0	0	0	0	0	0	0	0	0	0	0	0	0	0	0	0	0	0	0	0	0	0	0	0	0	0	0	0	0	0	0	0	0	0	0	0	0	0	0	0	2559.06416908721	93.1135627416866	210.594086881247	327.915752905335	486.140501241109	439.814228240213	376.827398779323	326.402298470074	227.246746646256	76.5087147494271	169.858618618567	213.310127452683
309.569	0	0	0	0	0	0	0	0	0	0	0	0	0	0	0	0	0	0	0	0	0	0	0	0	0	0	0	0	0	0	0	0	0	0	0	0	0	0	0	0	0	0	0	0	0	0	0	0	0	0	0	0	0	0	0	0	0	0	0	0	0	256.876549879819	98.0613553111958	235.757616748371	379.857379189519	501.033010279094	438.994788539492	392.715566597685	399.447324162833	317.816426135679	323.872203791967	179.190169423239	267.708695468387
312.81	0	0	0	0	0	0	0	0	0	0	0	0	0	0	0	0	0	0	0	0	0	0	0	0	0	0	0	0	0	0	0	0	0	0	0	0	0	0	0	0	0	0	0	0	0	0	0	0	0	0	0	0	0	0	0	0	0	0	0	0	1099.93043731621	68.0754579598195	135.186995188832	248.399795621257	404.091153941527	451.432434929871	491.818321327374	429.637388055083	329.895542408412	296.502832969362	253.096496952321	144.133816168489	124.465693315942
316.052	0	0	0	0	0	0	0	0	0	0	0	0	0	0	0	0	0	0	0	0	0	0	0	0	0	0	0	0	0	0	0	0	0	0	0	0	0	0	0	0	0	0	0	0	0	0	0	0	0	0	0	0	0	0	0	0	0	0	0	2820.69620848704	54.1070116117158	74.6465869542981	123.792493861139	282.587164943631	434.713937816028	476.819835539572	532.856169705992	467.805509433878	357.085671864252	407.888683331543	293.415532178004	246.258053592557	245.120364190015
319.296	0	0	0	0	0	0	0	0	0	0	0	0	0	0	0	0	0	0	0	0	0	0	0	0	0	0	0	0	0	0	0	0	0	0	0	0	0	0	0	0	0	0	0	0	0	0	0	0	0	0	0	0	0	0	0	0	0	0	0	335.665428637029	73.0783669110462	109.063234633165	195.07880989159	332.935348407587	350.998062992759	510.380015700855	566.430488666367	445.02823514867	386.834548217193	308.88806083884	334.146097764927	322.618144255562	264.965620300223
322.542	0	0	0	0	0	0	0	0	0	0	0	0	0	0	0	0	0	0	0	0	0	0	0	0	0	0	0	0	0	0	0	0	0	0	0	0	0	0	0	0	0	0	0	0	0	0	0	0	0	0	0	0	0	0	0	0	0	0	1342.84535660672	69.084216582095	90.372693498369	125.480043384625	205.284228443822	319.865771499836	407.143918871688	556.435444612335	564.387084092969	506.708468015864	430.491050215471	350.181259473789	388.919473934411	325.757903797244	252.464637313113
325.79	0	0	0	0	0	0	0	0	0	0	0	0	0	0	0	0	0	0	0	0	0	0	0	0	0	0	0	0	0	0	0	0	0	0	0	0	0	0	0	0	0	0	0	0	0	0	0	0	0	0	0	0	0	0	0	0	0	3082.15430193855	107.358116227975	50.6703947109944	77.6474072970002	129.229339426537	199.193526405796	254.828141948915	396.159603385268	469.064416150165	440.970295547446	423.873375166552	371.584101957127	311.127304034157	292.548464924777	135.865400899574	149.35759337087
329.039	0	0	0	0	0	0	0	0	0	0	0	0	0	0	0	0	0	0	0	0	0	0	0	0	0	0	0	0	0	0	0	0	0	0	0	0	0	0	0	0	0	0	0	0	0	0	0	0	0	0	0	0	0	0	0	0	0	438.799551830306	44.2330434953122	60.83771503742	79.5049079453167	144.132455907619	227.857645853343	283.29892594655	452.259999614944	532.852489153723	558.979634067051	465.348105046256	398.495503911323	258.705384050278	251.234771320394	189.213325926928	290.078478917095
332.291	0	0	0	0	0	0	0	0	0	0	0	0	0	0	0	0	0	0	0	0	0	0	0	0	0	0	0	0	0	0	0	0	0	0	0	0	0	0	0	0	0	0	0	0	0	0	0	0	0	0	0	0	0	0	0	0	1422.51146200601	49.2888150358603	74.1532593123847	111.792564324685	110.379376467567	176.533136077436	240.292659750899	347.319623776867	488.820819418546	522.352051839237	527.050560214389	468.95092534219	409.491304843331	382.699529187707	371.014573992955	265.959748049552	236.290885075066
335.544	0	0	0	0	0	0	0	0	0	0	0	0	0	0	0	0	0	0	0	0	0	0	0	0	0	0	0	0	0	0	0	0	0	0	0	0	0	0	0	0	0	0	0	0	0	0	0	0	0	0	0	0	0	0	0	2933.09509057828	103.630737806742	34.9846983878189	75.5279344604252	114.847709997747	152.442105729782	167.904466315022	239.202967634679	331.919239322679	442.695977677645	453.058354398694	506.86527036254	445.184535507548	462.750750247775	316.682814124345	438.61542252219	406.589308986907	302.725721601994
338.799	0	0	0	0	0	0	0	0	0	0	0	0	0	0	0	0	0	0	0	0	0	0	0	0	0	0	0	0	0	0	0	0	0	0	0	0	0	0	0	0	0	0	0	0	0	0	0	0	0	0	0	0	0	0	0	480.860269873305	71.9607567609592	86.5290913938755	109.228557734575	133.544358549079	195.960010165915	181.037757175718	296.074798483331	379.417742326691	473.960506533231	497.630084287666	479.291183396158	460.95735082425	438.371794071667	485.523562588279	385.931272109215	431.021255699177	483.021517879363
342.056	0	0	0	0	0	0	0	0	0	0	0	0	0	0	0	0	0	0	0	0	0	0	0	0	0	0	0	0	0	0	0	0	0	0	0	0	0	0	0	0	0	0	0	0	0	0	0	0	0	0	0	0	0	0	1328.97184600786	52.3232980009085	68.3248922532559	97.0159727491668	143.606555288817	154.86104954165	187.872481387562	199.495688127124	289.896512553903	385.670866895693	462.362236483815	511.906011748088	474.002433576199	505.157028572956	406.212008103885	377.428867784697	361.929559329839	431.775486373449	461.994153284204
345.315	0	0	0	0	0	0	0	0	0	0	0	0	0	0	0	0	0	0	0	0	0	0	0	0	0	0	0	0	0	0	0	0	0	0	0	0	0	0	0	0	0	0	0	0	0	0	0	0	0	0	0	0	0	2759.33239954514	100.578720834676	60.3840438776599	90.6413359673861	104.315069376043	143.062742526722	174.576778217823	185.399057484341	234.305847144589	279.679298083931	395.11243986982	450.888822993229	460.283342413972	446.686700303073	442.161916953326	463.261828267504	377.891067542577	370.373033186275	363.388420787121	446.512315498807
348.575	0	0	0	0	0	0	0	0	0	0	0	0	0	0	0	0	0	0	0	0	0	0	0	0	0	0	0	0	0	0	0	0	0	0	0	0	0	0	0	0	0	0	0	0	0	0	0	0	0	0	0	0	0	478.201267824097	47.3331459059426	78.0552834712187	88.7103405907175	114.209999782404	167.760639037089	182.643607441135	202.908744916368	268.929743992964	303.167366312328	362.474801107968	424.434108862837	444.052843640206	396.480965007542	470.79245548937	372.920184203902	396.506906748582	299.071303965287	251.959035581512	195.030956200666
351.838	0	0	0	0	0	0	0	0	0	0	0	0	0	0	0	0	0	0	0	0	0	0	0	0	0	0	0	0	0	0	0	0	0	0	0	0	0	0	0	0	0	0	0	0	0	0	0	0	0	0	0	0	1348.29165016974	62.3882430642282	53.9400180944938	76.9825503512112	107.488681743817	149.221117574792	188.407467659799	219.045026543517	233.370501310242	285.34716523489	318.94448681755	392.518885937033	430.832777052152	447.17488753809	452.147108915858	403.642180225726	372.890390390873	362.881068824198	321.646567065669	174.379346514208	318.523334744862
355.101	0	0	0	0	0	0	0	0	0	0	0	0	0	0	0	0	0	0	0	0	0	0	0	0	0	0	0	0	0	0	0	0	0	0	0	0	0	0	0	0	0	0	0	0	0	0	0	0	0	0	0	2722.22695257498	126.571777302073	54.5068184365861	90.6565825296973	125.048490228201	163.8093658867	209.36823598024	238.981318942999	240.017723889617	290.041668953009	299.55195835229	353.46074559636	413.100738186335	459.671047516337	472.805012225259	451.157855648092	479.040292581778	416.21202656383	396.676990634048	490.405838411278	659.652598788927	467.731716176017
358.367	0	0	0	0	0	0	0	0	0	0	0	0	0	0	0	0	0	0	0	0	0	0	0	0	0	0	0	0	0	0	0	0	0	0	0	0	0	0	0	0	0	0	0	0	0	0	0	0	0	0	0	510.426451193572	60.5252726911003	78.0587328692438	96.3585253063035	138.974112469035	167.048196954587	194.870479465225	244.509259460364	265.413441402445	293.65059231653	316.46216459088	337.302538887248	373.483445108941	477.873878997577	447.197782682829	429.212948575067	474.633508852091	387.899528660486	370.883360996298	387.09783663946	426.712834828694	343.989231312104
361.634	0	0	0	0	0	0	0	0	0	0	0	0	0	0	0	0	0	0	0	0	0	0	0	0	0	0	0	0	0	0	0	0	0	0	0	0	0	0	0	0	0	0	0	0	0	0	0	0	0	0	1379.60164896853	21.4473263244888	33.8655597422698	52.6244983403111	98.7601564298611	156.869137001323	216.901135376798	267.353691889746	239.126666496796	278.011220624158	300.133238312411	307.905938942494	319.559424316967	373.092537055368	381.013391513529	427.604729019026	369.88595931776	347.541479771804	433.405915531036	278.182690186323	382.909754730216	340.097236779505	451.112492194997
364.903	0	0	0	0	0	0	0	0	0	0	0	0	0	0	0	0	0	0	0	0	0	0	0	0	0	0	0	0	0	0	0	0	0	0	0	0	0	0	0	0	0	0	0	0	0	0	0	0	0	0	146.879939145197	51.8437724927227	77.5541302235637	106.728535934268	161.653503749645	184.538956036972	220.820769403306	273.597374239595	315.401208354275	330.232557696136	345.15980284555	369.411844909706	380.78194678428	414.005783844508	420.946646196477	470.403788287969	459.533678519891	448.916701819716	426.142774633007	466.705920991469	385.083625354777	461.952167224998	607.525993821027
368.174	0	0	0	0	0	0	0	0	0	0	0	0	0	0	0	0	0	0	0	0	0	0	0	0	0	0	0	0	0	0	0	0	0	0	0	0	0	0	0	0	0	0	0	0	0	0	0	0	0	542.461002236143	32.0638909375149	48.3694795525911	77.1984560676587	90.2119697259526	152.706514166312	195.847839999473	236.226436490969	258.568421813681	308.607372872445	340.878395491768	347.355862359414	358.391681685065	363.515417387205	404.231873635175	412.132994620678	382.253824519435	391.160756444221	382.901855334167	334.353948744478	345.707843615058	370.243083427446	403.493070648961	398.395545433489
371.446	0	0	0	0	0	0	0	0	0	0	0	0	0	0	0	0	0	0	0	0	0	0	0	0	0	0	0	0	0	0	0	0	0	0	0	0	0	0	0	0	0	0	0	0	0	0	0	0	1438.94040190149	57.3091539278438	40.172288051507	36.7978635222448	79.0476607555798	126.752101749688	184.064595698466	221.170516679475	247.289710455056	315.653608522941	327.478270907417	386.142467497496	366.945684119884	392.441513311605	403.137985515816	406.876928321252	433.27019921428	428.729502520048	447.437847559884	444.047612301077	384.320774550151	355.763215863466	550.67580032772	595.322697047297	543.672087752438
374.719	0	0	0	0	0	0	0	0	0	0	0	0	0	0	0	0	0	0	0	0	0	0	0	0	0	0	0	0	0	0	0	0	0	0	0	0	0	0	0	0	0	0	0	0	0	0	0	0	147.173372886081	25.2281827851879	49.6651168305615	54.121089270721	93.4875039890093	141.347233187272	186.046885077004	229.643545752812	245.360387563232	309.464143429152	360.11888905141	367.617175618381	383.658473363536	370.315009694022	401.30297180694	353.72356661144	401.746241374628	385.687681502251	386.603961953366	411.919872718339	349.431198397536	316.755466549985	306.242073325717	311.473122401865	218.292062780757
377.995	0	0	0	0	0	0	0	0	0	0	0	0	0	0	0	0	0	0	0	0	0	0	0	0	0	0	0	0	0	0	0	0	0	0	0	0	0	0	0	0	0	0	0	0	0	0	0	593.382498994719	42.4768591561899	43.8135609397777	48.9688236414528	72.1660842430728	102.698717035312	148.869438487767	211.779430227861	249.808633069035	295.319311712925	384.772972252689	387.53046827925	402.685348787488	402.879451992483	417.961670080164	396.067795928825	422.465070335616	427.41534203704	437.850131618116	404.69919711663	415.410451110058	452.58354503575	517.288571375004	478.887060738273	530.284643456208	507.036549667013
381.272	0	0	0	0	0	0	0	0	0	0	0	0	0	0	0	0	0	0	0	0	0	0	0	0	0	0	0	0	0	0	0	0	0	0	0	0	0	0	0	0	0	0	0	0	0	0	1522.86689630567	53.467541420469	24.1316074827	50.3823715236151	75.4736442978769	109.943401507925	136.911143590991	171.091094058378	213.30840769548	270.294754885902	311.146740838857	368.212035943001	395.429168546808	398.700388498866	423.620461222617	427.797213098649	435.578337928813	423.809641768454	441.831409082966	423.883449306052	417.030442657563	446.487263935348	428.522774345364	486.254649723944	501.324723044166	601.441232298049	594.807969601109
384.55	0	0	0	0	0	0	0	0	0	0	0	0	0	0	0	0	0	0	0	0	0	0	0	0	0	0	0	0	0	0	0	0	0	0	0	0	0	0	0	0	0	0	0	0	0	0	179.931927152225	21.3844358641187	34.8187934740425	41.6242990077849	74.1033638285472	93.4768551768702	140.197426073783	172.450880895041	213.949722210683	259.892664743222	331.115032383938	366.769215443676	388.560502722772	399.814552924806	423.68508331414	415.893668198287	394.459037902041	420.296434763743	434.419314365919	409.243175318466	431.304240551947	353.992192766833	401.702333111669	462.130686305565	450.238407106639	509.642964540061	415.37178407608
387.83	0	0	0	0	0	0	0	0	0	0	0	0	0	0	0	0	0	0	0	0	0	0	0	0	0	0	0	0	0	0	0	0	0	0	0	0	0	0	0	0	0	0	0	0	0	686.101767946206	48.2661095769294	48.7094620715336	51.6248983975836	84.8477437243872	96.0743946595817	134.970224199117	157.9738688373	204.740349681608	236.414254809604	299.63520844171	341.456573277156	392.869314786831	414.067451830277	435.279779930027	434.445102517271	443.658768374725	421.077995752219	421.369259696157	427.735984453465	451.310107763642	440.321156330711	455.560420980355	480.902589493967	567.721023791495	608.526451435479	544.411403539651	803.779709880936
391.112	0	0	0	0	0	0	0	0	0	0	0	0	0	0	0	0	0	0	0	0	0	0	0	0	0	0	0	0	0	0	0	0	0	0	0	0	0	0	0	0	0	0	0	0	1668.4321758605	41.1154884258967	34.406293150158	43.129516298949	60.8057895145154	80.38050523662	95.4756764978654	140.189977706162	170.354283983128	200.804002539954	246.440504552753	314.833986500044	374.178804011881	377.212725372917	415.151499503492	414.977269698595	421.357434439433	397.993908395407	412.75510284464	421.992328752467	400.411051883525	437.595040380708	429.809742525904	424.584872766272	391.084722095659	473.175562507857	384.215995045965	556.359228488188	582.697769092773
394.395	0	0	0	0	0	0	0	0	0	0	0	0	0	0	0	0	0	0	0	0	0	0	0	0	0	0	0	0	0	0	0	0	0	0	0	0	0	0	0	0	0	0	0	0	241.732495588271	28.7097292852642	61.2023159259977	57.5007947491921	74.3641126054954	108.248637583135	126.966623752744	161.467046858304	196.354905130381	200.522685321651	281.424332987161	316.879520337773	392.626905874859	404.949566238399	448.724316095577	450.948877236372	437.704736892056	462.983190827497	445.84364797513	420.134288671147	467.013170754937	454.113378127551	440.932382387597	478.159929017605	491.056565437408	535.274721675422	579.907342123958	731.389471014073	770.402693579931
397.679	0	0	0	0	0	0	0	0	0	0	0	0	0	0	0	0	0	0	0	0	0	0	0	0	0	0	0	0	0	0	0	0	0	0	0	0	0	0	0	0	0	0	0	769.82142179947	17.1464441069604	24.8720842445582	27.2089270222231	54.7521359465719	75.0439948677478	98.2678794170116	129.455413786999	148.996712415253	156.909037681083	223.839164984354	254.490295736089	317.551629007121	335.956451330859	378.063288482489	414.892285364302	439.970956164963	447.781623797018	406.553167628799	391.084474014618	402.382591807396	389.002539711818	434.510936670339	390.903161136886	375.479570198048	446.690016147563	402.001455718724	409.41406475079	432.642093175424	446.190174428115
400.965	0	0	0	0	0	0	0	0	0	0	0	0	0	0	0	0	0	0	0	0	0	0	0	0	0	0	0	0	0	0	0	0	0	0	0	0	0	0	0	0	0	0	1743.28043695391	33.883463416542	26.3462246656888	25.586844641895	44.8540747470057	67.6552016416842	84.1179333192415	112.416326572247	146.048512463997	157.239217590885	198.320164696753	224.768276406865	268.092433248202	312.548164548853	350.868704608989	371.699711105901	416.309630011711	418.397049555217	407.036083613906	439.625030630576	380.297231729299	420.615100124568	415.272927074066	391.089869009554	419.162863114721	373.26577349538	417.672372938806	536.656829101641	485.79607204365	441.292531753693	535.496304885838
404.253	0	0	0	0	0	0	0	0	0	0	0	0	0	0	0	0	0	0	0	0	0	0	0	0	0	0	0	0	0	0	0	0	0	0	0	0	0	0	0	0	0	0	256.561325240551	35.7543017307991	21.7262568108964	34.7742235471506	56.0343330137609	86.0751927479503	111.559455011488	141.974872042982	164.343947430968	187.267998829892	225.161975186729	252.028088612677	301.472459437196	338.380571497429	357.464734977683	392.080168807457	443.607492530913	448.263374388798	449.196144960908	447.05266708791	430.909327826582	406.519967504839	419.379524748822	424.49965476192	437.700319797757	475.400997760415	443.758242112566	568.116366597115	551.938565737989	632.267735022094	817.161285764138
407.542	0	0	0	0	0	0	0	0	0	0	0	0	0	0	0	0	0	0	0	0	0	0	0	0	0	0	0	0	0	0	0	0	0	0	0	0	0	0	0	0	0	820.881958921505	-2.86657721275232	17.2655747815557	19.5108980245584	61.3907578629481	52.1381365670251	86.6978270677023	110.034534525463	150.301384345269	156.934233156924	178.093936261864	213.869169883735	249.051259284314	299.224580645379	326.373860917415	368.271239084685	385.72654075805	407.564828770575	418.875483047396	424.499290972365	405.539893886216	399.735347134766	400.007390383149	402.613077407467	392.350704891651	408.29330655253	414.546611756695	494.78056575463	538.235250124717	543.542181032169	460.854702946355	694.927294136741
410.832	0	0	0	0	0	0	0	0	0	0	0	0	0	0	0	0	0	0	0	0	0	0	0	0	0	0	0	0	0	0	0	0	0	0	0	0	0	0	0	0	1880.87197907865	54.5179700956577	40.175495306837	28.3158862142372	40.9467569836819	53.8237972410533	94.2726430859861	114.065935803689	138.978347391468	180.372956555586	161.681496910985	214.409788534173	249.23577131362	289.834140533087	294.109799989307	326.058445853642	383.797061227078	391.03453684636	426.501133394698	453.532176795153	436.852248251431	439.910604543189	427.426732640583	409.041307124947	436.821290119556	421.06494363478	467.196405653108	486.794228757727	482.249399411972	495.667658279928	667.01766277001	759.939721816626	701.746667388572
414.124	0	0	0	0	0	0	0	0	0	0	0	0	0	0	0	0	0	0	0	0	0	0	0	0	0	0	0	0	0	0	0	0	0	0	0	0	0	0	0	0	279.580021096618	20.8008045970668	32.8612633225415	31.765840794008	42.1996987800209	69.0914487179121	88.4882976519715	103.887662273612	148.152318754853	158.844754549335	200.301557280667	222.953795157632	236.929961665745	278.847826675386	300.123117067575	338.345202803484	349.693823778084	389.170246674491	393.495602657971	412.514229683019	403.059431303492	383.852930439999	410.101353504445	399.178055540976	405.795915134861	428.370017923978	444.196305556847	464.850096463518	460.255358737724	573.772581151999	559.754981020978	667.23781562056	639.510525490958
417.417	0	0	0	0	0	0	0	0	0	0	0	0	0	0	0	0	0	0	0	0	0	0	0	0	0	0	0	0	0	0	0	0	0	0	0	0	0	0	0	843.154723556819	38.5166225507314	42.9045506214374	45.1333692796045	43.445674394247	70.581083475837	72.0226999244177	96.3427284735053	124.482771865908	165.339268296971	175.571214096794	199.606249065444	227.359112551682	240.079299193131	277.214175024383	320.684523136356	362.881559214926	380.677365982885	394.434317994731	415.369073124694	430.472286899756	421.425007649413	409.323015030879	404.484266450101	418.81152513886	409.161961746664	433.996753300812	450.548376011634	493.003093393164	484.666778615084	551.258912681055	633.382077389753	779.866606707137	726.875873315373
420.711	0	0	0	0	0	0	0	0	0	0	0	0	0	0	0	0	0	0	0	0	0	0	0	0	0	0	0	0	0	0	0	0	0	0	0	0	0	0	1623.82729036624	81.0885283388762	36.5567324242157	35.1697646959448	53.8797429039239	54.2544282734288	72.8888937500779	89.2599710844149	108.09197519083	147.494291429212	174.330210273716	185.30147396701	237.788095895885	248.712703992441	276.767628416512	285.375609211152	321.996507298495	350.695054756436	369.634679300799	387.747992981496	385.867633881969	404.410581978491	411.039483170116	411.519717464578	403.307275658224	390.652991215997	418.229487935108	469.996777719094	465.638914516578	464.212663453777	526.332415883357	585.080950016845	622.856068321391	617.492160860097	837.92311752203
424.007	0	0	0	0	0	0	0	0	0	0	0	0	0	0	0	0	0	0	0	0	0	0	0	0	0	0	0	0	0	0	0	0	0	0	0	0	0	0	259.206203751433	23.5205287472347	20.7742392889168	46.9228965795065	32.8635915370009	46.6009498707788	68.868882691203	95.227151385414	106.565676260411	144.43419331951	170.221420641277	191.520345827919	203.291814344631	235.004666197497	253.945089141046	283.344674959602	297.412612800937	325.126879835258	349.684068679128	371.296032500576	372.408425093259	398.586282062067	382.522893120675	385.852146268787	377.781282165063	403.496961404354	375.557463715025	416.158971583385	424.783596698453	486.288008906817	572.45635174846	570.562377219934	617.213945303931	615.362048782017	782.053850182532
427.304	0	0	0	0	0	0	0	0	0	0	0	0	0	0	0	0	0	0	0	0	0	0	0	0	0	0	0	0	0	0	0	0	0	0	0	0	0	703.769531269172	42.5600295520163	26.6613221697425	34.7240478901163	58.9167224547731	60.5653101531505	79.2856065751164	80.9377629438294	95.6455843564351	130.749846995051	143.026840159619	163.399196703086	204.181966111756	227.784434406151	250.343312941604	293.869025804364	302.682532445123	303.136247472047	328.943899144235	354.272486157853	362.011747851166	377.061561461767	371.567596430753	384.21518798409	384.586466119629	367.92936792535	377.382497802436	402.828189400125	414.588282537148	434.005762079669	494.481521845982	488.667027810335	663.565847605652	634.347785847932	621.774913209857	744.367610931634
430.602	0	0	0	0	0	0	0	0	0	0	0	0	0	0	0	0	0	0	0	0	0	0	0	0	0	0	0	0	0	0	0	0	0	0	0	0	1271.61081309839	59.4929111160112	17.0453964759266	12.7908049478579	27.4317247926849	49.1193940382868	41.8141416650057	62.1091812518767	75.7915198790452	102.515000622421	126.609882948506	136.826018119307	171.927970008288	197.73698194886	225.192389186756	237.82121706194	254.636946923654	274.513874324916	298.006008825843	329.861046871393	341.922161625638	345.352118200686	353.580384882548	372.395975067355	362.813785882371	358.074486783155	374.947443267211	375.504816538304	396.946962960464	425.810276919996	430.092578914646	474.277066765116	519.057112050769	558.305819102007	582.983412850416	629.465860791483	681.609416323265
433.902	0	0	0	0	0	0	0	0	0	0	0	0	0	0	0	0	0	0	0	0	0	0	0	0	0	0	0	0	0	0	0	0	0	0	0	0	216.305388559654	23.4859190004948	38.4569676443013	34.1929056492211	50.0243655799967	58.4956805786136	62.6325228079816	85.1798057304215	113.038568692539	124.596513793094	131.656399757091	156.912528500871	189.710012106438	228.066963672724	238.531198205617	257.567452566091	268.168933274748	289.201768045599	310.797287401744	315.342449350985	334.406789048872	345.665011282371	364.445142183163	353.692450686592	354.741330032435	357.552194044307	365.479441658581	366.24131943573	394.192906109184	416.951658571205	438.40994079304	521.468313500364	539.218972096895	578.983629688144	670.992957731691	789.589647383582	710.102142454309
437.202	0	0	0	0	0	0	0	0	0	0	0	0	0	0	0	0	0	0	0	0	0	0	0	0	0	0	0	0	0	0	0	0	0	0	0	560.48672362364	-1.65341977014217	4.6001540031015	2.95728722281645	20.7135151975704	18.3962307906274	29.4522309865485	46.8201573350675	61.4954999088004	89.1898730367657	114.324643053602	121.187824283781	150.475483723597	195.671461242223	207.820208486091	224.845986046281	236.436136388534	260.210711627507	270.17310349196	282.135387198023	310.800955294448	314.191885455848	349.421570633403	336.132849089542	339.545288267829	341.968203392876	329.740188967006	330.006835290732	347.471417159044	343.03780476442	372.851843627499	379.346166482118	401.03704981933	496.364002900345	548.174798947504	500.313992446589	490.532075273525	500.38035030193
440.505	0	0	0	0	0	0	0	0	0	0	0	0	0	0	0	0	0	0	0	0	0	0	0	0	0	0	0	0	0	0	0	0	0	0	1166.79079951873	43.4165381590213	12.7914914561319	17.8133909339626	25.3869586103106	26.7203176939883	30.2307838244483	59.994402152721	46.6386341471079	88.8557314741923	108.723201447804	108.462223914895	131.536092482876	162.046585942523	181.108258642001	215.534891866244	220.677946625693	240.000869565898	267.708632148429	274.747920980625	289.504076796665	293.104017735916	309.302518289204	334.488551466417	331.957019968164	341.921361698541	341.397692354837	321.103506837364	345.571978154232	375.163815289881	350.475521318383	384.117762188941	397.074392726925	454.96236750557	519.113900980056	592.030430381353	567.611912141714	690.627771492328	679.841401826398
443.808	0	0	0	0	0	0	0	0	0	0	0	0	0	0	0	0	0	0	0	0	0	0	0	0	0	0	0	0	0	0	0	0	0	0	172.754826664552	16.218168434251	10.6466343486842	17.2765566893417	32.4834639175566	16.603629266896	46.7525686075235	50.9200667182505	79.0015222603229	110.941900175127	104.774256936399	116.969260463192	135.529632444523	158.698631827534	195.275819439929	202.881510644208	227.541106544196	242.894933042	261.239685394626	274.240245626619	278.765537389381	295.766555998009	302.523895072488	308.018453104893	305.440718692336	328.552389071916	332.965491944255	327.526140170651	328.900196221041	321.162210161166	373.980341030371	347.293404632129	423.527501355859	420.792597216232	476.271074220127	569.813009489897	476.036595973512	449.821893942221	707.682892992058
447.112	0	0	0	0	0	0	0	0	0	0	0	0	0	0	0	0	0	0	0	0	0	0	0	0	0	0	0	0	0	0	0	0	0	531.311425735485	30.0330149897752	15.7506505804933	22.7369482917032	37.3798134402743	35.2990725651396	55.6529279165336	42.0551441214241	87.655090026552	75.0725155314692	103.417993447902	131.615357562934	147.967059320717	162.246074440239	177.934065506836	211.313724795114	224.264480161362	235.178637352215	241.184381232069	270.864622827582	267.627355979672	301.351672256837	302.927059061505	331.741590410843	328.637531134613	330.081114570186	321.839595351658	327.947672960739	344.091293073512	339.722213825881	365.854942382973	365.965641600584	393.568134712291	434.019956447853	472.251939339836	585.517286165469	564.557805862582	695.824307975909	712.577239703845	728.476158400901
450.418	0	0	0	0	0	0	0	0	0	0	0	0	0	0	0	0	0	0	0	0	0	0	0	0	0	0	0	0	0	0	0	0	1054.4088821255	20.7126812421937	4.94608631584779	13.0701191021714	11.4039216929026	23.4961592458841	28.0132402176473	28.8002274095919	50.7623190877147	44.1575066855587	66.4683727083392	102.959436707426	96.0273205969366	116.876372558237	147.659870366392	164.022979182206	187.717377378464	210.930139430472	224.710621681872	225.354463623861	230.91941579443	257.263395147772	271.335119885321	274.094955857163	278.922050450049	280.210172651692	306.920925886054	312.220276458804	290.745851908226	293.678398154136	312.402821555895	306.13207071923	320.134542477126	352.355921753864	386.590979710387	432.061786624037	458.857902914928	505.837648719477	541.055852059008	517.626501653907	594.240943691087
453.725	0	0	0	0	0	0	0	0	0	0	0	0	0	0	0	0	0	0	0	0	0	0	0	0	0	0	0	0	0	0	0	0	169.26503849901	2.80739946684243	-3.99124358731683	20.40583577458	15.1962725790932	13.7055922749159	24.7094727767547	45.8375103194142	41.6460725998324	59.9148429782766	70.5550926982904	92.7510563052597	97.4379269782207	113.963648378242	138.632470074445	149.507085199723	178.0632434541	194.268079137709	213.068639986294	224.778796047529	244.671265964529	236.850863926723	248.614756422482	267.125626909436	282.245748519863	289.427663094776	279.658101537189	276.392791434744	270.281266885888	279.558322354631	279.167595737599	313.695494803013	308.383590351855	332.705553496525	374.026916564479	410.134343435809	459.229164950883	455.344965271067	413.144547970301	564.754824463156	420.962556759548
457.033	0	0	0	0	0	0	0	0	0	0	0	0	0	0	0	0	0	0	0	0	0	0	0	0	0	0	0	0	0	0	0	399.533580766487	4.03519448298359	16.1751292232174	16.8421745452377	17.8838567322426	29.6797489678914	43.1130773797448	55.7795561972614	55.9414372531946	64.3997369834149	75.2357605462168	106.413088008293	102.61695310439	124.451801663728	139.615774275846	158.214799451561	173.864950819264	193.543873088513	223.693091955348	215.392611839866	238.07442553479	246.825681579601	255.442425626027	273.185137145887	261.841071113161	279.24127366442	279.638015986924	287.188477846532	292.674200979688	299.140783560856	297.597075371213	300.550429547357	330.225658330491	326.836021954292	334.667472886163	400.595448943033	414.040438695361	489.260980484034	564.67925090154	568.248992406026	653.922548394986	595.292145215301
460.342	0	0	0	0	0	0	0	0	0	0	0	0	0	0	0	0	0	0	0	0	0	0	0	0	0	0	0	0	0	0	795.145257697617	19.9769550970359	8.21623755145232	2.4709522873639	6.69528131237483	26.0448697912917	12.5141891955865	31.7600854587327	46.59080949198	32.0126492360155	52.2675113125333	80.2705356510279	91.2813460082712	92.8021606572921	112.398374812308	129.335109246697	138.282386537951	173.37277987921	184.842057597076	206.498983334628	213.135800711831	220.797705003282	220.661124528416	241.481221710863	233.98967657362	270.479476594391	252.037631185271	264.627429995218	253.489083420017	266.877465930417	288.84089274178	252.165559558774	272.410913981318	304.595278941316	306.787053146483	333.187181565152	384.051316025943	398.475543587774	426.762765326708	477.67718116175	379.347486926933	344.224913771224	0
463.652	0	0	0	0	0	0	0	0	0	0	0	0	0	0	0	0	0	0	0	0	0	0	0	0	0	0	0	0	0	0	130.787425684301	21.3067607126403	17.4182371130886	14.7010565217876	34.0745087643543	24.5953144524623	60.9887541569213	54.0424417427638	49.5455406040198	83.1838742516252	93.442239744462	91.8918937358299	93.1860300641697	118.948262786545	122.565317095307	147.110367956773	159.332344749593	165.037713193603	193.587348889262	210.265889955793	218.138887451748	220.466174650537	230.854564451675	240.396416300384	260.168398944685	261.746957802113	266.788856797665	277.674620261174	279.074641074533	269.001382183039	288.028366857069	271.071760758354	292.107434272854	290.002830401789	335.82115108351	354.330528620876	389.567852216263	413.678132269057	544.356342052475	550.07369920601	693.219761296357	585.254288098418	0
466.964	0	0	0	0	0	0	0	0	0	0	0	0	0	0	0	0	0	0	0	0	0	0	0	0	0	0	0	0	0	312.943102502134	5.45097652031727	-1.78697251068127	7.99068869716086	11.2198415026389	9.55319872447927	22.5448016129412	9.44732342578489	39.6071005276218	43.3842641806428	45.6444744386562	63.9506261155654	75.3868091661677	88.8702025053785	102.198778232691	112.809110883119	118.244308455241	138.547952607267	151.46822227138	164.877812458122	191.528934368197	184.43512859191	213.857136934336	218.9498304356	212.316480652781	223.310432980886	234.215493825012	236.637492826408	240.408673544667	243.292835509034	236.20623959869	240.758752869989	258.751761331698	255.936353479476	265.051488006707	278.6675165862	330.791601755254	372.566400917086	408.488241283212	381.253166465733	418.170417579022	462.803185767862	370.23924795812	0
470.276	0	0	0	0	0	0	0	0	0	0	0	0	0	0	0	0	0	0	0	0	0	0	0	0	0	0	0	0	599.683835314867	18.9955935392905	8.8944546110824	11.7333345749483	4.17865183361851	9.01467121518012	21.3039793484386	17.8759360718827	47.0663023021633	41.0525296032159	55.8903217811302	54.8086468576755	69.32825878613	78.3312311653607	101.148487014263	103.928330594504	119.324036765628	128.118545206952	133.89139506991	143.500745872582	175.966466770942	176.812963956895	191.8053901289	202.049631602938	205.311073281291	209.068885762136	227.235580734943	218.928232642582	240.12204459714	225.393950738294	231.142346430255	250.241064352172	253.657167706262	242.102309828185	252.930995308391	259.850570079559	302.125408220671	326.614357746639	314.507685961748	382.637728378664	376.718764219869	508.311152545798	464.52737945492	0	0
473.59	0	0	0	0	0	0	0	0	0	0	0	0	0	0	0	0	0	0	0	0	0	0	0	0	0	0	0	0	89.3292241438319	8.54446094766216	8.85042930750121	17.548172675064	21.4160997141245	28.1745454999201	27.1442316435237	46.0506778870275	47.2462336188616	67.2320878797418	59.3637548109005	68.0520384473452	75.0194786997812	90.4074153445617	114.218417226051	102.653895672457	123.030828126877	132.169646751157	140.676837886534	172.986626852714	168.179076912356	204.016004436898	200.827770542661	208.079476695387	211.784970080325	221.033177585429	217.351289715727	233.832999880192	226.786667566642	239.855124822934	245.785710793113	239.971122216184	243.656842848686	265.163070889044	256.286659868739	269.316502798458	297.820708702593	321.132036793286	372.262612379114	397.990388037709	441.41875245825	488.55769386234	520.097287108903	0	0
476.904	0	0	0	0	0	0	0	0	0	0	0	0	0	0	0	0	0	0	0	0	0	0	0	0	0	0	0	220.654492853945	2.96256854805247	11.0414530150009	14.3496437571694	7.61720113652023	19.5986123232087	28.0270671514488	28.1795524317205	36.3549233682996	40.5189745007701	41.0546038570297	48.3161738373157	71.9610292615822	86.2829119547366	96.7459526152389	96.3546571915729	112.848089319482	105.314717908303	128.279547590686	131.112948469507	139.200893220886	165.263444396697	186.899637665617	190.036528727577	184.65264036286	189.91255690976	208.497836610911	200.105747637996	220.971326086944	226.236103812598	213.678616878316	219.37194747489	224.443074114359	245.249406965626	225.553164229227	213.294756644219	262.016737055627	269.261030473314	314.189115446963	343.225644407445	411.32834892041	447.308795061453	431.285912460949	462.448352579178	0	0
480.22	0	0	0	0	0	0	0	0	0	0	0	0	0	0	0	0	0	0	0	0	0	0	0	0	0	0	484.167092265293	6.34829695740441	9.49078417230594	11.3216149125101	18.6205995996306	13.0733977804144	18.2966454306963	24.3133504536796	34.4417583895391	46.4386376847322	50.115794999472	63.2636400827243	66.9427887370435	71.5482911062968	90.8218533035116	83.5083900519349	88.5444730355157	109.303607482871	102.579442002844	113.577271493944	140.02174261231	152.083100910799	166.104960558497	181.039001927927	179.288941940186	181.761941283724	186.707832919086	196.246372037217	198.968652321975	193.641610990915	197.492577927815	211.836832349715	226.369959117607	219.129510293706	210.341492431852	229.451737651863	218.905998238356	244.293978707585	265.352352583922	288.121203413971	331.582541505185	393.658494641719	376.036492931669	427.217649731131	0	0	0
483.536	0	0	0	0	0	0	0	0	0	0	0	0	0	0	0	0	0	0	0	0	0	0	0	0	0	0	69.4908381082858	2.51924239998813	4.73355224783374	9.2970075578077	4.91030842504019	12.4239097317395	11.7410738241002	17.8903084863346	22.0179986751859	33.4025059239308	37.1224277322484	48.2270659846526	44.5401062247239	40.4235030034509	59.574016707492	66.8493557812034	92.0452320153036	94.3460576723031	113.407363601648	111.311586879312	132.548825902265	150.098931841946	147.083895053943	154.728728895452	168.517584976534	175.422163662955	181.83957056093	187.881601110384	188.162489531653	192.134195791178	188.497799081382	192.591150903276	197.55570524286	207.469608212524	209.086743093056	202.287515022943	206.759412639866	217.179778663032	253.475998046282	298.499800730294	308.800034528916	313.195604178555	353.138237173921	356.515354888972	0	0	0
486.853	0	0	0	0	0	0	0	0	0	0	0	0	0	0	0	0	0	0	0	0	0	0	0	0	0	220.375550112438	-7.31445628308017	-5.10759864705293	-2.3792771736472	-3.56103152695656	6.97008790022575	6.09729084185278	17.2617802927731	9.23327932501886	25.8120840009996	20.0831614082918	38.323708671072	48.8086146445682	47.7786397950144	56.4448312708908	55.5130249282067	74.2723236739953	79.0185852624383	87.4406514441834	87.2019463505128	110.912017375415	106.765239896017	117.664801467891	140.630036813758	148.611678828978	149.451073228379	152.71182883704	156.88061726539	160.346293739337	176.319747461529	179.733995148766	181.282193034368	185.710119698382	181.843531882493	192.681381927885	191.52849423989	188.591638098513	206.130895449868	209.566972897901	230.281342497149	247.701696190345	250.856873608014	315.839388656758	358.507065436535	306.799252654054	0	0	0
490.172	0	0	0	0	0	0	0	0	0	0	0	0	0	0	0	0	0	0	0	0	0	0	0	0	499.364515514463	14.8705971328443	6.1857224958278	12.8289611064993	5.87211736174273	14.7207765821803	5.88499132122427	13.4706269770668	17.3039885242696	28.7185292331484	30.6286426144849	34.1027962466668	49.3383699084526	58.8931878065902	55.1625300498911	66.8422710583323	74.7593703802735	82.4786582561444	104.339670196353	98.865466470162	99.4303255649988	111.070578405905	114.93659685566	140.820129069045	149.895017955493	152.954698001461	168.611155884711	163.178527137769	166.456272901623	170.784426973821	178.422317059445	190.697020444625	179.245185963291	172.025204253522	184.24335771083	191.397578235285	180.191744868082	204.003008849456	201.221255277231	199.756911213533	228.494485238134	246.084082805981	301.645261577584	361.449807655827	323.115822150449	0	0	0	0
493.491	0	0	0	0	0	0	0	0	0	0	0	0	0	0	0	0	0	0	0	0	0	0	0	0	68.5104645919233	-2.4372946686262	-2.08288137408065	1.74692122602696	7.78261018498218	17.383918752044	15.7430410190785	13.1803005584846	27.7900870662795	22.7009575095248	37.3435077979532	37.3074516718829	48.0350517628749	39.4697810494654	65.4718702631511	69.1839437336994	77.5845140613133	95.9152760707998	77.5527717175727	82.7444690905482	103.963031189175	116.174762759556	122.743668471722	126.294660513017	143.882921595738	146.167484395707	142.050022459178	153.410797674957	147.015473537239	161.817750557378	165.600893123797	179.890416621717	185.121554076188	187.450941608824	205.18081228376	182.931647060897	180.257324894881	188.276928657855	208.64629740121	204.035156530398	217.746731710173	260.656693200766	291.498358263036	302.058632513714	393.747115130987	0	0	0	0
496.811	0	0	0	0	0	0	0	0	0	0	0	0	0	0	0	0	0	0	0	0	0	0	0	258.526298449077	11.0975895285242	15.5100238548659	17.6712841682908	20.1308513302378	18.6349462808173	21.0653460466624	26.3924058284202	23.3178675820195	32.443265495214	46.5974171439857	43.2233920853066	42.9314843734761	63.847259847213	64.4423333995243	76.5772619156615	83.5646910778155	81.9535509143676	86.9848930465186	114.826812972757	108.475802734109	121.076378762458	117.640231342701	129.893536247753	124.562534525327	135.46776041854	144.426964112741	158.281001861406	155.886405557135	165.66197984949	170.497610302936	173.678794049793	156.234190405399	165.742041088528	167.905356478547	182.962445545426	194.50635671324	183.811449906107	196.150607843444	199.633056203708	222.013985785657	235.138136294433	272.450251426616	285.929829787288	373.364509427943	338.542433119548	0	0	0	0
500.132	0	0	0	0	0	0	0	0	0	0	0	0	0	0	0	0	0	0	0	0	0	0	524.966001560639	15.0402200389671	6.15299528319679	4.21178372810215	4.46825511662187	7.9223234727664	19.1220722761474	20.8918100970425	31.0318957555975	34.2172484508836	37.4445100170025	29.8774226665597	44.4146075582119	45.6101407714695	50.2529064244564	50.456025359606	50.9832663039546	76.9294998210715	85.6386744076897	79.1368648353499	88.8954083246686	99.3887594097036	95.569690917383	116.799029698096	114.780427014992	120.01739927529	144.503232777367	146.167476495501	148.212572000974	140.069175875134	141.910266643258	164.58151343765	153.10836249224	163.294965147817	156.568495944804	177.254385753778	161.467503865617	168.353246429535	184.94212612288	175.169135906226	191.140595559607	222.1381535591	210.677872705402	243.051543884616	262.738889995986	311.813632171419	0	0	0	0	381.217536754539
503.454	0	0	0	0	0	0	0	0	0	0	0	0	0	0	0	0	0	0	0	0	0	0	83.4596928857006	1.05073867416962	7.02071833370017	8.10022865833567	5.79502667001201	17.6134843266369	18.7466131624457	18.1421042757908	23.8091373090345	19.0313195602359	37.8262645793941	50.465434085011	53.4555782360698	52.361968941083	55.4380891039348	61.2116482155747	78.8932267237388	72.8548564776188	76.9996023728811	78.510199077761	80.2379245147261	91.7477391213255	108.860710407192	102.895223601275	109.690732841389	123.355007179544	135.298480434121	140.158810591677	147.555568724313	146.445968533032	148.461027557214	151.806638556133	153.145227153338	143.686719057876	144.919445186908	154.813920615333	175.858660739017	170.635871969147	168.597745611562	174.105032722017	170.120672831661	196.96348245874	218.29677194191	245.811599487107	239.67190282018	316.510387052412	0	0	0	0	333.139691255737
506.777	0	0	0	0	0	0	0	0	0	0	0	0	0	0	0	0	0	0	0	0	0	256.726882640233	14.8703588569154	7.59413964343636	8.66324604379414	4.75088498023974	13.8409887361067	15.4597889802165	14.5247155097683	15.2471730329707	23.2502105036544	33.0666157766274	25.6557848724885	27.0689204724438	42.4094613041236	35.4866533058935	44.403532002131	42.9679434138422	56.0445936644828	63.3217737164374	75.5926281262916	83.3762974831852	87.5732645647656	91.1219557986191	112.850760794186	106.628624551146	107.614015070124	109.390957584702	131.773926036336	120.014764246798	125.916893144436	139.679293032548	131.412886010782	135.418768213471	139.918568709401	146.271231500177	142.937466559328	143.95133208893	141.474111712377	155.360355186183	148.643445741194	159.99139675082	176.130740236898	183.378212157614	210.433333668348	202.144920803694	237.974377061847	256.712605359132	0	0	0	0	305.067867065857
510.101	0	0	0	0	0	0	0	0	0	0	0	0	0	0	0	0	0	0	0	0	512.757763523599	9.17791669427159	-13.9907046962525	7.26598775934281	-1.74556602480431	7.26105696469755	7.88878009856982	10.4557943353405	13.8943993295037	17.6961132594176	12.7347196276916	13.4466250582475	26.8015544795507	29.652239073587	41.0984038007045	39.9525801210052	47.181483887414	50.5263440707674	52.9065570216893	47.7354365879747	58.203275424429	63.8959464423714	73.7874481972021	69.4200806025548	77.9826766693952	91.6155886628702	96.530878394733	100.749242348491	103.532115802561	109.031470814048	110.307405690291	124.226895173483	120.602704899525	117.952723386692	121.189931138242	132.858582393581	136.639448022133	131.26875284012	125.876948023582	142.831870938762	148.724394037449	152.429618508959	160.43605210397	171.531561620009	174.554107768785	202.462932927904	214.434705050716	0	0	0	0	387.340968101543	191.542365153606
513.425	0	0	0	0	0	0	0	0	0	0	0	0	0	0	0	0	0	0	0	0	83.5681236760281	-8.97015985390656	-0.584026318516401	0.249164856655371	9.97852808572467	11.9636215331205	4.65432840127361	10.1395511603104	11.4252128988044	7.86094832161582	13.2181078164672	18.5691774827404	18.6286312408394	31.3887740645802	28.922097301454	34.8268716797487	29.5838583358441	50.2712907441653	57.6645533055502	47.7531456793205	56.7972149597641	53.5955244912672	67.391770224319	70.9960756582152	78.919675579582	77.5126657694791	79.7392913823362	94.4262785201057	106.056199316285	103.781732375799	121.349521140618	106.13608742828	111.261111164464	117.211417442828	122.043295592575	123.607866444912	110.886015736248	115.239331380675	113.448570818267	121.870349717221	129.598006653949	145.554750340221	158.926942207907	164.127210166659	162.966032986295	205.008115955064	219.96281173127	0	0	0	0	251.324738095513	194.880712432506
516.751	0	0	0	0	0	0	0	0	0	0	0	0	0	0	0	0	0	0	0	244.266176368732	20.4236787027848	18.0767449768182	21.7019316444502	9.19588017758637	13.0239445250641	20.3453154732228	15.8536952637055	16.0118894128545	20.8810768039591	27.0015710899523	34.3803517042965	31.9285232358939	41.9926632490558	49.8892062966147	49.4078752349033	45.6990207071883	54.1685052203792	70.968635773758	67.3659997537847	91.9178646771388	83.9887869520315	82.8955572599136	85.1858484591194	83.3711594120734	102.179150734901	97.1489599380796	111.798932612713	97.6270420148331	119.920412103239	127.104174877357	117.258616872528	108.053787648973	117.217123390763	121.40868424096	125.820091475281	132.651034157478	127.665960334979	159.321393855808	151.860133667103	147.410575727449	146.905691747294	155.202871725131	161.021284177063	202.800871484393	192.317166128129	240.362033642474	261.216403271151	0	0	0	0	331.14911159799	354.817442650316
520.077	0	0	0	0	0	0	0	0	0	0	0	0	0	0	0	0	0	0	539.24244391937	17.2896004398208	9.43162482313227	6.14462668462482	15.2225423359614	8.00742643207967	8.33391089292518	10.9964648818842	20.1710564465587	22.0767436329605	27.6497730322736	25.2573237977722	23.4543506582473	26.4067156102699	38.0959370130781	47.1321797768307	41.4453912985464	52.8994679510034	48.8876646760558	70.3192227392922	77.9271161499005	63.0752007113047	72.2581027996142	71.4651397222569	80.9374394196828	91.1715925088589	81.855773878539	80.0815123400184	98.818161319884	109.437479249241	100.852995117949	104.288739965235	110.533868208135	125.813448970277	114.804376413481	130.364560176382	119.8132044799	115.362751875617	125.748292658268	135.804000329547	140.148562313235	149.787209320008	139.029305785168	158.788702283715	156.175961597354	160.57415916524	189.863673091857	181.694981922498	0	0	0	0	393.165743026594	297.05539859207	390.241373773927
523.403	0	0	0	0	0	0	0	0	0	0	0	0	0	0	0	0	0	0	59.9212448760901	-8.56917166617141	-2.21098298734549	3.38571951856446	-10.8597271205217	9.94085202880783	3.67719432769046	5.09591715286152	2.63074847189384	6.27908429381009	11.3450751210916	14.8953852939865	16.0014670102326	20.2786581039572	30.5505741814724	24.1833693314939	27.9312180451791	33.4525495676322	46.1482629461724	41.7035570780397	33.1995381692005	38.2898245713489	37.701402551615	58.0688252683146	52.9134836631254	66.7841029381134	58.1901434409292	67.4717779441175	75.533174019406	81.0305600294094	92.0503494619596	95.8952030147375	98.501567635818	90.1550391928066	107.271928351204	106.856651237274	102.583467495532	109.494410993696	112.530115686551	108.933981024666	113.673637029918	115.465297599425	132.24112781126	114.472079206453	140.207484434714	140.009091250593	140.594943637798	160.641971162777	0	0	0	0	244.594039261292	207.919304379947	215.226297829509
526.731	0	0	0	0	0	0	0	0	0	0	0	0	0	0	0	0	0	251.482360177612	20.4872082583839	1.1470960367276	12.6925347372544	11.8695950061236	10.6839910345967	17.0327437174927	10.9637850033203	21.4678453348643	17.6631820842677	18.1142076563585	18.2744796404062	24.0705195413098	21.2980640323289	26.3267884654446	33.6789247606371	34.5455893156193	37.5011682705283	46.5440295067556	48.6923938923546	61.8060286501358	56.5163672955488	58.315139283538	60.7731813261046	64.4802969358647	79.9609494893224	71.1743607939599	78.1559441723222	88.749391755693	86.838573995557	92.0163241924034	93.8836270862199	107.602539720186	97.9527653804289	103.409262948614	97.7793964010359	103.24897721637	118.233256132955	107.40206680896	107.316352455132	108.343566678073	116.331105472891	120.239450242944	136.012678962169	151.831858730806	137.403475473664	153.519333042806	179.984054250694	172.442253608922	0	0	0	0	276.521657530708	327.55346189763	207.060942481333
530.059	0	0	0	0	0	0	0	0	0	0	0	0	0	0	0	0	520.994924235704	-2.94902045040227	-25.7495118690448	-12.5144423686781	-12.9149064637782	-16.0681365435064	-7.9803586004485	-5.52267951483337	3.29986962905784	2.15580679291903	5.71461995967059	9.92479812766611	6.97246473183876	7.01412827233107	13.5857930088659	12.8739344227752	16.4025547861996	14.8094799572898	12.5831139567106	23.6100466136884	30.1265582408713	30.1506095904717	35.8378324610061	39.6273071996224	33.8247351241094	39.1379521386318	46.9332821336428	57.6615502748269	51.7400088411143	50.5117985602751	48.7182033077123	63.7590321899103	62.174412207304	68.6433874164791	70.2472940639297	75.4556074221408	81.4622287381461	89.9211703614922	81.6177080563728	83.7777916703466	84.3291533362268	75.7273034715475	90.2506146919793	95.0902926394293	105.470039179634	95.9680679042919	99.3612390590447	109.700454284728	110.210299197224	0	0	0	0	215.953414583407	99.2233837758648	44.8529140110599	123.375026173781
533.388	0	0	0	0	0	0	0	0	0	0	0	0	0	0	0	0	77.8224167687304	-5.76128578295409	3.0996579928445	-3.41663317999733	5.30267583034889	15.5482462087487	1.36651514818985	6.47952882550822	2.56449375954626	14.7346500897153	12.0686520760258	9.49522637433356	18.7314638727362	18.3032654569226	25.0673053752467	23.758662616436	33.6322654871158	31.9523693452326	32.0221430896553	30.5326912363054	42.3941245997729	42.186547547862	55.729966714701	47.7191821162648	59.5970476353154	54.6184440002825	54.2105908786731	58.0910155412593	63.2837449979718	67.5732313591542	86.3124516710657	62.3565678023155	82.8662864727333	76.0685893816631	79.902265687708	92.4203764321305	88.5455920663379	82.0471309529286	89.2011512077535	91.7500569793656	104.021528554117	105.615419185112	105.419143647497	113.921184198228	111.696143257776	105.98016753744	126.850980305154	134.02467180046	153.948955206529	0	0	0	0	260.603187490091	203.919680513817	259.796750150093	194.985041991194
536.717	0	0	0	0	0	0	0	0	0	0	0	0	0	0	0	250.109535106596	20.6195223196946	26.3079021186251	9.84220118733976	15.8077880224018	1.38629925274517	11.967953684283	14.5129127573634	2.06000096541357	11.4196347398128	22.2587607273039	20.2514885869306	16.0071865960821	12.6902785386623	21.6473404606353	18.0594882360734	31.1340401406067	24.0615703337862	32.8934540058241	43.1725178388261	54.0570290633984	32.9147484971586	59.8244545417749	43.8160190418191	49.8536361996813	59.0117114745262	45.4440855933725	64.9448929220025	64.5024635178867	54.7064082884308	71.9753030978801	67.1623789504269	85.4841729129161	70.7406243380599	79.0222657056464	91.1871198219789	80.544959404334	79.619101775451	95.084990916198	89.6741872363793	83.49843029793	92.6759475488801	78.3123271539599	97.0139960928944	108.581900751918	104.069136680266	108.745585334202	110.437726724213	114.28597697116	124.166912255988	0	0	0	0	204.846449922954	218.367057028658	155.903118761639	266.743847062966
540.048	0	0	0	0	0	0	0	0	0	0	0	0	0	0	473.937378741088	19.0459828633989	7.39657514886173	-6.68222551040293	9.93642491470444	-10.3595641602118	10.0495186330339	13.1071403492943	12.9023733828377	19.2718730864128	10.1340344638233	9.99918654927537	16.3149905110021	13.8356595020404	20.3513514165065	24.7049842192404	36.260312316743	23.1721601038423	14.998212418631	29.594234874722	40.0944640266552	40.0832785147601	44.3706397301789	35.3737931226696	49.309175710064	56.1507940056322	36.6203932660197	59.4418903004019	46.3646261741359	50.4914463682456	60.7648019160775	61.0119515640708	57.2666486832543	65.732163393458	78.1048062059476	76.6082807647886	71.7235258143997	74.2831553346514	75.0207855094857	74.1761812732466	71.1098298081027	102.556934374793	97.7368948300636	95.2433780848957	86.4879508367972	87.553921683153	103.584487605988	97.8974106852845	100.950051904884	148.630590197222	0	0	0	0	344.917886136526	204.293257210132	205.907958865491	175.65845522796	149.414637157446
543.378	0	0	0	0	0	0	0	0	0	0	0	0	0	0	88.2050101908822	13.4951152502774	13.7739571295494	4.23773975002637	13.8153791659114	0.740855162011953	2.16089234624007	6.49299852421191	18.2952429702266	-1.08774686825281	12.2863569839289	7.97766734896955	20.1636432650621	18.4697776614465	18.0311594046315	24.1102522831777	20.1078386444849	23.5938349507455	25.7302933546365	31.3641959190586	37.9330006457031	31.3862813411885	32.5299699107239	44.0688790973648	49.6472629802173	37.588022656318	55.9844444639353	53.8061119207643	57.9151811647489	61.9023528530917	43.544133196088	52.5195969776636	64.6634990915551	69.58820344107	64.8190402987793	77.506884808991	72.8486117356238	89.1229450669184	85.1346970586058	93.8165912244718	75.0011722288093	76.223505886782	85.7959296707629	79.4745987445273	102.423864605947	86.5443657940949	97.7828743532958	107.316531323206	106.201168742755	119.228666181485	0	0	0	0	231.599481253855	205.597579916038	242.693477602807	225.814563178078	326.002416684295
546.71	0	0	0	0	0	0	0	0	0	0	0	0	0	175.979785866548	-26.3061530005351	-41.6601865250797	-26.2136000846755	-9.93997096843216	-5.03400541315429	-9.10289481418346	-10.8172665505673	-17.4949447180161	-9.25201113260293	8.70200826663334	6.64829821059724	2.69550470781673	3.23493500137838	9.3075187039878	13.0405637791464	13.5346133937033	13.0873758948749	16.2109031744464	24.0595645749783	15.7359000342144	14.0041319286116	24.0003385477483	25.7473441757469	17.8501854702421	34.3468811148452	30.6233660361709	28.1983568774091	50.560299311444	35.4119954098002	41.9502138983105	39.7045572620905	47.8668872372599	56.2542157153854	46.6895577680895	60.0984486732133	50.8227564046435	53.6824606910949	58.7438153175248	60.2308098427199	76.0714497724884	69.2238552409686	77.5280575491568	87.8660840758408	80.5247162999206	81.2745250446031	78.7166656119463	81.0684676382756	77.4909251434775	89.0014301759745	96.4312579236342	0	0	0	0	121.464297503287	148.100310683852	40.4305650661764	161.709952953259	5.04501335108734
550.042	0	0	0	0	0	0	0	0	0	0	0	0	460.279603478485	18.1471106475204	27.2753939355695	22.2268751661371	10.383730518556	4.7292993574314	11.5246669005539	22.5052096611895	-0.762989618108098	17.4292788837587	23.8495195258935	21.6066213058897	20.5652386139684	17.7861160740089	11.2091976464041	21.5564210319279	19.011397773841	23.7459600969463	28.2983176662904	28.3180682781714	39.5199484984661	35.812742105784	37.3462859414968	44.224579761831	45.3257287865321	50.2309624546648	51.7477135693601	51.0187374867717	58.7424499961992	61.8980192150468	70.0042839521788	62.5746452429561	70.2203075906312	66.4710607077539	55.5382811829147	71.2872824122117	74.7188826350921	79.0817402202834	82.5416132183778	73.9126651857151	81.5500512116979	74.885363957526	87.5231433189817	77.1486139811371	88.1096975187592	84.6512323311695	100.701184519049	94.4901046924384	101.135004760587	102.509524100561	100.853586287727	0	0	0	0	309.983874736728	188.383195732084	210.161770445734	250.342755820945	309.639974438018	314.147662046879
553.374	0	0	0	0	0	0	0	0	0	0	0	0	59.4025155198124	11.3437664561211	6.38423189939511	13.1933765988369	9.4108109010246	10.3090547839714	14.3744266013162	7.8719732895359	16.2706796541471	10.0387311840259	22.9948444343972	11.4149400862045	12.2332998902104	19.044023166103	14.319568489173	19.799494332897	18.8125681212771	15.9763582520675	26.7638981718513	29.4617034690341	25.4514811170831	31.7125455163638	30.0291215497212	42.5132068480267	35.0862366744641	43.6758771438869	31.9301866720098	50.4160948106858	46.9874887860003	43.9666134679144	41.0592233857313	52.3811701707716	58.2279397745639	58.4385165921815	62.1928630060892	59.9338771421292	67.9295751819045	55.7067745365076	68.8535604906013	63.8868185009387	73.2418347182152	76.1704285511052	56.1126245683933	82.6785318562286	76.1784775469097	78.7347319394063	79.0952376045125	73.0270822342197	80.5433805557416	85.2872960246457	97.8686713831556	0	0	0	0	176.673507375131	137.613600788461	151.95017967771	184.470269523529	48.7184094272217	136.808457583391
556.707	0	0	0	0	0	0	0	0	0	0	0	178.717895557028	-13.0092085111765	-11.333616337792	-12.7741255708289	-25.7727300342183	-4.93429379340911	-2.12931822762135	-4.48983276236327	0.771481076610905	12.9168077685964	-10.418631277721	5.09184861928126	-0.539487788018351	8.68863702333078	-0.221829266161046	9.20214860134515	12.583951175854	13.6263699963966	15.6533313127385	20.6939650077536	11.7271310723517	18.8191316257136	19.791905967056	26.8646332998205	23.4846405133084	37.3211297524545	25.7202128382784	30.0154849234819	28.5710789527565	30.8799034030084	48.3123315959356	42.439583348514	34.3567224216984	34.3605125605977	44.7667093537872	52.8645477341425	39.9589136690885	61.0478316536147	53.3770312845334	46.207321072628	50.3046055374808	59.4258508025494	65.522996760738	61.5816232825386	60.9848590816775	61.4381920734252	53.411422253392	84.1972574703581	68.4129319331143	84.9459347265246	74.4823931891278	68.7555441277353	0	0	0	0	107.588249450905	155.002453783064	203.257103822789	160.621314266652	131.854523039208	64.3464540434179
560.041	0	0	0	0	0	0	0	0	0	0	404.989127043446	18.0308430959746	9.12324398039772	15.430417104175	17.1566378776613	8.4032199584154	10.2633901081872	19.1765167133706	3.66053198380536	15.9776094017261	17.6333330508225	9.27942889326637	11.737212686283	5.92292649290302	10.3313623128207	18.8839158788323	16.6233114720814	18.2140389019041	11.6598372236122	18.8395751242038	19.9998819136675	27.9512953886948	31.032552071686	31.7483505735415	28.0090623221031	40.3774814151892	24.5444043328518	40.5946791611667	46.7620026389086	39.4358619198073	48.4227845577661	48.2635206544379	60.4056701401127	48.9992486288861	52.7465096433685	46.7735493721706	56.7999802785445	58.0040439977189	55.1444291275816	55.537956144226	64.6699758955255	68.3373415090536	58.2564910039409	71.7106599210917	57.5869819568259	69.1033096819823	57.6581166233552	75.8246726658573	69.7915002796309	79.5807155006645	83.7662061308413	83.0555452398698	0	0	0	0	217.627083310014	146.096882641349	150.171981811442	168.898288645935	155.137601155222	117.185249853896	225.519220486356
563.375	0	0	0	0	0	0	0	0	0	0	77.1264714182842	22.6256027708217	-8.13859381157489	18.0153424092234	4.9150427140304	18.244408790429	8.91970935740996	17.9577910020112	24.5576117568239	2.33146964205552	18.827091148609	15.1811716696132	19.3580756799966	11.6290908599135	11.6261685804474	21.3997558529509	15.5680976830319	16.3152827301178	21.7172324006701	21.7856744093946	19.8147914570814	22.6878990080067	26.7707758181874	28.5483565137039	39.343569353253	33.3621461047894	38.9486794158423	48.2205202356074	32.0718324358818	42.0468970900916	43.0656189187749	44.4616288231318	46.2089085866753	48.8296822788083	47.9083498262816	45.1570388021248	44.9094173357005	52.4322733473524	62.3464726435568	56.3366287442819	51.9331003176466	54.2780040082923	59.8153020641891	59.0887893594151	63.3825961838924	68.1580586790081	66.8219798977908	58.3507369835978	65.3587661536728	75.3936491090153	85.1189493942397	84.076726240306	0	0	0	0	124.584721680883	104.92261003829	147.212651208505	173.611102772497	120.883754804924	241.011730368618	209.553524293138
566.709	0	0	0	0	0	0	0	0	0	179.115562812631	10.2147237913814	-1.72212689284093	18.0912589751871	-9.94528155671721	2.98933121979709	4.776348096259	-1.36470070035802	5.64650363420617	4.17880241071605	24.6683568553102	2.98148412859894	18.2578393206624	9.50054511893555	12.0992292790659	5.79597682723608	13.1354585716235	9.1038028781578	17.1342506837912	21.5446399609658	22.0701486492018	7.13522557943251	16.3072836490269	19.1224368916648	28.6970919088251	22.8393180347024	30.2621542434751	37.3534496084924	29.8241893318626	42.3154345970827	27.2701869333029	37.0245391298811	30.9496309261885	29.9355082128165	34.9605017776415	37.8491202285254	28.1888839410454	38.5979477218293	45.0780933331957	42.328370075077	44.8922804441278	42.2121943807737	58.2115017880124	63.264727948559	48.3584436461039	47.8706919680192	52.2321430826719	56.2568932963553	60.2579134552977	67.0772126638188	55.7136188797572	66.5003671812597	61.1958079716636	0	0	0	0	118.197260139956	167.681379822879	100.090620571613	85.713759341749	127.947885681691	103.853401010769	134.322470496542
570.044	0	0	0	0	0	0	0	0	385.809157089789	-1.94525513532784	3.04745185723444	17.5343055028634	-7.23923072000558	14.384963221623	-7.09363491615672	9.20538098253377	-6.02533058648749	5.29770075552504	2.92654176148137	4.84861035830342	13.7242161332189	3.90763494719582	8.40967006813581	6.7156847612712	23.1468760049483	16.1032517645466	9.61733876416275	19.8284064579929	16.1345104269452	13.2403295414413	24.0248908126987	18.4060825833602	27.6013501335016	26.9811416993344	27.7791050763516	14.7547510472139	24.7583594080174	25.3616081927549	26.2682137393788	37.5525316669873	40.2706156615779	44.4408013531042	26.6075690052783	34.8323318525371	32.9648145975139	50.5511269289233	39.8012447910664	33.890119768936	48.9978790982419	50.1255628559412	46.3677740798072	48.6658027108238	53.0343417428457	58.1553219133099	61.9378056704866	55.4825598690819	70.874329926953	66.8631748080516	44.0446013562358	50.9264154015798	43.9406341529963	0	0	0	0	165.760401114545	122.537441202043	91.1708847745018	133.844274560542	129.191227869239	131.550673655572	97.2933998191049	100.91928798295
573.38	0	0	0	0	0	0	0	0	56.1326392880708	14.0465759536876	9.16203706310016	8.24223983616871	24.0404070569065	19.2763883604816	-18.4026175023662	-12.1474131492358	18.1529193906417	6.23072955951892	-4.2672238707428	14.6142890634282	11.90393373063	17.5686174140653	8.47134538117693	9.82680553500709	13.6042641908401	6.25225199696773	10.5530456519967	9.42716375416511	9.68254431360107	18.5822040899537	14.0525190284772	20.1033068771412	14.6771045141984	30.2652565147224	31.636021259028	31.2385053271161	28.4701861665318	34.8237376114645	35.0041698891504	25.3118890184594	50.8197202879435	33.8910436947089	51.8031103543032	30.6391442717122	48.1139054382264	33.4068584666437	35.5719698924169	43.372694354448	47.4870851640014	54.3381332582442	50.7806711797045	42.0795637280441	43.1891607918847	46.3001550756586	46.8814705964371	52.4677504164032	43.0421852999216	49.8717852705144	66.825638447169	60.8478766454556	63.8748659657316	0	0	0	0	124.553552691591	113.219196080446	155.186007378489	140.696607217563	128.745336242097	132.401911822604	232.256404921719	189.973439736033
576.716	0	0	0	0	0	0	0	149.355125000016	9.85601476091283	5.69301285605146	-9.18526155145782	-12.9481392557493	-15.6722355286622	0.506327907085013	16.3134158525049	-5.80559674678768	5.08756836487221	2.65703497988784	-2.12734849434016	8.91379990941873	7.9801208958986	2.8033621571226	-1.66970546348722	3.90315487165965	7.62864188906668	23.8029535146484	14.5063688316859	9.93349156073596	16.5488701101527	16.936457587134	23.1857998798162	26.6789225318797	13.7381409781496	14.3286094585976	22.9982479963256	16.0561242447775	25.5171653602131	19.8862747404236	15.4451956296174	17.9540426419368	17.1810701061782	20.7961867764794	31.586349494506	38.3902132109842	26.9272664938794	22.6459918164812	37.2871133057466	38.5186286451635	48.3007664833442	35.3066904580667	56.7892939654842	36.9503219806679	44.8165075939857	41.6922355629158	54.0762036445841	51.4668271946923	42.0096647745904	51.1279935186147	34.9078158555924	55.0576923249222	47.4745496590283	0	0	0	0	81.0216215631622	54.5021605566645	91.6041453291041	59.1524957666443	104.994194740727	88.4084157437357	21.8693957887424	126.207982945679
580.052	0	0	0	0	0	0	327.317445124069	14.8994004337809	-5.25266584252115	-0.0143870734992717	0.548257028271744	23.9030744144041	-21.1672516544074	11.6308596438435	14.6628426768662	-3.41926941817654	5.05347899979118	5.28566109723104	15.5933487159982	-9.330094408643	-2.29335043293408	9.92630722568718	12.3939471942724	16.167741181396	8.82839108346218	9.18703402641543	6.73261957538131	9.04879986849569	13.6147982227226	19.0414782074758	23.4933286895974	7.89629708860016	21.1844182107176	29.4037064759661	18.8921023575461	13.1928150741166	25.3634890004861	25.2914910470261	32.0050370324422	43.2976543375803	23.5189757262824	22.1303656245881	22.0742432171065	27.6874832539676	39.6660687240908	34.3520341413607	23.7311844038183	31.7478895993803	33.9126239212503	30.0226722299285	27.4239115445721	37.2623560755637	34.713695198831	36.9250571454698	49.9766393987269	50.838898212905	53.2150903597278	57.4446731474095	56.3289047258049	48.3650677751126	0	0	0	0	122.657724699446	84.5371012257472	64.1075881133811	92.0215958001556	159.873530372766	59.1148588696639	110.179336580675	128.433682116596	66.0052949138372
583.389	0	0	0	0	0	0	39.516454969149	23.5226362989982	16.894988664316	11.9313919133315	6.04297475843926	-1.74297676184529	4.44154459304205	2.6662453158299	3.0208571378717	7.64279135869085	10.9844044326511	8.73164973855452	18.3966091621647	18.8110504625717	9.02120341870255	16.2464117786254	10.1828406778108	8.53712831624629	10.4950136399163	6.37643262241851	18.1495928082683	19.1893250904738	11.8244240758258	14.6580536270773	12.4035728973261	18.9979382654315	19.8408059147626	24.2461778775181	21.7517686836259	28.9004114685854	28.6397884640648	27.8404756625464	36.1250512697451	21.6454486505093	37.9632438508995	26.7330875272658	26.6736330229252	39.1480487358191	33.5788058268919	28.6346905967745	36.4490660637043	36.4878245605279	22.5775644040441	40.1516573857518	39.8620603045059	44.2691386681289	54.4299746394679	53.0717797429149	43.5359874518757	32.7055338476141	52.1303425343258	50.039522234386	51.7651036295644	64.041839509484	0	0	0	0	68.692058282208	85.1433260692404	113.794127612641	137.726705011568	76.9167327533347	111.929886080509	113.039407367316	155.034770798495	183.076594006963
586.726	0	0	0	0	0	123.676038412839	-17.3028942197828	-14.6997269705351	16.1574581196723	2.48818107056596	-9.56692989186751	12.0802497975484	10.9709778222987	10.4603249046163	2.47565688622949	12.7791654760393	-6.33392227152069	-6.07520488478775	5.78774680032214	-0.807396408139604	2.25604858069597	14.0209775200259	-1.906405138634	18.0934706626117	14.2147839007111	0.90544193524499	6.95000377682938	8.76731700381068	10.7408561964168	13.5910202779853	12.2818629107529	2.35009668294365	16.1333915479199	9.44646046741863	12.8991671119239	11.1766238453491	20.8521499544974	9.12242545751987	24.1215050941715	23.9986382584908	15.6878455202867	33.8491913808013	20.0347468652386	15.9661073146973	18.0987190492649	26.6425955547349	25.9881136280954	17.8120501887624	44.6416521715425	30.4827350730602	27.3019708972576	31.669737345074	28.3946871290152	20.5508077616029	41.5276595958845	40.2205807032562	42.6668935880956	56.8784682453807	38.5506468851328	52.8130931656725	0	0	0	0	56.4778802459663	79.1311866606135	100.758111721302	66.0249040451522	118.625064929776	105.271212222079	125.415804955365	55.2943847852005	-6.3790542152245
590.063	0	0	0	0	277.788775868482	24.4163600589524	11.0783662136202	-0.00799551164074119	12.9826416969925	13.7134832045965	2.98382293406839	3.41296399461415	20.2974780627487	-21.0451207606872	19.4997347323788	16.2023585600931	2.26696941862256	7.82338369250026	27.9009744633917	12.3367459998079	10.5071276844057	6.98868628058689	5.18777032641493	15.6636190719878	7.13750001543502	19.9715357023309	15.7669897557587	16.920182192205	15.4430835759924	8.36193454204156	10.2280031050631	16.083005727209	17.9665787036132	26.9226942057862	22.2858288063786	25.4740505582323	24.1087539048377	23.7926487311727	31.9902834200006	23.7354627836201	33.7220715162056	20.4294692734251	34.0895492763242	34.3645750683138	28.9927018492108	20.4423008432974	21.1081682040124	40.1820026870319	27.8451030898911	38.8311161346957	23.9845681989152	33.4971140100275	32.3841785935722	35.6693014412116	41.1149171613726	23.9313359981846	41.5734161389154	33.4803641696186	48.2067192936552	0	0	0	0	110.434649536801	69.997761823467	62.8387281468343	76.5654733140417	82.1147681194733	89.7733617295877	105.780740851926	167.51175424676	48.3342857125058	254.83100143108
593.4	0	0	0	0	6.40328841565998	-8.71564568378184	-24.5684251359037	-25.1142703536904	-3.29841004127277	-17.7383060185066	-20.0872302557756	-27.4169815524893	-28.9289988524038	-6.92168508649039	-21.7661751690007	-32.3949137801897	-24.0106093591325	-20.2660968049862	-10.9786216908265	-31.8598829057639	2.23977417943521	-10.0412094472223	-4.26071051553618	-9.80281993548062	8.33168842960968	-0.917223278698307	-4.34153241933436	1.65121642069833	1.70558446714785	9.02754654677896	7.96120725564139	-1.55381234832885	5.79635588540896	-5.57136516376798	5.78681911190931	5.21225818495545	2.57640277755227	-14.4341325649954	-2.66952561592387	8.39170384941548	12.8860876932714	3.28490439457686	2.06872442894712	0.711602231150134	16.4371199053724	8.81998935840934	21.3385999161848	7.99670652828415	19.4703414340431	13.6451733714738	16.998938960257	18.2986105895129	12.0148054535806	10.7173684775867	22.2410128398884	26.3144561778422	28.0253164339637	23.5648393256029	21.9677458040602	0	0	0	0	60.6490533412281	35.7906681018642	11.7626752169899	25.8959917817639	47.055765062331	18.1236788075226	-1.06548022470053	38.4616043659509	-68.3455685134202	-34.1333291642702
596.738	0	0	0	144.585085893663	1.57365915536574	14.0770859777034	-7.18534849252436	6.91747511189653	-6.642914895759	10.3328192705324	1.86475580814796	4.74310710206131	24.8577551386567	8.65638648987431	8.23366450106165	19.1875946714128	12.7162589087378	7.17451875510345	16.7327557274407	29.1588934375698	-4.26458675061529	16.2822615683386	21.4534006997073	9.35213953588223	12.2507498193667	11.212034028084	12.3396196395557	0.972111212855715	9.20959885869917	17.6960758841927	17.7792203293069	18.4197364677099	21.5562814156862	15.1147673385318	11.4693512047159	12.1733722655031	7.51749466893548	31.6728539595995	24.9357512181888	25.9003381149338	20.4427126436971	21.4219241312711	19.9999450226659	4.14425786788405	32.8203560280126	20.7172266095659	30.7719065426925	29.8922890171147	32.681671673479	43.3465394917826	26.794950518434	33.3381906572093	33.0514130585812	38.6964412857683	41.7279221886846	40.6350655139268	32.4169611082634	41.5477231327045	50.6696403747992	0	0	0	0	63.4757601600065	67.8530095254471	83.7706534363396	53.3644715400264	70.1954172627659	80.028984846963	79.2794083073942	204.50953239329	96.2176901157961	70.6097788809338
600.076	0	0	283.562688877377	-3.3761085184566	13.9431380690321	-10.5226399633215	-2.13989309487503	-4.22985197805827	-4.74080137602245	16.2071498795849	30.1464518997113	-6.01975984625617	28.1467766564851	22.4995538335833	-1.57546211633491	9.48881056071269	19.0243594995187	18.6435996475111	-2.15779067146671	18.7468085912321	16.849534687021	2.86269450447088	15.577207296649	18.9779780441578	18.7687848556833	15.1703509920496	14.0701754676802	11.3079672433393	8.14062102770314	15.0696256720838	11.1623407398904	13.2807905862143	14.0303217047358	13.1020026173874	16.3574441130115	28.5083983472906	10.935889407476	22.3004401204406	19.3354173600624	21.0313523771943	16.0581131440383	35.883438688678	27.0612875467031	29.6122333161478	14.9727933180246	30.4331970028294	23.2648791150125	36.7713961001947	24.780610007496	21.7616001102407	30.4603869871384	32.638486113138	40.1963043000123	39.2601212348309	9.55874478806715	28.4304505667116	41.7795675463174	33.9356830271523	0	0	0	0	85.7029493711127	57.4693532862298	50.8905953213445	59.8242255476093	75.6374623500063	92.9288155545072	56.6704473375073	75.5624238463766	-7.43679960111369	58.1861241676451	179.286468133059
603.415	0	0	22.4409770229049	34.3173112731755	20.3771904492404	-0.754863702564008	30.7126456851336	28.2975614994797	26.0015225107751	13.8230177618809	9.47519177957438	15.8244430895681	-5.20254688321809	-13.2930422871453	13.1806132694207	21.0135068855924	3.81151745916538	3.66987980634663	20.6438411636051	5.03667395737991	14.2545947178057	20.6548130581072	-6.66777618962062	10.7406091929385	7.20092661388901	7.64600202113988	7.75200872669098	5.06079770654795	10.8256406557676	12.284952094761	7.25594420632892	6.29709707560958	10.1040252040557	16.4296437326898	21.8802511984531	22.0338503512431	24.3777570121676	14.4568213973729	15.9328848982866	24.9929631269642	13.8047034443126	24.2329126168279	16.1530585288976	18.2600486264442	19.4689770729101	15.8266989945241	25.3003301993878	26.5541767423608	28.1181921865485	24.8211108579198	18.0190627433144	24.6710778005973	24.7810057409441	30.1977711854252	25.253742814142	31.8095223487728	30.5103905155541	22.1207098663404	0	0	0	0	48.7868437218375	71.3891278017347	43.0472319015398	60.30886792657	73.5868417090114	72.8604061390599	121.6031438378	64.3414673810456	128.838182478832	42.47848374404	82.903518158417
606.753	0	116.436279993151	67.0820057870994	-19.6647790597122	12.5458320924393	5.3259710573019	23.4466563677625	-13.4427325283639	-6.14406335748688	7.27682752122729	-19.0274918431395	-7.33300593361404	19.7017931385147	8.85902373427241	13.743046960716	2.04971869742973	-5.29204806128181	16.5475188203076	12.7804285037797	12.2185218318318	10.6679585121394	12.2036138784911	14.9062153288303	4.07137413987448	4.77673810174919	2.63602178858746	8.44955766836925	16.3291232299345	15.7460758996603	9.99710292489357	12.5380391293834	12.3064630095056	6.303684295548	8.71863834043318	20.3462249825354	33.293562105935	5.36555690406128	19.0060344593908	30.9001752802594	19.3504055760196	22.1384135752705	18.4917807161748	30.2272982786127	26.4009685170217	15.8146061590871	12.3749527301761	16.0813130703287	32.8263414667793	27.2473386506501	30.7607170777069	29.0024415443914	33.2846016364211	31.8550672362831	35.2643921432223	28.9328475974545	30.6253083582534	23.9372613670068	25.2939429305941	0	0	0	0	48.3043626421494	54.1179643136258	51.4214576578514	67.6500578633801	98.9409422465978	69.894846237942	59.7794157840152	82.459454817187	77.450525106406	55.9225090621604	173.748512599684
610.092	232.081201984622	7.3589484711185	-21.8146574471921	-6.61281844140879	-14.905879368259	5.34581239916022	-28.6641562353094	0.707219272765484	-27.4789861554288	-11.2248516379714	-0.00994790731538387	-13.9931145983255	-23.2832976481092	-8.87080258427303	3.18967931491837	1.02775358460883	-4.37255797788441	4.61316966646852	4.39476330197102	-11.0033409557728	-8.79752722139121	9.97413109449188	-4.95693165226166	9.33160521470013	12.3496198726054	0.960716201109529	2.44769952209292	6.30079906482517	8.2568545104639	4.42159402895419	-0.475377995188021	2.20863601002692	14.2777166128396	2.59103649142027	10.5207878709174	5.45729610258867	18.8065908773423	-6.41876802264636	16.7432308828605	6.86144305945498	13.8924423462962	14.3088558971134	3.96980883523369	9.1805201572561	13.8352016035507	10.4967939258735	24.5084978117391	6.50818829225309	16.9522628128828	16.2243429893331	12.3738618355891	19.5156142483625	14.3559694974455	19.7620713152134	22.0675867417826	29.4452271106645	35.3407754500175	0	0	0	0	81.3429321118061	32.9377061148252	51.7220755435502	60.4591375608039	51.3739189499978	45.4060054650009	42.9030070818191	26.2540443754114	49.0644561314499	-3.59728131819656	80.2533423538773	43.1537743320292
613.431	80.0852007119548	21.6216841148823	25.4889827715666	-24.4448748298506	25.2112502805664	-19.7270453773039	-4.35816926982939	12.7793372310301	6.90958449375268	-15.139579335343	-0.552998014574667	-1.79429940551394	23.8742533988179	7.80375053420994	11.137862525982	17.7332797281595	9.20882329064744	0.468914839888216	7.98210969156766	26.5881392632766	11.1274040882929	3.73503594381879	12.1056677559298	6.41542985097951	6.22772627897333	7.67651100911674	8.51909454785395	8.09483276437565	8.73270102156904	13.3451891617767	7.70757793349372	18.357014309187	6.60140162505898	21.3500189430724	0.954644820511794	2.24421128108825	7.70691860656976	22.8724254909109	4.60852644533102	31.1424797332257	28.5037769184155	17.7745259168307	34.5967945487646	24.6682167446536	20.5764877440044	25.0826580392584	21.360861354343	33.1976709552153	27.2908764818226	30.5436181446008	21.4799991644058	23.9527619895105	38.9512056835544	26.7757043394571	19.6171104937963	18.969196512595	41.9533744938856	0	0	0	0	55.8614055298971	36.7476191048138	23.9406162785919	50.8432433157043	61.8904800126043	68.638578499817	90.8188688333716	36.029191798726	51.9983324988651	74.9141923770367	15.655933025467	129.288197283146
616.77	-2.00743234101075	0.935019860442244	31.9332537992953	9.93321495196281	16.6631544235595	-0.0356684511990003	9.70669783107169	-23.7474168229674	-1.40820061482294	18.015799069152	2.56061778965174	-0.0179899278974113	-8.89169545597954	-10.1712651655543	-10.1918715351656	3.05107311189144	8.25290682096078	10.2771379680791	1.31545776327789	-11.166828515112	0.725882024164253	-0.0403724955326581	14.0977520901043	1.47055975403586	3.50962510191278	5.8424726808347	2.03102157098988	6.03959532888048	6.76877064550703	2.99771712261521	9.6517590734957	6.13075596217382	4.82911172181726	-0.658629752446717	3.55345691900264	13.3350533092951	8.85211690827962	11.788886016044	3.26824414479912	0.0209644843198022	22.915340268782	12.9171527847489	10.6032446782473	9.32008331495989	21.1982556471803	26.4284654163168	20.429670958216	6.28077414895974	19.083789604642	22.073001006444	25.4270865840436	21.8350047094558	16.3244800774526	24.7997761595623	25.726743392024	26.6270389407352	18.5788232525215	0	0	0	0	25.6984544753926	10.0226214886203	30.5884639130443	40.2430110813797	36.238149490786	64.422875010483	41.3637270374143	39.3135892092647	51.3850433512859	-15.804609736004	54.4526137217798	73.7077762396247
620.109	25.5738438526488	4.52635245339504	14.1049777618699	-0.0736249927769053	-25.584452106379	20.8887003473772	11.8175299644387	3.53790726299032	6.78945161750044	1.64004466739138	-11.155169229332	21.2637335185316	31.1658615717345	-10.4285574660224	-5.37528827107383	13.8423104139792	2.94463185561037	-1.16088680344341	-7.23162287434283	7.27078566379528	-4.06878660493828	4.10153945956255	6.87951450055997	5.08041132436552	6.57928335137065	2.9961837016527	8.57630474491295	7.43718114206865	2.23634399515641	12.3014052949999	16.2616771570367	14.7184035666382	19.7866640070474	3.22575431088294	13.9083313308301	19.2059895691833	20.9393449087358	0.849468519658533	26.1808371180961	27.0475578753609	7.91327847912403	28.3778079418026	40.9296438939468	21.5744262073374	-6.34312019585464	14.6712290988248	26.2931383504782	17.7951138042275	25.4233260801532	28.3465527096267	35.1092460384927	30.9113429872277	24.0944995847506	31.97195091054	27.1266257054816	28.0187592070691	0	0	0	0	75.9503686153254	30.5606020337326	36.0121932328903	40.114789321489	55.4108752925445	34.7932949777513	73.6918384162325	110.795321810268	74.6259132737578	107.494947107892	47.5022558067553	137.012801846697	46.5084602222096
