Sample - Blank	600	595	590	585	580	575	570	565	560	555	550	545	540	535	530	525	520	515	510	505	500	495	490	485	480	475	470	465	460	455	450	445	440	435	430	425	420	415	410	405	400	395	390	385	380	375	370	365	360	355	350	345	340	335	330	325	320	315	310	305	300	295	290	285	280	275	270	265	260	255	250	245	240
nm																																																																									
213.328	0	0	0	0	0	0	0	0	0	0	0	0	0	0	0	0	0	0	0	0	0	0	0	0	0	0	0	0	0	0	0	0	0	0	0	0	0	0	0	0	0	0	0	0	0	0	0	0	0	0	0	0	0	0	0	0	0	0	0	0	0	0	0	0	0	0	0	0	0	0	0	0	0
216.504	0	0	0	0	0	0	0	0	0	0	0	0	0	0	0	0	0	0	0	0	0	0	0	0	0	0	0	0	0	0	0	0	0	0	0	0	0	0	0	0	0	0	0	0	0	0	0	0	0	0	0	0	0	0	0	0	0	0	0	0	0	0	0	0	0	0	0	0	0	0	0	0	0
219.682	0	0	0	0	0	0	0	0	0	0	0	0	0	0	0	0	0	0	0	0	0	0	0	0	0	0	0	0	0	0	0	0	0	0	0	0	0	0	0	0	0	0	0	0	0	0	0	0	0	0	0	0	0	0	0	0	0	0	0	0	0	0	0	0	0	0	0	0	0	0	0	0	0
222.862	0	0	0	0	0	0	0	0	0	0	0	0	0	0	0	0	0	0	0	0	0	0	0	0	0	0	0	0	0	0	0	0	0	0	0	0	0	0	0	0	0	0	0	0	0	0	0	0	0	0	0	0	0	0	0	0	0	0	0	0	0	0	0	0	0	0	0	0	0	0	0	0	0
226.045	0	0	0	0	0	0	0	0	0	0	0	0	0	0	0	0	0	0	0	0	0	0	0	0	0	0	0	0	0	0	0	0	0	0	0	0	0	0	0	0	0	0	0	0	0	0	0	0	0	0	0	0	0	0	0	0	0	0	0	0	0	0	0	0	0	0	0	0	0	0	0	0	0
229.23	0	0	0	0	0	0	0	0	0	0	0	0	0	0	0	0	0	0	0	0	0	0	0	0	0	0	0	0	0	0	0	0	0	0	0	0	0	0	0	0	0	0	0	0	0	0	0	0	0	0	0	0	0	0	0	0	0	0	0	0	0	0	0	0	0	0	0	0	0	0	0	0	0
232.417	0	0	0	0	0	0	0	0	0	0	0	0	0	0	0	0	0	0	0	0	0	0	0	0	0	0	0	0	0	0	0	0	0	0	0	0	0	0	0	0	0	0	0	0	0	0	0	0	0	0	0	0	0	0	0	0	0	0	0	0	0	0	0	0	0	0	0	0	0	0	0	0	0
235.607	0	0	0	0	0	0	0	0	0	0	0	0	0	0	0	0	0	0	0	0	0	0	0	0	0	0	0	0	0	0	0	0	0	0	0	0	0	0	0	0	0	0	0	0	0	0	0	0	0	0	0	0	0	0	0	0	0	0	0	0	0	0	0	0	0	0	0	0	0	0	0	0	0
238.799	0	0	0	0	0	0	0	0	0	0	0	0	0	0	0	0	0	0	0	0	0	0	0	0	0	0	0	0	0	0	0	0	0	0	0	0	0	0	0	0	0	0	0	0	0	0	0	0	0	0	0	0	0	0	0	0	0	0	0	0	0	0	0	0	0	0	0	0	0	0	0	0	0
241.993	0	0	0	0	0	0	0	0	0	0	0	0	0	0	0	0	0	0	0	0	0	0	0	0	0	0	0	0	0	0	0	0	0	0	0	0	0	0	0	0	0	0	0	0	0	0	0	0	0	0	0	0	0	0	0	0	0	0	0	0	0	0	0	0	0	0	0	0	0	0	0	0	0
245.19	0	0	0	0	0	0	0	0	0	0	0	0	0	0	0	0	0	0	0	0	0	0	0	0	0	0	0	0	0	0	0	0	0	0	0	0	0	0	0	0	0	0	0	0	0	0	0	0	0	0	0	0	0	0	0	0	0	0	0	0	0	0	0	0	0	0	0	0	0	0	0	0	0
248.388	0	0	0	0	0	0	0	0	0	0	0	0	0	0	0	0	0	0	0	0	0	0	0	0	0	0	0	0	0	0	0	0	0	0	0	0	0	0	0	0	0	0	0	0	0	0	0	0	0	0	0	0	0	0	0	0	0	0	0	0	0	0	0	0	0	0	0	0	0	0	0	0	0
251.589	0	0	0	0	0	0	0	0	0	0	0	0	0	0	0	0	0	0	0	0	0	0	0	0	0	0	0	0	0	0	0	0	0	0	0	0	0	0	0	0	0	0	0	0	0	0	0	0	0	0	0	0	0	0	0	0	0	0	0	0	0	0	0	0	0	0	0	0	0	0	0	0	3842.48618595315
254.793	0	0	0	0	0	0	0	0	0	0	0	0	0	0	0	0	0	0	0	0	0	0	0	0	0	0	0	0	0	0	0	0	0	0	0	0	0	0	0	0	0	0	0	0	0	0	0	0	0	0	0	0	0	0	0	0	0	0	0	0	0	0	0	0	0	0	0	0	0	0	0	0	46.1586888344938
257.998	0	0	0	0	0	0	0	0	0	0	0	0	0	0	0	0	0	0	0	0	0	0	0	0	0	0	0	0	0	0	0	0	0	0	0	0	0	0	0	0	0	0	0	0	0	0	0	0	0	0	0	0	0	0	0	0	0	0	0	0	0	0	0	0	0	0	0	0	0	0	0	1911.59118863138	164.941995549492
261.205	0	0	0	0	0	0	0	0	0	0	0	0	0	0	0	0	0	0	0	0	0	0	0	0	0	0	0	0	0	0	0	0	0	0	0	0	0	0	0	0	0	0	0	0	0	0	0	0	0	0	0	0	0	0	0	0	0	0	0	0	0	0	0	0	0	0	0	0	0	0	9512.92557104511	73.8924109056086	-311.418700323726
264.415	0	0	0	0	0	0	0	0	0	0	0	0	0	0	0	0	0	0	0	0	0	0	0	0	0	0	0	0	0	0	0	0	0	0	0	0	0	0	0	0	0	0	0	0	0	0	0	0	0	0	0	0	0	0	0	0	0	0	0	0	0	0	0	0	0	0	0	0	0	0	726.408412266431	225.708394912162	-186.067556429301
267.627	0	0	0	0	0	0	0	0	0	0	0	0	0	0	0	0	0	0	0	0	0	0	0	0	0	0	0	0	0	0	0	0	0	0	0	0	0	0	0	0	0	0	0	0	0	0	0	0	0	0	0	0	0	0	0	0	0	0	0	0	0	0	0	0	0	0	0	0	0	4138.77807512545	187.901156855218	-74.1912433900688	-689.636989215341
270.841	0	0	0	0	0	0	0	0	0	0	0	0	0	0	0	0	0	0	0	0	0	0	0	0	0	0	0	0	0	0	0	0	0	0	0	0	0	0	0	0	0	0	0	0	0	0	0	0	0	0	0	0	0	0	0	0	0	0	0	0	0	0	0	0	0	0	0	0	14354.5215241632	269.401581049871	96.3394211847975	-292.027574420435	-437.359184445795
274.057	0	0	0	0	0	0	0	0	0	0	0	0	0	0	0	0	0	0	0	0	0	0	0	0	0	0	0	0	0	0	0	0	0	0	0	0	0	0	0	0	0	0	0	0	0	0	0	0	0	0	0	0	0	0	0	0	0	0	0	0	0	0	0	0	0	0	0	0	1484.60396599063	65.7411039961734	115.916068148235	-294.80689699966	-198.559642799574
277.275	0	0	0	0	0	0	0	0	0	0	0	0	0	0	0	0	0	0	0	0	0	0	0	0	0	0	0	0	0	0	0	0	0	0	0	0	0	0	0	0	0	0	0	0	0	0	0	0	0	0	0	0	0	0	0	0	0	0	0	0	0	0	0	0	0	0	0	9249.08829348822	174.84198082636	62.3747638467276	-201.907006151056	-291.940890589866	-112.338826439478
280.496	0	0	0	0	0	0	0	0	0	0	0	0	0	0	0	0	0	0	0	0	0	0	0	0	0	0	0	0	0	0	0	0	0	0	0	0	0	0	0	0	0	0	0	0	0	0	0	0	0	0	0	0	0	0	0	0	0	0	0	0	0	0	0	0	0	0	25206.2828317773	560.879512897728	158.656455750021	166.636080712891	-206.852575475949	220.663680768122	63.8087125943031
283.718	0	0	0	0	0	0	0	0	0	0	0	0	0	0	0	0	0	0	0	0	0	0	0	0	0	0	0	0	0	0	0	0	0	0	0	0	0	0	0	0	0	0	0	0	0	0	0	0	0	0	0	0	0	0	0	0	0	0	0	0	0	0	0	0	0	0	3508.7960661266	272.818663253129	223.187312343036	-33.0852524320115	-74.6597114325432	57.6009055263087	185.13236507355
286.942	0	0	0	0	0	0	0	0	0	0	0	0	0	0	0	0	0	0	0	0	0	0	0	0	0	0	0	0	0	0	0	0	0	0	0	0	0	0	0	0	0	0	0	0	0	0	0	0	0	0	0	0	0	0	0	0	0	0	0	0	0	0	0	0	0	11522.3247861359	346.02120741136	311.334254728957	180.379557725088	-111.240400483869	141.453773503212	251.69591178976	291.511812530063
290.169	0	0	0	0	0	0	0	0	0	0	0	0	0	0	0	0	0	0	0	0	0	0	0	0	0	0	0	0	0	0	0	0	0	0	0	0	0	0	0	0	0	0	0	0	0	0	0	0	0	0	0	0	0	0	0	0	0	0	0	0	0	0	0	0	17016.8227252319	824.329966414587	359.475310096051	264.046946742612	176.274624539535	-3.82235529774103	109.056657749839	143.759644006953	42.2003180533187
293.397	0	0	0	0	0	0	0	0	0	0	0	0	0	0	0	0	0	0	0	0	0	0	0	0	0	0	0	0	0	0	0	0	0	0	0	0	0	0	0	0	0	0	0	0	0	0	0	0	0	0	0	0	0	0	0	0	0	0	0	0	0	0	0	0	2766.62793721747	433.641747797115	425.960306381748	280.021874251283	166.505858523069	209.474247052902	168.931191544995	167.193389936392	68.9288039079912
296.628	0	0	0	0	0	0	0	0	0	0	0	0	0	0	0	0	0	0	0	0	0	0	0	0	0	0	0	0	0	0	0	0	0	0	0	0	0	0	0	0	0	0	0	0	0	0	0	0	0	0	0	0	0	0	0	0	0	0	0	0	0	0	0	7677.03035430776	482.860549877238	527.034593781801	518.039827826924	349.667622805888	288.998432891679	366.945107790606	339.161374928	450.807408717074	341.557779523099
299.86	0	0	0	0	0	0	0	0	0	0	0	0	0	0	0	0	0	0	0	0	0	0	0	0	0	0	0	0	0	0	0	0	0	0	0	0	0	0	0	0	0	0	0	0	0	0	0	0	0	0	0	0	0	0	0	0	0	0	0	0	0	0	0	860.905055556381	511.456698870605	590.334019960085	529.293952812613	448.631764990443	463.438251163108	454.842266772325	337.773149998644	343.871251118578	443.101608992465
303.095	0	0	0	0	0	0	0	0	0	0	0	0	0	0	0	0	0	0	0	0	0	0	0	0	0	0	0	0	0	0	0	0	0	0	0	0	0	0	0	0	0	0	0	0	0	0	0	0	0	0	0	0	0	0	0	0	0	0	0	0	0	0	4605.69969952219	410.831473956143	573.292431890083	654.390899411936	495.864240030787	531.765039596985	530.826997147233	384.080387977906	369.846391349637	339.199647005787	445.222282603072
306.331	0	0	0	0	0	0	0	0	0	0	0	0	0	0	0	0	0	0	0	0	0	0	0	0	0	0	0	0	0	0	0	0	0	0	0	0	0	0	0	0	0	0	0	0	0	0	0	0	0	0	0	0	0	0	0	0	0	0	0	0	0	15230.0911192594	377.27429404588	452.164783900956	615.294125627784	710.310976510255	637.533062720939	650.343033044673	543.239141622881	389.933970698972	344.005210459622	342.911278693592	490.556889737514
309.569	0	0	0	0	0	0	0	0	0	0	0	0	0	0	0	0	0	0	0	0	0	0	0	0	0	0	0	0	0	0	0	0	0	0	0	0	0	0	0	0	0	0	0	0	0	0	0	0	0	0	0	0	0	0	0	0	0	0	0	0	0	1333.83369587413	322.639731560206	485.297616854799	638.158389329504	672.694210430167	712.868253496815	625.63518633635	566.263675376059	497.627662047947	444.491015787612	478.071374352623	527.661989663592
312.81	0	0	0	0	0	0	0	0	0	0	0	0	0	0	0	0	0	0	0	0	0	0	0	0	0	0	0	0	0	0	0	0	0	0	0	0	0	0	0	0	0	0	0	0	0	0	0	0	0	0	0	0	0	0	0	0	0	0	0	0	5930.53885759418	359.981065401517	407.153395715079	571.58235106053	706.141622565492	813.17504266845	793.859447768797	725.36520443648	544.249898397497	489.405021784641	429.206737043691	446.533351619037	474.758705355751
316.052	0	0	0	0	0	0	0	0	0	0	0	0	0	0	0	0	0	0	0	0	0	0	0	0	0	0	0	0	0	0	0	0	0	0	0	0	0	0	0	0	0	0	0	0	0	0	0	0	0	0	0	0	0	0	0	0	0	0	0	12106.6749973314	641.970481026538	515.957016283219	563.750729101191	773.694723621794	871.413127285372	959.47477544671	953.488306289071	864.135178871682	683.316473116405	689.221911340443	557.66109110087	631.600204818482	643.96242942072
319.296	0	0	0	0	0	0	0	0	0	0	0	0	0	0	0	0	0	0	0	0	0	0	0	0	0	0	0	0	0	0	0	0	0	0	0	0	0	0	0	0	0	0	0	0	0	0	0	0	0	0	0	0	0	0	0	0	0	0	0	1893.71619429286	850.23144463275	956.99614668849	1014.42742194323	1106.49436601262	1087.81482658011	1182.19713748817	1161.28092570942	1020.13791564981	835.717492355105	757.358419706247	714.452687864551	906.193658403405	1025.722242226
322.542	0	0	0	0	0	0	0	0	0	0	0	0	0	0	0	0	0	0	0	0	0	0	0	0	0	0	0	0	0	0	0	0	0	0	0	0	0	0	0	0	0	0	0	0	0	0	0	0	0	0	0	0	0	0	0	0	0	0	5082.97782482235	991.033645577536	1190.16468573743	1317.98751006555	1366.9656709903	1425.0355693362	1449.76762995092	1458.68031386796	1316.91833559934	1202.86517103854	1011.92529397825	898.862145151179	926.427806103521	1022.39405544955	1312.29120892364
325.79	0	0	0	0	0	0	0	0	0	0	0	0	0	0	0	0	0	0	0	0	0	0	0	0	0	0	0	0	0	0	0	0	0	0	0	0	0	0	0	0	0	0	0	0	0	0	0	0	0	0	0	0	0	0	0	0	0	9395.00160123319	1056.18446858192	1062.88321869568	1353.35232672208	1519.82800583918	1521.55905435647	1573.0355424532	1618.24145697661	1543.28520043382	1390.50064676923	1206.65026359577	1062.81334885431	792.005425778183	902.981679542814	1263.30853973327	1362.95398707691
329.039	0	0	0	0	0	0	0	0	0	0	0	0	0	0	0	0	0	0	0	0	0	0	0	0	0	0	0	0	0	0	0	0	0	0	0	0	0	0	0	0	0	0	0	0	0	0	0	0	0	0	0	0	0	0	0	0	0	1725.04996452978	893.975715841284	1104.47069544966	1408.80001566154	1611.58389251594	1654.31460997483	1708.79615732556	1667.52437887914	1545.13136919002	1481.30418511945	1261.47278350828	1143.44130364068	982.250018573812	958.161008490536	1270.51497716776	1410.4477706841
332.291	0	0	0	0	0	0	0	0	0	0	0	0	0	0	0	0	0	0	0	0	0	0	0	0	0	0	0	0	0	0	0	0	0	0	0	0	0	0	0	0	0	0	0	0	0	0	0	0	0	0	0	0	0	0	0	0	4222.11431274725	499.402936447217	967.10088095208	1240.2095592123	1588.30695009204	1782.37325812908	1814.83466344255	1874.04968355791	1798.93107324272	1629.3491408876	1508.17374621701	1269.21957172473	1168.35393124925	1017.8506741716	951.5802995391	1229.72640662251	1493.95769786244
335.544	0	0	0	0	0	0	0	0	0	0	0	0	0	0	0	0	0	0	0	0	0	0	0	0	0	0	0	0	0	0	0	0	0	0	0	0	0	0	0	0	0	0	0	0	0	0	0	0	0	0	0	0	0	0	0	8424.58266473885	394.717500563582	524.719852331892	1099.6707805593	1452.45228188961	1842.21525504949	2050.76913328382	2047.22727859333	2105.62868104055	1980.57310528527	1753.6867179816	1587.32372337078	1419.21063933103	1285.31527649543	1130.77828008018	1095.78562855069	1513.96409769664	1807.83862696256
338.799	0	0	0	0	0	0	0	0	0	0	0	0	0	0	0	0	0	0	0	0	0	0	0	0	0	0	0	0	0	0	0	0	0	0	0	0	0	0	0	0	0	0	0	0	0	0	0	0	0	0	0	0	0	0	0	1434.63730612326	194.827565868926	602.384608249725	1215.81458736619	1587.15447754244	2005.65088074583	2229.06559068157	2253.33733096184	2200.30322635985	2086.20716789762	1850.75946701872	1700.84085908271	1518.95715612349	1338.2837955223	1223.75575525733	1298.90103407255	1618.14042091589	2210.88785903429
342.056	0	0	0	0	0	0	0	0	0	0	0	0	0	0	0	0	0	0	0	0	0	0	0	0	0	0	0	0	0	0	0	0	0	0	0	0	0	0	0	0	0	0	0	0	0	0	0	0	0	0	0	0	0	0	3955.13096422656	108.794051307387	166.365344885155	575.005368979692	1189.41155970838	1499.20636044803	1961.84894967618	2159.24707244403	2163.31372082071	2156.92436389579	2011.57524734095	1769.27094342377	1572.60593623021	1362.46498921675	1219.07694553353	993.269092997827	1071.33918542042	1574.96992780991	1776.30373354719
345.315	0	0	0	0	0	0	0	0	0	0	0	0	0	0	0	0	0	0	0	0	0	0	0	0	0	0	0	0	0	0	0	0	0	0	0	0	0	0	0	0	0	0	0	0	0	0	0	0	0	0	0	0	0	7457.56024939248	351.863995672455	102.39237482877	182.932182922015	560.988962118559	1141.98463512922	1471.91385848989	1857.0598069102	2127.29190860553	2026.0879364286	2104.61487860654	1886.06168509244	1663.28204748981	1512.52422409568	1394.2040371223	1286.72254712309	1117.55968317179	1150.65369349835	1435.01672349576	1975.54739587463
348.575	0	0	0	0	0	0	0	0	0	0	0	0	0	0	0	0	0	0	0	0	0	0	0	0	0	0	0	0	0	0	0	0	0	0	0	0	0	0	0	0	0	0	0	0	0	0	0	0	0	0	0	0	0	1458.72213465562	102.480742980689	112.822400854439	205.371762987835	553.958266188276	1157.04839953512	1409.32294482555	1836.46332773042	2044.27277273943	2020.12015156689	2025.65668471057	1847.3062086751	1596.41955931082	1430.18038886583	1299.37434523393	1177.46806283645	1053.08003547418	1027.7014293574	1463.21437567072	1833.10195696461
351.838	0	0	0	0	0	0	0	0	0	0	0	0	0	0	0	0	0	0	0	0	0	0	0	0	0	0	0	0	0	0	0	0	0	0	0	0	0	0	0	0	0	0	0	0	0	0	0	0	0	0	0	0	4207.0825019029	99.8278725098633	75.1195210817881	121.880821937569	178.557668963702	553.114439329146	1118.55199995204	1475.40839830174	1807.05942286131	2052.7806888408	1999.10819068505	1952.12375070089	1757.98639317375	1542.71434883593	1475.97907902541	1286.96640314425	1118.09037649432	1025.87647134736	919.113690502633	1243.20893508435	1683.24984074362
355.101	0	0	0	0	0	0	0	0	0	0	0	0	0	0	0	0	0	0	0	0	0	0	0	0	0	0	0	0	0	0	0	0	0	0	0	0	0	0	0	0	0	0	0	0	0	0	0	0	0	0	0	8748.36750078325	428.666206917175	84.7924157912653	110.846442970792	143.174041129218	267.544537149864	616.749941528615	1148.48845007459	1445.56847379808	1821.96927118928	2005.73995430589	1953.68179983673	1898.61281233228	1739.03860391905	1573.34934578593	1395.51298376584	1271.29316171443	1179.83711703346	1052.18337613285	1118.52999488464	1659.4677843467	2066.17849466596
358.367	0	0	0	0	0	0	0	0	0	0	0	0	0	0	0	0	0	0	0	0	0	0	0	0	0	0	0	0	0	0	0	0	0	0	0	0	0	0	0	0	0	0	0	0	0	0	0	0	0	0	0	1789.3871057377	97.4179306915723	101.576640736608	107.675858011899	185.909268675331	257.482660463804	569.186696477885	1074.77048279824	1371.17590816341	1690.32060863299	1878.54530482619	1858.10152380917	1789.72681436148	1663.99785010915	1500.15870738349	1356.06322259873	1267.28404430089	1014.91188142117	1124.26305144435	989.56752873223	1342.0401213207	1755.68497504838
361.634	0	0	0	0	0	0	0	0	0	0	0	0	0	0	0	0	0	0	0	0	0	0	0	0	0	0	0	0	0	0	0	0	0	0	0	0	0	0	0	0	0	0	0	0	0	0	0	0	0	0	5529.87987405572	136.811789795094	87.6799649346242	107.20481358146	138.005570547976	192.536641476909	309.724159135351	579.207893028207	1020.13256924579	1294.19282915744	1572.37424249189	1736.58633863466	1704.11128550959	1642.10154644916	1543.86628592227	1382.06313332054	1220.85890546042	1156.21302354445	1031.51581812071	968.361514008193	1082.84508672791	1375.6737912883	1832.06174527955
364.903	0	0	0	0	0	0	0	0	0	0	0	0	0	0	0	0	0	0	0	0	0	0	0	0	0	0	0	0	0	0	0	0	0	0	0	0	0	0	0	0	0	0	0	0	0	0	0	0	0	0	540.180180849074	94.9842703601895	115.525737254027	142.217755440553	169.566256485658	223.796682220693	300.625415962941	601.388817240168	981.379838609282	1190.46989250754	1497.3837114606	1644.98098722652	1599.39658745802	1558.60305797396	1392.77969896457	1316.13056604673	1173.8785011434	1164.53801006734	1004.975899045	906.518626547834	972.903421837886	1272.91051102852	1522.38356095321
368.174	0	0	0	0	0	0	0	0	0	0	0	0	0	0	0	0	0	0	0	0	0	0	0	0	0	0	0	0	0	0	0	0	0	0	0	0	0	0	0	0	0	0	0	0	0	0	0	0	0	1837.99811281213	97.5567730337968	102.688157887432	118.20810019569	146.436770058453	200.05879357946	237.579812884444	311.044713547186	563.163157798342	933.099284624589	1141.45566973211	1373.82704173151	1513.14423893946	1463.80812542393	1425.03593629073	1264.95244343853	1166.32163848078	1122.7771314266	973.880111031223	934.309174853586	812.325095331719	971.439853243275	1071.24401890047	1474.00990308527
371.446	0	0	0	0	0	0	0	0	0	0	0	0	0	0	0	0	0	0	0	0	0	0	0	0	0	0	0	0	0	0	0	0	0	0	0	0	0	0	0	0	0	0	0	0	0	0	0	0	3978.34990664149	171.613090500978	111.46492202199	101.554600398905	136.205978668364	188.520290035622	246.688460067375	281.861617986034	371.636955888965	594.602895063332	927.146352374598	1118.78265391072	1323.90973041847	1458.11259744825	1422.82282197038	1349.49734068887	1297.44428551353	1165.1205764867	1105.14687020358	998.247617628387	950.865203690631	915.955755987209	984.305972676157	1354.02374361487	1599.60997606321
374.719	0	0	0	0	0	0	0	0	0	0	0	0	0	0	0	0	0	0	0	0	0	0	0	0	0	0	0	0	0	0	0	0	0	0	0	0	0	0	0	0	0	0	0	0	0	0	0	0	501.926252587859	89.7245850071819	103.28727083885	134.916567680732	160.848951449208	202.856404754253	253.252673117067	314.744001749905	365.935880821901	584.799408125351	969.763517685682	1092.58982565164	1303.63768389374	1379.13536654922	1369.02679989256	1309.23383868979	1238.56383278827	1068.35356813015	1064.64600172968	1014.25159715699	904.041450504302	947.715486439089	889.215873867908	1122.88538182735	1355.66801828427
377.995	0	0	0	0	0	0	0	0	0	0	0	0	0	0	0	0	0	0	0	0	0	0	0	0	0	0	0	0	0	0	0	0	0	0	0	0	0	0	0	0	0	0	0	0	0	0	0	1585.78677440715	98.3430997866678	101.580256241673	129.811586639677	146.60248896346	187.868798934865	232.294659954677	288.249732137866	352.841806232306	434.013937456079	662.931223830158	929.010210785076	1054.98755501912	1229.55935533581	1350.30268024358	1258.0199424333	1245.33144907557	1169.83961127739	1047.67081284351	1021.88196472118	1025.31305864678	1024.71831006119	1040.03588118759	1008.26506771497	1164.79132937921	1545.2800241565
381.272	0	0	0	0	0	0	0	0	0	0	0	0	0	0	0	0	0	0	0	0	0	0	0	0	0	0	0	0	0	0	0	0	0	0	0	0	0	0	0	0	0	0	0	0	0	0	3757.31865388763	102.392324035831	72.2697146074516	130.224915091113	146.365735605843	175.260887364216	199.679224804377	261.230218858274	308.766395269715	355.5538914237	457.284486815079	620.255788866411	889.648670595829	968.708658882496	1167.38549121506	1256.97940732961	1242.12693714277	1188.88714280087	1081.21398804022	1012.24938981216	981.747042577811	930.37015975533	855.087270967688	958.881289825034	944.23824180737	1321.2423400585	1373.04946280834
384.55	0	0	0	0	0	0	0	0	0	0	0	0	0	0	0	0	0	0	0	0	0	0	0	0	0	0	0	0	0	0	0	0	0	0	0	0	0	0	0	0	0	0	0	0	0	0	469.548434361379	71.7988804883217	87.2249043003525	104.803623858498	163.328156199878	176.260428484022	231.3589729473	271.744099566741	348.978355333007	393.791748696886	479.350972719427	624.870583787679	851.285697086663	972.08080887416	1100.96192098688	1136.30236685597	1123.1483652598	1121.12991893773	1046.33232620555	974.778013400355	943.795683933089	920.985937670284	977.970936059839	1091.96754779426	1078.280315964	1241.57146837943	1382.24115081802
387.83	0	0	0	0	0	0	0	0	0	0	0	0	0	0	0	0	0	0	0	0	0	0	0	0	0	0	0	0	0	0	0	0	0	0	0	0	0	0	0	0	0	0	0	0	0	1633.82408974202	69.6213600205184	68.2433096732181	95.3099400605704	150.083289382076	163.665065336446	219.731505136673	266.986568368795	293.979928270792	360.232116338737	416.032814962456	506.742952748178	646.959436102565	805.871114536611	938.719388775776	1034.19809228254	1140.02612310914	1076.73381833028	1040.17601597426	1005.65640572363	968.36007508796	935.778573320793	939.658566306257	940.096836636092	895.469721292783	1098.87622046472	1308.92663145469	1314.61581846408
391.112	0	0	0	0	0	0	0	0	0	0	0	0	0	0	0	0	0	0	0	0	0	0	0	0	0	0	0	0	0	0	0	0	0	0	0	0	0	0	0	0	0	0	0	0	3772.47186149336	107.903099020524	57.3418748980905	75.3877731630434	107.9324377318	139.146192279975	181.202647170143	226.988751099964	271.945258724013	317.208637580756	369.009324557287	451.402107070396	506.294177532397	608.357934480554	788.967920435141	876.134580514398	992.057488086759	1004.52090960525	1005.55208612115	991.627468631791	929.636536018606	891.696908161099	858.866407566915	844.285596384609	882.401747285847	883.294542313554	1006.35570489188	1109.7505546563	1337.8596289795
394.395	0	0	0	0	0	0	0	0	0	0	0	0	0	0	0	0	0	0	0	0	0	0	0	0	0	0	0	0	0	0	0	0	0	0	0	0	0	0	0	0	0	0	0	0	567.298312592916	50.7496483109642	56.9691812693788	81.9128942348902	125.54653671967	168.005678312971	210.766340013098	262.173844269801	307.453650014678	350.899396339692	417.36733429028	448.595718893569	532.078112954827	649.036382460032	776.968851736521	884.5565259838	969.720771339333	1027.87550072653	996.228120424287	955.177017744964	904.95199948367	884.446856769879	854.189022808953	879.28044330468	856.746868701538	910.482324774129	1073.47182806594	1301.583194959	1528.29192230813
397.679	0	0	0	0	0	0	0	0	0	0	0	0	0	0	0	0	0	0	0	0	0	0	0	0	0	0	0	0	0	0	0	0	0	0	0	0	0	0	0	0	0	0	0	1904.51264366189	50.9604410780382	45.0305574383549	64.1928902217767	89.4888908908503	137.037443151177	165.662465297782	231.898359417714	249.248279624028	293.22987126611	361.514031936101	418.006597221724	477.831277235064	509.27331707804	620.478275763275	779.311946099409	845.74756607003	900.638950261667	955.141100295466	957.460616131896	940.764056213485	884.258053122249	858.339869177575	842.877883700393	816.300349675664	844.798292793935	907.768799242	851.589573839295	1144.74214144902	1254.2375579045
400.965	0	0	0	0	0	0	0	0	0	0	0	0	0	0	0	0	0	0	0	0	0	0	0	0	0	0	0	0	0	0	0	0	0	0	0	0	0	0	0	0	0	0	3966.71488889847	136.156695606319	61.2444829321977	65.5341365292993	83.1366893429656	124.110810395814	174.665050693952	211.072034625064	249.638617420875	291.089183170798	346.895371130561	395.179942632725	423.793310082986	488.478696659786	543.925251403844	624.940600613224	745.287370096935	820.509352712745	898.180961377458	906.57546390444	899.982574841562	891.041894560983	873.717464426081	836.120643345783	833.678475715482	826.305094197419	872.462520473768	964.50111712155	1110.53458979092	1073.95462908713	1467.22482632623
404.253	0	0	0	0	0	0	0	0	0	0	0	0	0	0	0	0	0	0	0	0	0	0	0	0	0	0	0	0	0	0	0	0	0	0	0	0	0	0	0	0	0	0	612.383641692884	47.6372069982522	40.1575909491193	61.3760025742004	85.9894467057241	112.080444478611	156.75181362073	225.63329053211	257.03457835255	299.240222749336	353.670618436444	401.636040524044	456.480392994627	490.577277421271	553.888514099891	620.848835211391	733.532744703032	794.313689367679	853.629071449731	873.279682110506	865.216835035029	833.317014761252	839.192104826318	826.033029143659	814.488050078113	785.228595972975	909.182905436213	886.917774798471	917.927288042151	1066.21487875746	1217.615441735
407.542	0	0	0	0	0	0	0	0	0	0	0	0	0	0	0	0	0	0	0	0	0	0	0	0	0	0	0	0	0	0	0	0	0	0	0	0	0	0	0	0	0	1854.2943801044	29.9961515749532	49.8229809539071	65.3968988753908	72.8878271068488	109.24832820887	143.913963718387	187.307715624877	238.561295366129	286.137874386255	310.036128411734	370.409948529138	404.397268432665	465.315433830471	495.316459741474	570.965682340663	628.570605918485	713.881327073392	776.561248867414	823.211476152251	833.455168610141	824.021389578346	830.441077584398	790.145507763204	763.329138548226	781.132023258367	861.77979226571	858.601730252468	975.792317338872	1124.31351684399	1145.24182313476	1433.16396070685
410.832	0	0	0	0	0	0	0	0	0	0	0	0	0	0	0	0	0	0	0	0	0	0	0	0	0	0	0	0	0	0	0	0	0	0	0	0	0	0	0	0	4089.38079705264	125.401214681354	53.6160241036667	67.3715435341992	73.9638399220503	95.6518518241712	138.670344326304	159.207035430683	228.360476879842	276.184341059078	279.817885848124	344.023397670643	392.498310636454	431.230567263669	486.151780814913	506.346548447294	574.145373894085	635.157438219715	693.192623225276	764.43068974414	804.655741820964	793.734366155592	803.917714758423	810.909409396026	820.821021600796	820.585380803261	827.381719001422	834.046302765011	921.926764748388	919.394775522421	1160.24256839068	1316.71682864989	1358.25008412745
414.124	0	0	0	0	0	0	0	0	0	0	0	0	0	0	0	0	0	0	0	0	0	0	0	0	0	0	0	0	0	0	0	0	0	0	0	0	0	0	0	0	671.839055937326	59.7004603038658	67.1416127132556	78.4245024675458	91.8505139070103	118.436370068146	146.563238929087	184.976474877922	252.003544270342	275.915960745176	331.961498004812	358.299598274559	403.608346753797	463.02743538872	489.777628093225	547.687974171783	537.748489059766	626.685028585803	700.251626482272	750.846060350788	753.01566665195	742.127975085066	786.298430665101	799.643801903472	806.887346025535	801.414529548348	835.185094544365	863.940558540586	951.509902533792	1024.06730768063	1017.56878297199	1303.95890910857	1427.15145777976
417.417	0	0	0	0	0	0	0	0	0	0	0	0	0	0	0	0	0	0	0	0	0	0	0	0	0	0	0	0	0	0	0	0	0	0	0	0	0	0	0	2161.75703342477	31.6520850546594	56.555013924205	51.9260626395574	55.711815119403	91.3648714801067	118.464243044304	150.083953798081	197.581089996163	230.843545315157	282.460558991186	329.954831387216	360.455174380217	408.384444100628	443.206170627714	505.967790187853	517.920298817439	584.294879612322	618.897481024759	680.714050379865	693.865272896682	752.681858448535	736.475007932191	746.352492816444	766.992204753986	750.360244911192	765.334243302209	829.535833307367	804.284217474304	895.664765740868	904.305715038623	1058.40997602933	1172.06341064288	1356.9139738428
420.711	0	0	0	0	0	0	0	0	0	0	0	0	0	0	0	0	0	0	0	0	0	0	0	0	0	0	0	0	0	0	0	0	0	0	0	0	0	0	4658.99419757775	174.905466208581	47.9109845221513	41.1382681252227	69.0207848409045	77.2018516396244	105.167736835958	126.499174993222	162.248696389172	190.369047604041	236.091965024531	311.504184294408	339.9654772719	382.479714202325	424.563001470261	456.347751870624	484.041938993938	539.463297396956	539.68440717576	600.430616685117	653.541975865871	689.038928626151	726.001628217628	719.830268835272	722.454206567282	734.305492566249	711.219514571729	780.511635198581	820.508667026646	838.565111135931	917.051581369772	951.157607553718	1008.82608092583	1056.34996256458	1389.9241912214
424.007	0	0	0	0	0	0	0	0	0	0	0	0	0	0	0	0	0	0	0	0	0	0	0	0	0	0	0	0	0	0	0	0	0	0	0	0	0	0	802.285256510752	33.6180392602423	35.7278730321714	45.9680693013661	62.9202821121847	80.0250757686706	103.255003075813	141.440829308329	166.280301661895	210.38186520079	276.518801470749	307.364406102716	331.239814044325	378.412241302648	415.07150088149	448.970622481903	497.021854406373	524.278287508336	528.933498874254	586.228804767444	617.157497666824	666.66190439118	680.850645186459	685.118718531721	687.659011587379	704.930671665637	705.013460672322	725.404185720501	743.010100156187	816.427086694835	905.213620353147	930.309096223773	994.950216321844	1123.72507026612	1245.00528361715
427.304	0	0	0	0	0	0	0	0	0	0	0	0	0	0	0	0	0	0	0	0	0	0	0	0	0	0	0	0	0	0	0	0	0	0	0	0	0	2016.81137600769	63.7849848900286	56.2865304343897	59.6787454749614	79.2491306255213	106.279314021386	115.162793704374	125.300768151831	154.271518456788	199.8272287326	225.920679073758	281.534131508166	336.704320527921	366.121798719061	385.757699490283	426.868310625878	474.946203210098	493.630643509399	519.028435691943	545.267850800005	591.864229023137	610.865055710788	650.025635871613	646.787515167845	676.518863898812	706.788762673715	695.097683651963	742.986756712538	734.849525968046	777.46230736701	835.772618412193	912.00016721688	958.071100301156	1041.29758108576	1148.89788430005	1118.07976016311
430.602	0	0	0	0	0	0	0	0	0	0	0	0	0	0	0	0	0	0	0	0	0	0	0	0	0	0	0	0	0	0	0	0	0	0	0	0	3805.25765884874	152.833848381243	39.0801214036851	33.8286335613687	44.7816526536755	77.8348025696661	71.7795627446565	103.970892447182	133.351819481894	165.613817600336	208.998248669943	233.851209855164	295.647244122298	332.055529387644	372.611265839439	394.140862769185	428.273784607597	453.473230613539	485.434662155979	521.785254212403	533.492968516449	572.130131345075	595.618280780151	632.913315571614	646.443067542509	648.431438253948	648.41004043037	665.233199917741	698.127157676432	720.127462761968	773.898881319078	853.940147023612	910.904154092462	1027.57748572058	1112.66187633667	1113.90198919199	1287.27214106157
433.902	0	0	0	0	0	0	0	0	0	0	0	0	0	0	0	0	0	0	0	0	0	0	0	0	0	0	0	0	0	0	0	0	0	0	0	0	665.330633498275	28.7196044298375	38.0855976630694	47.0616618750948	75.3324041877259	81.1897556762915	95.7513542550557	127.156687527281	139.920180165036	177.986006465384	201.848267986024	247.988543569205	289.710058877349	332.542496282059	367.786022013857	392.519647960401	435.622029483416	446.633382857255	492.10544115542	488.705749710644	521.160078120672	546.414279328616	592.085316647316	598.893597365851	625.225093173177	634.99120553503	620.871556252296	662.042897357176	679.041128193805	746.175852247737	774.743061718799	851.092474809045	901.739411750177	989.318366891092	1039.24334224327	1296.2879117166	1138.27994820403
437.202	0	0	0	0	0	0	0	0	0	0	0	0	0	0	0	0	0	0	0	0	0	0	0	0	0	0	0	0	0	0	0	0	0	0	0	1559.18234732162	25.5611484791382	27.6567724060616	39.7381769818682	44.6448596846602	47.4832083161949	65.239286903584	103.077140928528	127.809373995568	154.403497389014	175.498053217319	221.521518060546	255.968195432638	315.120984738595	339.631351170778	369.25107201316	399.860755248166	432.094915138431	467.825624048176	476.999044437315	501.861094802302	521.455382890874	548.832833327787	576.931907683546	587.86847381275	614.090089291434	606.174286060332	633.474721126646	625.257336436115	671.984709784124	685.308943221627	761.288147956606	812.092183203152	905.351393658098	976.514838909003	1023.78334889096	1052.01769396407	1100.10620397857
440.505	0	0	0	0	0	0	0	0	0	0	0	0	0	0	0	0	0	0	0	0	0	0	0	0	0	0	0	0	0	0	0	0	0	0	2982.294337048	113.847217155802	28.230599695568	31.1007187008179	26.0327541058688	42.9161763221416	52.8787569525359	102.397242438044	98.685437764796	129.078221064226	162.559731671548	191.446639158124	210.954430003393	256.538118895857	304.074855828292	350.298051072665	372.71300702773	405.177687284744	412.645061590658	443.099783335157	476.328461723571	479.721651296545	508.282992321788	538.587134794133	554.270272380514	554.017930982139	574.031582743294	583.410384012194	582.792441239328	608.295024644182	652.19137791334	661.886386559616	715.710339179721	804.453364256801	931.848690433187	935.504158919364	958.844653627664	1058.48425271338	1010.57698002547
443.808	0	0	0	0	0	0	0	0	0	0	0	0	0	0	0	0	0	0	0	0	0	0	0	0	0	0	0	0	0	0	0	0	0	0	512.24594897111	25.8305315911726	36.2356664814508	39.7092641415678	49.720867384178	61.7240153778441	96.7453498841572	108.563534478683	137.392295636366	172.838870965132	182.15891712033	200.961559332676	239.084097414238	270.34255296325	314.113409837419	340.704438602845	372.150994981032	389.09309291876	432.255092082835	465.106809725058	464.29125725628	490.428278488581	496.873136599918	511.266130839436	528.887930379205	562.208026679961	571.794493325055	564.862700991009	596.837370038052	612.097188711902	668.257070058849	666.795473669956	744.299021398213	819.149837635812	876.013807071613	1001.27250655746	945.811481043195	971.377274821976	1181.97569858678
447.112	0	0	0	0	0	0	0	0	0	0	0	0	0	0	0	0	0	0	0	0	0	0	0	0	0	0	0	0	0	0	0	0	0	1529.59034056692	42.9643448379673	35.6960425536412	45.4529013718025	53.9226443092744	64.2755892067993	90.3656123782805	97.7609040750246	135.401669830541	134.664723156315	167.40731781969	194.754914651802	220.97810381929	245.380939169415	292.312339047119	326.356967226346	360.964396503858	383.899598374362	400.627185683049	431.659555932909	448.49890398741	470.97508538257	478.283050976918	510.031748414393	520.57955584111	560.686224858093	562.053780468958	574.850556308272	569.721049527954	584.072288679004	614.338901194767	633.345741932351	673.443311388315	773.647700361139	868.294718481266	947.199267364133	983.982601386476	1090.44114013436	1166.32872330417	1291.36926733395
450.418	0	0	0	0	0	0	0	0	0	0	0	0	0	0	0	0	0	0	0	0	0	0	0	0	0	0	0	0	0	0	0	0	2833.42588490249	101.403133431808	18.8928245929812	19.3464088585606	22.7496605058513	32.9112456831347	46.9294597828847	61.1498436203793	84.662173138566	87.7544450988981	123.551140551033	152.368792173851	172.713132196553	201.586529976261	240.309238896821	247.604099664112	295.427430545309	346.225421504561	362.407389546356	377.577064728791	404.685005927009	427.848897963463	440.772906976876	447.423841664169	484.628593226059	484.677535657053	503.837549696099	515.688873415195	510.245687980165	540.326277094107	535.302139162079	556.209332445277	582.012729050203	633.276986092824	702.960868667025	777.236898631974	842.09043567266	903.531949805051	895.167391331954	1013.24281611144	918.071386726902
453.725	0	0	0	0	0	0	0	0	0	0	0	0	0	0	0	0	0	0	0	0	0	0	0	0	0	0	0	0	0	0	0	0	581.868778146968	38.8112298764336	29.2498013696017	44.3491262827931	54.3307160937403	60.1087594061722	71.6726294537721	74.0082675731871	109.750985196364	140.01027955888	151.021309447518	176.978407796789	194.243019046776	221.854329746222	243.899355203493	280.646061417407	318.255535392543	348.896989700975	375.726726358798	395.324420157681	411.254917345014	420.303933655321	436.832185166932	455.387698694181	459.557612669479	473.855728558722	493.662268973088	511.003727288349	494.601375711568	522.534644797854	530.213410368301	556.123256738217	590.690296292808	666.120813748999	739.484432984193	817.681876413387	917.30627186216	935.112773251653	970.152762788613	1090.64750673842	1349.61110501112
457.033	0	0	0	0	0	0	0	0	0	0	0	0	0	0	0	0	0	0	0	0	0	0	0	0	0	0	0	0	0	0	0	1233.33092744193	21.0144845432177	19.6703548890584	25.4906645263789	43.9319807119492	45.1454231071813	64.6181272699909	73.5523333206559	95.851692467366	104.90399225031	122.43646275457	141.942864061332	191.844661392091	193.822328941989	229.601467319359	239.716479515206	288.376284382555	305.629194694036	349.883179279367	358.683143809795	384.630437307826	399.772276619435	417.290793263183	443.966492398312	455.20949632234	455.865127905252	447.40212416722	476.050335499371	504.008920306082	510.333485676741	490.955777100813	507.990963482719	554.779292005457	601.51825080556	624.926391330256	729.873564514124	791.522657349932	846.058697972285	869.442218070306	997.690325399719	1004.25104286245	995.040367737668
460.342	0	0	0	0	0	0	0	0	0	0	0	0	0	0	0	0	0	0	0	0	0	0	0	0	0	0	0	0	0	0	2530.20153787355	101.209778552109	10.2948423826138	22.3426224724247	10.3763882012828	29.2118866078068	51.9035721358117	60.8397384935179	79.9153163909885	84.7475816299853	115.648675217541	141.368645383167	141.788348923339	163.643499590559	197.846944237679	213.589446393655	241.562997588394	279.79865467517	299.579256416178	341.475053941168	344.855417228796	369.244866845716	378.777451526826	408.856080068685	411.348311918799	437.546944233459	426.492897538719	430.648113404377	453.047565658791	468.085132733296	469.531378700143	453.553519658909	501.952569024748	519.527411102858	561.334804884157	608.51402411414	666.80834846251	764.86802210956	842.281391247998	825.826189722423	836.424342899484	883.036529351393	0
463.652	0	0	0	0	0	0	0	0	0	0	0	0	0	0	0	0	0	0	0	0	0	0	0	0	0	0	0	0	0	0	601.655446830557	22.1399991150109	27.5860933692941	21.2167940158137	49.6233367679553	55.7707756041984	67.676864295184	82.6192954979583	88.9650855445101	111.432175284574	125.878910542158	158.811278498478	167.941251562382	197.328127947535	210.831185503467	245.216390926514	253.52996445228	276.078451840233	312.445959909607	327.687673150023	348.133453326506	370.413502376379	372.83212565426	400.666631567077	417.431998109527	406.376488910296	442.391106580532	458.336652719585	465.149499930572	460.660230393616	479.738518204121	485.194347064138	529.971257838598	526.044489646452	584.436417845728	614.110396037426	706.987377470897	761.062547157144	890.291829822328	912.736514573501	964.921912054172	1111.80512452376	0
466.964	0	0	0	0	0	0	0	0	0	0	0	0	0	0	0	0	0	0	0	0	0	0	0	0	0	0	0	0	0	1553.41617830159	18.8100073846451	10.3171886277454	26.7017129754793	29.8334213178774	36.8333703449571	42.5325485293717	48.0770210976479	71.1800839080065	83.0536764681005	102.7945065422	142.037252650081	148.077745787597	162.851129393491	189.013481931718	203.9224038884	206.808092825046	247.730062793198	264.783180513403	295.031351390455	324.342804126999	323.098647967194	360.232762712519	365.455489982138	387.132541384061	383.193896793465	408.816321241371	405.40709826614	399.046938486252	421.205416350712	448.237473827332	442.576327962172	452.628619563072	465.974828028861	491.335209985848	548.266886790072	595.454179918337	671.812185870025	750.185713496052	783.319977124586	825.029288125309	839.739563400864	749.961184590807	0
470.276	0	0	0	0	0	0	0	0	0	0	0	0	0	0	0	0	0	0	0	0	0	0	0	0	0	0	0	0	2746.60989401115	149.401158931858	16.3096489885789	25.0377360308152	19.1244932170264	33.7814378368099	44.5156597238355	42.1388950105516	68.555892927259	86.1408192944095	99.819355107634	97.2834733249235	127.438582527176	143.858956201532	164.409133841072	180.728588258141	188.530952104426	229.544016560956	239.996182487249	270.786328354874	308.213546961751	309.131508427173	329.807137011711	341.437221026221	355.821971477458	362.966178497937	384.812571304868	384.644373826469	392.679619652703	402.597703089448	403.200761131041	436.522107375963	433.112743199802	455.079672083927	459.680741475791	498.78033369888	539.360220017212	581.188808314221	633.01140388627	735.316441210144	773.787964705059	875.753805868846	915.608613846768	0	0
473.59	0	0	0	0	0	0	0	0	0	0	0	0	0	0	0	0	0	0	0	0	0	0	0	0	0	0	0	0	502.106702624276	11.2208679961197	20.6658195288081	16.3039256909538	29.9022331869382	44.8157721279579	42.6059365820498	56.9236657985786	61.8170222982317	81.0950456024127	98.8601153280596	116.464412291748	116.019738205387	147.814738272393	173.979048406076	182.807662327864	185.756140355765	215.254554958416	241.290529924501	260.731228308424	282.694328124497	315.496651060868	320.937595221573	328.85335935161	344.659808881113	359.681361256489	364.471966207443	384.675234493055	366.294214321829	398.473363026783	399.984980401325	396.379351831312	430.364506185839	432.574378027312	430.586540865393	476.334447244523	528.657359398022	548.115352244949	638.612582031587	700.69758270909	752.110050998624	827.008331327776	829.619824190041	0	0
476.904	0	0	0	0	0	0	0	0	0	0	0	0	0	0	0	0	0	0	0	0	0	0	0	0	0	0	0	950.555174724079	22.3438542614465	17.326445385228	21.4793713201328	18.0003004500831	28.0036349548594	34.7010622425149	42.0833771987903	56.3204240425367	79.3918294054671	77.7012724910423	92.1023056983075	108.178192074497	127.504384765931	160.656989540367	166.725320589647	188.035783872584	202.575997345434	213.245214841725	232.569556949603	259.057233188496	274.787900305543	303.118921622127	325.427024276264	326.541030043364	327.347293756502	347.956538667938	344.041185849675	365.592091549599	367.784207013975	359.190216135119	380.111325371913	403.256638084948	399.271002911325	398.979666127741	425.429383199172	452.572826829965	476.650422314208	543.183027398701	609.466934420766	696.988659710852	766.206437244135	757.597598460669	888.754652856554	0	0
480.22	0	0	0	0	0	0	0	0	0	0	0	0	0	0	0	0	0	0	0	0	0	0	0	0	0	0	1836.51063286752	62.3879514837793	13.6730526299724	17.5995891281522	20.433071595464	23.9295335621907	28.1274086074612	44.3229056966878	45.6520083936597	59.5439265472637	74.6758700010888	91.4547461361673	95.1627732759304	122.94445397647	147.541613238694	154.067545035688	173.398613771152	175.295089854598	190.572394500104	209.098656053708	228.098527879728	252.727693555823	273.238396543025	291.897758815907	300.105651276861	291.954707685319	310.357810162849	327.770027059815	348.760667709991	320.509395879222	341.965097523184	351.996975954138	358.644516493279	367.339167183983	376.564014083225	389.843476023552	394.718164625634	426.383920824421	483.858907630937	524.520330609659	605.124072993038	626.882029878012	698.419269389711	704.515505043983	0	0	0
483.536	0	0	0	0	0	0	0	0	0	0	0	0	0	0	0	0	0	0	0	0	0	0	0	0	0	0	284.437533859136	18.6120734094077	15.2230106329412	19.2477245148286	22.183824045083	23.3207191046503	32.3820838250761	40.3841845745435	42.0812985891143	65.5087844331062	73.8257602769305	86.3433228260661	104.212504330451	108.889253849609	136.319152794239	150.987510936142	166.385570925187	178.587794572614	197.582213034459	205.305463094679	233.425662403482	256.192386643119	274.791686837203	278.478855598265	283.498355431436	299.644245076786	314.8495809235	319.275676723305	331.97434727035	340.87688568007	340.814314846711	352.716195350961	368.392806219335	376.005265989537	370.797440248274	382.164686795419	407.888233990542	446.900440887497	454.787658636172	527.601811568387	567.83574304897	660.787627962883	739.744021770258	748.73161111925	0	0	0
486.853	0	0	0	0	0	0	0	0	0	0	0	0	0	0	0	0	0	0	0	0	0	0	0	0	0	737.680161390696	10.7185948382556	4.05072087580841	11.6540597377371	7.52133208650288	21.2369582343349	25.3258169850821	28.5637660389922	34.9661552559755	60.2774465704113	62.4896417865765	83.9584066535137	80.3286191582042	85.4529247832014	114.344757511351	115.378449943501	136.202111462616	147.247078801341	173.221593516563	166.504895225881	211.583814728773	204.289296097602	228.945747752652	263.219930774378	270.435643958285	265.006944502719	279.640174999077	291.770648850346	302.07927409833	309.532805867431	326.181880638772	319.186181755286	332.707695243899	321.207666954958	343.967936126042	360.031763256234	366.174626701367	370.389607253406	414.808917913774	452.67747489652	493.272258451654	548.205640324538	603.872084008137	644.149620300861	687.357597386797	0	0	0
490.172	0	0	0	0	0	0	0	0	0	0	0	0	0	0	0	0	0	0	0	0	0	0	0	0	1558.5701054644	43.1274665054577	19.5502792435144	17.0546853169431	13.3188154818558	21.0390908123663	11.8388981987963	26.6946837482742	36.8642995982717	46.8158612963265	50.1863232392879	74.9368059221143	88.9434784485829	77.3811335258371	101.257400456068	121.118978685331	139.705283743589	147.545194627394	179.291706281947	171.625935958327	185.364432562675	190.602897261644	203.385397327952	230.744934267419	241.790601275545	265.13468073926	288.129174640674	272.245043672732	293.497993370435	292.607625984257	316.683759009128	319.236841530744	311.461222076597	303.55512409668	328.558690982426	342.9209960907	336.899768950231	369.935095998202	365.180297007207	409.837947365219	455.068216312005	485.058620002428	552.897630348827	581.960838059873	647.953466398195	0	0	0	0
493.491	0	0	0	0	0	0	0	0	0	0	0	0	0	0	0	0	0	0	0	0	0	0	0	0	228.633320072753	10.6577680304513	17.4295474070691	15.3793875291873	18.6356640018348	24.4707455908416	34.2282428266578	39.5890570584811	40.8946141082255	46.4460655043776	64.8584657141226	74.5242919275483	89.3965754420039	96.6502433988329	108.011987991342	120.21097529588	122.274197933059	157.006773865732	160.311217223828	175.280345656895	191.663615901526	190.014481442468	211.39520661301	236.447559167706	246.966362028069	248.800712389752	264.567509240957	281.188436469206	266.659633521607	284.228676426415	274.320933702408	304.318289613386	311.01845932885	321.888670823263	326.740977655099	327.888763562338	342.16371798716	331.482509125664	366.269588054547	384.536613993926	431.346758208402	484.246597404472	528.69730866455	624.472463471486	671.032842607478	0	0	0	0
496.811	0	0	0	0	0	0	0	0	0	0	0	0	0	0	0	0	0	0	0	0	0	0	0	995.428765410893	15.4618843133705	7.99249040040895	12.249780490287	20.9652836406365	16.5283269265477	21.5812428547363	38.155389481076	34.005512075756	46.4355282796904	49.4416034758825	58.9540606860179	78.3752294554487	89.6532710968798	100.802732833646	117.858851048779	123.354708435845	138.021038549063	143.724131635812	165.310956451488	175.5911263452	176.639220520417	195.006985230007	209.079472416525	207.623211661479	221.572049853729	247.03463979332	249.938769174551	263.866333631068	266.097177227678	274.081438074616	284.694745313379	271.881919729317	282.131017756039	294.32961789082	318.311133033521	325.095635438484	319.756984298394	337.18893616501	356.627359634336	383.512348508538	408.804807872088	480.790380038458	509.484062254394	621.327081963987	636.048068653277	0	0	0	0
500.132	0	0	0	0	0	0	0	0	0	0	0	0	0	0	0	0	0	0	0	0	0	0	2175.30737930221	59.452939769563	13.4660698147812	19.5387221756282	20.1227632985072	17.5140388341752	24.6322812562894	33.7306362599192	35.8499391612079	35.5341366245965	47.0337940841316	50.9454601803387	62.7969732291626	69.475132041078	89.6241867061242	90.9832298731032	94.240268904541	119.167052540831	152.700993164081	139.080332471558	159.331702782235	168.77577963902	176.976429939637	186.212473980857	198.790144717937	203.636106911733	222.795573705174	243.30972893876	238.408273202011	244.920641525234	246.271498916006	271.955941235019	262.276749484625	266.937162970577	276.930387438938	290.511559983084	280.458276431325	282.329830317562	316.941222508812	321.196221929615	345.025415625271	364.65605347506	410.053979177135	438.160252618349	507.934011640587	565.040876015286	0	0	0	0	973.184450690755
503.454	0	0	0	0	0	0	0	0	0	0	0	0	0	0	0	0	0	0	0	0	0	0	359.130765197906	4.53355911892817	3.18710483702904	6.79700124100055	5.91511892909745	12.7738775704287	12.3330751942259	22.8432517783269	32.9022017316228	28.3290351094468	46.4494696741304	59.2029123220878	52.9913887560858	82.9885456880542	82.1287732311292	101.611402282007	107.352956850518	119.43204322166	128.028911953593	140.196282480279	135.924665442906	151.22245280483	155.660317400885	167.910468532817	179.883457346268	194.30180634716	212.854293189133	218.271332856125	229.673113667502	231.59933224175	240.572147600023	242.662437382953	254.319971642004	250.258922775827	264.931798285203	256.220019397636	269.397855068491	284.642997056638	290.932543791444	296.436923953761	309.364865758821	335.340325524193	364.481656748669	433.391857021998	457.191876547687	499.248966141833	0	0	0	0	529.789470690451
506.777	0	0	0	0	0	0	0	0	0	0	0	0	0	0	0	0	0	0	0	0	0	1105.78483095709	10.6135043029962	8.42283603771551	14.0976510053315	8.43256143073718	17.2033375222245	19.6129531808451	22.5747883151141	29.4739283190503	27.7171906754989	38.8101921768835	37.2817145547355	54.0085443343661	64.3258813158069	62.46013390888	77.7224509806161	80.7592106195598	98.5246248558802	98.2445624035151	111.647795058522	130.61071664481	135.041089753642	139.291808030663	169.387218109285	167.329919659016	183.009782794576	174.245247025644	203.414374046255	199.447103875733	209.227128500885	212.904855985522	223.219061259669	227.078569434223	228.65992598499	250.56853117196	229.291318330699	237.253355675352	247.071498951353	259.539155266774	257.406159249633	288.649219035793	307.953815135057	335.805320617293	379.697532778246	385.80984915625	425.746112561638	490.453396868259	0	0	0	0	518.913467682747
510.101	0	0	0	0	0	0	0	0	0	0	0	0	0	0	0	0	0	0	0	0	2130.85329319645	69.4370483402003	4.62762927950304	12.7636155069795	1.17611918181133	12.6275312361453	9.992272687516	15.1422929809243	24.0446151837815	23.955198218212	32.0977695840563	30.0848324114265	40.5375051980006	43.8877113407072	61.9149491789578	68.0778692758119	78.1306423391443	89.3566267257871	96.5006719861158	99.5448730407596	98.4273664458687	120.196758787029	129.38561813342	131.170206274252	138.879577462848	152.448538733272	155.832866962572	174.289478830294	192.476958485768	184.142808402923	195.838880224236	205.543750571989	211.343069487187	218.539547412188	224.807755369843	231.652544659004	233.667455336281	239.03226117823	244.055204004962	255.044007231184	275.123194353283	278.122333746369	278.431578492625	307.006196425824	304.726468948037	382.250663975244	409.845019482509	0	0	0	0	784.017249155527	479.044922207394
513.425	0	0	0	0	0	0	0	0	0	0	0	0	0	0	0	0	0	0	0	0	380.795066663021	-13.9903252454131	4.37646413211994	-3.91166951964892	8.6517330597885	5.99340933429641	1.36563962757958	16.5656641221142	16.0971653060237	23.5997516108827	23.6458380320121	36.2059936091446	38.015995872783	51.7009046487752	46.5766053419982	57.2308572516844	69.1808505718771	67.8361946806075	80.7087491272524	87.0097928362154	109.764777462736	99.1552512550174	118.801442497883	124.603653754801	128.691083595515	137.171009877141	150.626705965382	162.685508523835	167.796509633229	174.692266707839	178.249666642743	192.893817039003	195.415807427349	202.527226987653	198.065937897222	207.590128155878	206.823693224842	216.640532612851	223.10628082858	232.487785679493	238.33071921772	264.557939668846	266.84726812588	279.294810193055	314.553834136469	374.500513461376	394.716060315048	0	0	0	0	446.097269267153	540.816653525776
516.751	0	0	0	0	0	0	0	0	0	0	0	0	0	0	0	0	0	0	0	1104.18936742335	30.9880469280037	20.8818606158387	17.1655154319103	9.5014707204361	10.9646068623846	23.6438198820063	25.7510508225696	20.1540021698037	29.9049912572429	29.925324785207	35.6859617732608	43.3722457877429	56.1977034348752	67.882436782871	70.8070712194623	65.8206256430632	84.3294847847619	94.9210421095016	114.801073631971	101.885735040672	112.639690341885	142.484312971686	130.147701744826	131.974222717223	151.16828612181	156.227397743157	158.208659230104	162.570093149326	176.560479234125	186.357710396394	187.76165546307	190.585815298697	195.858422460719	203.047583250638	208.345909619907	214.91954941631	221.9749590104	235.935095324489	234.90502778645	239.914953620086	254.152185649933	259.433646172326	265.041884584476	298.627322708502	315.375965525266	391.964040893387	422.684719546305	0	0	0	0	553.204040275429	523.557728249842
520.077	0	0	0	0	0	0	0	0	0	0	0	0	0	0	0	0	0	0	2159.25932745009	70.4338243241674	-14.6475283703363	4.8018585707217	4.22384974601521	-1.34144830474209	9.40700599415955	2.86207584744349	11.1185587173147	23.5670501402083	22.8276022759533	32.1065697107482	28.4578041583469	34.7483470262065	48.124100870969	52.3142612315423	46.7834540378275	75.1301853987676	57.116705808094	89.330882095364	89.2652071550966	100.36809074395	108.992423412887	104.912906887501	117.645202976657	134.079150702875	129.043527540325	125.40215768321	144.770690401812	150.597297606012	161.432248235555	175.211626965787	173.429348046321	181.668923740812	174.410672142751	195.157838166048	184.05955054345	189.407794096582	213.527233670614	204.994170041293	207.019064072212	222.149624591853	218.097896684205	236.982256918602	271.292475963729	275.197251514617	299.741301200857	343.035011284519	0	0	0	0	686.618756468604	407.312880082653	429.671226300161
523.403	0	0	0	0	0	0	0	0	0	0	0	0	0	0	0	0	0	0	379.204639376694	8.96123882353228	8.8455690524415	4.45935541933123	1.18670521260875	3.50785429138346	21.9338026980697	17.3084771050321	17.0027159362655	20.4434812906322	26.8869781711815	31.9776330424211	32.8343545968103	40.3354929675249	42.9455937696962	61.6858664499263	65.7011689095692	66.772940496458	91.5775616240793	82.2570843899568	97.1403279719252	83.1790227951669	95.8652263660914	116.067031424152	117.174930375117	117.455415192468	135.00265869836	128.095644064156	142.401465576442	158.326454044007	170.497743321305	175.356065046814	176.112773022687	168.951602445923	177.058476825927	198.24047555208	189.075963669051	199.643448682677	193.08639441989	199.059131374348	216.935455792976	217.573721389898	223.315392763533	214.260198906279	242.835062199733	289.094427465364	287.438824706036	331.987434280528	0	0	0	0	612.48220925143	496.082403454522	553.583710306772
526.731	0	0	0	0	0	0	0	0	0	0	0	0	0	0	0	0	0	974.321859539031	10.9114307700492	3.46760430277168	9.11803465932511	2.04786490535563	13.1742028076284	21.9073398578709	8.13070330898897	16.0196885592927	17.0288111330222	25.2454617612478	23.0669186431345	32.3765105725366	36.3463163571124	48.4160863617355	56.3212109774508	54.1868181852219	62.3476488799691	68.6733200564681	72.8096017023594	88.3945211319912	85.9944001347384	102.067532767204	95.8906282318362	104.498985526877	114.874334918654	128.072115907241	119.893534888486	140.921221512781	130.865090717161	148.58315314082	158.212801565362	163.361430358189	161.899434290852	149.390449558077	167.802996277117	166.818473931945	190.836447934981	174.401284016646	171.29584122947	180.507776007057	191.292114051108	183.720472082135	218.316805504601	237.568214582671	224.813949427993	265.683693390486	278.058464817831	329.581753348886	0	0	0	0	432.373157214457	441.632893506906	417.802473107221
530.059	0	0	0	0	0	0	0	0	0	0	0	0	0	0	0	0	1667.15937081024	41.9043460097348	-5.57962841386505	3.00732306984885	-4.68620230498338	-2.38083174983837	4.96776895123382	8.92115329369013	18.6531015830882	19.8513225119895	15.7147522217008	31.0376349340474	23.8002843505611	24.1802308793355	25.2033963003693	40.4824010194359	41.2104543905597	51.8432947329924	52.4358627123332	53.1042874969342	74.6164895170021	71.8905283101906	91.2810759488378	80.8923408546281	102.132852223302	91.2764845665942	107.141051232701	120.57958454503	117.305802470394	107.117891441919	119.236337644776	128.497888262559	145.674060657911	147.977306270548	135.410663991718	145.32089488161	153.677664905563	162.754080911861	152.2008080668	174.693239029745	179.645707107475	164.635814933602	195.972894135989	194.483335371489	194.382729488401	207.270292011329	224.01429748601	230.062971160812	247.915446689069	0	0	0	0	634.173104410853	376.776100321021	303.572561781666	290.567051121599
533.388	0	0	0	0	0	0	0	0	0	0	0	0	0	0	0	0	280.946162266379	6.57257572822422	17.3243404164633	3.72677282191528	12.7951546224034	24.9342388538847	13.9775131171741	14.5796610498865	10.0767490803765	21.8181250270881	29.1993723527499	19.5478094998387	30.1256166098152	32.1294636350754	48.8174469666889	49.1694439947112	56.0170872870027	50.8069303712883	68.1623056910956	55.2059313719149	75.7358008882216	81.2865337672988	87.3034442866562	89.9961660628722	83.9458483656735	106.700203487961	98.7792087163199	118.238594277378	112.645678467401	119.769676009218	120.647191413257	129.838169018507	138.487629837977	146.652504546854	142.912146423874	148.28060783397	147.315771797972	150.486283319706	171.944798520926	168.299463305102	185.810521420534	175.016644372186	176.462069937366	193.727133903447	205.156472149298	205.40436293199	210.690907544022	247.563645206752	245.658622189562	0	0	0	0	433.411530273379	401.011788245562	440.529160806993	417.414071977193
536.717	0	0	0	0	0	0	0	0	0	0	0	0	0	0	0	708.549064554005	10.7889306714198	23.9249750673703	15.7990008313254	11.7113080493601	-2.14562771034776	11.6825270548776	7.61546340460905	-1.05099963545904	13.9633795045338	17.1582202534119	23.059092597078	28.6301266054075	24.4137686759318	36.2834734678635	29.0815461186861	42.1694522051916	41.1899038936185	47.1676759269922	57.7907867235428	72.5478955855123	56.1896461494971	67.6543348013165	71.017539887819	86.4474401263997	96.1742337847356	76.4881401068019	88.0432031337063	99.5992294558249	92.6756041820299	117.485591584948	107.059270546207	121.535006828681	116.560520859078	132.71455976913	139.197494549776	130.323679639431	131.11286700399	144.230164572762	153.887870350429	149.915061891055	153.305291098339	152.281395335324	167.791816229772	181.495973151603	165.898712029675	197.745254495831	205.895281103069	209.7295803582	235.370762373098	0	0	0	0	392.701454837391	344.196198868252	346.411388806918	284.643440106174
540.048	0	0	0	0	0	0	0	0	0	0	0	0	0	0	1321.46148646698	45.3670270346963	27.5914089637349	7.95218860548739	5.20717909329539	11.820590593705	10.8485948030532	17.2477594782574	14.2441864078146	23.8574339292001	17.8477215110887	18.5058403286463	23.0052004789616	23.6050676620543	29.4016235568601	34.2213702192222	39.2804817360653	46.8113422753202	38.9743014843879	48.4892252500287	54.3538719635726	66.3935612975719	68.5898001285087	70.7687819961771	81.4676520064347	86.083231507901	81.8600354353907	97.0183783830376	77.2954633557649	97.9549677004827	118.057016762667	104.01079355779	107.607157633374	121.448606123689	132.115467418137	129.391253795465	136.356729326119	145.280377571637	141.69607229824	136.826766643217	140.859009984672	151.681498224694	160.258343003389	159.74563980758	153.618557679298	169.763989981842	199.287501210552	189.95181109262	201.347232530511	223.155653966541	0	0	0	0	615.611320603631	345.165306118847	385.593809753358	344.28368013717	477.264257130456
543.378	0	0	0	0	0	0	0	0	0	0	0	0	0	0	192.002307099702	12.6351484297436	3.57026976964676	11.5223772538376	-2.04318964760238	-0.418454832002486	2.57100828338048	8.95555235918913	10.2988520209562	8.10165127625682	14.4483769835404	13.0928861847714	23.8827195814325	24.5513368128085	20.7560758214666	29.7075355808653	36.8240780381352	30.9670214487553	46.4341406340336	47.3382012331766	50.6926181939806	54.6248863741164	60.6464299837539	67.9643847107255	69.2633150593705	70.1545402131786	81.6310593955627	74.5308701616212	88.4931716085796	85.5054033243347	75.3075204126614	93.080238012878	106.254709533471	108.843704733282	108.142359585109	118.860998730359	123.824445634217	127.802962708676	134.946149637214	140.038572032364	125.338877795343	135.191918228248	142.599046358675	138.892305110537	163.000820527581	157.534158887076	163.834789739142	176.429444661483	184.792640991668	200.085036478728	0	0	0	0	358.968261215248	279.237594757476	306.32578844373	405.468475139425	269.711800834726
546.71	0	0	0	0	0	0	0	0	0	0	0	0	0	620.285303251597	-18.4328032771023	-11.4770546265296	-3.21371544340214	2.58365780773771	-2.09099071810886	4.31810129409327	1.8545962607429	-9.15285882332936	10.6905900213888	9.57525883871716	9.57004877580994	12.81252131529	17.6342939280545	18.7250453721591	24.1592521765173	24.4574977411166	28.1712066237785	30.0948126769319	34.9299441265364	36.4253510417326	41.5083057230718	45.7161530435799	57.3592808793608	53.478565355528	70.5126325343398	61.456461955323	64.1521246794946	89.690385042475	70.7114468544395	83.6684163429669	73.4557402717749	89.5420593606944	94.865952399551	89.5556474790953	93.3282794749594	95.4433692644782	110.32225353162	111.346943398812	120.729203790132	126.656719197837	127.008777460331	132.808522333157	130.661612452016	148.939757317734	144.422868188019	140.37371973857	159.061483911042	157.450768698861	186.016748152327	186.912596442575	0	0	0	0	334.438745611871	293.478542034631	302.979195955785	266.2540753155	273.804799428717
550.042	0	0	0	0	0	0	0	0	0	0	0	0	1424.79716605252	44.9458281505901	16.9296428346522	4.76491261651557	2.72099727149499	-5.21194982748941	-1.66822968213923	-0.00953848661136534	2.99282289609261	11.5696506306445	24.6426908608016	17.8519270150868	14.1923371553717	11.9523632021544	10.7347122880875	21.2823166967151	22.0904718558829	28.4319774787669	37.8466599397116	33.5153397878062	40.9506832698298	41.7063031933613	40.4275529417769	63.6486664758339	58.7934632745735	65.7284424754161	58.7063346081028	72.3352183393197	71.4123171147894	75.3575602093832	72.6122280826665	80.9135263548708	92.4440754624504	87.6899952533122	79.663960838657	98.5989727084292	109.602970248762	111.359880829632	104.665061141541	101.358130958905	113.057149494215	117.557478784537	126.490587217532	114.622350666801	120.961073112187	132.249443187578	145.525256679735	138.998672412621	154.005880530669	170.317968120949	155.496402333548	0	0	0	0	598.638043414507	309.651523129194	256.499208585671	323.003547317535	298.419058653502	219.949776750942
553.374	0	0	0	0	0	0	0	0	0	0	0	0	215.862380701446	-0.00802952679917475	-2.49695957327327	3.32571580186703	3.14728130315296	12.0843800408831	7.4393208627032	19.737991192868	1.48232734338499	6.617009374829	7.64219303525678	14.4764908586985	19.1667901166947	19.9763562443116	22.4525696835977	24.3183338098452	27.5732032672703	33.1530758385255	29.2454765794721	36.4287058752451	38.9812725087844	44.2266031001308	40.5311162906956	50.1254465504334	53.8031054556197	59.98335310533	56.0898832093919	61.6444711025291	74.3933855293197	80.7998773818439	82.3781514174606	84.4734359509743	89.1368803611127	88.1528793003515	99.8802802367149	84.4268809943299	104.058860349886	109.326849551631	106.980693859635	101.95543266264	119.666492115625	122.23304595041	102.298575041055	136.397835657057	117.853295299913	125.049724402948	136.316039864779	135.872256966814	136.459639762117	148.589696844223	154.726290537487	0	0	0	0	373.306186052411	228.986845406764	297.282656611942	294.267522980034	236.756120135961	308.867759758914
556.707	0	0	0	0	0	0	0	0	0	0	0	665.562620739312	-6.5415314021248	-4.13819025105366	2.43779530560564	1.8283661516245	8.50589813979154	9.4294539624568	15.5931398640862	16.4485281800731	22.5962400856868	2.37487135810255	24.6104891262009	18.987729819235	24.5415730998138	14.9274613431401	20.6017214576898	22.9680185524509	28.9977275788438	23.8223458744144	32.26687192702	29.8105085990794	41.0495769059506	36.9921250903847	53.5567912719175	49.1741195343071	35.4130332378438	61.6476010811099	60.6370646809013	61.9343402700252	59.1459979055648	73.3893800947687	72.4058915072389	68.4737775226307	71.5363619183385	83.3814495255079	74.0921740605379	85.8475144322489	104.190482801816	111.486014299137	97.4462938587251	112.539765354773	111.434815586071	105.709234185707	102.124617287042	116.498509903142	125.421568024607	117.650476529389	134.349302694664	129.009600920568	156.138060020956	142.919466912584	160.743960872718	0	0	0	0	248.109237456693	249.102917941985	280.167614530832	286.236703446981	268.673587301156	270.864064722692
560.041	0	0	0	0	0	0	0	0	0	0	1709.22042398046	22.64561075334	-4.31739272724078	-13.9175114328313	-1.94650588647602	-7.02770273046962	-10.7394197567468	-20.9701994134576	-6.96786958290077	-18.0030666515937	1.84769074651179	-5.53461716979514	0.00626874138273158	-2.1711224243581	-1.77013425635372	17.1428680462326	13.7127344905766	9.7898476994635	16.9408180375763	19.9056521731741	22.7269231194513	19.0804984238541	28.6826279327949	27.3343049073203	33.0956420036828	46.1368269045147	35.9693249278513	49.0057399376512	46.4056394621785	40.6340236883782	56.8859352932629	47.4290404758717	74.3224980723875	51.3660680230954	67.068817940993	51.971503990941	66.7899996572765	72.7455270645633	76.5674098033501	78.755631287296	84.6505756880299	87.3563641251467	88.3631893866018	97.888459310793	94.3788716474988	96.2636172427174	89.4933003235345	91.2088766815483	95.4779605013927	119.477245681543	115.76929873186	117.401235141221	0	0	0	0	526.633085318688	206.27585683932	198.046556068783	194.950033060468	195.161811350067	179.881122505994	124.435231835333
563.375	0	0	0	0	0	0	0	0	0	0	228.075772053214	11.3642470255678	1.59060486397036	19.6659702457275	11.8337270395178	10.8237311941716	5.3795598155509	11.5953331103828	24.6810907090521	19.2264129838789	21.5261812167358	14.9206606213735	29.8675726835504	16.5780953613948	9.77093027533743	23.4486676482092	18.1176907153339	24.4813661352281	28.8618888712033	25.1990361734706	27.4522126485523	33.9475010603294	31.4346555220273	51.539768221729	47.4409317321726	41.5106444390825	60.0989343896818	59.9702368078433	52.5062993792327	54.6099404887794	66.6540387840253	66.3301438922025	71.5507378257479	72.5531353177837	75.4722765240188	76.7427541962584	79.7344922570029	77.6287747432713	86.5231072621522	86.6227283523622	97.9427096299152	92.6136307275554	89.7686510750891	98.225508902855	109.117805703975	103.707062319764	106.967352244359	114.318186407497	121.79962417136	123.017795437729	138.312383235729	132.432414321403	0	0	0	0	313.720319841422	198.928680369055	215.694611717027	295.609291207155	281.215879641145	305.632809822334	353.444219451813
566.709	0	0	0	0	0	0	0	0	0	769.096551561528	22.883350971165	8.65917627567396	13.7631156170181	18.4005203893923	7.50964242680531	5.74864905078902	3.19417014162481	17.0152125459983	12.5388947427181	27.1473424987987	14.6960507553956	19.0528128399319	10.8314879179384	19.8837759669724	16.0563669287149	14.7420858296912	22.4395281869798	23.7223287917239	23.8498747145513	37.2019956216169	25.7701525680036	39.1516723099707	40.2915612186733	34.294569407368	40.9708070035369	58.2566976600664	47.1371312569349	53.6176134742757	55.0211357203816	69.8693451829273	53.8699949412729	55.6615481025542	59.722600520065	78.3792395094826	65.4874131174698	58.4010357235512	70.7301066483238	84.1671873169963	81.0481710539844	85.0348314017441	81.1013340515271	91.0037351704125	90.3788226828203	88.8893766066366	93.3409166033635	102.646898181581	100.75080790577	116.144244574136	118.25934275791	109.448377636945	117.279867799612	118.902792057667	0	0	0	0	238.590905011164	209.27291725436	222.821305205259	211.037762603591	238.288708050792	249.619829326995	235.872741832875
570.044	0	0	0	0	0	0	0	0	2900.71650737245	30.4635393271935	9.78408660608935	12.3226888765471	-5.59162098158432	22.9730759983156	-2.5433621967885	6.81491815372186	6.47761240459335	5.31888314083214	3.81374746892973	7.70151912872852	7.66518901392234	6.44018221884027	13.203007076933	20.7616751256809	26.6947709042298	28.1129504864419	18.4628033165051	25.3088992293154	26.2299300528928	24.7998140378548	28.3195703612523	26.5991636292565	40.0123105493379	47.2776509471902	43.1479456517371	40.0591107079206	59.1242967967206	38.9932425479518	49.7531630908154	43.1748139654343	50.5363410469851	62.1426391384142	58.2369139983288	62.673219294137	71.3960823427227	70.9319806135653	76.016514517469	66.0572673071982	80.1998757404652	89.7022440229109	73.6203183807813	77.3167984338513	86.7090265066016	89.7203638548158	91.8904728666691	90.5046882629152	84.9709936342572	104.531367452854	93.2937935827469	105.787763912192	97.396592484969	0	0	0	0	509.097784373991	201.661070784448	205.225061106806	235.069536843339	232.61932055949	233.935478544008	280.363532580092	250.467936327804
573.38	0	0	0	0	0	0	0	0	565.568164665575	23.0340835189473	-3.69670623163657	9.44724096305475	-8.99733390439646	6.45514140562616	-1.05527150316771	-7.33108773013941	5.15384159999565	12.0437169792439	4.69141871142359	0.40273247737175	17.7302841089641	6.85376401032175	17.0817044606616	-0.284953291860111	8.31674116552516	-1.18236458426368	16.6312715212469	16.5653969582581	15.4119751016075	17.1075565563392	22.9505823615496	32.3256370318197	27.7597203977277	28.4756010220999	38.79030454195	37.5216611365455	42.6766141675385	48.25319332023	39.4301133096747	40.1266353115152	51.2426835021114	48.2879860274556	58.2481464526904	51.1304744340599	50.9295683905461	58.1457288806928	57.8898991459067	59.5460280150707	67.2956645897859	74.5080359489579	74.6900506865311	61.9702263583501	78.1384585273937	72.2736363297256	88.3433787905732	83.6760040593757	84.8240966745984	86.90774858531	101.245281897096	87.6751513999138	107.419005392308	0	0	0	0	285.152588771298	167.192896722869	183.273514281835	192.480065143627	173.695847267755	223.311757241523	189.833228795713	178.030193483988
576.716	0	0	0	0	0	0	0	2048.52159912905	3.27515591281742	-14.6876797388791	-3.69045937841518	-11.7991850597536	4.46711824513319	-17.7076211891631	4.10435816004467	12.6865822146985	3.71978106533402	9.7919005919825	-2.55930931411017	-3.66740765928368	-7.31939167066632	1.76701874028055	-8.87360503215434	0.272532732672639	18.1737777050125	10.3971192176168	17.2931217308201	7.49485873903588	18.0713771367106	16.4751735396166	25.7985056849246	24.0718838734856	13.7056293937593	27.1773806411344	30.7328746114095	31.2604863610284	38.7294022373231	37.3014064322832	44.151950746038	35.6591940157745	41.9770244866329	41.8398928378859	49.093516818662	49.6808187342974	43.0117264231061	42.6927429169007	66.7690684671316	57.9412488883665	65.3510879967477	66.7975497395047	66.9202688635758	71.929339165207	68.3702259325385	79.5667896488351	73.5456823069456	95.8211036674297	74.6717316834001	86.7592438888508	79.3638288573154	99.0504329583328	91.8078107249656	0	0	0	0	178.433673824578	125.199039911262	172.497972524738	105.531891244244	144.031551784886	142.68822766927	149.350795417119	188.740652252579
580.052	0	0	0	0	0	0	3800.0337773063	175.440854665363	9.85958400602135	10.1349190079665	-9.17040506168661	7.61390851110869	-7.29184294606361	3.72375872690063	10.6583427044684	-0.992528585999866	3.23227732059474	18.1330409967637	20.3315312399015	1.16437594914483	14.1330818784171	16.066854267986	16.3009806107559	24.0742573173051	20.3727192836335	16.0795339629649	15.6703247705982	17.7999099798242	16.454495998755	25.5531376539889	30.8958413911151	27.6070498443436	37.2083806973871	31.9666851274303	34.501279857542	31.365670855197	39.1006534766517	35.8192933400544	44.5518269818722	52.5723703649726	44.7405496171903	43.0504575683039	39.0877636146357	53.081903850486	52.1351500761266	64.0802711775357	48.497925534446	64.4316722772083	75.8133931126009	65.4670905172478	65.2721910372468	72.0253368315212	65.092324442342	69.7058907362827	83.8445092441634	80.2531100499435	93.1372079511931	89.2218007399861	74.697777613287	91.6194650366715	0	0	0	0	314.811206956737	142.088280148737	155.484741522219	171.38908282976	234.598567014707	137.073998286591	209.45960350516	158.864183714196	209.547280462734
583.389	0	0	0	0	0	0	538.986415311199	1.33530837163711	11.0792604791249	6.93556887187933	29.6487729617413	13.3385279527224	13.8374113670404	6.87716982460558	6.55066032047801	13.4518213375874	6.43426674821912	6.13826391307158	16.8014640733536	25.6833899114636	-4.92880880622126	15.6090084884103	12.7568225973512	8.59188731027434	17.8820234006982	6.14060704509361	14.4972542335397	21.5338326732267	19.8035026300912	23.3423043800983	17.5846842660323	29.7066123786817	19.7994490741959	27.3912588356411	30.5763033063419	31.4091410327861	38.7887225918775	33.0663922186103	47.2042713169841	46.6951540039508	40.9867620975121	39.3839540757514	39.0982406417113	54.6351380460397	44.3100744183515	54.1531538430103	57.515946621387	49.9847633290281	46.3979290959306	74.1583727725683	61.5678604974252	61.2746036174848	65.3965390951061	66.016487317325	69.8488719206407	61.1080939234876	78.6605802451705	83.139247112682	83.7139814412674	86.571621379332	0	0	0	0	190.379791613974	159.69270939566	156.702975157675	180.202496891707	175.682357244971	208.852135362016	219.543613328812	141.413826495526	138.527653986903
586.726	0	0	0	0	0	2154.54090435279	7.62793577839757	22.0860879306732	29.1540175569381	28.7097090632487	-9.01112395126223	20.1769724464835	11.5484118947423	24.665735717393	9.48690209723552	14.2980064177874	20.0501542002267	12.625015946389	12.5047889631425	15.9118234059349	21.4450767153283	14.7894607419382	6.46106706096984	12.6699556238981	14.9640631627303	12.6711239902406	26.4762806612623	13.1908367585483	14.5394260179539	22.7912558553894	23.8194238391023	17.0883966225365	23.8331734679737	27.1952606400415	46.2983460809302	38.7544299134041	54.6217758163782	38.0066727993831	43.5277520965823	42.4105986048813	32.8475022710312	59.2268946464079	39.8477676909487	43.6059031710278	53.5624312670645	47.4680079130029	50.0879715851	50.5070525304791	67.2191581027773	65.3552926781145	63.1234369591256	59.4086541414667	62.1502741674835	64.9995489859595	69.648858354773	67.8941311738618	75.8933678849074	87.8438455504667	74.5705610631828	98.2948165224714	0	0	0	0	120.319640233873	156.481294973307	179.426855120007	132.753471819056	218.675201274871	198.260729661717	233.739311146155	206.592584988508	304.235793086308
590.063	0	0	0	0	1599.20932376112	113.238612776957	11.8438205005876	-1.35207473481078	6.51882692661734	-18.1770822278739	-3.02058306951286	-13.8980331300558	11.0204947915495	-35.8393032471346	19.5719234776908	5.27464905610603	7.76988715381187	7.86462684206489	5.86545860102309	6.78794344322925	-3.39944386171066	4.92522536978112	17.3508722952716	4.96510618178888	1.21501911539007	7.49520559921396	10.6229516717825	15.7503302803565	12.7786036102342	8.10098813721568	17.5304503734468	14.5471507451929	24.520658490059	22.7037877669804	28.0687386157485	32.2258546404708	32.9650005492349	23.8095201845543	27.2255448229762	38.2520759435588	36.3633604557956	35.9542538113017	43.0839571376643	47.118088455115	27.8324376775693	30.467996114456	33.2315637419252	47.4702207810387	43.8684144378706	57.0032646740843	36.0015648046878	49.5320129110372	55.9937084860681	42.011623695799	58.9882200754116	43.4244148779156	70.1587366231948	52.3761704766855	64.2205813728079	0	0	0	0	230.693173619965	109.811458806765	91.1415969389213	105.878657111954	81.6531074909633	96.220182853648	138.296576952327	106.511749736002	119.761158189913	83.5848836650137
593.4	0	0	0	0	227.851593893865	14.5863064424518	7.74573251340185	-3.43047909068914	-7.90581104298172	-5.10892870532711	-11.6043952069239	5.24145646784467	-12.8628014255617	1.05856884796962	-3.57150601932801	-5.39396995689813	-10.6718088120033	2.20340442636379	3.37738210753294	2.79091054721535	3.80792792102183	2.44702754450324	10.2705038148764	7.25332071277051	15.7183131872974	14.705560710792	9.42559091694065	15.5846718622107	12.5900182020103	15.3647640430786	11.9842596902919	19.7091670537739	14.5214588159793	15.8138683717399	13.7273820120092	18.1280492123704	22.4023634445214	18.845737557693	26.8441833796008	10.2531319242121	40.9303522050016	21.1301126399383	24.1953676944791	22.9824545454609	57.2836139892009	35.989642496144	45.1941140402243	37.8543301103855	53.1131641301056	52.8177227097372	45.7079814843508	46.350727141145	43.3533909440376	54.9376873401263	47.7213289511495	53.058163588777	58.7232479808956	61.6759053493389	66.6607909243839	0	0	0	0	138.963946146476	90.1554597483073	82.3250303971305	94.1136669827733	110.755492732595	145.936069205897	113.912709734643	109.821144994867	75.56022838037	176.592343107943
596.738	0	0	0	421.373579637395	21.4774082910622	12.628237028996	-9.33793469184259	-1.36668456833885	-3.322605498576	30.9851687682043	11.7965617405404	47.0234567362069	15.3191474386385	23.3186869049645	16.0095668596817	18.2748708724254	21.6832521823806	6.75040347396901	15.9461039681496	20.6098341231097	0.773047113500165	21.8171242692792	21.686950670312	16.2289947231294	12.3605860349123	11.2297424267109	11.8112587078868	6.88241175471656	15.872450447534	20.5005353895583	24.1127725722719	25.1305449338177	31.6956557953288	21.4708112302081	29.818113569981	32.538354911192	25.094452001278	48.0537076906937	32.866062336238	34.1544095404408	32.791201155128	42.6780634533948	32.3751131550661	28.5497538285771	35.2583386876716	45.0069947377537	37.2266607177963	50.3766359145455	52.548929168973	58.0729850539026	50.1339194236734	55.0381084396564	58.2060543733651	47.5591922924879	58.0424232074438	56.8067436055489	68.6100469111425	66.1952247509079	70.7042323075812	0	0	0	0	108.879573028779	117.679989016137	141.619336816487	98.4162053733014	136.062026111504	124.391341398822	104.903326741683	241.309100274214	213.454517221416	119.620537397033
600.076	0	0	857.736415578686	37.3530849180532	-9.3193321877852	-7.53903670087998	-1.44695313064871	-8.45270427175664	-9.50810305593628	-35.3861598444781	8.83614505071594	-12.6878044538691	24.2101851804124	3.3129826722915	1.56644482461019	10.0245059154225	-4.29708570829602	-1.82524496485216	-1.74563387298653	3.3619705850689	6.70360117091773	-1.51457677480977	8.37642834354552	8.6643082299489	17.0790518215172	14.7240242115081	10.4361573032433	14.719408316663	14.2056579090733	14.8311268186346	10.8856822338203	16.0103221630921	20.2932262239455	27.558531026794	21.1213584320145	15.5587518234724	14.8939421735193	24.230178605092	28.4387097165594	29.3939296870844	21.133833373005	31.0645280684034	47.5023653968873	29.6664186664976	28.0735700853358	44.7276881019593	39.6215066732167	48.9718155992999	44.5886791416485	36.5720173655842	43.9456725218511	26.4464828369435	51.2219277845496	54.4086825201315	44.4916052840543	55.7568526653606	57.7078598589427	52.6360666811852	0	0	0	0	264.334222162953	98.3292621995469	98.4846222774191	97.3069355426387	77.5868636865194	111.127057610459	139.133998041357	168.213300862103	45.4635971473663	19.4380902388484	166.872600582656
603.415	0	0	152.371779288637	33.6575854510238	37.6788898977768	36.4573191980228	20.5611632194716	49.6081305980416	34.286094716165	19.8086192942612	12.0648577221464	21.3405169651925	1.15735485370883	-3.33846126563856	24.8467790819698	-2.04008088102551	25.0297774030973	22.0956163132869	28.6612491657652	17.2577814044152	26.254403740386	28.60635386983	10.0533944233765	25.9327258151122	18.022395809889	19.3958124089379	15.2190644002966	15.3542720343074	16.9411901753149	15.9934024706131	18.9534632922314	14.5044219151916	27.08309446114	24.2299945183155	33.3749878136072	33.2945002609485	38.7332999003556	36.9647664320882	38.5834694088752	35.339609576951	34.7395595701207	44.058111727058	32.7651413528376	47.1512960616463	42.1330649274186	35.8921486486088	38.3950479014499	42.2208960299674	52.1896843457404	55.9739779920655	42.4545201250663	52.4407171067734	57.5046922781095	51.6090279340057	51.5100641213618	59.7065805939113	61.836412794381	64.2309978705275	0	0	0	0	165.505318302988	114.445223454363	102.31538496413	98.1010053628416	145.634066715263	134.867341173001	162.337406826586	131.351910940428	153.70769779925	201.611270402756	244.803729674707
606.753	0	361.986110825759	32.3884970854754	-9.06903467626245	-11.7665584592539	-2.27897970697863	-8.08868922453048	2.84087504510439	-9.59753440745358	-4.61249687158071	-12.1035654691514	-5.51150146630735	-7.55055873217758	-5.00372009158972	4.25289085980349	3.05330967556918	-11.1073054986637	0.00214987952639289	3.10250637210633	3.81871119554551	-0.00828875125516905	2.5932113694737	4.58299959759635	5.84184582457266	2.41808159389519	2.87340792906009	7.18399695286765	11.1575769853168	11.3769251909889	15.1960811553603	10.7540892370194	13.980128282944	13.2555525354804	9.71448789528311	11.788244158132	21.5081684860256	10.351697175825	8.70380525123919	23.067254965967	26.6536652692279	30.4820609092104	10.4558562510274	32.8537862963673	21.5174791948624	21.963880054665	22.9280066861368	26.3855269468159	26.151592756358	39.085969051183	43.5731306201225	45.3497043369621	31.7840027817387	42.357930262631	49.6707469605939	39.1861096482377	40.438148392061	40.5421792637107	38.8454576039339	0	0	0	0	75.0156531958763	60.4626954766371	75.8664068176984	80.0277808824414	121.669143605585	97.0373206473338	70.3158818787871	84.9637033804398	56.2114395707918	47.6655439131032	84.2015007135777
610.092	793.089423862706	48.5074582866855	10.5078331997927	-21.4551142543977	11.0278661687402	32.8440635865707	-2.2222924929331	17.7898136768199	2.03303437687671	25.2098363401901	-0.00302834182584218	15.3193139629723	-8.19968639659164	14.5025630537186	21.7900355073031	10.6586728785702	10.6345332539496	9.72082234262721	10.1909279012922	-1.30244050277619	15.1779869711778	7.4437226102609	-3.30931837680909	15.8181998926935	8.93586453683984	17.0903669721616	13.9517290865525	9.92913049665605	17.5633779084979	12.5375771233015	11.7908781463369	11.556960483783	24.0642263885051	14.6170227721189	19.4908418793357	26.0686341129977	30.5339903172754	20.6951789666726	21.3535749025308	22.5542121690333	23.4081974406181	45.8501525681987	32.9409466597249	33.2571204648911	27.1113924294403	31.2939077250943	34.2469844187099	26.5264930162271	36.6634363274885	51.560073167234	35.3693230489145	50.6603164065294	47.1896175463135	37.6587080734331	44.7862085509649	55.5629084394605	58.1465863041488	0	0	0	0	319.492987529563	58.4887041969662	70.3847097041098	80.9548541931659	100.852670238119	84.0874978345031	99.5132204522372	90.1084211881674	133.547122255481	144.226756984103	75.9764702672277	319.228109223153
613.431	169.676764483432	62.6418534819755	68.4014976970054	17.3158488474858	32.3571484446277	20.598228583162	29.490600744668	24.1884165975276	38.5425819117582	13.2671225006502	43.3883594243386	31.2020171413215	43.7462970790991	19.5059144268551	15.9424882500178	36.5208057307405	26.1452059762879	14.3316617001402	22.5864988849356	35.9701761879985	30.7535794159645	16.4436063072671	20.3563600134879	21.945092511451	20.0092077319141	13.707201056492	19.8019676569664	14.5419617318122	21.734874376701	17.5115516393953	31.5280346771117	24.4404372983725	31.294887185512	36.6654737282902	24.2575802486586	31.5014175501702	32.8580819494639	33.2374928303463	32.3465303195959	50.7062003918952	47.18276794142	30.2759600841811	43.7527994918363	46.6384835128711	36.2342574733848	35.3930766318454	46.945529474209	41.4786088436871	41.0440114233926	50.2522282219464	44.8067949333224	47.9410681236611	51.5885702119056	50.6385405103427	40.4653061849532	56.7712542920063	72.8780941269792	0	0	0	0	196.826341819238	81.4291016304208	84.616260541601	101.493840442965	103.623894335448	105.611748628634	132.084831314176	133.01420145865	120.488225152245	156.207662822815	202.387135696507	260.838263951836
616.77	56.6947450253827	17.9715200078616	22.2734526367732	41.7555527269942	27.9388176582876	8.50091385607746	28.4241262113952	-1.46230769478153	9.74887948843352	18.1215518035745	20.0528546193902	10.5402932004363	3.50711797861545	9.03147316649867	17.7602593223044	11.8115161002816	20.5825158850929	7.5056065981172	28.2860955571716	11.5284754299523	10.5116878631471	15.1339621839371	14.6153752000607	16.6198042297959	17.2560850150995	14.6267883777524	20.5230124972642	9.88560804100035	19.5781960862503	13.9749982792079	22.3499269964076	16.1688656649371	22.1384442825109	18.4264353611422	22.3391493621653	18.9115320866522	28.8842832758159	30.7858809568283	29.2081618091549	19.7731147305242	31.7642095106114	41.7283897348392	34.4806826043436	27.6078597232955	40.8653830912725	31.0641519884916	45.743242494506	37.951348640768	43.8762801512187	38.2165090270745	38.9385972435581	39.538856200879	44.2282671053823	42.9665874885941	41.9856422058726	48.5328286959048	55.5146689482221	0	0	0	0	86.6165769228713	51.9509709213377	69.795385433731	95.6051989923225	88.8028700200075	130.065993468683	116.35980156081	120.424185986767	156.576989551443	167.291633621384	139.865200187164	249.506531705011
620.109	-1.22395366449751	-40.7967992663444	-5.48213534031908	-27.7707710516158	-66.9034481821365	-0.940924789080537	-19.3391657221575	-14.1949762836597	-24.0661988551247	-4.13827291208695	-21.5124035275451	-2.29369893287872	-2.87995032951861	-11.1362676127551	-25.2279694229275	5.06726582849947	-15.1191384024697	5.18842069311796	-19.3560403452081	0.98990560037674	-13.9868413282757	-7.96162668694303	7.36344989157002	-2.19425342477953	-4.41100314935407	-5.11516308988702	5.31965675158418	5.52634906824188	2.20816810333379	8.59981264366	12.8091041049575	15.7719991756636	6.32044791207829	-5.67608396233517	10.3503194851114	20.8647398024931	12.9391851670603	13.3086651287208	11.5369739533168	19.528486024066	16.3240643754577	5.30510902166845	33.3997274394357	28.2279088245176	14.7537030506459	29.856761847662	17.077069371499	21.7882613211976	25.212353268953	33.7037962374758	38.0528261940083	28.5860452707111	33.4478895971566	40.2909824257195	36.4605351541401	41.7968593191657	0	0	0	0	336.997380326394	43.9697058980638	54.8056245478695	57.0276598850174	50.8385087531535	68.8683340766996	126.183528840852	102.203924431371	79.7591274607597	46.3239767250997	31.3413964534994	129.885915747443	-38.0792672587435
