Sample - Blank	600	595	590	585	580	575	570	565	560	555	550	545	540	535	530	525	520	515	510	505	500	495	490	485	480	475	470	465	460	455	450	445	440	435	430	425	420	415	410	405	400	395	390	385	380	375	370	365	360	355	350	345	340	335	330	325	320	315	310	305	300	295	290	285	280	275	270	265	260	255	250	245	240
nm																																																																									
213.328	0	0	0	0	0	0	0	0	0	0	0	0	0	0	0	0	0	0	0	0	0	0	0	0	0	0	0	0	0	0	0	0	0	0	0	0	0	0	0	0	0	0	0	0	0	0	0	0	0	0	0	0	0	0	0	0	0	0	0	0	0	0	0	0	0	0	0	0	0	0	0	0	0
216.504	0	0	0	0	0	0	0	0	0	0	0	0	0	0	0	0	0	0	0	0	0	0	0	0	0	0	0	0	0	0	0	0	0	0	0	0	0	0	0	0	0	0	0	0	0	0	0	0	0	0	0	0	0	0	0	0	0	0	0	0	0	0	0	0	0	0	0	0	0	0	0	0	0
219.682	0	0	0	0	0	0	0	0	0	0	0	0	0	0	0	0	0	0	0	0	0	0	0	0	0	0	0	0	0	0	0	0	0	0	0	0	0	0	0	0	0	0	0	0	0	0	0	0	0	0	0	0	0	0	0	0	0	0	0	0	0	0	0	0	0	0	0	0	0	0	0	0	0
222.862	0	0	0	0	0	0	0	0	0	0	0	0	0	0	0	0	0	0	0	0	0	0	0	0	0	0	0	0	0	0	0	0	0	0	0	0	0	0	0	0	0	0	0	0	0	0	0	0	0	0	0	0	0	0	0	0	0	0	0	0	0	0	0	0	0	0	0	0	0	0	0	0	0
226.045	0	0	0	0	0	0	0	0	0	0	0	0	0	0	0	0	0	0	0	0	0	0	0	0	0	0	0	0	0	0	0	0	0	0	0	0	0	0	0	0	0	0	0	0	0	0	0	0	0	0	0	0	0	0	0	0	0	0	0	0	0	0	0	0	0	0	0	0	0	0	0	0	0
229.23	0	0	0	0	0	0	0	0	0	0	0	0	0	0	0	0	0	0	0	0	0	0	0	0	0	0	0	0	0	0	0	0	0	0	0	0	0	0	0	0	0	0	0	0	0	0	0	0	0	0	0	0	0	0	0	0	0	0	0	0	0	0	0	0	0	0	0	0	0	0	0	0	0
232.417	0	0	0	0	0	0	0	0	0	0	0	0	0	0	0	0	0	0	0	0	0	0	0	0	0	0	0	0	0	0	0	0	0	0	0	0	0	0	0	0	0	0	0	0	0	0	0	0	0	0	0	0	0	0	0	0	0	0	0	0	0	0	0	0	0	0	0	0	0	0	0	0	0
235.607	0	0	0	0	0	0	0	0	0	0	0	0	0	0	0	0	0	0	0	0	0	0	0	0	0	0	0	0	0	0	0	0	0	0	0	0	0	0	0	0	0	0	0	0	0	0	0	0	0	0	0	0	0	0	0	0	0	0	0	0	0	0	0	0	0	0	0	0	0	0	0	0	0
238.799	0	0	0	0	0	0	0	0	0	0	0	0	0	0	0	0	0	0	0	0	0	0	0	0	0	0	0	0	0	0	0	0	0	0	0	0	0	0	0	0	0	0	0	0	0	0	0	0	0	0	0	0	0	0	0	0	0	0	0	0	0	0	0	0	0	0	0	0	0	0	0	0	0
241.993	0	0	0	0	0	0	0	0	0	0	0	0	0	0	0	0	0	0	0	0	0	0	0	0	0	0	0	0	0	0	0	0	0	0	0	0	0	0	0	0	0	0	0	0	0	0	0	0	0	0	0	0	0	0	0	0	0	0	0	0	0	0	0	0	0	0	0	0	0	0	0	0	0
245.19	0	0	0	0	0	0	0	0	0	0	0	0	0	0	0	0	0	0	0	0	0	0	0	0	0	0	0	0	0	0	0	0	0	0	0	0	0	0	0	0	0	0	0	0	0	0	0	0	0	0	0	0	0	0	0	0	0	0	0	0	0	0	0	0	0	0	0	0	0	0	0	0	0
248.388	0	0	0	0	0	0	0	0	0	0	0	0	0	0	0	0	0	0	0	0	0	0	0	0	0	0	0	0	0	0	0	0	0	0	0	0	0	0	0	0	0	0	0	0	0	0	0	0	0	0	0	0	0	0	0	0	0	0	0	0	0	0	0	0	0	0	0	0	0	0	0	0	0
251.589	0	0	0	0	0	0	0	0	0	0	0	0	0	0	0	0	0	0	0	0	0	0	0	0	0	0	0	0	0	0	0	0	0	0	0	0	0	0	0	0	0	0	0	0	0	0	0	0	0	0	0	0	0	0	0	0	0	0	0	0	0	0	0	0	0	0	0	0	0	0	0	0	1077.16546504458
254.793	0	0	0	0	0	0	0	0	0	0	0	0	0	0	0	0	0	0	0	0	0	0	0	0	0	0	0	0	0	0	0	0	0	0	0	0	0	0	0	0	0	0	0	0	0	0	0	0	0	0	0	0	0	0	0	0	0	0	0	0	0	0	0	0	0	0	0	0	0	0	0	0	95.8524229431557
257.998	0	0	0	0	0	0	0	0	0	0	0	0	0	0	0	0	0	0	0	0	0	0	0	0	0	0	0	0	0	0	0	0	0	0	0	0	0	0	0	0	0	0	0	0	0	0	0	0	0	0	0	0	0	0	0	0	0	0	0	0	0	0	0	0	0	0	0	0	0	0	0	407.248511995867	41.9686222908061
261.205	0	0	0	0	0	0	0	0	0	0	0	0	0	0	0	0	0	0	0	0	0	0	0	0	0	0	0	0	0	0	0	0	0	0	0	0	0	0	0	0	0	0	0	0	0	0	0	0	0	0	0	0	0	0	0	0	0	0	0	0	0	0	0	0	0	0	0	0	0	0	2608.76103959563	-51.959233698357	-121.632950187685
264.415	0	0	0	0	0	0	0	0	0	0	0	0	0	0	0	0	0	0	0	0	0	0	0	0	0	0	0	0	0	0	0	0	0	0	0	0	0	0	0	0	0	0	0	0	0	0	0	0	0	0	0	0	0	0	0	0	0	0	0	0	0	0	0	0	0	0	0	0	0	0	276.683173143138	160.443440650623	-27.6906221226013
267.627	0	0	0	0	0	0	0	0	0	0	0	0	0	0	0	0	0	0	0	0	0	0	0	0	0	0	0	0	0	0	0	0	0	0	0	0	0	0	0	0	0	0	0	0	0	0	0	0	0	0	0	0	0	0	0	0	0	0	0	0	0	0	0	0	0	0	0	0	0	1144.64423623024	50.331095367281	56.4768060150373	-257.695624262296
270.841	0	0	0	0	0	0	0	0	0	0	0	0	0	0	0	0	0	0	0	0	0	0	0	0	0	0	0	0	0	0	0	0	0	0	0	0	0	0	0	0	0	0	0	0	0	0	0	0	0	0	0	0	0	0	0	0	0	0	0	0	0	0	0	0	0	0	0	0	4336.58351629025	71.0711976455695	0.00286510691299376	-43.6246200585579	-88.8753234700663
274.057	0	0	0	0	0	0	0	0	0	0	0	0	0	0	0	0	0	0	0	0	0	0	0	0	0	0	0	0	0	0	0	0	0	0	0	0	0	0	0	0	0	0	0	0	0	0	0	0	0	0	0	0	0	0	0	0	0	0	0	0	0	0	0	0	0	0	0	0	415.355080434211	46.134203224302	126.410162230016	-38.744031897751	-129.071686276584
277.275	0	0	0	0	0	0	0	0	0	0	0	0	0	0	0	0	0	0	0	0	0	0	0	0	0	0	0	0	0	0	0	0	0	0	0	0	0	0	0	0	0	0	0	0	0	0	0	0	0	0	0	0	0	0	0	0	0	0	0	0	0	0	0	0	0	0	0	1964.16331739969	50.0272850024748	47.2272176725774	54.5662546378093	-299.963342777588	-52.4156568021884
280.496	0	0	0	0	0	0	0	0	0	0	0	0	0	0	0	0	0	0	0	0	0	0	0	0	0	0	0	0	0	0	0	0	0	0	0	0	0	0	0	0	0	0	0	0	0	0	0	0	0	0	0	0	0	0	0	0	0	0	0	0	0	0	0	0	0	0	5021.89108367353	158.402642316265	60.9879398870023	93.8074215181634	-63.7543528845992	83.5108748557767	-109.787571635598
283.718	0	0	0	0	0	0	0	0	0	0	0	0	0	0	0	0	0	0	0	0	0	0	0	0	0	0	0	0	0	0	0	0	0	0	0	0	0	0	0	0	0	0	0	0	0	0	0	0	0	0	0	0	0	0	0	0	0	0	0	0	0	0	0	0	0	0	615.075475495543	111.824476504162	82.5004693517472	39.255109618042	-190.595858499678	-47.9655426576183	45.4647882636766
286.942	0	0	0	0	0	0	0	0	0	0	0	0	0	0	0	0	0	0	0	0	0	0	0	0	0	0	0	0	0	0	0	0	0	0	0	0	0	0	0	0	0	0	0	0	0	0	0	0	0	0	0	0	0	0	0	0	0	0	0	0	0	0	0	0	0	2166.85746199596	142.861363553542	106.250910921398	141.900159272985	-76.7952962420612	1.65291814814273	205.132196625677	132.780187963394
290.169	0	0	0	0	0	0	0	0	0	0	0	0	0	0	0	0	0	0	0	0	0	0	0	0	0	0	0	0	0	0	0	0	0	0	0	0	0	0	0	0	0	0	0	0	0	0	0	0	0	0	0	0	0	0	0	0	0	0	0	0	0	0	0	0	4847.60549349532	183.409035183746	149.014125014851	212.692190735591	184.123958655297	-72.7978032157368	74.2894466023592	-37.1789758023089	-155.75216579562
293.397	0	0	0	0	0	0	0	0	0	0	0	0	0	0	0	0	0	0	0	0	0	0	0	0	0	0	0	0	0	0	0	0	0	0	0	0	0	0	0	0	0	0	0	0	0	0	0	0	0	0	0	0	0	0	0	0	0	0	0	0	0	0	0	0	767.756288288846	251.910362526529	271.701160840932	263.830287557987	127.591860201798	124.569894487402	124.827632261133	210.493128313597	168.152324538271
296.628	0	0	0	0	0	0	0	0	0	0	0	0	0	0	0	0	0	0	0	0	0	0	0	0	0	0	0	0	0	0	0	0	0	0	0	0	0	0	0	0	0	0	0	0	0	0	0	0	0	0	0	0	0	0	0	0	0	0	0	0	0	0	0	2339.28314630406	194.509180279383	261.682650838971	302.687591091777	201.414372869896	46.0919057967228	145.308940501982	180.999746696171	70.0603381567612	78.3647932938418
299.86	0	0	0	0	0	0	0	0	0	0	0	0	0	0	0	0	0	0	0	0	0	0	0	0	0	0	0	0	0	0	0	0	0	0	0	0	0	0	0	0	0	0	0	0	0	0	0	0	0	0	0	0	0	0	0	0	0	0	0	0	0	0	0	252.751590753499	309.144664304891	347.228796154629	405.522081600511	240.969519351421	263.646702419989	323.066564900895	209.065541672229	221.884144203648	369.292973042205
303.095	0	0	0	0	0	0	0	0	0	0	0	0	0	0	0	0	0	0	0	0	0	0	0	0	0	0	0	0	0	0	0	0	0	0	0	0	0	0	0	0	0	0	0	0	0	0	0	0	0	0	0	0	0	0	0	0	0	0	0	0	0	0	926.509777728663	208.652310898889	308.154663028826	388.384954330696	328.267977450941	326.399162622386	303.66561148797	239.779779908527	305.96375829026	178.541253485113	253.726677927707
306.331	0	0	0	0	0	0	0	0	0	0	0	0	0	0	0	0	0	0	0	0	0	0	0	0	0	0	0	0	0	0	0	0	0	0	0	0	0	0	0	0	0	0	0	0	0	0	0	0	0	0	0	0	0	0	0	0	0	0	0	0	0	2720.65280176727	107.75806661708	194.045599337213	318.457800143069	410.146317593089	344.979345469381	325.690711966818	294.380152761834	196.23508366463	104.337500759644	121.150146793332	235.250032759516
309.569	0	0	0	0	0	0	0	0	0	0	0	0	0	0	0	0	0	0	0	0	0	0	0	0	0	0	0	0	0	0	0	0	0	0	0	0	0	0	0	0	0	0	0	0	0	0	0	0	0	0	0	0	0	0	0	0	0	0	0	0	0	263.157809240053	92.7035684086272	228.609619638	368.529338440242	421.887085591197	383.888485900704	317.213567061891	356.057420034138	338.411894433049	253.860821673621	248.024267466746	327.79743515051
312.81	0	0	0	0	0	0	0	0	0	0	0	0	0	0	0	0	0	0	0	0	0	0	0	0	0	0	0	0	0	0	0	0	0	0	0	0	0	0	0	0	0	0	0	0	0	0	0	0	0	0	0	0	0	0	0	0	0	0	0	0	1246.26071527031	71.1015360257633	132.078706556435	218.332819506349	368.420620974519	395.448163500398	412.846714545285	402.367525254626	300.33682603821	259.91933256157	293.743743865663	235.499389130866	218.907721877798
316.052	0	0	0	0	0	0	0	0	0	0	0	0	0	0	0	0	0	0	0	0	0	0	0	0	0	0	0	0	0	0	0	0	0	0	0	0	0	0	0	0	0	0	0	0	0	0	0	0	0	0	0	0	0	0	0	0	0	0	0	3185.39180258598	94.467107628684	84.5434504132415	136.397804121589	285.809392037297	421.110804330214	417.398693526035	510.77895176964	457.710012113513	355.317486924127	385.807137280579	315.876472756755	329.588658286517	435.911788501113
319.296	0	0	0	0	0	0	0	0	0	0	0	0	0	0	0	0	0	0	0	0	0	0	0	0	0	0	0	0	0	0	0	0	0	0	0	0	0	0	0	0	0	0	0	0	0	0	0	0	0	0	0	0	0	0	0	0	0	0	0	398.502559171673	74.639376529245	102.631788475502	164.560046939267	311.513775840305	328.327283414409	431.894412906785	486.887179882009	394.602083171475	328.455986729139	254.978569425197	295.074625901277	295.033885492193	231.271162120405
322.542	0	0	0	0	0	0	0	0	0	0	0	0	0	0	0	0	0	0	0	0	0	0	0	0	0	0	0	0	0	0	0	0	0	0	0	0	0	0	0	0	0	0	0	0	0	0	0	0	0	0	0	0	0	0	0	0	0	0	1534.0533030622	61.7246824987495	69.4837807137476	126.044836001267	176.084490069774	300.102726112332	369.951805415302	454.997193574203	476.941255181138	423.718989705686	339.207424421212	325.305595222639	266.740504647288	255.163232799214	324.805608396164
325.79	0	0	0	0	0	0	0	0	0	0	0	0	0	0	0	0	0	0	0	0	0	0	0	0	0	0	0	0	0	0	0	0	0	0	0	0	0	0	0	0	0	0	0	0	0	0	0	0	0	0	0	0	0	0	0	0	0	3627.40392150657	107.017055082307	62.3352370136887	91.7793274513641	127.829529967032	213.532443617033	230.441726656048	387.012698059848	430.109324987361	427.010857639567	353.313005898143	318.737608325702	285.636544738926	328.457989402951	342.579946255877	240.615161129624
329.039	0	0	0	0	0	0	0	0	0	0	0	0	0	0	0	0	0	0	0	0	0	0	0	0	0	0	0	0	0	0	0	0	0	0	0	0	0	0	0	0	0	0	0	0	0	0	0	0	0	0	0	0	0	0	0	0	0	548.377133998632	71.2521884452617	59.2342413613513	87.0877013946659	120.794922517417	214.356031190485	262.724788038768	397.616718311974	457.478720008773	481.612321887289	429.428647677205	376.320178835097	267.417957979559	252.394132292949	301.666676286666	282.448311314953
332.291	0	0	0	0	0	0	0	0	0	0	0	0	0	0	0	0	0	0	0	0	0	0	0	0	0	0	0	0	0	0	0	0	0	0	0	0	0	0	0	0	0	0	0	0	0	0	0	0	0	0	0	0	0	0	0	0	1825.29315367886	63.3362946429066	66.3216495009378	108.573243087469	132.5372701075	181.872379125467	224.885999011042	334.419940081228	391.69710603791	469.068712044838	481.065351456219	428.779314138287	355.462747155612	300.334756886081	289.098424566851	304.602317561419	214.351797356838
335.544	0	0	0	0	0	0	0	0	0	0	0	0	0	0	0	0	0	0	0	0	0	0	0	0	0	0	0	0	0	0	0	0	0	0	0	0	0	0	0	0	0	0	0	0	0	0	0	0	0	0	0	0	0	0	0	3680.27131650043	126.97906480478	61.0531595901879	73.6415489761918	93.6453799600279	135.640184519049	169.408235326903	218.657143137193	315.565441011718	366.752606642816	392.753336798126	430.370018126655	377.84442067857	389.47093256352	278.686114725336	285.094367279259	274.510281596463	271.63745322605
338.799	0	0	0	0	0	0	0	0	0	0	0	0	0	0	0	0	0	0	0	0	0	0	0	0	0	0	0	0	0	0	0	0	0	0	0	0	0	0	0	0	0	0	0	0	0	0	0	0	0	0	0	0	0	0	0	616.229866854968	62.5825826673216	93.7982414025799	106.160308485655	137.041571494521	204.190936102286	205.605100656398	253.278094308853	355.591457906966	413.242068228787	462.148335860942	447.214974490948	433.850239445143	400.069425352011	416.693129868339	446.591147570588	353.782710549346	522.73479230126
342.056	0	0	0	0	0	0	0	0	0	0	0	0	0	0	0	0	0	0	0	0	0	0	0	0	0	0	0	0	0	0	0	0	0	0	0	0	0	0	0	0	0	0	0	0	0	0	0	0	0	0	0	0	0	0	1798.60590576074	53.5225043275108	70.5062472282894	101.247060169866	99.9949640561377	150.784956512938	173.96745489894	190.039046385061	242.288135965623	332.670101765472	380.064388865036	433.260296811661	405.951196441453	367.760272402008	282.576021603883	260.572575004281	302.137452469613	450.957239091447	309.41703600207
345.315	0	0	0	0	0	0	0	0	0	0	0	0	0	0	0	0	0	0	0	0	0	0	0	0	0	0	0	0	0	0	0	0	0	0	0	0	0	0	0	0	0	0	0	0	0	0	0	0	0	0	0	0	0	3887.04332482024	138.638469173403	57.5358854686206	73.0954422982971	93.3034164749175	125.724547240586	168.962709973454	162.728022929157	216.269726656541	250.781207322389	345.134245652767	387.238435980653	343.02917841271	372.46177810525	379.521577705688	343.987846597475	306.000804939671	235.455201653195	312.967387293935	236.351986414773
348.575	0	0	0	0	0	0	0	0	0	0	0	0	0	0	0	0	0	0	0	0	0	0	0	0	0	0	0	0	0	0	0	0	0	0	0	0	0	0	0	0	0	0	0	0	0	0	0	0	0	0	0	0	0	688.600385866094	58.5583187591643	84.0285107031096	112.090139468278	128.676559175317	180.499556982	173.011476834815	200.438476815956	256.208116720082	310.820586920495	375.658298704035	405.731673276132	421.655577694634	325.620779812405	396.558518321877	305.761031372602	321.805388218309	313.630428105849	330.433130300524	382.492121955299
351.838	0	0	0	0	0	0	0	0	0	0	0	0	0	0	0	0	0	0	0	0	0	0	0	0	0	0	0	0	0	0	0	0	0	0	0	0	0	0	0	0	0	0	0	0	0	0	0	0	0	0	0	0	2062.25256102457	59.2492675380332	72.6197624702352	99.033652595177	110.895511476854	154.405156123426	205.643487582346	206.159979298052	234.965109646745	298.664776703824	323.272493632632	364.609211223682	407.172927548134	373.313716568999	387.587124502373	348.888651906884	397.595189520864	419.424838784468	304.743909074192	328.276934662944	325.106858446224
355.101	0	0	0	0	0	0	0	0	0	0	0	0	0	0	0	0	0	0	0	0	0	0	0	0	0	0	0	0	0	0	0	0	0	0	0	0	0	0	0	0	0	0	0	0	0	0	0	0	0	0	0	4132.34485697809	192.82816200468	59.6187104401518	80.4890190935133	124.245879869176	171.682152489776	199.106727026804	242.180636058758	232.208006488097	271.715208918198	274.03423700375	323.890023690881	372.045454044323	360.013112352212	439.369860797072	391.570547868983	392.974418453105	377.631593718562	326.157599333156	374.900724349066	410.199232368039	558.411590672499
358.367	0	0	0	0	0	0	0	0	0	0	0	0	0	0	0	0	0	0	0	0	0	0	0	0	0	0	0	0	0	0	0	0	0	0	0	0	0	0	0	0	0	0	0	0	0	0	0	0	0	0	0	786.519633946245	50.9447638558469	64.5398370201914	96.0562796431106	124.91410157924	174.56716175636	200.511178407328	216.5677349632	251.291809756756	260.518511123538	290.833768796316	315.192051445983	322.240258009515	361.357696108596	375.597184294308	325.224629155124	342.301567910653	296.373189006139	241.382843932272	261.944191171846	399.60943571224	217.036344666038
361.634	0	0	0	0	0	0	0	0	0	0	0	0	0	0	0	0	0	0	0	0	0	0	0	0	0	0	0	0	0	0	0	0	0	0	0	0	0	0	0	0	0	0	0	0	0	0	0	0	0	0	2206.073948997	41.5076892855652	39.6845159902014	66.2876093547705	92.6714431791981	127.642174614046	213.864721127347	205.936525517196	239.049431177041	298.240494323676	300.65026817327	296.053759455092	311.819806628311	323.521782123045	382.298692097736	340.683778078315	298.121658913643	340.937157597434	302.104160590814	350.702312079291	264.934070646554	228.011919547533	513.348322793195
364.903	0	0	0	0	0	0	0	0	0	0	0	0	0	0	0	0	0	0	0	0	0	0	0	0	0	0	0	0	0	0	0	0	0	0	0	0	0	0	0	0	0	0	0	0	0	0	0	0	0	0	235.810192873449	50.2163340988246	78.8605452602332	115.981336304978	147.665747730235	193.765695224902	253.697826301897	264.968421978507	302.953452337173	308.631426182791	345.965297212005	364.088802064549	376.417939556907	390.632959353411	396.291053399189	419.449120023731	400.902504336701	390.82489491216	367.785684269423	377.905264550213	447.480715613074	526.950193272143	640.64279408219
368.174	0	0	0	0	0	0	0	0	0	0	0	0	0	0	0	0	0	0	0	0	0	0	0	0	0	0	0	0	0	0	0	0	0	0	0	0	0	0	0	0	0	0	0	0	0	0	0	0	0	948.065341596524	22.3166703830642	53.2318502088168	68.4291036154974	79.0452243907308	141.253409784669	204.729264338557	210.873682885853	250.348139543284	300.632654589833	314.372867367484	315.341039524722	323.281204276533	340.158093154668	349.166217205701	337.901592231444	317.355038013153	331.240845557839	296.030022731456	292.910568249996	319.876283501987	344.804882239715	210.417983702042	390.546911538572
371.446	0	0	0	0	0	0	0	0	0	0	0	0	0	0	0	0	0	0	0	0	0	0	0	0	0	0	0	0	0	0	0	0	0	0	0	0	0	0	0	0	0	0	0	0	0	0	0	0	2480.22274146301	81.5477608138519	49.5758759258698	60.9257773337864	91.1434071725433	129.602313396113	181.707449349679	240.189033781283	266.356744556396	333.980312713109	346.673338061921	357.57907607154	368.019417680408	388.010389523832	381.470074784896	398.221956778323	383.133620759451	397.596467436434	409.641521021019	390.933639602901	387.648061199703	411.689276320258	488.337743411006	612.780218597994	521.733822027277
374.719	0	0	0	0	0	0	0	0	0	0	0	0	0	0	0	0	0	0	0	0	0	0	0	0	0	0	0	0	0	0	0	0	0	0	0	0	0	0	0	0	0	0	0	0	0	0	0	0	245.462438830439	17.3208719800029	44.247687315277	55.7735993464746	85.6788969444826	120.519289843263	182.663769263301	213.691732354229	240.268421235528	300.700927018933	361.872719306251	346.469363549282	353.207498616533	343.373834360356	359.536429516398	329.579804694623	339.229465932549	344.593516947884	328.20029697591	358.551119695098	265.75049470541	320.26126360233	277.921095773519	228.80799000032	343.96972660622
377.995	0	0	0	0	0	0	0	0	0	0	0	0	0	0	0	0	0	0	0	0	0	0	0	0	0	0	0	0	0	0	0	0	0	0	0	0	0	0	0	0	0	0	0	0	0	0	0	1085.35786622385	50.4630151892405	72.4626987120048	75.6681158695788	83.0330199250486	99.0406570652655	171.125281516778	211.419325086043	255.116958235716	297.411153999106	374.912426808208	390.914640320728	405.937214410847	398.645822395883	404.0947066826	383.225432253498	396.020070208751	375.179251305395	431.261499556941	403.560190728182	405.213388725995	434.546327547313	511.439520540694	481.381371343354	650.933930431523	821.195076882142
381.272	0	0	0	0	0	0	0	0	0	0	0	0	0	0	0	0	0	0	0	0	0	0	0	0	0	0	0	0	0	0	0	0	0	0	0	0	0	0	0	0	0	0	0	0	0	0	2836.36397546406	74.5006521049495	38.4330340205286	38.8835941037147	66.4953599355481	102.270600721627	117.391530308433	177.592588527838	213.459105304223	257.325562269139	311.152860663919	345.205985155678	372.878877376203	380.071626937189	400.374260109316	392.243984670816	375.921516328358	346.998623200373	375.040851296969	362.15083430966	362.285633022196	372.120677882327	394.354279640365	397.92504823172	409.805382693726	484.727261374627	425.774202020031
384.55	0	0	0	0	0	0	0	0	0	0	0	0	0	0	0	0	0	0	0	0	0	0	0	0	0	0	0	0	0	0	0	0	0	0	0	0	0	0	0	0	0	0	0	0	0	0	335.256455491609	34.4306430166189	31.1152523184216	62.7476459122761	52.8664274860014	108.675710640609	131.274430836447	169.680949543543	215.554430532404	254.884428992751	324.43916291158	361.272210314747	389.113539237651	400.138596581604	407.014195116941	373.792903044832	362.228737288377	387.218935032018	379.747529638524	348.80855197699	380.127996997545	323.780456485486	342.55858612075	442.54160762988	450.001287284098	494.862319095231	553.436954301127
387.83	0	0	0	0	0	0	0	0	0	0	0	0	0	0	0	0	0	0	0	0	0	0	0	0	0	0	0	0	0	0	0	0	0	0	0	0	0	0	0	0	0	0	0	0	0	1352.75744790417	55.4276829570107	48.0115444319541	63.6225627675668	99.2510988498818	101.395059136338	128.947055181246	175.926465783707	205.965145284747	245.643509783806	284.217793581968	346.37884880164	389.878357342946	411.185699516835	412.061545995235	437.203191396673	413.878018288506	397.452636345085	389.528841079564	388.951760741437	405.650593555693	409.869815447169	417.190489012828	446.76724247014	504.487498137454	611.650074860327	638.309968673418	757.298584336949
391.112	0	0	0	0	0	0	0	0	0	0	0	0	0	0	0	0	0	0	0	0	0	0	0	0	0	0	0	0	0	0	0	0	0	0	0	0	0	0	0	0	0	0	0	0	3373.5439948205	85.1775847410432	44.7001918518631	50.8170927173444	72.950776771242	85.9391799244297	109.204233026203	148.589296037666	165.525177963823	199.871208531909	244.698757940111	305.085539796323	357.570463419809	356.375927665946	404.494784691587	418.172643943138	406.056460075147	394.928885850294	378.972834582047	393.025275144345	364.838187521847	361.766615612389	352.246558088683	391.097852378197	397.291955133298	430.177558402076	447.210211519537	526.15582810237	594.834467663491
394.395	0	0	0	0	0	0	0	0	0	0	0	0	0	0	0	0	0	0	0	0	0	0	0	0	0	0	0	0	0	0	0	0	0	0	0	0	0	0	0	0	0	0	0	0	478.466272498729	37.0269576988185	49.774243094946	47.1517806872367	70.4827138612285	101.120809048411	133.060677120514	158.157343600296	193.53539272457	206.087832091777	266.79419489167	323.40933698143	359.42497972378	416.154423432871	426.265942494986	427.972448579868	449.402907387198	428.29598303109	400.909415966678	409.818247086687	401.462701896361	413.00804115189	420.276923897105	425.158524252891	431.282531343049	452.341671020411	534.688710316437	663.524244618603	787.568446696863
397.679	0	0	0	0	0	0	0	0	0	0	0	0	0	0	0	0	0	0	0	0	0	0	0	0	0	0	0	0	0	0	0	0	0	0	0	0	0	0	0	0	0	0	0	1711.42434906648	34.2692607950684	36.4475227562004	27.160368006889	40.1074630934084	88.123122981056	93.782550486239	117.431651022835	170.0360422203	158.113814065534	225.287326889358	268.433576517009	298.709286425063	327.558211630955	370.714976575882	395.588409601077	419.068318878471	396.857358483642	381.784583361013	381.497316316802	373.566845606832	373.473394080686	354.056118921763	355.805147596595	316.56073649644	441.066668327345	372.690615643248	404.383379482582	501.666104163465	427.032518508149
400.965	0	0	0	0	0	0	0	0	0	0	0	0	0	0	0	0	0	0	0	0	0	0	0	0	0	0	0	0	0	0	0	0	0	0	0	0	0	0	0	0	0	0	4328.85131015894	81.4939880687797	59.1364683525518	41.8422937837518	46.0798259626607	76.003985059978	95.5976828351925	138.082770704638	153.187008654504	161.374831296233	198.495095406044	228.98319439334	278.764250990611	315.546778445167	360.333076163292	375.862946039422	390.17430102082	430.624111703242	424.121599281624	427.077046971238	370.820752210622	400.081858236309	407.792389518128	380.232312113811	384.790957063271	394.986696638273	450.050201726434	492.256438979743	464.903438596971	603.486047426664	700.640967217243
404.253	0	0	0	0	0	0	0	0	0	0	0	0	0	0	0	0	0	0	0	0	0	0	0	0	0	0	0	0	0	0	0	0	0	0	0	0	0	0	0	0	0	0	661.224433219353	53.245410019317	38.3893746457263	33.9314052307061	54.0882658401133	85.1165614213648	129.340525809308	151.292493833759	164.173279711774	187.780924308023	249.296997484944	251.262436058015	299.661341193009	333.102121905078	373.821303026576	386.287430104851	418.005867411767	408.819971506272	411.396429835715	413.423241542814	433.764971800502	378.605826307058	394.894601207303	394.163060932274	429.068807095537	445.349628518469	483.068230484873	556.380594011876	626.115364325872	703.363881105584	833.9915265022
407.542	0	0	0	0	0	0	0	0	0	0	0	0	0	0	0	0	0	0	0	0	0	0	0	0	0	0	0	0	0	0	0	0	0	0	0	0	0	0	0	0	0	2547.88144602093	12.8169923730407	31.9600906631417	34.7858318085203	55.3036770133988	58.7401807668554	82.9257498066303	117.173708767745	154.213990102922	167.796382199146	186.615866695749	223.559642145822	252.32594450095	300.575946560599	325.442163263874	353.634557646781	379.586428268549	389.069758322294	400.883704202093	393.249896278222	397.306373742501	354.103016209272	399.441472332627	381.747727932386	367.138499642891	405.594900776249	422.79503836651	451.201330792582	549.256605619086	498.496601101227	478.244363800466	619.423552477663
410.832	0	0	0	0	0	0	0	0	0	0	0	0	0	0	0	0	0	0	0	0	0	0	0	0	0	0	0	0	0	0	0	0	0	0	0	0	0	0	0	0	5367.19150326859	180.472957054054	34.0151648175736	38.4515017675533	53.0720773116387	71.7067764802834	90.3175782971267	104.000341207546	142.742108834041	180.941155105013	178.828319497603	220.385144739313	252.42393705357	268.88801249417	308.998771911181	330.141161624148	379.670158891918	404.160252460024	406.099207897241	408.412474398398	435.300980966601	402.351490664345	410.295102966329	391.679755132564	403.304799989456	412.473208075045	425.903904847901	460.148622213294	523.253611639525	514.87359822673	598.949975161476	805.352911421079	705.292125863463
414.124	0	0	0	0	0	0	0	0	0	0	0	0	0	0	0	0	0	0	0	0	0	0	0	0	0	0	0	0	0	0	0	0	0	0	0	0	0	0	0	0	838.873335696481	55.6171112376284	50.2757089103606	47.6397644230543	57.1560478087942	82.2621310582212	97.9652499431297	124.501554535652	168.023547188924	172.335735917256	197.4207145334	214.229563735561	249.388576526268	263.361241710928	305.851933497204	341.778902856644	360.156230920174	381.017858201078	406.137191234004	407.364195859447	390.252049559752	395.664010890498	383.32500483987	387.018698184057	405.971105261239	397.129635112875	447.592124425674	482.362499118416	578.965582879125	588.012302175701	593.247077985745	673.182767434936	779.416935085894
417.417	0	0	0	0	0	0	0	0	0	0	0	0	0	0	0	0	0	0	0	0	0	0	0	0	0	0	0	0	0	0	0	0	0	0	0	0	0	0	0	2382.29071039512	35.8066933330629	28.990429269475	50.1924296407183	23.0703672761381	46.2555246834692	66.3382227162117	73.0095384345532	124.39398890675	147.925470375214	158.882569903682	212.236624881055	213.388942267676	234.229311150558	269.684274944798	284.44947666419	341.363797560491	370.931995605095	367.638964792448	383.516580971787	411.923289634201	385.542459061711	385.667085951468	351.622135597766	388.481805023916	351.544294044359	402.574313272581	439.786252260466	412.878074003164	444.657590355957	505.330535249666	593.278401500529	696.200649879247	691.014673192833
420.711	0	0	0	0	0	0	0	0	0	0	0	0	0	0	0	0	0	0	0	0	0	0	0	0	0	0	0	0	0	0	0	0	0	0	0	0	0	0	4656.26923267661	156.216341329272	22.0275668368855	23.5114486734184	35.0462115157604	48.2796285630357	62.7323231164125	68.5436004182744	97.9209301818802	120.545536088298	147.949088567747	173.652529524189	209.491771236255	229.498296466677	256.294300546158	267.371530888492	304.879689988103	327.825350390826	331.948181719727	362.903794642383	355.587017148702	368.380234507861	350.254095001229	368.744123003593	363.736405209705	346.787473687346	347.832031747738	377.843443017152	373.609475847269	449.994235234963	463.311015543325	486.311713088701	483.807576387012	469.037079707076	555.030507074884
424.007	0	0	0	0	0	0	0	0	0	0	0	0	0	0	0	0	0	0	0	0	0	0	0	0	0	0	0	0	0	0	0	0	0	0	0	0	0	0	776.848929360958	30.5566375018838	33.0735700811277	33.4541312373287	30.0816196737916	51.4426646623367	54.5248338395964	77.1458657865075	112.312876666972	145.108377149188	163.585186382418	194.174452903537	212.100124115855	233.997736431275	236.041026751538	264.301562846059	296.569854771887	321.720484691374	334.449545298799	337.131104867609	352.629970066612	372.6838590303	369.026857604263	355.013995490822	339.444232402755	352.825192963589	372.504066664458	386.351382163783	395.924217844584	419.524595343965	476.257914853236	516.407871739345	657.898600978759	544.752036753969	659.368144776874
427.304	0	0	0	0	0	0	0	0	0	0	0	0	0	0	0	0	0	0	0	0	0	0	0	0	0	0	0	0	0	0	0	0	0	0	0	0	0	2137.18832811565	49.4724849405371	32.4209348610416	29.6401490472431	54.1916689243922	56.5367436753206	76.2380908652679	64.4941317895588	94.031984724994	123.187657663795	132.72639149355	168.157577940314	196.88101448521	228.782272153949	239.362139223632	269.836244838802	294.160934697497	307.397673890505	308.228809381932	349.691292879685	353.557649483795	377.367940901668	340.196456432732	356.969870429413	360.191042204995	362.43104482007	342.506645990618	377.269805126456	388.19545374135	398.46111757039	448.345130230394	516.282572756633	577.375792041977	594.047345079929	660.506719945104	548.214827818941
430.602	0	0	0	0	0	0	0	0	0	0	0	0	0	0	0	0	0	0	0	0	0	0	0	0	0	0	0	0	0	0	0	0	0	0	0	0	3992.01398374416	164.103645121797	30.9926661585021	22.2763026308405	27.642845568924	50.7135355385984	53.5924318941863	71.2681236810629	90.9940303905715	107.157443657786	138.953293332608	136.71106736417	184.374699339842	208.324878840296	241.33506575731	245.038075655281	277.704023079523	280.698278310291	299.065501901876	318.485129644776	339.018191125198	346.844652781162	357.775449176345	378.791768303275	353.516397894674	336.714665714201	340.900103262418	371.39257802533	401.35080844722	375.03822416532	464.356511467297	467.09133035665	540.056990674972	645.019104622559	601.944192052929	695.071470045507	688.592934999028
433.902	0	0	0	0	0	0	0	0	0	0	0	0	0	0	0	0	0	0	0	0	0	0	0	0	0	0	0	0	0	0	0	0	0	0	0	0	682.058384275696	13.8198083167519	27.8434347297063	33.3105559253169	39.5036423768695	41.6798339259522	39.9946908481146	67.5112344511511	81.3986780030369	103.177483212451	115.533935224953	147.055272435066	175.052357855822	205.883102420559	228.809860669734	240.845023451411	256.338824918698	283.144589122913	294.412841670858	307.163505294041	312.166504441568	310.800743028953	335.836537959104	331.459252107204	326.21708104074	324.296329298403	336.106664855439	331.457053275473	359.454595991921	393.969905165779	422.991131914243	471.038409970145	469.078777575513	534.558134161361	635.64753804344	594.463584800474	595.187832073331
437.202	0	0	0	0	0	0	0	0	0	0	0	0	0	0	0	0	0	0	0	0	0	0	0	0	0	0	0	0	0	0	0	0	0	0	0	1952.86938439022	14.7193750860812	15.4400480017262	1.87818556371391	15.8919684239886	22.5656371927971	19.9299745015219	53.3942992447757	66.2601894456704	88.9823786253617	104.173845540022	124.45631992829	135.836498127152	169.342279000684	200.058356825157	217.500014351734	236.96634928872	259.023936401961	262.806417022181	290.736191704848	292.981449782115	307.734594009271	322.409278009368	323.060849868689	315.409362887765	325.952922833466	313.349445749878	318.057143075501	304.533341631003	322.510313589723	334.56885692752	371.583810975153	417.851864450909	490.456154268829	582.706374373792	420.002016006859	338.134667817256	609.740002021092
440.505	0	0	0	0	0	0	0	0	0	0	0	0	0	0	0	0	0	0	0	0	0	0	0	0	0	0	0	0	0	0	0	0	0	0	4065.14389648794	141.352873500651	16.6288005270803	18.2724358990101	36.3013515106775	35.4069736422484	28.0569051235256	47.9976126415704	63.373125386682	79.5396928174514	108.387992384928	105.040701518572	123.800904204633	162.907338670845	193.420786561599	227.933699346538	228.883952136322	244.706461705958	263.590912311262	274.543964222368	286.469033406356	292.137657439903	310.210197071868	318.668865956752	322.151259849181	326.052360076373	333.564338093334	326.531358462535	312.205664450638	317.826437488064	352.120125573996	382.619644133307	367.482735233616	442.434041660007	513.33682348255	518.545396428134	632.225421727571	598.921886053584	613.265459890994
443.808	0	0	0	0	0	0	0	0	0	0	0	0	0	0	0	0	0	0	0	0	0	0	0	0	0	0	0	0	0	0	0	0	0	0	717.417087750572	17.269496629368	17.09925797149	23.5198764957636	22.7308497569497	28.9039535304827	46.2903966915776	56.7293255704599	74.527165021827	105.059579495516	98.3812645119419	111.101270895057	141.157373210489	168.499902702009	194.378350658671	201.390958870707	225.731042598837	246.082400191525	256.547935372637	285.490542355822	283.218930594531	287.55180223261	297.052406926083	291.166820555309	310.974657894219	312.056823497886	317.819438632707	319.848027524087	310.850821354882	315.721577383448	339.121867823499	335.009563364036	378.764411420843	416.540815259416	454.228286703013	580.961838626558	499.8469918946	472.869353254763	536.66449452084
447.112	0	0	0	0	0	0	0	0	0	0	0	0	0	0	0	0	0	0	0	0	0	0	0	0	0	0	0	0	0	0	0	0	0	1978.72338633413	41.2829453082431	28.1930454590003	35.8568641588746	35.4057109435032	48.1598823818393	50.0487755481958	53.33104893749	82.9760249813086	72.4043586989263	96.1609165551356	133.172079825106	139.212717062407	167.732790223685	180.108959841236	199.676763512973	243.513485618615	226.251198588713	247.239355495639	268.569842556608	274.059429704642	284.400503358306	302.323358708871	301.137786971394	304.847658062758	316.183873470451	293.070465110473	314.425652153608	305.935814322851	316.623247797756	340.861565102508	360.589013323707	382.964717671139	422.322874187909	464.12217942603	568.954512720835	566.467068865054	629.957790230286	678.229385163168	756.61587416705
450.418	0	0	0	0	0	0	0	0	0	0	0	0	0	0	0	0	0	0	0	0	0	0	0	0	0	0	0	0	0	0	0	0	3866.37992484332	151.172835164133	13.3971954852382	18.4589674799584	15.4366596757109	31.5406262492267	33.3730950420606	41.3013482149559	72.4097167712858	67.5526871864604	76.1113307464269	93.7414179100922	110.775042097869	129.435761149155	148.711917497668	173.971464711424	192.000837893072	211.327922213492	232.648533775922	242.181217876917	250.975599969194	268.716312719561	272.073578611548	262.199170489731	285.757083070672	298.762243146028	291.655973935188	300.999744729005	293.325575478464	277.962583591059	290.709808212919	303.161022703774	322.685018908662	356.265416817924	395.149884323274	450.314993722798	493.00562434306	549.266857869244	568.428762998761	587.324659784067	614.545146949794
453.725	0	0	0	0	0	0	0	0	0	0	0	0	0	0	0	0	0	0	0	0	0	0	0	0	0	0	0	0	0	0	0	0	713.488432417086	39.8886213165494	29.0640280109159	34.1928642694393	37.1307650668641	26.6377056719294	44.5081562485121	55.7870597786925	65.0067607461452	84.3813310467173	98.0128436748335	103.719276194655	115.628221766526	145.215393735562	152.847361658228	164.669450235479	201.101667085913	217.467626134537	231.124187084171	241.750754135968	247.061539666168	249.519056176155	273.79975439545	272.41355246064	279.983656516552	289.035899361376	283.108660833185	293.998170375071	281.25350950278	292.316999773101	285.818985069951	323.400128178547	324.017301024669	373.057953856011	431.286944589802	427.114902442167	523.298794079541	510.120722690483	524.550060929401	732.584836857022	849.244280497148
457.033	0	0	0	0	0	0	0	0	0	0	0	0	0	0	0	0	0	0	0	0	0	0	0	0	0	0	0	0	0	0	0	1613.16436260734	25.2364467245214	15.3483123610867	12.0308024724156	19.2180025955342	24.0501640799971	51.2049029736175	49.1986132418015	60.4004086142244	51.4072451171478	57.8957089838166	95.3128770386689	99.2565341732682	111.071115864322	131.27547660864	146.99434075038	160.898178510645	185.340253385802	213.29985463317	205.903887578074	229.364787562594	241.849976789217	259.90777613475	262.454768825194	276.547606314029	260.848071528997	272.463845964284	273.654331866004	275.724327339399	285.624681077229	266.186993559297	259.589809158776	273.937871035174	325.902692546536	348.74097109573	388.064830791533	420.868109816675	479.823499113106	470.28695362212	528.123512278369	508.792013073751	548.439683466428
460.342	0	0	0	0	0	0	0	0	0	0	0	0	0	0	0	0	0	0	0	0	0	0	0	0	0	0	0	0	0	0	3187.57767867428	104.982540300588	10.4156579026978	16.1931312458168	21.7600232568534	14.472650567162	30.0550425225353	34.1447944777815	45.4712701930774	35.2034294658258	66.3410414276339	90.2204275860611	90.5525338778007	103.295812321195	114.267035334092	140.839846289406	141.605879342655	176.620122031156	188.399549251397	200.251371894312	207.179892906363	232.181436974997	231.036572660093	234.522663295339	244.574481418892	263.558262172219	256.005940371314	256.413138028213	263.651614840787	265.493760138191	256.847877546484	237.933020535729	260.570756432273	307.369396825632	299.517326975194	325.302393376692	363.180484442302	421.233021784507	453.017784396915	490.842585536442	405.581522066533	455.811575473131	0
463.652	0	0	0	0	0	0	0	0	0	0	0	0	0	0	0	0	0	0	0	0	0	0	0	0	0	0	0	0	0	0	506.793212853259	23.7760918978169	7.27685559569715	11.4219559893544	22.4632001483324	34.4899411214877	37.1071934154279	51.3188288904345	55.9030042094782	54.7703688053157	80.0866657105227	77.1940079089741	95.2144280141647	101.253991003384	113.873744633484	136.521871071641	140.021945553853	153.994733767979	181.014612049752	195.507300332469	210.538683800095	201.650735452907	214.441668177681	228.73268618718	248.657282981571	237.970768915261	243.212679284466	250.109206404481	254.090068871874	250.80114086009	277.956767229057	262.909339493256	259.732473003349	278.805263904432	301.14796120878	345.237653888771	374.688125286461	382.624036477794	429.801899646738	462.892137297419	546.313867182378	576.982293993905	0
466.964	0	0	0	0	0	0	0	0	0	0	0	0	0	0	0	0	0	0	0	0	0	0	0	0	0	0	0	0	0	1367.63021374528	22.9556896193237	17.0812377854989	30.7484431193428	22.287526395113	21.3419262268912	36.5571378165938	37.3991353212954	51.1199543363162	57.6892291792284	69.6796132823099	77.4708428038638	100.094289157992	93.8905105237111	117.85765626644	126.093531146759	135.748250055814	159.368618271814	177.345032023377	190.421871852283	197.033368744331	202.929721461925	228.030897265742	238.758058898847	229.194179062708	232.446662669828	240.327983091955	243.885213537186	248.232316369343	260.29648544959	265.963705523515	252.278697538724	269.027757526239	275.179318992555	272.28196804352	304.84149057884	341.79449141297	366.745077832235	420.9721953292	442.003893720589	528.857978468362	455.088550711942	482.25673297908	0
470.276	0	0	0	0	0	0	0	0	0	0	0	0	0	0	0	0	0	0	0	0	0	0	0	0	0	0	0	0	2589.24814839171	91.280280780508	24.1504901265204	22.3030538097434	17.2510659830588	19.6770913655451	32.1638637426196	25.1431414620648	50.215563454148	51.5628187637426	56.5023651039399	61.9866167051921	64.6190464722221	75.3667140464203	102.140995266217	105.26467583733	117.074169454276	135.120752763575	143.184767376419	159.492024433073	184.323075200351	194.663267611347	201.120596009436	206.077589956254	208.181783988603	225.212206539517	227.828157348378	228.427136617126	239.525236226969	235.641303550795	233.509530301151	249.820470732301	241.72255353061	260.560808258372	231.307773595351	298.382076034007	302.165261598695	336.796990910901	379.884286444581	409.504116461368	421.77260211251	529.679668034721	467.974378831617	0	0
473.59	0	0	0	0	0	0	0	0	0	0	0	0	0	0	0	0	0	0	0	0	0	0	0	0	0	0	0	0	356.485541275811	13.6359940897465	3.9861953693008	8.69756405347583	20.0747063080947	25.33547195247	24.0529431381723	39.1100269730396	37.5569058706876	53.5162963399719	50.3754754966234	69.2721452047682	73.3130566141331	79.5523504842469	96.1164808763787	94.4284401690234	105.396612353531	129.390588818252	133.757555577287	148.585703321147	174.984071057234	176.45950208341	185.638671709673	195.050927473914	209.211204858094	208.373154345342	218.962950133727	218.906478040214	222.996008516583	240.101516828405	225.140777712383	213.74337472717	224.838308686207	244.493945576702	230.986196080823	251.631532850072	272.48714895328	280.889970721039	335.690041807096	357.726291676117	399.600679192543	431.435716480571	433.002499530483	0	0
476.904	0	0	0	0	0	0	0	0	0	0	0	0	0	0	0	0	0	0	0	0	0	0	0	0	0	0	0	970.062431924579	10.4471804841053	8.95011455467421	16.9646644959629	5.11867775340522	16.5002937110675	20.4137525840122	23.0483506789838	34.1471311738662	40.4943339836241	38.3208793267916	46.5556599433764	60.8885141926473	79.1251862853436	80.5974144019022	96.9560628452054	102.432228377399	110.1693597419	119.890408936075	132.518646204844	142.347690778713	160.666029792185	184.458278212786	189.148416396157	189.334885822698	187.778700951701	203.197572473359	205.804184094022	217.179734846506	212.577837385557	207.674914105136	211.99480592185	225.255209497684	228.322182077807	221.037075186056	221.220048952889	248.574941751398	263.650232422994	284.007099975614	319.598605948951	386.766867787488	411.43177790179	404.006627772625	377.432126060579	0	0
480.22	0	0	0	0	0	0	0	0	0	0	0	0	0	0	0	0	0	0	0	0	0	0	0	0	0	0	2047.02495103121	50.5992219033304	12.277538379819	14.4431934577813	12.9271181982446	21.9844742616637	18.7049574445819	19.3953130517634	30.5454342759577	48.1371151461666	46.1127185587066	58.8891040368456	79.0493186257703	78.0750090303528	83.7101286796914	85.8705209800265	99.0644664287193	116.494812332519	110.794951278491	113.350520660326	134.603082955284	144.110645397641	156.596788991238	176.285654443803	181.129764668261	180.135697517446	190.770813307644	190.919173271549	200.418677943352	190.016155564149	196.955777536944	218.000134405044	212.458887527575	201.922278197358	218.496537169739	221.185046818148	224.327643491419	251.160969818352	271.200678911976	314.392589727601	317.62930141948	359.541639043696	373.450883541547	393.046778871395	0	0	0
483.536	0	0	0	0	0	0	0	0	0	0	0	0	0	0	0	0	0	0	0	0	0	0	0	0	0	0	305.415345363142	4.9879933081766	6.37894974767445	10.489870582406	10.5015185680411	2.83190770849894	6.24799047449386	20.7157409916815	24.232681422284	31.1761174069739	51.0804825766945	49.12838475046	43.0596388420417	49.253051142224	56.6375343629537	75.9316766864686	82.2511608738421	96.571980695675	106.413910035704	114.594682843428	125.014534929696	140.89735270355	159.79913055458	162.181634343709	160.204995928699	170.99886576364	173.960073611248	188.193704475936	188.715162089809	179.965905930762	177.714561543474	182.926844157874	194.719020110091	184.301032498819	195.131659748642	192.684693755113	197.740086125972	206.731542243265	237.920713540581	241.886376443458	294.667184886161	309.520555181031	346.953966216546	336.088369256194	0	0	0
486.853	0	0	0	0	0	0	0	0	0	0	0	0	0	0	0	0	0	0	0	0	0	0	0	0	0	991.295067509758	5.82915707492961	8.05714340092178	5.72414851850031	2.02826011237675	9.5491018854142	12.734381341758	16.792995866897	22.4999647988961	29.5210609204938	34.4118021702549	43.2520742941431	47.3261622914512	48.9470153216983	63.5624399387126	70.5439823774304	72.2903935772235	75.4990310962964	98.4448204527159	91.9259525862737	126.837962846923	121.490462510993	127.252308478786	155.01372445529	164.656769833655	161.191064840467	170.023167032708	172.174072030952	169.237617222981	184.895114781096	175.405657885231	196.355889089068	193.353732050308	182.913423250276	194.704077712914	207.442538753433	200.821400795792	209.431310497955	219.524726535804	231.615960000117	273.279090832222	288.771022756015	344.043209613701	366.150173173324	375.404564637111	0	0	0
490.172	0	0	0	0	0	0	0	0	0	0	0	0	0	0	0	0	0	0	0	0	0	0	0	0	2143.06805432916	42.5373853765335	16.1273021967884	14.3693882699686	10.4587538397488	17.1022986984459	7.0699652033086	10.990145252329	28.3166591111216	31.3106280356803	39.7125724614135	40.2129350988293	51.2339018121648	62.2706631727304	56.7056578175775	65.5319377625265	79.627014092698	91.6626365984016	104.966406011864	93.5586741747776	103.603313248002	115.530354235791	102.046852788107	141.625332921253	159.720462046426	156.644802905242	161.37577338182	163.312487040131	169.612845892561	177.015875116597	178.579544997351	186.097446592837	171.455004244042	182.524512532166	193.652084110803	192.399293047768	184.96323420041	208.741899816031	214.815804205156	220.425198217385	236.406915890486	233.41334483829	294.664593306996	333.63216032491	359.575806355239	0	0	0	0
493.491	0	0	0	0	0	0	0	0	0	0	0	0	0	0	0	0	0	0	0	0	0	0	0	0	314.742556882586	22.4577604336019	18.5368729510475	10.7318083283005	20.0136991321433	23.6497802171002	27.2023614119145	29.2821570322961	29.1365897366181	37.270243136705	52.9480377943973	49.9639235952095	64.5852878855995	60.7046129890899	79.6234463857362	86.9653548372273	89.0887531377165	101.219757609071	99.114986760904	106.841487126066	120.99933534319	118.588128005364	140.463345339599	142.84246061519	152.769317041357	159.339552817613	149.55409662471	164.445337737717	163.109307090946	172.639884410965	170.430510198979	188.444690456469	189.108159896124	190.272254598965	191.366241041141	214.658916130622	193.945752849902	210.347338030529	203.273718167505	228.874073249071	240.41793536208	294.247814208902	329.616814204824	401.894986784143	429.189279966967	0	0	0	0
496.811	0	0	0	0	0	0	0	0	0	0	0	0	0	0	0	0	0	0	0	0	0	0	0	1085.86797679185	2.22329469721099	3.11265855070312	0.210513997723362	10.12544989403	4.88814541703456	4.46491529393894	12.3125438522284	3.83221039465371	19.1015903340969	16.5246919738186	26.0308842634224	29.4354391771621	37.1831067267696	49.5670765338845	52.165264926447	61.4848194814018	66.2372314960103	73.9265285651548	66.2887635558404	82.9063313440971	91.8366129034812	105.894596941268	105.265473300645	108.49513262892	118.637313838207	126.983924980357	137.235767977348	137.59586443693	143.558647808174	156.767640042169	150.476175065284	144.409155093787	147.377797364552	158.712030367098	172.702066552339	160.976411690621	157.442111498054	177.697469847176	186.776348527052	184.014399050972	199.70382005156	265.146447658218	244.222607792692	296.205896157713	291.904206361739	0	0	0	0
500.132	0	0	0	0	0	0	0	0	0	0	0	0	0	0	0	0	0	0	0	0	0	0	2263.44940991503	55.137765245118	13.3699618553934	9.78502846154095	7.78809029775033	10.5779522060316	13.8305762321074	16.3063433377924	19.0573510595338	23.9399292225514	25.3068534765434	33.0715601525854	36.3973141475275	44.3064217780064	48.7691777571572	38.4853687528958	54.1735275766436	71.4168796466027	73.2432088605835	80.3837469256024	97.4513575673849	98.0045167310097	97.8096726334344	109.458984375007	112.247429530734	107.943152544324	134.999371194133	139.105636149871	141.40889590908	151.827338410669	139.765342436066	154.079720261495	164.578071358329	165.574617500092	164.098047795043	174.201097979047	158.75330368546	158.964824014332	173.231112125258	165.680793428865	179.877661385989	193.901383312578	222.31683046045	228.37522452028	255.575538113409	313.825948457647	0	0	0	0	395.996468292765
503.454	0	0	0	0	0	0	0	0	0	0	0	0	0	0	0	0	0	0	0	0	0	0	318.456619958971	7.47122349059357	-0.536169251976367	11.860045918839	1.74524804486297	11.424795343721	13.679820691815	15.3281348935814	22.5204158516168	22.3886946025858	33.0995389547262	36.2145892613493	33.9086123280589	47.8684365304032	43.8292354408409	62.7407587780967	62.9322949498411	71.2211643704697	74.1627381927276	72.6504451877142	76.4000357183811	88.7222670178642	96.6023841212104	105.47870349315	107.148395265763	125.417069403464	130.742334015273	130.018018158731	139.722089247073	137.516408743325	145.840402152212	141.648699557348	149.484886036985	142.943282469676	148.332851105337	145.971291307886	157.12686935513	157.668760079098	181.296019063751	165.837206770278	175.157192115081	184.137537294113	196.754930152571	238.49538764545	237.289545608483	276.410042264921	0	0	0	0	290.909555515307
506.777	0	0	0	0	0	0	0	0	0	0	0	0	0	0	0	0	0	0	0	0	0	1070.44996890045	17.851592169359	11.3198638016958	13.7690043724517	7.36498845810629	17.1069485880726	6.96510936346644	19.0169522910707	13.4072138027256	28.9998962596274	34.9497748735609	25.2309690873728	32.7969452634275	42.3805099638408	44.5930510813467	54.737382075115	49.9205417564314	58.8547969604006	62.6991081035463	59.8807426374052	86.0069187206422	92.9605719648119	85.2599008158217	97.7210955070997	103.735246727774	114.897360564847	110.19755318349	130.942101391081	115.818111831255	121.361492588618	127.896464247127	136.42214372148	139.699557807606	146.355029454656	148.116828645067	148.399309380074	146.783761626944	153.340421002741	147.842476085719	149.569802388523	152.495275343629	169.867708685145	192.894276791415	213.209400299324	215.384503912453	241.108824340242	308.468029500919	0	0	0	0	338.845445906156
510.101	0	0	0	0	0	0	0	0	0	0	0	0	0	0	0	0	0	0	0	0	2227.50167004305	60.2657819291114	4.22418248022262	19.0134084303119	6.85207786929951	22.4939549689575	18.0543061112161	18.838327987768	20.2148061296137	27.4645596172106	28.9132003847733	20.8663285530276	30.0758959657952	41.4187407100136	59.3104171104031	49.2660431912852	56.7887483409456	61.1921279604571	73.1625740029818	72.9004865679331	74.8385392934437	82.6320245273438	88.3918189154519	74.2376835886466	90.6002441575738	104.022374339168	115.626364485875	115.939324950539	124.44039165612	126.7955790595	131.138701576642	134.934071843345	131.785239134232	135.5342037785	134.446129406947	138.860966820908	150.940167925597	143.007042232276	156.7897644729	159.064944419678	152.378406303001	162.484254320417	158.141547702084	192.550427072152	204.136194322503	222.54176089109	258.603043862956	0	0	0	0	438.361470647049	338.380811719139
513.425	0	0	0	0	0	0	0	0	0	0	0	0	0	0	0	0	0	0	0	0	316.301302126268	2.94290597377859	-0.00598099630555662	-0.524628544101269	3.56926468709797	8.57196240860554	3.8794554925456	12.8665483726697	14.4472799015515	10.3121564613446	7.88509021431371	20.3700115001091	26.1102178304599	41.4338671981723	35.6879048475378	34.9561081130876	25.8782789268174	49.1075732186596	59.1787848712834	49.4241726351955	68.8152509517678	55.6737093579101	70.9971438836095	74.2422995667353	80.6625980619236	73.6469130324635	74.2609276912301	101.515638724779	99.7427651482198	99.5500617240365	110.056230879299	112.523986082932	116.921146474525	119.525673372857	121.80214927434	119.386936849753	119.123676859259	128.77425669702	134.060758584822	118.269159105233	120.755957117844	159.941934903198	145.903896089408	161.790357118948	189.35524675766	201.580184693946	208.239711749461	0	0	0	0	106.067361882784	247.491688709931
516.751	0	0	0	0	0	0	0	0	0	0	0	0	0	0	0	0	0	0	0	1043.93692718899	24.4526940302414	3.01235838509662	19.4220495704738	12.4042308665298	11.6226565852414	15.8483825242046	20.1407502977686	20.070290494922	16.8297360754537	23.4866249346483	34.731090622656	29.8327185979158	39.929166662977	51.676752438955	51.158022352917	51.6869377539408	38.9758864392044	60.5277971438413	77.3222209281165	66.243332211317	72.9449440740474	78.5051799555585	85.6574060984148	89.2766930553659	108.660412853693	96.2032689307928	100.544038493255	103.410284560149	106.187594169797	121.508296227181	122.772614110127	114.256239699041	115.014121355004	122.424682779488	121.728362222666	126.968420207353	125.813900882422	145.545167180324	143.631210530386	149.185508847891	135.904093628619	159.092333270892	139.767871357842	187.377638069171	184.840463207026	226.650438323413	231.34126661979	0	0	0	0	302.796284193897	467.799070751662
520.077	0	0	0	0	0	0	0	0	0	0	0	0	0	0	0	0	0	0	2261.23182991201	52.8600017657842	-1.47895986248231	7.86867099171951	9.30144003257409	8.04330025300427	7.87360126120016	10.8081024990177	8.78378552224408	21.0475492407025	20.6506126117466	30.9134688813606	20.7671515399004	30.0557987340827	37.4467756786073	35.8069471903658	27.3203717724412	57.5369352025489	45.7788580136454	70.3875853707979	74.3156245612044	64.8510507082364	74.8303653828868	64.7892753726808	69.7489362207486	89.7183849643847	80.8451857172743	76.3834149371682	96.1152684489061	103.62255744091	100.930697673793	97.6134559574328	112.739914466858	116.682051588238	116.304550504209	117.593826913097	115.58360279378	113.855997826002	131.497606342677	123.917359055199	117.521874741413	128.847770941973	136.291923052381	141.28638480112	163.531230486667	153.925469463966	182.778882710321	202.94556325283	0	0	0	0	410.580891011559	327.178216703271	223.913470635915
523.403	0	0	0	0	0	0	0	0	0	0	0	0	0	0	0	0	0	0	326.715577589867	6.20886315434126	11.7597317030312	19.901300010614	6.23995201918658	7.2888811567577	13.105369417375	12.2201890715355	17.8933934291172	14.3013290628996	18.211379995445	21.1366600977549	28.1389354133659	32.0669571912527	34.2783279936303	43.5772413095242	45.5370806958413	35.9554027968712	56.3888143118384	52.1021090285946	55.0987962202518	51.9562312208569	55.1922744839018	71.7036720020039	82.3073002063138	70.0963720397519	74.8589948846464	83.1316862049235	82.7428031377658	96.8850572813068	110.411203661618	110.755701616385	104.021144620481	114.727259820415	104.135173601338	114.088338338437	112.801813008172	111.750060163811	118.254910157576	114.210974349324	125.698149996781	132.52041453519	141.956197994156	123.489193952141	138.072494528386	155.091830133129	174.4164057835	191.231775152593	0	0	0	0	318.852730871573	267.803777027977	340.514878726163
526.731	0	0	0	0	0	0	0	0	0	0	0	0	0	0	0	0	0	1062.67970323499	18.9429874696235	11.1562410641803	12.0093602453003	14.6225592426205	1.50415313539387	20.8344984752935	5.12826248668927	10.7642797491043	7.53394361935474	16.5897968462311	21.3919923584133	20.8823669750457	22.2885693163908	37.5065198533997	51.9143229379312	33.8729359841021	35.6626531775936	47.606651009308	50.8233440856094	56.2026303252828	56.0874457462668	62.1463358362355	61.091459388563	52.8217066697606	68.4748363613349	68.9656534614054	70.2999616683609	79.8548826267466	81.4960061361444	95.7925711220896	85.5499459348409	98.1085639668037	93.1482362168885	92.0311280636562	98.392738177433	99.5872062546876	118.148723656047	101.504501873691	100.438349843629	131.688060314105	112.115566635734	104.013172563386	142.436624026153	147.072670805458	127.940870715037	154.675602127544	173.422268097145	174.679552884823	0	0	0	0	218.883414010116	323.27830037271	201.029491755418
530.059	0	0	0	0	0	0	0	0	0	0	0	0	0	0	0	0	2199.35405382792	33.8875831332634	7.87420368864877	17.3719785075591	6.37477414883101	6.62831690565439	9.24433618568322	0.252174074787776	19.2154354743642	10.588343452143	13.1529189421739	21.8584500915473	14.2679349607959	17.20369722866	27.8655105298997	24.5624274257047	24.2557458162531	32.4386350708675	31.6375274866166	32.941343793343	50.2999084032765	33.2234323920403	39.8178982521594	49.4901243134412	46.1679069541313	61.0097674519567	65.4062618149342	81.2189131525558	65.4879167134996	59.6422661126826	69.0217833694461	79.0867690674698	84.9706265380504	91.1093440964153	80.6683101876056	88.3657070184239	84.1188431770831	96.0935852812441	91.7178665757712	102.691225288433	106.297556939019	99.81257285418	119.649505002588	108.619365628155	113.052862959	112.007918931833	118.338058314333	122.44478005602	152.079980761489	0	0	0	0	263.058857266818	167.524130751543	155.801131720703	173.136078955288
533.388	0	0	0	0	0	0	0	0	0	0	0	0	0	0	0	0	340.084259785807	9.81690112705974	-0.809279373748167	-1.93018741619269	10.6380269785312	7.3059631391194	7.16679343274249	15.3581370542858	7.59157552232677	15.2040356133414	15.288052100399	14.4152743651219	20.6760970830352	20.4048942376059	31.1951683301901	33.6741354041327	38.3677435300091	35.0284718608432	41.8795692394269	34.3695701635538	50.4491941166865	53.6534168711464	56.2657673959987	59.2355074201953	62.0345627123798	48.7294743614179	57.4015553507386	69.1347499360977	66.1111217568738	73.0136894250575	79.7354761128675	59.7595716586029	83.9525940775877	88.9192609427459	95.414185098799	83.1288008982599	89.1166078109511	89.1890966673227	99.7786715439788	104.596250152272	103.55963594451	107.593651780229	111.861503197051	107.643933447144	116.467651107036	117.18877400788	126.72527192251	145.847841076024	139.032281584634	0	0	0	0	228.214656918922	209.712023242335	236.399689941821	312.499723807048
536.717	0	0	0	0	0	0	0	0	0	0	0	0	0	0	0	1011.23132164263	18.9326598466942	25.9496276353033	11.8343802222042	21.1027470445919	9.21526160091008	25.9493346390004	15.1352793394527	2.86333498193867	10.2669545459668	21.4618581137609	20.1195419148166	19.3826845714686	15.0890896761981	25.450468969738	16.0919134605367	34.9554885301316	29.3126083259193	37.9997708963058	43.3969753928978	45.3670358541629	41.8319025623691	51.1652731973424	39.8403359729672	54.9153574159159	65.7063359433063	69.2763465092925	52.6835022356139	55.352510420131	56.8799625339624	70.8967199025163	64.3196680002595	79.6589044746677	79.0708315081076	77.1449170226839	95.4044465992224	86.2450216207746	89.0669352162248	92.5380557942491	96.7483578874682	88.9667575420681	99.6179785388897	101.624013167679	101.186575330145	105.24637067505	100.53224366236	107.905674038851	133.280570823023	108.966845455988	128.726416342009	0	0	0	0	257.202048478865	220.636451294742	204.068208789218	159.987053766676
540.048	0	0	0	0	0	0	0	0	0	0	0	0	0	0	2043.5880352683	57.0809006528945	3.47571117253219	22.537924294976	15.971982779675	-7.71323141690885	11.8935439296483	9.09497132157592	4.98123605454691	19.3438182961655	10.4159831351252	9.37185791109584	17.9856487487362	15.9780168737282	18.3472765224665	26.0971047555328	37.0546974186935	30.0105386306456	16.2495074313184	32.4072074802542	35.0844145478872	46.0608268778341	47.0733854617118	34.0892542580446	49.496474007787	46.4292446194321	50.1568167223256	49.2428948053722	45.9540049471494	65.8526143199959	68.5170106400029	66.214661832614	58.5455548405333	63.6426719947229	72.5862703973287	79.2061491774076	79.7544481859582	78.6865649323989	68.0918074701758	73.6367796814496	83.3999792687243	93.7913120330159	84.1976248528685	87.4119471268361	89.0418013843955	94.8138456809723	106.271810509536	118.88898130388	115.206152123266	137.853071565031	0	0	0	0	277.394665364443	219.863151974277	206.353653187029	134.641374820894	232.55047553886
543.378	0	0	0	0	0	0	0	0	0	0	0	0	0	0	298.015128593848	15.861899508905	11.567073139516	12.7570841025909	1.22510721338274	-0.434074401860637	-1.49890959615555	6.8543734709044	16.5432561964917	11.0683003041354	12.5814378871419	6.88735809752295	19.608387298379	13.505812623933	14.678840949172	21.0633792276594	23.18359542151	26.2350420073767	35.5607560105399	36.3344182961188	37.8394597490699	33.5791800015246	34.5859728164672	41.8914345714023	42.2401081687989	35.3414938469226	51.8523103303876	61.6592763651649	57.2050166186023	56.000264222432	49.789659804292	58.9527370959517	62.5342234820311	69.7737008538028	66.1057641831102	67.4572403684456	75.1397578566154	75.867636912178	94.0995224928704	81.8688526691107	74.0778226921978	82.4161939858048	79.0344189047966	81.7125175180934	88.4453671369843	91.8694256996316	99.7682341806521	102.618271737933	102.619739200269	106.256862653505	0	0	0	0	192.637327979278	166.164970293192	184.263024029735	298.05446382381	208.759158425875
546.71	0	0	0	0	0	0	0	0	0	0	0	0	0	912.060019175623	-7.03535284359522	-11.9814249316391	-7.31728095466977	-7.80460562643877	-0.482310019245975	1.13226068658095	6.67036546183706	-6.38817525830985	10.5182723113917	9.02270782110355	10.9458257814388	6.75354888963977	18.0736948912248	13.48647511323	18.5178182774249	21.6013111066278	28.6583175572732	17.8260581894509	24.7920994302927	30.434491959951	33.5497163780871	27.3906296767267	52.7290551286248	27.9548659131846	44.1543606439219	37.9723464396498	36.1700306061075	49.4037718629177	42.7162846593321	60.4185061183319	39.9750077375703	60.3309557920409	61.9316432673358	49.0901301027936	69.0416083793981	64.4786087905803	62.1621871820056	65.1416602730287	70.8641712514973	68.3133238216767	65.9895574685456	74.8861488045019	82.267404906605	82.1368328953693	93.9861635254997	85.8158048440587	88.4150703276802	99.4278563576355	97.4091342592791	112.904314772633	0	0	0	0	189.326564054631	218.627810180261	115.163010706855	222.231697814516	121.362746889403
550.042	0	0	0	0	0	0	0	0	0	0	0	0	1929.26803454555	33.7951394341851	7.94742241029305	21.8102205832093	14.9198493115148	12.0867922568185	-4.99196681155214	1.962455833191	5.9645244544068	16.7746671230958	16.8898279686811	23.602385865684	13.3387817197407	15.8000529513407	7.89613051733058	18.5130785579197	25.6788588571526	21.8259216015818	28.6194327527875	30.4963945706227	31.3599594343829	30.2043533189191	39.0439698275358	35.3246994833678	34.1883766768679	43.7887780013291	43.2248336886519	48.7937503741251	59.0347177314027	41.8705016257984	50.3023844016193	41.6052540862817	53.7788124580203	49.7078557344992	54.7841217283945	59.1724127737331	65.4064691787702	73.8515106286614	73.5083942980334	71.7704340690381	73.2770774386268	69.6001826817586	80.3573438245355	81.0507869229298	80.6122809168131	90.8568199795603	93.5817530390937	90.5599880403652	109.304126727708	97.2963109875071	89.6512309141922	0	0	0	0	271.488894489972	163.99154395495	148.505377634886	159.163873175092	227.068561756326	205.249993106096
553.374	0	0	0	0	0	0	0	0	0	0	0	0	256.928808144696	-4.70385267550398	-6.95166149915197	7.56809638013161	-4.53096780791456	-5.60019123051858	14.0077990240262	3.55388885334421	9.27148147740346	-0.0159691388111335	9.99543162143923	-4.37184739211547	11.7745355172111	8.98507604644659	13.7400799224722	17.425046493168	12.7977715903231	18.3577747758148	10.3989893472274	19.0347143029914	15.1854761725122	23.6847136131204	28.089959620026	32.7482721068452	34.9745842417446	42.0789494747673	28.7071287766174	27.8474989062535	41.2732571041856	46.7638183594098	35.1835473111367	36.427975002496	53.2012573985347	47.3842681793289	49.5137785301988	46.9374498965554	70.3996233197277	57.1108305920525	54.4195395914062	56.4511231619503	74.8609868096138	64.848162060849	53.3737798901044	79.4683367042791	68.6743659828632	76.4353771781865	79.0022648822196	74.2408855257333	73.7812146320201	78.1095711210792	86.7072292184444	0	0	0	0	148.774780033679	147.048741812843	146.40227689979	160.645147336165	51.3056112849152	133.807252960303
556.707	0	0	0	0	0	0	0	0	0	0	0	809.813385474287	-25.4126270484112	-0.0325064412679168	2.90799019023048	-4.29631901605243	-0.0281286718630228	6.41503079672817	9.40666665513456	6.24181495404062	19.9650865099598	-3.53867418159276	11.7436569138036	10.3025937772539	11.2033586215379	12.7127759506827	9.44018764123176	17.5671059175401	17.4251367498482	17.4341405071725	28.9216831892509	11.0105714169509	28.0686934774544	27.7382430305603	32.9340441211123	34.6060518750646	32.8380209584829	27.650062963719	32.4431097085005	29.4524941551909	28.4559212092752	39.9536987798894	34.9304906218173	43.0813077259741	48.7306597873019	51.776564096787	54.99136464698	48.9187386529697	65.5082477352138	64.8951043210736	66.3995933733502	50.0024482263315	63.1623682399362	68.7651603656944	61.1234337212502	70.3668724864555	80.5824038397687	62.3348599237989	85.1249794285039	76.4561268410996	78.2230330081814	86.6822976126262	88.9526665515079	0	0	0	0	151.578169892187	135.476772508646	155.139451350853	183.133536694854	146.993071737964	162.644073996972
560.041	0	0	0	0	0	0	0	0	0	0	1684.77467376314	15.808791514815	-3.76865293186984	-14.3462763498427	-9.76916331180811	-13.5440118016753	-17.8348509510153	-15.361969295688	-15.1190512931013	-14.8374121858753	-7.74444239181347	-5.51847394218604	0.621146977360791	-3.52324745756972	-2.29157044611822	6.45804684311787	9.44387552517401	6.07103462442816	3.22772012881995	4.70569036232463	3.28645387307431	8.68071269747548	23.218309015947	19.5636141975386	21.3315709412907	29.200315697739	13.1323106370222	28.7840422524227	37.0110429543433	28.3251570308072	17.3202751701089	37.3895349913565	34.2030688394559	38.7381103912792	30.4555837980082	33.9811550859489	37.8352129598412	40.4640375917004	34.7440297462075	33.5039381750308	39.0871937985631	49.989938730917	54.6327968638959	48.1491091723333	58.502045839191	60.8557440548032	49.5193180314847	56.7538251306145	58.3255033623421	55.8033585337982	70.9440905762744	64.9044545098456	0	0	0	0	158.447010758315	77.5866027799931	84.4218525477797	88.1097861748361	59.4231863416061	80.0995225438215	50.2426366302063
563.375	0	0	0	0	0	0	0	0	0	0	225.864178302798	14.1699263771131	-2.75389365944401	-3.61054242349246	-0.486228728441374	7.50616824582952	2.66027892888668	6.42425834279046	21.3425699758676	1.93918278503078	22.2134033724445	14.5268765062737	7.61926056957885	7.60382531793861	7.68304611222005	14.0784516708538	16.4494054327857	14.7766159766073	18.8445586346095	16.7727608880999	21.5102547981127	21.7522328626369	27.496056744648	28.6925033739868	29.1358329319443	30.4885534078514	39.4686536289487	35.8069108556493	31.5220746679017	30.5652759315905	46.6041763360177	39.6697733451095	37.6898371082821	34.9111410119719	42.8447255675071	43.285903109422	55.6727466535191	45.8235771052574	56.266923923445	67.5959456269028	53.5715337873303	52.8860637961468	55.3724384636598	65.0572714013449	65.1740779591538	66.0770666043378	57.140642465184	63.0995103431815	68.8999960752292	71.4524760805779	78.7389628422918	83.0039019739277	0	0	0	0	119.246752773274	126.608634427968	127.631315242901	175.258895195972	119.272344183224	176.58318228802	148.960365354091
566.709	0	0	0	0	0	0	0	0	0	726.241817592446	16.2225977483028	-5.18060456085407	4.4148602761791	-3.67534615222014	5.99012274441816	9.54947134951282	5.45634816753978	10.4404823709844	4.60056128141206	17.9400797690618	-4.52044068077374	6.70761677200364	11.675583973889	8.28036590852454	8.59996641836409	7.94627164256975	9.7677640652748	18.3931884242696	15.468923468887	15.5958550405477	1.2192052821055	20.7873335915728	12.0081859279933	24.8544825866366	29.8955766867508	25.8152183884463	25.1382809790819	27.5208973594955	30.333399427711	41.1314144298636	38.7092764544441	28.2025045771462	32.1358056212657	37.4786405803612	33.6036069227139	28.918737051025	44.7575511668835	58.9239843958771	51.5054431068729	46.8479369935423	45.2629537990323	43.3791031173299	52.114651869487	58.285594711989	52.1808729463168	47.6533017323676	56.7879084322803	63.1122394457611	56.0669048267459	61.7725601369046	71.6162305628449	66.9520035807927	0	0	0	0	96.2817866818427	85.0528411470169	124.924123323868	107.51615988646	124.436256571175	60.9686336540433	38.2047001913528
570.044	0	0	0	0	0	0	0	0	1543.24629181074	28.4547903144631	-4.25530477677168	21.0718432634474	6.669822397677	7.49062518399254	-7.61013820982072	1.96464872881018	-8.80752394407543	0.445457632812986	-6.78652473326666	7.27925971681663	17.5793770309849	1.7761112053073	9.05525521011892	12.0584306594654	22.1877418858272	14.7582947758316	12.4331889832515	12.8182769018331	17.1960687557445	18.098072534361	23.3728737947809	15.8346379429052	32.3074633084217	33.6558212878122	30.6686351468335	25.288745889116	34.5860286091334	24.2418523867143	27.3872703029369	21.9990220365741	29.3969392620254	45.4252778097765	34.723906413967	43.8409921415589	41.2866768481027	56.8942058394329	41.5705448713105	41.3005232210986	42.9370017995366	53.9244762878459	48.6051836408344	46.6212302478097	49.264399092779	51.8357662703649	60.5613617600532	57.2291402104573	51.5924539279078	67.4406280355299	49.000881226811	63.0973057070253	42.7125195098707	0	0	0	0	131.691237857546	119.497381200599	132.56628568576	108.853224898074	180.837465117481	158.56360139088	100.010287633378	160.571600991274
573.38	0	0	0	0	0	0	0	0	207.67632913595	13.4287482343631	-28.8150009231828	-2.92660851370681	-11.2164539003471	10.2060486391313	-27.1088213086902	6.32494786067895	16.7863219156767	-5.31724107976399	-6.40172005596053	-1.63415715137317	5.78900466715672	2.88912227790045	2.84412106543629	5.07451976451055	0.980399096766175	6.0347127863985	6.28608572807314	9.30885452791132	5.30125728288814	14.5812068765001	10.6965498619367	21.2416446482098	12.6054415324101	7.21446557506228	21.6059936148364	25.7639399971442	24.0665638962611	29.3621722285554	21.3518071612209	43.1595184031908	36.0851470630921	31.8359653958721	28.9963929853762	20.8782175050329	28.1298866970303	26.1701020799469	37.0383194852348	28.9091453907697	38.6418378256204	51.554295526697	48.6600530750316	31.7043168787156	42.7612583628626	50.1646064348105	47.4532969297028	52.9906602631819	58.6848392729196	47.3701966203689	57.305557084536	48.5088111387231	54.8847341805288	0	0	0	0	135.714881404915	89.1168206741848	123.229880989307	131.216923079373	91.8899686894722	101.884679881684	82.5154895404082	-20.7996818188977
576.716	0	0	0	0	0	0	0	629.919242492614	7.88089915355444	5.06686584911409	11.5985810408361	-4.15021170425243	15.0666520559434	-2.16572338395404	27.0396198202401	2.4412422759794	8.80585104125255	8.87509128295128	8.06650575970577	7.70467223256025	9.93632013521944	1.73684450073823	-2.61012984818345	0.836282198422005	9.98623510307316	12.5104345504979	15.6270207694765	12.7031149578106	15.2453152539222	13.1400787780236	24.2246734943483	16.1726400437375	19.3270532121501	23.4845140316057	29.5851973399415	25.7144315065721	25.9778766823293	23.7291423013036	16.1838740814837	38.3149982571589	26.4705262664593	34.7570319664122	40.4636215187672	36.8757831803765	31.6733785931248	35.0411196857478	41.139643539291	37.5817634831263	36.7480983408608	36.9568995626194	39.4946349254862	53.9730759611641	39.3087418839412	49.2322145255292	59.9631079461896	54.7349308867483	52.7931207812449	53.3312017049359	40.8999350220385	58.0420296919151	46.2618019380629	0	0	0	0	86.6207426907736	67.241500028964	112.013118289386	65.1577828266072	116.930107762807	123.150385471469	21.9040547430857	179.196954272059
580.052	0	0	0	0	0	0	1357.65985991266	3.3555142063339	10.4916150513077	-0.0136670632625596	-7.35966141106804	5.85007893350738	-15.0830252531022	-4.28313411340124	7.08556074907608	-4.86949499094716	6.90265611906866	10.585788709223	24.9219741834107	-7.33693791158022	7.22767767346035	2.47078303160975	5.26681733791611	18.7459845336326	12.4597369916648	11.9698667731381	8.89020371754915	10.1050748175989	8.77464914636106	13.4663844337842	11.5268710746626	23.4744573874324	30.7213849058297	15.250528679344	18.3787407480103	20.6216201758413	20.6655871908882	25.0981562593468	34.8503207210408	29.2628983045713	28.5879100764702	13.3519761558557	31.1974270318084	23.7543752347495	45.4238789237299	37.5573576650898	38.844729047042	32.859116466942	37.1252713368114	34.6262487178496	33.6427755545858	36.8712999881398	33.6921866334556	37.6106890942343	56.3764560831409	51.6505209445782	49.2558584583384	53.6545615121793	43.7447655195839	52.0102777226537	0	0	0	0	132.008110121703	95.5709225948056	81.7878010466963	78.2138855135669	109.862110666685	91.4504622575432	247.766904573463	87.5478641065746	247.703461730883
583.389	0	0	0	0	0	0	142.483037509127	-10.1104934423334	-12.3695212201143	17.5873764662739	10.2683723430837	-5.79506492926017	7.7527101689711	16.8848453698183	13.0665205232227	0	-0.887701506817159	-0.875714628575421	5.88402370032629	29.2348636351879	-4.92150196251815	9.92662861994596	9.28239074500839	-1.67502140890598	-1.15991659589481	1.37059021507253	6.7718954248049	13.7442890851138	11.3599031443868	16.685052580547	7.18765022179277	12.0147391220515	8.16625840250023	21.2758940168606	11.2335627731193	14.6535501999138	17.9105645823598	17.2123259978474	23.7153974753776	22.8509150077649	18.5015173559631	20.9915096788241	18.5580822858987	43.0374971274467	25.092828614008	19.9814154706953	31.9624543607499	39.090195304808	27.5117258976297	37.0571746676761	36.8642900885199	39.6914391098673	38.4489503315614	41.4775247639997	40.3356304162736	36.4540289528668	46.6157005023902	42.2903608407739	43.0362075495934	57.879019907936	0	0	0	0	66.5871508276579	72.3871254525193	86.7717724680534	99.2822867172973	98.3012281898249	80.0322187024571	111.356573536831	99.2648510641463	3.41690024460953
586.726	0	0	0	0	0	545.951405532061	-2.11284745818753	-20.7173912007903	14.8800258235247	-3.73193254976842	-5.38666787547965	11.5204877203682	8.79724970364585	0.542937252750678	2.4780462341746	-0.0232420360436952	5.91849940384856	11.7176284169885	-4.99835193710665	-1.20835218981243	3.01023599765404	11.9491136052327	3.91505737881936	11.8381416565626	6.69438712653109	4.53271831912848	10.5430076278614	3.32133147946647	8.45318178369281	15.600170273242	15.6358739447894	8.32877939461816	14.1196155403496	14.3975143197525	20.4951969177435	16.9710173425602	23.4987411447115	15.8828635635237	22.8624440507849	31.6909588568545	16.1412711446948	38.0528412019063	29.0045258382107	20.7235828656368	28.4304988530659	28.8648192379028	17.953027711666	23.8252502713088	41.3206309173899	44.4328824984979	20.8411161988398	34.8934469274903	30.6941054436861	30.6348374370233	37.7744133098551	41.8768941718525	33.3787926790011	40.6786736440438	46.123220602861	50.1577500673329	0	0	0	0	53.803613765979	85.9648871793	87.0416210861844	63.2338528024065	102.279041849504	135.757912370728	86.1987641216318	116.033703006034	124.308006879731
590.063	0	0	0	0	1232.67370807454	26.6107164309106	-5.57267121723879	-24.1489919893551	-11.6516353979504	10.6104106478325	2.98376110744976	-9.26304732749644	4.39876723124935	-14.2544621443528	6.51205961678007	23.8808971398537	14.1193670521241	-13.0902206778803	5.8604644474675	7.16583350233103	-4.14356347524115	-2.14666810407863	8.58736261210702	3.30447394351885	0.837051617071179	7.73506823313843	7.37306943217804	9.99017243922962	12.6621790179992	2.82454570778469	6.21209771585713	15.1010595700493	15.947428141988	22.4433947218019	20.2773793093583	18.5647207206042	15.3040417163171	25.1320326771878	11.835603911594	26.7578080844232	21.0798610430101	17.6136792738019	19.5258017567418	21.7926066997059	17.3139654616512	7.25399127727613	18.0247000771519	28.3426711381685	22.0578514823035	33.0843792102237	20.642647931369	31.6917935327763	33.3190878061798	29.6355203170924	33.0280698454785	28.2382990299798	43.9421862840241	31.9573815737252	37.4520173856521	0	0	0	0	96.1575119191788	63.4209192507862	57.4935299025748	48.7249497146405	30.8113087206181	33.1619785381636	79.7838001639396	99.9339332871009	81.3918212560006	62.0815051412464
593.4	0	0	0	0	148.891749195401	23.2771647061924	25.2211245350366	4.68991350708466	5.8784101146383	-9.54607110210931	-13.4293055179298	3.46099718590091	-12.8604428951491	12.170219126834	-5.093809077636	-12.1797141565137	-2.38493275988189	2.18089991182232	0.814327372267031	-5.70233639248625	4.54109973884897	2.04159809796807	0.715076536797665	-3.09418144107453	5.80251549959939	11.2702335163018	6.10371415938898	7.73540603803213	7.59947136147962	10.6508833212544	16.1604028147059	6.60594701114223	9.48596307709553	14.312364360564	10.1061884445816	11.6840898853522	17.1140151651804	6.27200803485269	10.2876994799328	9.189822561071	22.0835045976433	15.5676015645057	24.9434231692715	15.9786463354715	22.6961935651817	29.302166207845	32.8280173263663	23.586178756243	25.0202395992256	31.9113093425107	22.8764327874085	25.4746891029794	22.9888757578021	26.2874677273917	29.9413299415356	26.1165232719538	29.4055737503339	32.9730920827742	49.9086020203671	0	0	0	0	67.6630957139442	53.4538059269873	45.8752902170352	60.146925289885	70.2154366422861	82.5429096718742	50.2574944939968	67.1320082891787	62.3966214562247	136.870302379146
596.738	0	0	0	608.054813739994	32.1001367303846	37.7815047144988	-0.772599030608737	13.827201981317	14.0453402544869	12.9146193303451	27.8265321982035	12.4689315894853	15.2799572248721	15.6879063292669	19.0583374638346	34.4507131672314	31.4968523983669	23.7813986539927	8.61116439967447	25.0936142204749	8.51380178832762	15.5923953543195	18.6561624968347	20.2025731927343	12.0255221494172	13.1091763154027	6.07605468407898	7.85263999465339	16.5985978868395	24.0644128430351	26.6435287098778	22.235528872484	25.6784178083217	15.1871383323027	19.0003495449181	23.1724865934859	6.58027017870034	44.1070442231426	33.3591066737337	28.6320245152791	12.0117270768412	24.56017036694	22.9142100221109	14.1753546009841	37.6237560582823	35.7118459798375	27.3469559554766	38.2771698294085	35.6187064044072	42.9081326024748	37.2458317376868	37.2376759352816	32.0072318594695	36.2302928292904	36.6391305457892	51.9129182520883	46.1944468154591	51.1807716092904	43.4531227570162	0	0	0	0	65.6766948595687	84.1702517602734	97.773610902947	88.2779957717134	110.109777938448	99.5446112877464	67.3911833673722	166.031848375962	93.7280143094611	127.536696969984
600.076	0	0	1438.7224277391	43.480461553283	27.1236408195367	11.2536496061478	15.9794777341556	9.7547280811451	32.5084445585012	-17.696506558644	35.1894364802476	12.6481037325254	24.1647793736936	20.335154784043	9.39827062328647	25.9569132368642	9.99971488138561	11.8390612926183	26.1563460683839	21.2662415159903	21.6222426449395	20.8856061720155	16.5834501068303	10.6799395407013	16.9704748768243	16.3911245248645	15.210495890519	16.0528976305143	10.7701630028668	15.3110187606093	18.1489332403464	13.0556530481186	23.8277951101492	24.0802296688831	20.2265823958994	18.113311139973	25.9812725825354	24.6411754148646	22.9250772481164	31.7111198567074	12.2026731862264	40.6653633486352	27.542748590339	26.5978804893859	21.7658301710266	30.245752364382	18.495034831743	36.0675477037705	35.1992817522654	18.1440427885772	32.3835261993059	40.9851561386304	34.8092440488127	42.3043258128569	17.144188742075	28.5402287571558	47.5378763356194	48.1542274750124	0	0	0	0	97.6071446269959	69.1331459738475	53.9244421779535	75.3953102245892	68.0603660024547	86.9274120089413	136.845313481492	121.107526181749	6.33898086413748	145.698563612983	179.553765619694
603.415	0	0	229.239308849022	31.0816781183309	1.65734076202283	-14.3883365843746	14.6571411262139	29.7456564763183	1.44146702215185	5.9457622506377	4.42151303845074	32.2356732614042	5.19929389632892	-25.4641437521853	3.18461458914812	-3.55626590859463	7.17146066740393	16.0648252737181	15.8530899605048	14.6937258251267	15.876718101337	1.79984748065805	-2.7886445026305	19.5074254717657	7.22166752170536	3.35215717786348	12.8829035644043	7.01535234802708	10.3306573296369	17.5327380811883	9.27873072463583	11.530082403898	6.03536929472217	12.9456785688239	22.9316391470916	23.3881499991289	25.8347089191528	15.8133648277839	21.675585468548	18.2706697456141	24.9642516808645	22.4263789109993	20.9164382421128	24.3444214322793	24.9829653221584	15.575544529641	23.6033589277399	19.583331109479	21.3616228957675	37.9748058070574	15.0700050318485	23.3070398462897	27.4877387036307	30.882333316433	39.9111000449247	30.6661217434093	18.9696312183636	19.7699821046757	0	0	0	0	36.6247534196828	70.6453164143619	47.2701277591797	43.3156285721939	84.1661684420257	63.6340751839898	109.282838148845	75.0768007615301	121.108325666922	77.2555829212641	159.300686755467
606.753	0	580.369627965191	11.4139461785825	8.08576641074243	17.2537649078268	24.3113440574451	22.7198113862295	11.3246176822692	23.970807000145	34.318599421517	10.1168412798647	-10.3804517663587	6.39323687909206	23.2693137253396	11.1174621053701	16.1553680901417	17.7911218575063	16.5685436955851	25.5737111912433	26.5378650955578	14.2849045607806	21.890509073365	18.8382643187281	4.66944895040668	14.6960832462259	5.52225513118453	11.8128929385892	11.9899394646004	18.0730078852093	18.1849534605531	4.03363182184676	24.989407475609	25.7036870870768	12.0099850596512	18.207084728752	32.4410273206289	15.8369381143053	16.1830382236664	21.7348398141306	26.6932922738611	37.7315184994991	35.256455395063	30.7238280001225	28.6444897249007	22.6756347593243	9.87878959266237	23.9682283052009	28.0378092165392	34.9493440130137	32.1260863037973	33.6649046714165	27.8112175449738	38.104884923742	47.1746907021886	32.7317250302315	32.6419145034986	21.6859133243227	28.5095814922648	0	0	0	0	54.3090684555092	42.7539686537342	36.7162140814031	52.0347817118918	70.4406761724589	85.7274639209168	87.2266818536574	110.114216802348	105.441121217347	208.623503776041	170.338122432453
610.092	1207.63294345764	6.44706344954085	19.2096281647936	-9.89429267134482	20.3979713014219	33.5204941907866	-26.4696955308626	2.12462448507673	-9.65070311207993	13.8882831065334	1.89554942968067	23.8328680983922	-10.5213745869492	5.00448115764826	-1.57344874253551	9.61613816285074	-0.521408786706859	11.5393317253984	13.6829184155935	-1.7400696716406	6.33450658924558	1.42826286600183	10.0146167288454	7.31629304306623	12.6519537010503	3.37032135937245	9.37786085058079	0.151722258317927	8.63229748241764	3.58983335501986	13.6231240770864	9.65951870963901	12.1171005432644	12.0392081360712	9.61114580980859	9.98181419354324	18.5641218798246	-2.87125595790308	16.7975000731508	19.150670468456	10.7701737672456	20.5998909615686	13.0547818143941	27.3203438744263	20.3637732488316	28.1076180965284	22.4899136360014	9.69172224777482	28.4113408107738	38.476948848258	22.4521487174907	30.87757973424	21.4493291767477	24.2570211896627	20.9832875262422	22.563303550767	30.4452337196987	0	0	0	0	76.8967164275215	38.9057889172111	37.7873356883087	61.7679583324264	66.4259746237555	55.988572069024	82.8381616480022	62.4972777790428	110.545143065079	34.3210575816828	77.6654910701781	138.133932639112
613.431	217.226734476734	61.5576370644982	44.693724435227	3.35114473903165	44.0424270487244	4.57922696632725	19.1141622689957	22.7120108596621	39.8210516112225	7.95264912840912	35.0067137958402	15.2682184657084	40.7350549893527	19.4615727877588	11.151216626773	24.8195603547715	28.492863728414	4.15629658085325	5.33974655834654	13.9838590114151	17.5241544295972	7.8349192889795	21.561406719151	6.43272097147806	13.74449522446	12.2610824278969	13.4467060695611	12.0037152336999	12.4494024482917	13.5863756329334	18.5436622667817	19.5185931181902	21.252583708024	18.5065123055211	30.0614997241015	10.6132032509559	19.8729278335624	29.4474076138739	14.6203658057464	31.2766425979286	32.6048154503192	25.2356385854665	28.5968063256544	20.5254903567264	19.3240430355282	29.0142794263455	27.4049840307156	35.8731784968672	21.4465489848402	32.8466088565824	19.4419611126063	32.9441731726978	45.5371039266499	35.7234060506314	25.4902463979874	45.3794577391267	52.4544446728781	0	0	0	0	63.1169193619694	49.3665389849565	55.7491892672759	52.7263659781628	81.2272913084165	62.6851523099156	96.2330771059334	74.7603393429373	50.5179399767646	86.990768158291	157.803097563947	158.497095717145
616.77	25.7900743174991	3.76394439165293	46.1201635122557	-0.0187494055771954	-10.3553149487351	5.36782534958014	17.8979218050819	16.4996645652653	11.1077933487377	-17.4664548011999	7.71192601585129	8.64678030709026	-5.36657272953373	3.8836555607956	5.89722802200134	6.64346374128805	-4.93986971331203	9.35540959378329	17.8797035458943	7.61782583791163	15.2844866066426	7.13304086810365	4.2347084113684	5.63127831772859	10.5913573069005	-1.46292412809264	12.2188313373079	2.13151849407337	5.53886069135936	5.97989846381938	15.0353159839117	7.82858702922702	9.04935070629503	4.62548725876163	9.09051727566581	19.2461086236499	11.2974412334866	7.24406753178292	7.98289488644379	1.58895038249672	8.88976561643106	22.0431741240544	17.2653271720862	15.8384096755211	25.4458368800802	20.7132794493368	21.5160437273635	16.782692439511	23.6678687930559	14.8741227187405	22.1428021818191	17.1228200202573	22.9194098370922	28.4696259557377	29.2663644646874	21.5768016596836	27.4559883348414	0	0	0	0	30.0180360958035	15.9851852868668	31.733397432539	60.7842295839146	42.0493415199379	40.6936992470186	51.0158616061955	63.3691979132095	82.5445672669497	42.8145660523352	89.885494755233	151.537459725645
620.109	-18.3143272925509	-9.36617834577809	-33.7727246499064	-4.15922334462045	-46.1454075116387	25.6531131742358	-22.0586181179034	4.42156316321286	-6.89836588412459	11.5317076511812	-16.7163106871477	2.27619453334239	5.11962123905044	-24.978176570416	-14.6281302185525	-0.612607316292023	-19.9042489408563	20.6846365411482	-10.5273340338415	8.30943421816039	-17.9598303161912	-9.3537599726368	5.27215627659695	13.8576667659547	-1.42157671580344	-4.19944676121917	-1.97723865363711	8.78986415006999	2.46311047911616	13.8951628685526	10.969919236378	4.46355967835545	7.57852736356971	2.44776304005644	8.79343470605026	9.23279143879648	2.54648196815974	10.5643124425051	23.1492154154218	25.2798176233255	23.8425865706126	4.33083059893013	40.2092690221935	12.387689629648	-0.853945141336548	7.56651481969776	23.7467028629571	13.6325113100982	23.9957178273907	20.2746767281259	42.4453269279112	18.4747047957239	26.7221728763038	27.6455431843785	22.7384717892962	29.7078767607382	0	0	0	0	73.0047110744587	39.9389272803543	22.2649962471404	54.7336254993493	36.2707433936751	73.0967624721295	94.5099551221194	75.7387137302505	94.932049595335	34.818110092718	67.4795262836946	147.214773105887	60.3747444898634
