Sample - Blank	600	595	590	585	580	575	570	565	560	555	550	545	540	535	530	525	520	515	510	505	500	495	490	485	480	475	470	465	460	455	450	445	440	435	430	425	420	415	410	405	400	395	390	385	380	375	370	365	360	355	350	345	340	335	330	325	320	315	310	305	300	295	290	285	280	275	270	265	260	255	250	245	240
nm																																																																									
213.328	0	0	0	0	0	0	0	0	0	0	0	0	0	0	0	0	0	0	0	0	0	0	0	0	0	0	0	0	0	0	0	0	0	0	0	0	0	0	0	0	0	0	0	0	0	0	0	0	0	0	0	0	0	0	0	0	0	0	0	0	0	0	0	0	0	0	0	0	0	0	0	0	0
216.504	0	0	0	0	0	0	0	0	0	0	0	0	0	0	0	0	0	0	0	0	0	0	0	0	0	0	0	0	0	0	0	0	0	0	0	0	0	0	0	0	0	0	0	0	0	0	0	0	0	0	0	0	0	0	0	0	0	0	0	0	0	0	0	0	0	0	0	0	0	0	0	0	0
219.682	0	0	0	0	0	0	0	0	0	0	0	0	0	0	0	0	0	0	0	0	0	0	0	0	0	0	0	0	0	0	0	0	0	0	0	0	0	0	0	0	0	0	0	0	0	0	0	0	0	0	0	0	0	0	0	0	0	0	0	0	0	0	0	0	0	0	0	0	0	0	0	0	0
222.862	0	0	0	0	0	0	0	0	0	0	0	0	0	0	0	0	0	0	0	0	0	0	0	0	0	0	0	0	0	0	0	0	0	0	0	0	0	0	0	0	0	0	0	0	0	0	0	0	0	0	0	0	0	0	0	0	0	0	0	0	0	0	0	0	0	0	0	0	0	0	0	0	0
226.045	0	0	0	0	0	0	0	0	0	0	0	0	0	0	0	0	0	0	0	0	0	0	0	0	0	0	0	0	0	0	0	0	0	0	0	0	0	0	0	0	0	0	0	0	0	0	0	0	0	0	0	0	0	0	0	0	0	0	0	0	0	0	0	0	0	0	0	0	0	0	0	0	0
229.23	0	0	0	0	0	0	0	0	0	0	0	0	0	0	0	0	0	0	0	0	0	0	0	0	0	0	0	0	0	0	0	0	0	0	0	0	0	0	0	0	0	0	0	0	0	0	0	0	0	0	0	0	0	0	0	0	0	0	0	0	0	0	0	0	0	0	0	0	0	0	0	0	0
232.417	0	0	0	0	0	0	0	0	0	0	0	0	0	0	0	0	0	0	0	0	0	0	0	0	0	0	0	0	0	0	0	0	0	0	0	0	0	0	0	0	0	0	0	0	0	0	0	0	0	0	0	0	0	0	0	0	0	0	0	0	0	0	0	0	0	0	0	0	0	0	0	0	0
235.607	0	0	0	0	0	0	0	0	0	0	0	0	0	0	0	0	0	0	0	0	0	0	0	0	0	0	0	0	0	0	0	0	0	0	0	0	0	0	0	0	0	0	0	0	0	0	0	0	0	0	0	0	0	0	0	0	0	0	0	0	0	0	0	0	0	0	0	0	0	0	0	0	0
238.799	0	0	0	0	0	0	0	0	0	0	0	0	0	0	0	0	0	0	0	0	0	0	0	0	0	0	0	0	0	0	0	0	0	0	0	0	0	0	0	0	0	0	0	0	0	0	0	0	0	0	0	0	0	0	0	0	0	0	0	0	0	0	0	0	0	0	0	0	0	0	0	0	0
241.993	0	0	0	0	0	0	0	0	0	0	0	0	0	0	0	0	0	0	0	0	0	0	0	0	0	0	0	0	0	0	0	0	0	0	0	0	0	0	0	0	0	0	0	0	0	0	0	0	0	0	0	0	0	0	0	0	0	0	0	0	0	0	0	0	0	0	0	0	0	0	0	0	0
245.19	0	0	0	0	0	0	0	0	0	0	0	0	0	0	0	0	0	0	0	0	0	0	0	0	0	0	0	0	0	0	0	0	0	0	0	0	0	0	0	0	0	0	0	0	0	0	0	0	0	0	0	0	0	0	0	0	0	0	0	0	0	0	0	0	0	0	0	0	0	0	0	0	0
248.388	0	0	0	0	0	0	0	0	0	0	0	0	0	0	0	0	0	0	0	0	0	0	0	0	0	0	0	0	0	0	0	0	0	0	0	0	0	0	0	0	0	0	0	0	0	0	0	0	0	0	0	0	0	0	0	0	0	0	0	0	0	0	0	0	0	0	0	0	0	0	0	0	0
251.589	0	0	0	0	0	0	0	0	0	0	0	0	0	0	0	0	0	0	0	0	0	0	0	0	0	0	0	0	0	0	0	0	0	0	0	0	0	0	0	0	0	0	0	0	0	0	0	0	0	0	0	0	0	0	0	0	0	0	0	0	0	0	0	0	0	0	0	0	0	0	0	0	899.494014266155
254.793	0	0	0	0	0	0	0	0	0	0	0	0	0	0	0	0	0	0	0	0	0	0	0	0	0	0	0	0	0	0	0	0	0	0	0	0	0	0	0	0	0	0	0	0	0	0	0	0	0	0	0	0	0	0	0	0	0	0	0	0	0	0	0	0	0	0	0	0	0	0	0	0	54.6930483181088
257.998	0	0	0	0	0	0	0	0	0	0	0	0	0	0	0	0	0	0	0	0	0	0	0	0	0	0	0	0	0	0	0	0	0	0	0	0	0	0	0	0	0	0	0	0	0	0	0	0	0	0	0	0	0	0	0	0	0	0	0	0	0	0	0	0	0	0	0	0	0	0	0	492.189373172353	251.179954119648
261.205	0	0	0	0	0	0	0	0	0	0	0	0	0	0	0	0	0	0	0	0	0	0	0	0	0	0	0	0	0	0	0	0	0	0	0	0	0	0	0	0	0	0	0	0	0	0	0	0	0	0	0	0	0	0	0	0	0	0	0	0	0	0	0	0	0	0	0	0	0	0	2648.84675607965	-35.9945425789435	-142.754391997811
264.415	0	0	0	0	0	0	0	0	0	0	0	0	0	0	0	0	0	0	0	0	0	0	0	0	0	0	0	0	0	0	0	0	0	0	0	0	0	0	0	0	0	0	0	0	0	0	0	0	0	0	0	0	0	0	0	0	0	0	0	0	0	0	0	0	0	0	0	0	0	0	219.67204006586	166.347334824631	-152.109672957609
267.627	0	0	0	0	0	0	0	0	0	0	0	0	0	0	0	0	0	0	0	0	0	0	0	0	0	0	0	0	0	0	0	0	0	0	0	0	0	0	0	0	0	0	0	0	0	0	0	0	0	0	0	0	0	0	0	0	0	0	0	0	0	0	0	0	0	0	0	0	0	1071.5222350502	-32.6716545074779	-10.10431756687	-309.625210321247
270.841	0	0	0	0	0	0	0	0	0	0	0	0	0	0	0	0	0	0	0	0	0	0	0	0	0	0	0	0	0	0	0	0	0	0	0	0	0	0	0	0	0	0	0	0	0	0	0	0	0	0	0	0	0	0	0	0	0	0	0	0	0	0	0	0	0	0	0	0	3805.3194698968	95.1040905585818	-2.76028007453447	-54.1200860019376	-113.68090404309
274.057	0	0	0	0	0	0	0	0	0	0	0	0	0	0	0	0	0	0	0	0	0	0	0	0	0	0	0	0	0	0	0	0	0	0	0	0	0	0	0	0	0	0	0	0	0	0	0	0	0	0	0	0	0	0	0	0	0	0	0	0	0	0	0	0	0	0	0	0	393.038218091645	61.315380413825	103.43505984665	-23.615452858481	-138.981199537864
277.275	0	0	0	0	0	0	0	0	0	0	0	0	0	0	0	0	0	0	0	0	0	0	0	0	0	0	0	0	0	0	0	0	0	0	0	0	0	0	0	0	0	0	0	0	0	0	0	0	0	0	0	0	0	0	0	0	0	0	0	0	0	0	0	0	0	0	0	1639.08210373547	59.7621338735227	56.7905975661452	86.4036676776073	-260.086172583681	-165.867625354176
280.496	0	0	0	0	0	0	0	0	0	0	0	0	0	0	0	0	0	0	0	0	0	0	0	0	0	0	0	0	0	0	0	0	0	0	0	0	0	0	0	0	0	0	0	0	0	0	0	0	0	0	0	0	0	0	0	0	0	0	0	0	0	0	0	0	0	0	4293.61923651402	140.010539499467	86.2744532655222	107.243812827891	-106.822112055015	-47.4778491841754	-41.4863026113348
283.718	0	0	0	0	0	0	0	0	0	0	0	0	0	0	0	0	0	0	0	0	0	0	0	0	0	0	0	0	0	0	0	0	0	0	0	0	0	0	0	0	0	0	0	0	0	0	0	0	0	0	0	0	0	0	0	0	0	0	0	0	0	0	0	0	0	0	581.768620159869	188.182504136478	185.244499905446	122.677712767909	-71.898697934225	24.7650601464083	203.593937539991
286.942	0	0	0	0	0	0	0	0	0	0	0	0	0	0	0	0	0	0	0	0	0	0	0	0	0	0	0	0	0	0	0	0	0	0	0	0	0	0	0	0	0	0	0	0	0	0	0	0	0	0	0	0	0	0	0	0	0	0	0	0	0	0	0	0	0	1852.83202732804	137.298855318645	131.6327305533	108.108061008494	-118.371942282063	-67.0017956878956	94.0569324965227	61.7203521873829
290.169	0	0	0	0	0	0	0	0	0	0	0	0	0	0	0	0	0	0	0	0	0	0	0	0	0	0	0	0	0	0	0	0	0	0	0	0	0	0	0	0	0	0	0	0	0	0	0	0	0	0	0	0	0	0	0	0	0	0	0	0	0	0	0	0	4030.57527176596	242.328230393271	268.110535044168	283.542554660924	226.749262161954	36.7729550562565	192.893954433938	87.2665986680516	139.926962624184
293.397	0	0	0	0	0	0	0	0	0	0	0	0	0	0	0	0	0	0	0	0	0	0	0	0	0	0	0	0	0	0	0	0	0	0	0	0	0	0	0	0	0	0	0	0	0	0	0	0	0	0	0	0	0	0	0	0	0	0	0	0	0	0	0	0	665.204934255953	278.796354061776	288.51612949522	249.635094889995	65.8693865458577	119.167677582956	49.9474431690513	78.5693476423959	9.97683490194331
296.628	0	0	0	0	0	0	0	0	0	0	0	0	0	0	0	0	0	0	0	0	0	0	0	0	0	0	0	0	0	0	0	0	0	0	0	0	0	0	0	0	0	0	0	0	0	0	0	0	0	0	0	0	0	0	0	0	0	0	0	0	0	0	0	1951.64529367262	267.212755193593	403.314726515351	410.605056141101	396.039900784106	203.498117860821	233.958799121104	348.836961519049	231.082242722008	322.875607846905
299.86	0	0	0	0	0	0	0	0	0	0	0	0	0	0	0	0	0	0	0	0	0	0	0	0	0	0	0	0	0	0	0	0	0	0	0	0	0	0	0	0	0	0	0	0	0	0	0	0	0	0	0	0	0	0	0	0	0	0	0	0	0	0	0	219.48072807727	301.523495113713	402.029317617067	455.370626495944	320.294998345085	308.998759835004	268.328107133097	238.539251030624	193.88883400967	213.780485069628
303.095	0	0	0	0	0	0	0	0	0	0	0	0	0	0	0	0	0	0	0	0	0	0	0	0	0	0	0	0	0	0	0	0	0	0	0	0	0	0	0	0	0	0	0	0	0	0	0	0	0	0	0	0	0	0	0	0	0	0	0	0	0	0	767.479273647411	202.588905444752	344.593336203762	511.416373723997	505.391289019271	406.992670408834	413.098264068384	255.594472046697	333.023429812144	276.616738368662	341.620948316716
306.331	0	0	0	0	0	0	0	0	0	0	0	0	0	0	0	0	0	0	0	0	0	0	0	0	0	0	0	0	0	0	0	0	0	0	0	0	0	0	0	0	0	0	0	0	0	0	0	0	0	0	0	0	0	0	0	0	0	0	0	0	0	2149.86910756956	91.5526602444139	186.288004816817	355.50450670924	481.428552054864	451.311265839953	406.78215405973	358.079509474622	296.706247170211	158.908528647389	170.06170016664	155.356579213043
309.569	0	0	0	0	0	0	0	0	0	0	0	0	0	0	0	0	0	0	0	0	0	0	0	0	0	0	0	0	0	0	0	0	0	0	0	0	0	0	0	0	0	0	0	0	0	0	0	0	0	0	0	0	0	0	0	0	0	0	0	0	0	198.792884144033	96.5079964192706	231.593602021602	391.632861958175	518.534962228142	477.952164763972	432.533799364144	409.886739165644	329.454441416877	246.440837322008	324.861502013744	403.358195644279
312.81	0	0	0	0	0	0	0	0	0	0	0	0	0	0	0	0	0	0	0	0	0	0	0	0	0	0	0	0	0	0	0	0	0	0	0	0	0	0	0	0	0	0	0	0	0	0	0	0	0	0	0	0	0	0	0	0	0	0	0	0	911.285365475221	52.9336556464656	122.80786939993	197.973948581258	395.9814374858	455.033085081869	455.45178634249	473.694247718419	281.81971440208	243.718577698814	253.664699949349	231.845426589499	61.0097636758688
316.052	0	0	0	0	0	0	0	0	0	0	0	0	0	0	0	0	0	0	0	0	0	0	0	0	0	0	0	0	0	0	0	0	0	0	0	0	0	0	0	0	0	0	0	0	0	0	0	0	0	0	0	0	0	0	0	0	0	0	0	2320.86380870905	79.9591237498507	84.8309552884915	129.036685670211	280.516025774756	414.65270253096	496.538468090093	548.678772676408	463.125265013066	358.72322746477	336.785104328242	242.410807772128	306.847238052813	439.673791409287
319.296	0	0	0	0	0	0	0	0	0	0	0	0	0	0	0	0	0	0	0	0	0	0	0	0	0	0	0	0	0	0	0	0	0	0	0	0	0	0	0	0	0	0	0	0	0	0	0	0	0	0	0	0	0	0	0	0	0	0	0	311.758963986721	88.1663772516754	146.733033168616	214.288220207734	335.144856954233	364.717391317525	496.138439128496	576.381778704627	504.045968626361	430.48116557601	355.811337725312	370.864955603053	291.338349805071	344.409003221615
322.542	0	0	0	0	0	0	0	0	0	0	0	0	0	0	0	0	0	0	0	0	0	0	0	0	0	0	0	0	0	0	0	0	0	0	0	0	0	0	0	0	0	0	0	0	0	0	0	0	0	0	0	0	0	0	0	0	0	0	1126.07642313364	109.231434881683	110.061423068947	177.279460069403	245.78779291076	309.32851661404	401.940810969621	496.213573896151	554.358497848945	477.826216724874	397.498344191737	379.412076079432	373.08723415428	290.572828234409	257.820538829828
325.79	0	0	0	0	0	0	0	0	0	0	0	0	0	0	0	0	0	0	0	0	0	0	0	0	0	0	0	0	0	0	0	0	0	0	0	0	0	0	0	0	0	0	0	0	0	0	0	0	0	0	0	0	0	0	0	0	0	2450.17680824414	126.546129921349	97.8720167422029	134.409837554143	171.827160500037	239.558758812336	293.887369374203	401.021971190019	500.367880125481	467.037092973097	416.2136101057	379.538952762592	222.804407685443	276.131554243515	328.690738485048	208.620659547374
329.039	0	0	0	0	0	0	0	0	0	0	0	0	0	0	0	0	0	0	0	0	0	0	0	0	0	0	0	0	0	0	0	0	0	0	0	0	0	0	0	0	0	0	0	0	0	0	0	0	0	0	0	0	0	0	0	0	0	360.952624098889	98.0687524868615	114.010818314354	138.753104640126	226.001004161636	280.460216147446	338.320379582462	452.27290833131	506.460981460626	579.328606665554	452.456195146681	379.936932393511	425.97139379148	309.567279825573	388.863147812358	350.89310160069
332.291	0	0	0	0	0	0	0	0	0	0	0	0	0	0	0	0	0	0	0	0	0	0	0	0	0	0	0	0	0	0	0	0	0	0	0	0	0	0	0	0	0	0	0	0	0	0	0	0	0	0	0	0	0	0	0	0	1123.89083169497	43.6592324183012	91.5484649590746	136.905509876766	178.054937797908	216.550992097191	266.417611494193	346.674359964183	455.072223054803	467.763999017045	478.892856147265	429.395851656285	343.188320151567	296.341309169051	232.911873480437	242.600218267947	339.109620114329
335.544	0	0	0	0	0	0	0	0	0	0	0	0	0	0	0	0	0	0	0	0	0	0	0	0	0	0	0	0	0	0	0	0	0	0	0	0	0	0	0	0	0	0	0	0	0	0	0	0	0	0	0	0	0	0	0	2286.49381527804	94.014908821917	65.2146055905327	122.375394677472	174.556521164688	217.408126409746	306.536761597208	291.311304583154	401.162900052617	475.231544594462	479.020578700259	534.037341895848	492.242700471757	471.385180869561	408.079843680702	524.015094349127	510.355846139805	415.766276406987
338.799	0	0	0	0	0	0	0	0	0	0	0	0	0	0	0	0	0	0	0	0	0	0	0	0	0	0	0	0	0	0	0	0	0	0	0	0	0	0	0	0	0	0	0	0	0	0	0	0	0	0	0	0	0	0	0	358.152055069234	35.4055993908523	70.257519527095	131.889969017112	159.408874145308	233.936402957185	250.100402676109	340.088258293047	368.007521068635	443.780785956469	447.140258732092	425.005742071778	387.515397840368	381.203982075989	357.524357238623	354.033179543313	246.76399126158	419.497082506611
342.056	0	0	0	0	0	0	0	0	0	0	0	0	0	0	0	0	0	0	0	0	0	0	0	0	0	0	0	0	0	0	0	0	0	0	0	0	0	0	0	0	0	0	0	0	0	0	0	0	0	0	0	0	0	0	1009.95599892447	15.5069426935339	49.1992041274229	84.7304021893521	145.176629971234	171.392882749176	233.130679422337	253.704790988924	315.830100246938	397.40430009213	400.204643093852	462.18147474784	422.884638654954	406.099280709731	390.518793710061	248.601310759009	327.23576139607	340.045952231204	412.220216989623
345.315	0	0	0	0	0	0	0	0	0	0	0	0	0	0	0	0	0	0	0	0	0	0	0	0	0	0	0	0	0	0	0	0	0	0	0	0	0	0	0	0	0	0	0	0	0	0	0	0	0	0	0	0	0	2104.24426424097	73.6726606092196	19.6762376983078	55.9446885446005	83.4443728212156	126.995246802256	186.534391170791	199.351298612661	273.679732565136	301.714679533707	369.327316688648	401.240921834159	372.300403195824	354.618577305125	407.193022913871	345.871596468883	291.91466134	234.87533419747	343.401109018708	231.284608199517
348.575	0	0	0	0	0	0	0	0	0	0	0	0	0	0	0	0	0	0	0	0	0	0	0	0	0	0	0	0	0	0	0	0	0	0	0	0	0	0	0	0	0	0	0	0	0	0	0	0	0	0	0	0	0	345.555993137972	18.1509363521334	28.6077157492296	45.73979173753	69.9428668393226	130.35932348987	181.759289580959	215.674537131945	281.129682049562	337.728687557855	384.917650744036	429.169978922892	415.667826395635	348.683327223271	364.262913861318	366.539816397829	239.224361940922	260.812670226098	245.544192555164	348.527543947584
351.838	0	0	0	0	0	0	0	0	0	0	0	0	0	0	0	0	0	0	0	0	0	0	0	0	0	0	0	0	0	0	0	0	0	0	0	0	0	0	0	0	0	0	0	0	0	0	0	0	0	0	0	0	1060.72659199202	39.0624738809637	28.7833127164796	43.2531883397843	43.2405979001004	98.4623261634342	145.206697597826	182.480045290906	248.736995958805	311.236555429822	316.32418653029	372.054220838513	404.260682981704	384.3777060301	372.737090483189	332.920076340746	394.586780667487	388.596031061125	296.1035089524	348.744644395982	416.426201096633
355.101	0	0	0	0	0	0	0	0	0	0	0	0	0	0	0	0	0	0	0	0	0	0	0	0	0	0	0	0	0	0	0	0	0	0	0	0	0	0	0	0	0	0	0	0	0	0	0	0	0	0	0	2126.31026715371	98.9843063155148	36.7953945092886	44.5581953589782	59.5509279903943	62.1526938408519	124.963539226313	193.301088198924	185.111552827566	260.134147822922	293.488655025383	313.911075161936	382.96172360431	390.628974191432	416.935879948955	399.89502409245	369.665408689081	342.628404592845	307.352120910994	392.892953373738	441.855760386883	592.018527686198
358.367	0	0	0	0	0	0	0	0	0	0	0	0	0	0	0	0	0	0	0	0	0	0	0	0	0	0	0	0	0	0	0	0	0	0	0	0	0	0	0	0	0	0	0	0	0	0	0	0	0	0	0	385.587632730313	38.8619864779258	43.0877046977918	32.2808829351745	85.809419879782	96.0715482723968	121.446795246759	149.889719009684	200.044267493418	232.675963450853	309.280368429031	333.456557019108	343.697011966746	381.892916485717	380.167312691695	393.951437539676	354.375908351911	305.064122042982	307.740454469203	342.401670759131	293.522024832181	493.60450147795
361.634	0	0	0	0	0	0	0	0	0	0	0	0	0	0	0	0	0	0	0	0	0	0	0	0	0	0	0	0	0	0	0	0	0	0	0	0	0	0	0	0	0	0	0	0	0	0	0	0	0	0	1032.60588822765	35.34739414845	22.3606320533186	28.1760183786977	51.0646152436731	61.8640110457949	123.164281516202	103.477243658738	151.678790277122	217.692481519417	243.438004531037	271.696249307918	287.159530829188	320.456857508467	337.440726710492	348.291737058557	296.095897323326	344.454237752398	312.563616563307	262.366242636067	299.619734977819	326.180423415397	562.430906212108
364.903	0	0	0	0	0	0	0	0	0	0	0	0	0	0	0	0	0	0	0	0	0	0	0	0	0	0	0	0	0	0	0	0	0	0	0	0	0	0	0	0	0	0	0	0	0	0	0	0	0	0	100.528543287101	34.9740993538995	43.5092397830328	57.0974693432154	67.6376734805509	88.0211136212227	116.258218726027	135.699072873072	181.57764953141	210.165691335041	267.433692530118	303.322373517635	320.192785207764	362.499576763705	350.320718213283	392.635796526889	339.982663515517	362.679914200227	369.658928565852	375.485115705683	304.006322057443	529.671744110227	650.062685722007
368.174	0	0	0	0	0	0	0	0	0	0	0	0	0	0	0	0	0	0	0	0	0	0	0	0	0	0	0	0	0	0	0	0	0	0	0	0	0	0	0	0	0	0	0	0	0	0	0	0	0	432.351121765246	31.2777394609515	52.2234967354125	58.1465842777767	40.7556400652428	77.6641288112097	100.329769851215	89.2721971681504	135.040996902523	190.604971577524	236.03629158413	279.554976358953	290.343286664697	311.041725210741	321.302670875949	336.863112345428	314.324117919874	335.104417654171	285.322788657169	300.039500070107	374.270160729282	294.88016682085	397.010688223035	539.809915769198
371.446	0	0	0	0	0	0	0	0	0	0	0	0	0	0	0	0	0	0	0	0	0	0	0	0	0	0	0	0	0	0	0	0	0	0	0	0	0	0	0	0	0	0	0	0	0	0	0	0	1107.34027100671	52.0080721878813	42.2943812700643	34.1511046246812	41.8067085912079	68.8929471802611	85.7513225489233	112.725363101944	106.815046839069	157.674548986415	187.861645703395	232.416280938987	229.349435535841	271.131812459989	307.642733887638	332.024235334417	328.820277973826	342.977548456969	351.685331801486	350.211070497142	280.690990991319	315.267609555341	387.041890580242	516.743494441971	391.889419885243
374.719	0	0	0	0	0	0	0	0	0	0	0	0	0	0	0	0	0	0	0	0	0	0	0	0	0	0	0	0	0	0	0	0	0	0	0	0	0	0	0	0	0	0	0	0	0	0	0	0	120.106086548512	24.4825007957305	34.923831006019	49.5154156941786	61.0139228345639	81.8202103261111	101.862660117217	122.839835433205	115.607301497735	157.865880828254	213.009954664538	231.723319793293	261.685805817854	284.861648672516	298.998751007325	296.414308338232	343.786060756965	338.554070951432	366.395370054229	366.289765450238	260.836656258787	328.301556476854	374.850918251094	333.769918218249	417.838113174076
377.995	0	0	0	0	0	0	0	0	0	0	0	0	0	0	0	0	0	0	0	0	0	0	0	0	0	0	0	0	0	0	0	0	0	0	0	0	0	0	0	0	0	0	0	0	0	0	0	428.398493490093	21.2554387137112	28.6085201870021	18.8496657983794	46.0697131704083	43.2714249478269	76.5292305822074	87.9502429882893	92.1994877997192	119.303534543962	181.188875520455	202.607673774279	218.248823999003	238.472934683229	273.121830442733	276.506926606975	285.720904421124	290.46738030537	284.599120660613	279.474350374981	252.316749058959	258.125357197933	265.545603446143	244.0573959027	274.542805256499	693.627119768529
381.272	0	0	0	0	0	0	0	0	0	0	0	0	0	0	0	0	0	0	0	0	0	0	0	0	0	0	0	0	0	0	0	0	0	0	0	0	0	0	0	0	0	0	0	0	0	0	1127.52171280213	43.3768340313772	27.8686612044825	59.9180323975757	59.771412246415	73.1984042582282	95.0711600255821	105.376564221726	120.790548906062	142.282994545442	148.645053234256	173.089113953113	229.181677388536	231.922884481505	284.322460587695	312.679908008696	317.541101034625	296.601532473193	335.825805334834	330.110916259408	314.522875477761	361.672478114554	404.313518265611	471.881267532569	502.799800637719	578.362811626331	553.992558017295
384.55	0	0	0	0	0	0	0	0	0	0	0	0	0	0	0	0	0	0	0	0	0	0	0	0	0	0	0	0	0	0	0	0	0	0	0	0	0	0	0	0	0	0	0	0	0	0	116.982059566959	18.6221243108799	4.77210828723914	21.437620749645	38.2249567699687	50.3160427714085	76.0454937556769	77.5726557506485	82.2211005010649	118.005815659216	133.000861119208	170.159898716032	187.825537877357	236.702260999166	232.182413600738	256.817130792704	255.067781236757	269.544508738632	289.842697881198	259.096107971037	305.435247756496	250.621617522947	219.422973100545	298.594913718935	336.661417130228	291.24469791439	262.669280086022
387.83	0	0	0	0	0	0	0	0	0	0	0	0	0	0	0	0	0	0	0	0	0	0	0	0	0	0	0	0	0	0	0	0	0	0	0	0	0	0	0	0	0	0	0	0	0	478.34462442831	36.2409167075105	21.4551059454231	35.1430614891516	53.7412957441209	57.4130460088557	86.7269820924665	99.3767519176599	107.048384345499	121.867318290266	128.357720935264	154.23833142727	192.625192357903	234.354854797067	248.044785391222	259.301451326022	269.864974001849	285.213437596711	281.995708938678	301.991495213909	323.534830103384	303.476737888501	372.739834359939	361.849937609125	328.10307887554	502.567461848701	525.503199118136	540.333969686159
391.112	0	0	0	0	0	0	0	0	0	0	0	0	0	0	0	0	0	0	0	0	0	0	0	0	0	0	0	0	0	0	0	0	0	0	0	0	0	0	0	0	0	0	0	0	1272.41936949697	32.2709189572574	31.0289013444218	43.1779767142491	40.9873404753255	46.7630564318857	61.6329179983053	76.8262044248687	97.7671639588527	108.157197949147	128.276869969158	154.786874512361	163.987639362241	179.813818576029	210.419969682486	237.23047046165	250.386357894401	254.598061066354	268.342352379013	274.410229036272	288.335072085886	282.98332171006	304.360542916344	268.622860128271	334.789657786462	440.946221984559	351.043856250857	321.600973024651	410.832436840509
394.395	0	0	0	0	0	0	0	0	0	0	0	0	0	0	0	0	0	0	0	0	0	0	0	0	0	0	0	0	0	0	0	0	0	0	0	0	0	0	0	0	0	0	0	0	158.580302538927	1.16586553990373	18.6755667237182	28.016487032707	34.7756790685861	60.11031515037	81.2010309851784	87.7026187989081	108.507756802345	110.542814971182	144.814928758686	144.006448118596	179.540585379396	197.991009613942	241.466869991177	239.492522427199	274.548568308791	284.64497114428	267.4724070169	278.074395930502	290.838875567782	280.053001073274	298.234209844754	331.963874415633	313.712061851163	337.00106677129	338.689051102566	487.3611502033	614.674265622896
397.679	0	0	0	0	0	0	0	0	0	0	0	0	0	0	0	0	0	0	0	0	0	0	0	0	0	0	0	0	0	0	0	0	0	0	0	0	0	0	0	0	0	0	0	615.994102318482	28.8182381149653	23.7902657152848	31.6244280444678	34.5519421279415	57.6677165291134	57.9090015697686	91.9271132027103	106.349028533609	91.5572051360684	123.43763896954	152.92980465764	169.957337701766	175.925347512254	202.729395771972	227.862280483423	239.692177130262	257.028687641896	295.285357424976	278.629875197025	290.466765767876	299.742272170031	296.935875265181	321.610393235403	283.421198606417	346.236312856412	423.276801235536	426.7999722099	487.48656143447	434.648474580797
400.965	0	0	0	0	0	0	0	0	0	0	0	0	0	0	0	0	0	0	0	0	0	0	0	0	0	0	0	0	0	0	0	0	0	0	0	0	0	0	0	0	0	0	1285.37501302828	9.90457302814356	18.5272498048798	11.5234371832691	15.927364439433	34.3920816929671	41.748244412638	69.08151275702	79.7785780028641	83.1853633950731	115.932665300324	121.823727741421	122.313796310659	147.659908848485	157.197219731569	173.570889006755	201.197222949216	223.39055415702	227.275683218879	249.644525367792	237.97682840316	269.45819264114	268.019424760302	233.995302133268	234.048353945204	194.590947408604	261.666530586152	317.66100062286	289.033809070682	272.944485002881	362.484575840853
404.253	0	0	0	0	0	0	0	0	0	0	0	0	0	0	0	0	0	0	0	0	0	0	0	0	0	0	0	0	0	0	0	0	0	0	0	0	0	0	0	0	0	0	191.0661012881	16.6510052480775	13.6106125280123	7.71235149301629	29.2858645315643	37.88584272831	59.6505490777777	83.8600973293778	90.1990019796521	101.515095463626	126.654549486948	132.788299118084	155.173689123933	175.678287324301	191.645695295238	191.327725276802	232.537033207141	233.684066807572	254.505499672289	270.809703073385	275.134401892444	266.541240559972	275.39166669154	284.261099494506	258.044746109845	292.119641457397	367.753532448283	383.953375485154	438.432093900109	494.398570739067	605.247132630143
407.542	0	0	0	0	0	0	0	0	0	0	0	0	0	0	0	0	0	0	0	0	0	0	0	0	0	0	0	0	0	0	0	0	0	0	0	0	0	0	0	0	0	615.459967803952	1.98603965763152	26.8572038444879	24.9419375912888	28.222097899524	25.0264358216374	55.0173935929775	54.8782389486136	89.4998658797236	87.5340782601858	105.792626973675	121.641495060353	139.755550856979	167.543575606708	179.133530813492	192.904237068071	202.623760492048	212.304268469698	243.20124856363	234.547035537748	247.803477598375	251.497074176276	264.724895364032	246.328918394687	248.215247813929	305.24845687516	296.64077710302	338.905559851745	358.147063859036	327.040801505213	293.756609897746	398.219206054571
410.832	0	0	0	0	0	0	0	0	0	0	0	0	0	0	0	0	0	0	0	0	0	0	0	0	0	0	0	0	0	0	0	0	0	0	0	0	0	0	0	0	1369.23819308404	36.5278493764842	27.6985043515568	14.5428606623202	22.9685727763557	37.9566650327103	40.4314693435724	60.5387711712225	85.2814221822201	98.639853322746	101.087149247117	123.749714211055	146.771743182366	158.722375277901	163.29558629472	156.578644876593	204.787745052426	224.268839079142	235.842984382987	239.307401676837	260.494203378161	252.517191737489	275.183014432526	264.626133470516	280.321499361679	277.416417590415	314.816835755319	373.755715247461	340.50630528213	303.509516455609	441.876581831301	591.091416813704	524.858340110762
414.124	0	0	0	0	0	0	0	0	0	0	0	0	0	0	0	0	0	0	0	0	0	0	0	0	0	0	0	0	0	0	0	0	0	0	0	0	0	0	0	0	200.806055411057	14.8880318581117	17.0274468985014	34.4681007371182	24.8584358074166	40.5466241604059	52.7875440145836	56.5798949964507	103.166305026266	73.4685322106762	106.765169211598	116.08574063673	141.086162465136	142.820941330104	167.555304651545	186.685112357862	201.073979782022	207.265390870908	222.93467103062	239.085213586458	238.115167786464	239.463820693082	236.617657462555	261.832082506786	266.512580654429	270.323430754942	300.678927692071	293.527835994744	342.518616646816	403.27746973833	409.831631252665	391.475953503197	364.683971279791
417.417	0	0	0	0	0	0	0	0	0	0	0	0	0	0	0	0	0	0	0	0	0	0	0	0	0	0	0	0	0	0	0	0	0	0	0	0	0	0	0	621.054773553643	14.1308558984271	24.6146043225264	40.0506285892719	23.224538757999	34.2769377910491	49.1319048550684	47.1947051206465	80.3334455137789	92.3301117504797	100.754873413637	117.502848406621	118.536376316289	133.8769600509	169.634109670288	178.351808897488	185.850843223932	201.556943130886	220.562032510616	208.21995251716	239.734214711929	236.033671663486	243.670718752262	234.946904088903	282.750740918487	251.143790226782	300.256571321928	284.139949811007	302.099716399931	339.363753869616	396.877662969367	426.014330969913	598.925748366935	626.674191917272
420.711	0	0	0	0	0	0	0	0	0	0	0	0	0	0	0	0	0	0	0	0	0	0	0	0	0	0	0	0	0	0	0	0	0	0	0	0	0	0	1229.41669980578	45.7463913578491	0.84548837338365	6.53581649925437	13.3625940650082	22.0599515431037	30.7966494811161	39.4819211712503	52.5977866672727	73.5089996968119	74.6821393565486	90.9779547968028	117.745244489624	132.796635406124	156.999243125589	151.915132213278	156.270608420892	191.946713320741	194.417580296929	211.092427822099	194.96860309529	202.953769418657	231.009888897666	239.320940063565	239.173715385464	220.295479001215	225.363114743915	265.342687868396	285.610932697053	312.227417356065	332.078073280938	282.050364411193	292.1836679303	262.763745274022	399.06172535538
424.007	0	0	0	0	0	0	0	0	0	0	0	0	0	0	0	0	0	0	0	0	0	0	0	0	0	0	0	0	0	0	0	0	0	0	0	0	0	0	214.402401157102	19.1852690036281	20.3630959956611	17.0173362978911	19.6001325971177	27.7197694162214	42.1275551458082	57.711381097425	62.0835633676911	88.5072730146519	96.0886289709658	99.5859649816066	111.868661277448	152.057302756943	141.365674871362	155.443977145996	180.131628887369	178.139222527209	182.412057454404	205.045399944948	213.831166622022	240.119453120614	225.158863248675	234.877221552086	248.114371422749	265.101697874272	238.910852963584	293.057632023484	288.782334272466	346.035968985806	320.289408534087	346.710706246717	445.173654488077	478.618335266073	478.315523066599
427.304	0	0	0	0	0	0	0	0	0	0	0	0	0	0	0	0	0	0	0	0	0	0	0	0	0	0	0	0	0	0	0	0	0	0	0	0	0	539.276248054541	22.0497762677142	11.009385446464	14.3063642075075	38.2929172766029	27.1174467602926	33.4449575063312	35.1645074732688	50.5459902578391	79.9468997269784	80.972256965283	95.0189923334559	114.104591677546	129.475910029326	132.184430388076	158.73289851863	159.280759713362	169.409864807426	182.091875977581	193.192833147298	196.32763651241	219.61468109355	206.140314430099	212.330206295341	233.986987985098	227.111544738505	228.799263763874	267.2435205985	266.278053612392	276.002554794357	311.202121990541	334.579685645133	389.847423997573	364.333378715848	454.125518142802	385.203512287074
430.602	0	0	0	0	0	0	0	0	0	0	0	0	0	0	0	0	0	0	0	0	0	0	0	0	0	0	0	0	0	0	0	0	0	0	0	0	997.584994243836	42.2241118429506	13.8075984405463	4.30051899579339	16.9505841345878	29.1382427285289	31.1445346353245	42.345012845024	54.6621898796189	65.1393866978445	75.4684529036422	83.1802742019357	114.040768949426	117.380670363686	141.706386076959	141.641903225003	161.458555076712	169.836388518829	188.753151380309	193.622604523806	197.838564156121	194.868821958801	201.065745685655	235.054009581824	227.286028484012	212.710354261811	223.294193956544	245.716734595356	279.406098816294	275.101823196164	291.893522199405	291.188101088244	374.74188531549	428.620868832142	482.929601978945	475.049159874409	527.723684154833
433.902	0	0	0	0	0	0	0	0	0	0	0	0	0	0	0	0	0	0	0	0	0	0	0	0	0	0	0	0	0	0	0	0	0	0	0	0	177.515825144251	13.4258441322643	21.232883417904	16.946313739805	25.2289003855296	32.429444232499	30.188746097464	49.1663627446123	60.071434592267	73.7146503519078	74.6184096052826	78.950702297907	110.38896076507	122.863912808096	129.987532182065	146.610263503374	153.185943398874	163.560678555523	183.433436487492	173.991080791607	188.667442428695	201.901061106856	205.432209415088	205.378418961869	207.684102084481	216.551026386167	234.68115728326	231.306956692858	246.978751773278	299.06061074246	291.563952087078	344.119008902859	366.961392387051	375.785206693461	469.156544744708	492.990950727163	491.010203543897
437.202	0	0	0	0	0	0	0	0	0	0	0	0	0	0	0	0	0	0	0	0	0	0	0	0	0	0	0	0	0	0	0	0	0	0	0	441.977420724337	-10.0560418889481	1.3735472325227	2.60662717137335	5.4328684496405	3.21329554443487	16.6680789127034	24.9864166370075	51.8544951710024	58.1335670631707	60.71334667007	90.5940258749167	87.4637796355453	107.448534300773	124.902412988646	123.642037496593	149.354459189996	162.129958216842	158.873425601831	155.74950641129	174.057881927196	183.679760152303	189.690223116406	197.871875387776	198.771141865453	205.110625492742	209.716523952589	203.610499738483	207.890981272434	251.682579379357	234.393892103102	281.971407717754	300.922494047269	256.445600419223	404.342508562954	314.505937906253	399.228040338963	373.228583481879
440.505	0	0	0	0	0	0	0	0	0	0	0	0	0	0	0	0	0	0	0	0	0	0	0	0	0	0	0	0	0	0	0	0	0	0	911.923701999864	24.2629400189898	10.1494839566212	2.94779052156694	11.8431306396724	-4.55408448027878	9.95339904546716	30.6277656307553	39.0048203995172	45.6384227875948	50.4047132902024	59.1961440132972	68.7607949085913	82.7971597013051	112.102234201875	134.193715191337	126.843706006155	144.640092930728	145.603803667044	152.639073305211	168.781693642158	169.87967643983	166.573124023997	192.77801807519	199.995119066258	195.38716401624	194.965403015734	189.242890908535	200.081908671998	239.183017962683	233.384829837836	268.422421164901	254.636474951959	295.480316518001	341.724800627974	311.650316795558	298.728270284743	352.748485854782	476.860043875645
443.808	0	0	0	0	0	0	0	0	0	0	0	0	0	0	0	0	0	0	0	0	0	0	0	0	0	0	0	0	0	0	0	0	0	0	147.665662711056	22.6584032692224	19.3676199394116	24.6884182298835	13.0925401466796	18.1594294805196	48.3568240319409	51.0162510941419	65.3888664019394	72.0509001829923	75.6027524830057	73.3178027041511	98.7192081330029	114.513827073142	129.871333159486	133.252835853872	144.978726530671	149.784534333198	164.923510383978	190.947462334083	178.86100613464	182.416291424552	194.790419864995	187.848246948285	203.790399120343	196.463967332036	216.111294261164	217.404726732097	220.713777299348	229.017116128981	251.779241280822	263.990714732946	313.046725419092	353.444864320295	371.519563649323	440.455508983995	465.254134316773	471.843415313289	528.844449402866
447.112	0	0	0	0	0	0	0	0	0	0	0	0	0	0	0	0	0	0	0	0	0	0	0	0	0	0	0	0	0	0	0	0	0	406.835915496589	-0.93184509581251	6.00986493060661	8.26044831615749	9.20043703077313	24.1455591447266	20.1999430868093	17.9221387694692	42.9759434497669	30.7535483022966	53.3807086506169	82.199413504213	78.8234986371127	79.8111135421736	97.8962633568918	116.008893256036	127.768230922232	125.149765246756	142.258094763113	150.695978246523	158.162817751055	160.556035639596	181.004866811675	177.889071268901	187.093980934883	189.532266078387	190.255977107924	190.170013364756	192.91069452116	204.201456907683	226.275764577731	214.619256348383	243.142890771622	252.662239221521	299.639052294595	359.148118754831	345.775422925954	393.715154238983	402.896595556694	476.063313016528
450.418	0	0	0	0	0	0	0	0	0	0	0	0	0	0	0	0	0	0	0	0	0	0	0	0	0	0	0	0	0	0	0	0	838.382703259405	22.2992590567313	6.52319167622715	3.1329466765171	-0.624190324486346	11.6346996838395	12.4909454111916	18.8857983190889	32.3200143810954	31.8587676397199	27.8896533556274	57.2077114411162	58.5960422787862	74.4629138821185	89.6807060492991	88.8485464515071	110.291064292763	130.107874775016	139.211142739245	139.082791370027	144.010637500033	150.252135507103	167.992786242846	159.133990140955	174.113369938382	179.775483827831	189.31919966623	174.328623251309	168.797351435917	187.053953063872	188.411021531927	210.071892300591	221.195852933318	230.669601038507	292.783785057801	313.310977626256	295.534284113197	405.906410052857	389.340414498538	435.210940624691	369.221888964038
453.725	0	0	0	0	0	0	0	0	0	0	0	0	0	0	0	0	0	0	0	0	0	0	0	0	0	0	0	0	0	0	0	0	155.279546346693	18.4245390248028	18.7822672943664	19.2336328135834	32.4429551136051	15.9248421546172	41.5823918730671	43.004894397477	41.6684700492354	46.9772213214323	57.1888501284238	70.7757828588882	68.6995837272342	79.1897239390794	98.967681464086	113.727887310049	130.807054896153	125.05889953186	138.918447014614	155.057208509747	162.322826185845	152.694452816655	165.449871129168	166.651659614836	168.807488769333	178.611618686974	176.316131739096	197.072570393269	185.191430289863	177.952277476292	192.366107519293	204.752164581699	246.61719173282	264.819966818918	340.506331127024	309.287082115547	417.720814475654	400.398057528366	354.41828176019	478.012605760602	623.185952187864
457.033	0	0	0	0	0	0	0	0	0	0	0	0	0	0	0	0	0	0	0	0	0	0	0	0	0	0	0	0	0	0	0	336.552841300132	-2.99481304628369	19.6213743140381	11.3687536637164	17.9475244049571	15.5499451620801	16.4832390882605	19.5373504115427	37.7428325094881	38.8927752359767	29.2759214466842	57.6731380513659	63.1161145253487	76.0274405220495	83.8714459446054	91.5500709926157	105.086315912073	117.158937690984	143.665062359279	138.547609335068	148.669631875774	150.617716448512	164.471742993982	171.121414690515	168.65162076615	162.914811697046	170.45987643769	177.242691039509	169.545394160752	192.075842233575	190.028209239932	188.398930617319	194.562769140242	219.736236104517	231.970406874288	280.063220333256	300.406539016404	362.533901561151	313.61940673325	427.709295072119	490.112119204311	425.137338641056
460.342	0	0	0	0	0	0	0	0	0	0	0	0	0	0	0	0	0	0	0	0	0	0	0	0	0	0	0	0	0	0	675.071734572428	19.7547989120697	15.7584605201996	1.23404181200208	7.94385760823606	10.4689764286148	13.2330041009861	17.9408965456651	28.2744992860954	9.16296925789253	25.3949960778202	46.8157697028353	54.5615673120867	52.9379432804741	70.0690442482277	83.3602277626562	90.9897880423004	118.09209006729	111.334824649006	126.052349025302	118.843314872332	139.549580231235	147.721417672522	144.309069288788	147.833893643093	168.826618649098	161.595440533576	165.76039909741	162.409507538785	173.102289263821	164.745200955301	163.557289002387	183.027688558249	209.63576561764	219.586219048022	225.72147389454	274.249426605391	285.541817651447	289.848157432059	367.543559162837	364.946304027571	272.925003624455	0
463.652	0	0	0	0	0	0	0	0	0	0	0	0	0	0	0	0	0	0	0	0	0	0	0	0	0	0	0	0	0	0	102.464257020376	3.64794941402836	-3.88081601061408	-0.618730253904098	6.95401659473263	12.8006175556826	9.55858562612098	25.3928749036087	24.9876502257029	41.8754921439236	48.4460676326988	53.28063603187	53.7737709568802	59.790901562746	66.5633749299642	91.6409200240032	84.5875416193538	94.9527138393367	114.222536320254	119.038625279108	127.008944490345	128.462531101755	132.769406379733	151.930946596663	152.795351801982	145.983444267506	164.876928543714	161.95352106501	159.590632040349	154.3793674024	174.914704623999	161.648785793867	193.479772468299	191.610284241267	207.406432031785	238.438159864358	237.026457256933	307.78364708184	309.548875204647	330.541017625577	356.827355942647	380.711909198877	0
466.964	0	0	0	0	0	0	0	0	0	0	0	0	0	0	0	0	0	0	0	0	0	0	0	0	0	0	0	0	0	281.141724565041	9.44171583106045	7.48598811018038	18.085353380053	13.0566342941028	15.2753156083194	15.6884471278421	18.0355484379931	36.06584799992	28.0852849836919	31.8283848092258	55.0435003388279	64.331942295835	50.936641638411	71.090397896513	76.9862418940814	77.899087409864	104.666517260773	103.905705322727	118.941196007629	130.699366746945	117.722490393039	140.798518285605	144.923161155597	142.391423396807	158.056670026516	159.978141927561	152.583498174763	146.317127030995	155.621356110134	177.422603413639	163.412413713765	194.436382513766	175.750343554488	179.385147466121	212.578336725238	252.812597374406	277.93602693711	307.589188892268	350.113532859379	317.181391086142	417.223239621767	310.44235244082	0
470.276	0	0	0	0	0	0	0	0	0	0	0	0	0	0	0	0	0	0	0	0	0	0	0	0	0	0	0	0	537.090875655841	14.9000429464935	4.69223005709894	5.37041269679311	9.44939948502111	5.41208973619762	16.6171741288169	17.0684171068605	29.095324231538	27.6323045201898	36.4400728138297	50.3621489604391	50.1578094704121	40.0578351291123	62.2421632598188	80.2948786622871	71.275798365608	86.6683658159644	84.7268762335953	109.902792398691	120.823033351682	113.582243165067	124.846267513994	116.12237810366	125.63816506309	139.75589605433	151.885250995471	141.177088221167	145.965452090572	139.533535083772	158.918153166195	157.312027694015	168.776436691021	167.320700244607	151.138578766605	172.619524900318	188.178962365799	220.125302620785	220.522753487239	253.30970643496	293.453223782362	325.651638459796	352.56010213393	0	0
473.59	0	0	0	0	0	0	0	0	0	0	0	0	0	0	0	0	0	0	0	0	0	0	0	0	0	0	0	0	67.5770184420564	6.80012130029006	8.84755686398141	0.264702847090325	-0.881885838007476	23.1098713363404	15.683228605964	11.0260694377724	11.5515675712655	27.8542737429112	24.4528776358535	30.1022891080316	30.9158636413514	50.4574689022903	70.1025623174944	53.2677889891686	56.3454676695508	75.8007792847113	89.0764536910484	99.2464431652009	104.444395360663	106.935753562859	117.804130547244	129.264576374178	134.795087523864	127.881493230046	145.00874742629	125.187835426721	143.071801905386	159.733782129035	150.144991675604	132.559799875706	137.851594423867	168.307020760564	151.908244078261	160.474350991976	190.27586725031	193.100581902353	243.172290496074	256.449227475466	276.251196092303	290.66152620466	286.600528974293	0	0
476.904	0	0	0	0	0	0	0	0	0	0	0	0	0	0	0	0	0	0	0	0	0	0	0	0	0	0	0	197.63569152669	1.9876243091763	7.95193271616571	10.4171883660406	3.07343173606289	18.1152371091732	11.0429884111776	12.9615074715437	26.7110670965924	27.0398583185076	29.8375079918741	29.9979888977213	46.1958581120725	44.9940921013131	52.0182259201231	64.7503124629876	82.9017109020624	73.1918508379523	74.5432286793834	92.0541305720792	100.134188943063	101.851092378622	129.661009820768	125.006231527655	122.831979397845	123.00826109701	139.188022264229	134.236954242046	154.074379699091	139.880819882286	141.618806321012	149.032405657469	161.506451564499	157.10239365477	153.219828467923	150.768942549758	175.455249035545	168.739306338035	232.859271414999	249.270288318107	307.289136042255	295.748586857109	309.319482984527	360.597029872544	0	0
480.22	0	0	0	0	0	0	0	0	0	0	0	0	0	0	0	0	0	0	0	0	0	0	0	0	0	0	451.392803525714	12.8593018761267	9.98173401606216	16.3136790680641	14.7146240721	19.3933679829877	18.2846692271929	26.1271202313129	38.0514033200454	30.664900134265	38.5694840977993	40.0070948737963	52.0252607204195	64.4436196887709	53.4386168978057	65.2419746549585	75.2945551339218	69.1843813783221	92.0012751326107	84.0447605087429	89.8315246493118	102.736770159506	105.650935334353	123.821336322923	122.941570233467	131.134223274702	121.254244676402	141.917516555271	138.475411718553	130.544591332337	143.072481124898	144.009911812899	150.520171758208	139.266532494618	143.46775340968	165.78031790272	168.167146175013	186.796440393439	196.950623643575	258.283103437289	266.142228617328	299.78216741696	308.823753497274	352.478817544238	0	0	0
483.536	0	0	0	0	0	0	0	0	0	0	0	0	0	0	0	0	0	0	0	0	0	0	0	0	0	0	61.2705260959542	-1.02953615587951	-0.123186217125953	-0.159758610935715	2.35618638330688	2.31450132842156	3.83390300384585	-0.00493886167028441	6.19573911188815	21.9716630110997	22.7006921572768	23.0310687129157	14.0638147321535	18.4493785869879	39.4931766565238	37.7498869573298	45.474159105254	57.5565616744577	66.3489953388618	57.5379257375407	80.6276384890117	94.4526600898705	99.2716678146282	98.8426944768875	97.5840785240008	106.463304758613	117.076141012917	117.452820834024	116.705096004773	123.702085095683	121.444904031751	119.850984133048	132.161796630315	135.979515003284	134.357488034676	139.702177206255	145.046883256197	143.099975997615	144.757921923665	194.119334508105	179.37142280082	213.659117425567	290.079142614937	220.119629691957	0	0	0
486.853	0	0	0	0	0	0	0	0	0	0	0	0	0	0	0	0	0	0	0	0	0	0	0	0	0	199.574597652188	-8.7498113432126	-5.91615198861802	-0.931610850934039	2.78617461476139	1.41743327328817	-5.78599667970406	7.03024856733479	1.1863654492081	12.9533903830432	13.6533939591421	21.4306093777721	24.835269705655	29.1513892919525	46.0793705577555	26.3126540005718	50.5549889044046	39.1178463775259	53.2827620555315	52.2646734698827	78.878907664306	69.7069485304716	73.7382970788219	95.7404584706789	101.941511083472	96.3961150710809	102.277519745948	109.67674670585	108.401359068828	106.862909463222	111.60724210423	116.118078632253	119.74156964846	111.18576845076	116.794778507848	120.709043781838	125.286020823891	148.159177762783	158.212385080938	158.761181567259	181.478048336572	198.491880250624	204.801028111384	243.58576923123	248.252218987404	0	0	0
490.172	0	0	0	0	0	0	0	0	0	0	0	0	0	0	0	0	0	0	0	0	0	0	0	0	466.235792547918	11.0880487034139	1.0430312119826	12.3886460505955	1.32707095422024	2.72245828992567	-0.859516866088033	-0.736540362438245	9.08988068661794	10.4813355351001	15.9582007043474	12.8061049155843	26.5023961488534	43.5282978675904	22.2949011360837	34.2298352050777	53.9052072098159	55.0960636399183	50.9786495617749	59.0370962597518	56.244905279082	61.8302997784092	64.5389184056168	81.8187707200062	99.0264339323243	93.7006989729959	103.335445551956	93.6655559452236	110.667862645534	112.372089922168	116.236297955238	126.709967818693	108.874596268483	116.692092785858	117.954664619984	134.676621809916	123.325683454508	132.53527236596	136.844257538346	132.864899181791	142.987763253761	156.487732499393	210.500768880013	243.329942753994	237.690425653227	0	0	0	0
493.491	0	0	0	0	0	0	0	0	0	0	0	0	0	0	0	0	0	0	0	0	0	0	0	0	60.0394266877783	-4.27409009811838E-4	2.45528920095661	-2.79593177592981	7.1400733095605	11.9791167676844	9.72324103616279	4.06806200635841	8.48231557196808	11.364005434971	21.225411674543	18.7338002098076	39.2468304662014	26.48033827878	28.3881075097552	49.9956229646779	27.10160128775	53.2417530669371	55.208662229915	56.6672301347955	73.0217705989417	75.5462228245553	75.3156229438525	88.0173357297191	96.5661302414538	100.803624611054	92.7683545659905	104.205577548748	103.46181505891	107.572095803562	114.946353286003	125.926517971335	107.792329710539	115.862916248645	131.396192309671	128.334389953267	136.31310814338	125.947205131638	142.748512859235	136.337248665071	156.434170738421	173.900300788892	198.871729390911	212.010022613472	253.207441739276	0	0	0	0
496.811	0	0	0	0	0	0	0	0	0	0	0	0	0	0	0	0	0	0	0	0	0	0	0	235.05773120593	6.91896069589405	12.1911867710556	9.70132778138811	14.3405530644967	7.30258709459082	10.4419006114497	17.5945805758047	21.8355883898481	19.2797361501408	28.712803542255	24.4733740574235	29.7320591091312	37.7433071575477	38.0657658139909	42.4702353764143	56.6580070361187	52.3534819170554	55.3680425886706	66.8673449715527	62.8507447199595	64.5914144980752	74.3686061724098	76.4565093972689	78.536528985565	95.9640795989183	92.7229669109769	103.434493182269	108.86787209515	102.375576334756	110.549219482203	116.333839811139	102.510669685491	118.559482188793	129.341779334466	119.765980762078	122.181462192958	117.761363928126	130.817071057637	123.470309515482	159.902502265603	162.371185143457	217.993191530265	208.573692947065	244.832155744842	247.506097866218	0	0	0	0
500.132	0	0	0	0	0	0	0	0	0	0	0	0	0	0	0	0	0	0	0	0	0	0	473.242400064272	10.2189492315492	-2.98683053343022	-2.88579995596573	-6.84976656683968	0.793251355681805	5.03000152136709	1.1765192606881	9.4871346891618	8.89187925977923	11.1107247745008	9.56866323674871	12.394567930535	17.879026387179	18.8420058521856	7.01766028861647	24.0669810720076	31.3418901951936	33.689222812186	33.2032255262145	37.9183330433711	53.4205973671407	50.5521985657672	60.2754734758601	63.5905565037928	63.3548391611154	82.0799854972227	79.4702597641035	80.738724153461	93.2615507967188	89.6541212950791	93.970863798182	89.0147576962981	98.1357525070639	94.5641771267558	100.480899852382	86.2704841452335	93.9042721240314	101.024291761978	109.39477054292	115.337345927659	120.570030179317	148.793377207383	141.716424512699	166.755127159694	197.538384363861	0	0	0	0	190.066445376344
503.454	0	0	0	0	0	0	0	0	0	0	0	0	0	0	0	0	0	0	0	0	0	0	85.9336907690799	8.50914250380026	-2.49119763782324	10.0721053565765	-1.90176671372957	9.64007369640544	3.22402244372714	15.2825102065801	11.9079758228823	17.5594642661327	20.7766828731405	24.8215124840173	26.5244916349524	29.1155783261711	25.6400248556121	46.9060515571936	37.7200828095821	46.9453491570628	39.0667438703276	46.9078580170243	58.8220119054942	56.3095456967981	60.423664993604	62.1471669831725	61.9619120592191	76.7473755804432	89.6808278268918	100.728031955313	97.4942090387574	87.0010724474121	105.699105565715	103.579352301429	90.4059944545539	89.9957371914996	97.3592834279609	91.3248280787538	118.002695908478	118.017621480863	120.546799031634	115.855008388758	121.594031738234	144.738350109576	152.87561269607	195.880073493008	176.647606284725	218.031142236571	0	0	0	0	220.886440355835
506.777	0	0	0	0	0	0	0	0	0	0	0	0	0	0	0	0	0	0	0	0	0	236.571243148151	14.3463516396865	6.2961576268537	13.263323189366	4.31643694352809	13.4926138894367	9.65462936593956	16.5899809145462	18.0773772392138	17.3822353369836	23.2292543640144	19.9421718353343	24.1865287569815	28.753113657745	34.2456828403684	37.0622640083977	43.0718714213391	44.9056613412248	36.7287152406565	49.2368889403405	61.6116220192898	58.0259751541126	57.1247905386561	77.2459331799198	77.9047648763619	94.3155112611655	74.583523623866	89.8875776262548	80.5156665170757	84.6821077465321	94.3508299093447	93.9548142935213	97.9162265687502	99.4988434981939	99.8768641696523	98.130090962692	108.839019101941	96.6626085060514	107.097087347647	116.857348172618	101.419362296304	146.2712412754	141.367871037901	154.458158366461	174.023334010586	196.999582748618	239.582688912823	0	0	0	0	312.663828380215
510.101	0	0	0	0	0	0	0	0	0	0	0	0	0	0	0	0	0	0	0	0	464.327118124912	0.924179718016678	-19.8147676284224	0.784967815800295	-11.7580206652755	-0.852329830382392	-4.19981276946948	-2.21080882928764	2.49985576966178	5.77856727386645	-1.55563660149458	-4.87264950135633	-0.265642750678855	10.0833605341892	17.9341965496073	7.80223624620106	11.1120880045571	24.4633424084555	23.1692098196047	22.7496438053426	31.4118702108902	23.0530208205197	36.8759004237621	26.3715268402591	37.5800721466577	52.4094367003934	45.8179541185128	58.8507285077379	63.4506154187702	62.4353355762547	68.9620597924809	72.2232890174232	66.8217688930441	82.1469365130087	69.6420879117012	74.5185725573745	77.4685163332232	72.0791891085158	86.6531433965732	96.0555184331651	90.7875108468653	93.0314379221374	90.5512056866352	110.76858532089	101.231800982812	126.389959997292	138.151778379087	0	0	0	0	206.352535631543	97.857590631421
513.425	0	0	0	0	0	0	0	0	0	0	0	0	0	0	0	0	0	0	0	0	71.1298990446644	-1.03318379183466	9.56595345724731	2.58928902563385	3.80156431281971	2.99205810193043	-1.06786486434852	12.0665907081207	7.83665509169973	11.2122722088981	11.6469173145028	23.4929603021042	18.0470180914027	31.4238052968872	24.787666985858	25.2564215212461	24.3338274218836	29.0978270604802	36.1750196958667	31.9249358905008	47.301034890152	53.3583562271142	54.5156871805975	52.4368756114063	58.6597544628299	51.3065521842046	62.4004034035998	67.1571488591252	68.7623001721347	73.2655216516965	77.8495306722534	87.5409889354722	78.3355157283228	81.1299706304069	83.3805919184164	84.9937072337608	75.7090576444416	90.0462612609512	88.9132917097942	85.9058152639638	85.3664048985277	116.667646632966	100.48562124722	112.246370969914	130.223441528535	156.24354074321	154.53542470888	0	0	0	0	256.452118506125	221.548007262467
516.751	0	0	0	0	0	0	0	0	0	0	0	0	0	0	0	0	0	0	0	227.819749293139	9.70821044600731	-1.35358578402861	5.61498997828836	3.94807132878761	0.971489213358582	8.01669165599189	2.62032757674262	7.64030961458626	8.38907853574995	9.82790105599371	8.36241341514804	15.8697926182976	23.4112288284032	13.7164839012327	21.6379278964938	15.9846716521113	22.7932467521853	32.9310889462511	46.569585282027	42.9592654498529	38.2652639835079	44.6748459310757	41.5928211250724	50.8968575799671	66.4592424068628	54.2658709673584	55.3852288241963	60.7597443450183	71.3937705093502	75.138460546052	72.6359197415611	69.4495148443349	71.1682500590391	80.8665701181174	77.6669193787044	80.3859714787588	79.717303763807	84.329240550382	83.9420256045217	99.3427635107021	92.7060349073086	90.9587075236641	94.9988255305367	115.417523720666	123.370672221116	142.751571857688	171.445290938738	0	0	0	0	181.673088313358	191.207148053935
520.077	0	0	0	0	0	0	0	0	0	0	0	0	0	0	0	0	0	0	538.064381737124	4.94193391603508	4.7267241142203	1.38079918419112	6.61071317177068	2.40554190117595	5.16093432167009	9.01850366234614	12.2765778901324	11.6499882638424	13.1920360691029	19.3254688697623	21.3846784295189	17.383539520934	15.4211819645447	40.3539400141427	19.9325120875456	24.762203052241	24.3877968529805	43.5105275050074	31.3339752535161	34.5709183369265	43.9637027208848	34.7352117276652	48.2113900335392	54.9441994625529	42.1106431899153	45.518225804126	65.3656487540331	63.4574895397301	60.7207382756319	78.0079192317439	68.7868282170604	78.4817039044695	77.1455767968009	81.6153156219645	80.0206576851214	78.7783427065135	80.080446347225	93.3306418042452	88.2429011876739	83.3335917809446	92.418493947235	112.225162729852	104.173195950721	109.03457457674	127.98500149836	135.380844999095	0	0	0	0	339.115305513919	194.321926073333	270.996744615825
523.403	0	0	0	0	0	0	0	0	0	0	0	0	0	0	0	0	0	0	59.794232157414	12.437111274755	3.29957087453717	-2.1002810579794	-4.56915923729467	7.5352906941636	10.8597411025778	3.32155076281065	6.16000470108418	6.4759770881909	11.839149097676	11.9981254827491	12.291817093249	16.2536043393322	25.5130628976509	21.811890917727	22.126993900465	24.6725207305891	30.7774084188364	27.4789770347097	44.4359991057072	25.3708985954222	20.1419038508065	32.8289684787181	44.5572965969247	46.8876430155907	56.7743656409687	45.8534657971235	48.9600019621672	63.3405354221592	60.3056123514518	61.328211948907	68.4465455985425	71.8971933682331	69.0470202208335	74.32288035745	78.933933559427	74.6646628069894	81.5906508274265	71.2383632341157	83.9188600760921	79.1672133567929	90.9775282946912	85.5913148599927	104.604193539593	94.5688896645907	114.835295321059	140.320181485213	0	0	0	0	237.790584973986	198.387642716237	283.413131861841
526.731	0	0	0	0	0	0	0	0	0	0	0	0	0	0	0	0	0	239.968973987963	4.03234525350733	-1.54591020087475	14.5449917044217	6.45857745479799	14.2893202230705	5.87288090101058	4.63168788460729	11.1755490584663	11.0107923305046	9.81321062880477	7.70974967429302	13.3772550306061	16.7182328510831	16.338113676496	28.1177762674708	23.0504679742325	22.4517666460527	32.3026988966267	28.5855215530563	31.2509791256314	37.0793570965404	36.5247419357003	48.5021525635296	36.3577921116302	43.0877213197684	41.2084123729578	45.0346696914816	56.0820541464483	51.8055725317929	58.1016151179292	57.6268080138296	66.626334960656	64.9205317362546	57.2935570946925	57.8249887173911	61.1141312111418	67.8481455930188	63.991001704627	62.7130864704302	70.4379489133754	68.5459968664509	66.141954061321	87.4498379000007	86.4362732585758	96.5265490305871	107.684686728093	108.065748679783	126.977291980325	0	0	0	0	158.750188226506	235.111264181911	120.9889104102
530.059	0	0	0	0	0	0	0	0	0	0	0	0	0	0	0	0	496.113493232555	1.59151617390526	-1.62635557031255	1.85321296701579	-2.20108786764365	1.94940210600757	-0.673223556891977	2.3326669599314	2.83060477587742	1.93362986921572	6.76443830252824	13.130815710673	8.2341435906808	6.63199344835851	10.869395338129	18.8234485684382	12.6288483972138	14.2410132696521	12.9208078254076	14.1829408876348	38.1066043238227	23.8443622081835	20.2127003006609	30.4891261679043	37.3942134876976	38.5247537055371	35.2413875839267	50.0378920184756	41.8619444933978	34.8903041146863	43.4496888460459	47.3689423521482	52.1210260244391	59.3278921837226	51.8531181459476	56.3391464902667	61.0951903224654	71.5014352124644	66.194113932889	63.2297349178157	64.3853555017401	66.4845252711272	70.0018140082905	72.3729553590818	73.6020057391539	85.458750422957	73.4753173971664	91.1687814414729	95.2515434805716	0	0	0	0	191.658841326665	122.618800630377	131.455080593449	54.7928631242298
533.388	0	0	0	0	0	0	0	0	0	0	0	0	0	0	0	0	73.9879246852906	-13.1525449395091	-11.0167093362163	-21.4324432645705	-2.12225209566295	3.65727949548485	-4.1192804760808	2.59603650464061	4.48126036571146	7.47549848483071	7.55043494761222	3.57824046026333	12.0293174114359	8.24338088654452	12.7772886752845	10.599687648904	12.7358766865948	17.8669640665792	21.0273228288333	17.4778494678807	15.890506925837	16.39346104195	33.9298572776532	40.3704603352148	29.9933426660788	28.5647590692982	35.8949320286125	30.4449300546122	34.5757709133207	45.0414827846293	34.4976102434818	40.3088568724674	55.8933020995778	42.9881679986715	60.6146114225116	50.3297514791895	50.8890109549235	47.2465223941517	55.3852282214055	54.7546811287295	57.8732847411274	62.7890118837786	74.824312897513	72.3626330923818	72.5469372038195	62.1532699793082	71.9755086930288	83.53794524715	89.0843621202504	0	0	0	0	162.897917291207	85.4198287309037	155.219868231109	117.57822816612
536.717	0	0	0	0	0	0	0	0	0	0	0	0	0	0	0	237.020149425433	-13.7359166965628	15.6576364521543	19.3098199714869	8.30921941277712	-5.34573089433969	4.35458437792919	-2.29291480500567	-9.12698808432827	3.08454552557104	3.85805461598863	11.7675008767864	8.82629935039132	3.77332819455052	10.6397415600083	16.4623847603414	20.4060576548593	10.4785766196415	21.6679967764141	22.7790090369633	27.5320573840369	21.3265483889751	21.036275735308	20.6770416287978	30.5869042336903	33.5919822118116	22.4179350381742	14.1269327112698	40.2630610348727	25.6107885288531	34.3514798690487	42.0448294536419	51.2396246266042	36.1216400016475	39.4751367788401	54.8641643097383	47.2893500538627	48.6580128482834	57.8615004394666	58.7466473198037	58.2767787974932	64.5506508246987	62.3154851383164	58.9663818224439	63.6190558028217	54.1351102035633	87.4030785714192	74.0638885101176	61.864217561356	88.7411279859373	0	0	0	0	156.141451857039	112.122754001093	69.9215825334678	62.293872069586
540.048	0	0	0	0	0	0	0	0	0	0	0	0	0	0	516.902947535287	4.46074745394625	23.5426593427948	-1.26567648607503	-8.41123001785779	-11.9045085609136	-6.14095809282879	8.07988516407878	2.63111941283044	14.5482828904834	0.210643914069235	3.91057903798629	6.47112127652015	7.82017333867273	8.44027894115446	9.72630126440549	15.3309010994462	7.03667850616836	8.65317704567177	13.4940788353643	22.5608130345073	24.194516624267	25.0292811787297	12.0396620268395	31.6282742944108	31.7706952549529	20.4765219167368	15.4108639404317	33.9099954391075	52.392002993002	36.7343098005465	39.2166779511273	35.6785736554039	44.4258872741064	52.0632537604087	44.908620149556	53.4480992980917	49.883433344901	50.4749293520206	50.7631430344576	51.7237539165398	60.6136159422912	52.8670316744754	57.6150398567919	50.1105112985142	61.2708838779839	59.8560915076767	55.8644924589836	74.4548892087439	84.9850870136627	0	0	0	0	212.612853901052	119.960609673364	96.1091659934454	88.3177810808986	70.4433114993142
543.378	0	0	0	0	0	0	0	0	0	0	0	0	0	0	90.0214085659855	18.172206791822	-1.78559661787921	-4.26847841345898	13.0443007815127	1.51797813541353	7.69486790024895	-2.76945244683034	7.53267424088873	-1.62718211376831	-2.52392784336145	6.64513737843547	15.0853014036236	11.0541091371477	1.50466702108333	15.2060712713928	11.9637695463175	6.63453127256732	16.071848555764	26.3174430245731	25.3647278001907	10.9958899774165	13.0725839697234	31.3315623294149	13.1931793157285	21.8457096147363	19.7712090445277	28.5531140144698	39.5879608590023	35.1711264231875	19.3240135914353	30.2811707996608	39.5160673502185	36.6898501556842	34.4722761913292	52.389319891316	48.6256687813598	50.3330451446348	47.6684705040726	59.9009139758118	51.3297045432983	55.9463267489493	59.7395607669099	58.4156730151933	59.3844768695135	49.1665667653328	54.6123982203447	70.1305229900649	72.6240988611403	80.7195579724407	0	0	0	0	187.522590271267	92.6210323255009	130.883248921015	122.036925325023	178.637916480083
546.71	0	0	0	0	0	0	0	0	0	0	0	0	0	309.320873087046	-26.8413488585971	-32.2832753994073	-29.4019771398852	-15.9910744596447	-31.4384237544502	-7.53887747576301	-11.9508520243801	-12.6449513554152	-4.68392310124002	1.34810706222833	-7.11454690341708	-5.62296079855698	1.60219196982741	-1.03522168462366	8.77079664218584	5.8709696257815	5.07217757374606	5.44253817978376	10.6980504420539	6.3580781983906	8.07725177511383	10.2609295583691	17.3587421246026	9.74005999103	7.72423008035488	13.5911448642819	11.1384649197267	20.62017956941	14.1245412919993	25.4126932006801	23.056386906704	33.0668347745501	25.535098798853	23.1924298263253	27.2831965141494	29.9728821213056	35.6209621011933	34.5920177567711	40.6002673543734	38.6382047626172	37.3077976791459	47.4858877429008	45.2386872753858	39.3498803038011	48.7331739415035	49.8176546844555	57.5105881629169	54.2821366404414	40.4035080318583	46.5975456052207	0	0	0	0	103.259430005757	47.8240551440275	8.58764051771891	53.8149772835602	1.5792515235165
550.042	0	0	0	0	0	0	0	0	0	0	0	0	493.493656114082	33.8135219729414	8.42738077630671	8.54000761270304	9.93737818970449	3.00271249858843	-8.714425570912	0.777781428767058	4.09640502659266	7.68869303712602	15.9716396934921	16.7151407271739	10.5585056348172	4.27620246421781	1.63123121564005	11.5534684271376	8.80404830269792	17.246424036797	15.3428481757203	12.1218409889483	18.115122230716	17.3191849639126	14.08663712564	22.640741588552	19.2814237740115	23.6576031845243	26.077306240443	28.2481041326979	32.363569637744	25.3679629250454	35.491981021874	29.4504002134177	42.1720476281018	43.8990004025221	31.1338214573246	44.5603575080092	39.7768136965844	46.2398698823008	48.2855539016901	42.5062482943808	45.948673780143	43.4383384794891	49.0362469338629	41.9607594419079	54.7532936545379	55.4333573012848	63.375285765665	62.0669561613303	70.3016465856499	64.7202577309741	65.4756420689124	0	0	0	0	211.56632035162	125.742195656766	101.161667491967	134.869783920296	98.6195473212724	95.7953388717803
553.374	0	0	0	0	0	0	0	0	0	0	0	0	91.2433364920973	-1.07058601649226	-4.48813685422522	15.0960783834871	3.56483334172319	5.15768477135941	12.7739203741548	18.509573610641	8.15551275566763	8.67138991339999	6.96978733083438	4.89724991741867	10.2597917220304	4.48112488791866	8.54396297994922	16.2613248907798	12.580921130088	14.5917856841607	9.18551065537464	19.2466501340523	20.4039807213577	19.955986757117	23.8472565862398	18.0326196111447	26.740980801121	31.10253083689	20.6648209235661	29.8897389800372	40.7200180725944	32.4948392224707	25.8777655668828	36.5495917675324	45.7483313341206	38.6361891141753	48.6381536447909	46.6558046848293	60.7083575344665	39.5646015246185	44.6357682555262	49.1968139914143	51.7609474882438	49.5588226198771	39.7685616326315	60.4001444377608	50.1282513821115	59.0602408622302	51.3183735854711	62.8091222545099	63.170548237444	81.20066222723	54.3682061879262	0	0	0	0	120.432196711433	86.7899580825296	156.699823263609	132.678358064773	68.6590139442814	103.11543281355
556.707	0	0	0	0	0	0	0	0	0	0	0	166.655403734806	-48.6186022597764	-36.5695254869071	-21.6001601748493	-35.626397810529	-17.8912933976561	-20.0711070352305	-17.1872470429713	-19.550770305312	-8.46199025407264	-24.9208972094946	-14.8149391444345	-4.86906895983259	-5.44838026081165	-8.01500341517327	-0.265482361417674	-1.06984194292807	4.18151469411301	-1.82336104422598	2.09039499894906	-10.1591272410099	-4.96901273911091	-3.6054852753438	3.5506779256514	6.26462252199176	11.2415445293793	-1.48774497861448	-3.64037973790895	5.3240258527644	2.21553291992008	8.60146505703017	10.6761028716945	7.84949690866057	12.8339108255984	22.4227151805671	9.77667182419724	16.9702120606464	26.2093150699091	34.4384886342706	22.9716141284884	23.0396952617486	31.5429522836914	34.9877629290267	33.047273646037	24.1088944452601	34.0069105940393	13.2169829243774	47.9672853144023	28.4509332071237	43.6831855427151	42.7808326518776	28.8452755959913	0	0	0	0	47.6552538151834	34.9218931787554	47.089919554366	24.1171631066136	12.6284167499022	-57.3943423527037
560.041	0	0	0	0	0	0	0	0	0	0	411.571767299848	18.6306500671178	17.7836043091694	21.1071245811192	23.5191523551933	-4.65668765768005	9.82554525254689	7.25287601765553	8.57812547264283	10.921757929092	11.422726543731	-0.00370605079238804	12.6815546703445	0.260909370874973	3.41422040038598	18.8942112976057	14.4357264282386	9.66897802448015	7.10128121134565	9.34223951795799	15.8130229032859	23.6702139990983	27.8055965850933	25.1880418807133	22.7593134008154	29.4726121375019	21.8436179978825	38.8818464922788	29.339474434964	28.9387639817195	27.1603914314887	35.1016800272615	36.0349306762436	29.3846743198808	30.033888726441	30.3560083900501	39.3301709240805	32.4783506342159	33.4226447580021	38.3729066690909	39.2491739888826	47.4573760990102	42.354720585399	40.6748268236002	49.5052405215851	52.8439564289671	49.3960217060056	52.7685215352168	51.2154272633996	56.4521956975748	53.9988793565341	64.2566375408969	0	0	0	0	176.155155062489	115.476337351297	66.1727439725128	156.596131122998	166.532804128216	57.6616751575581	158.612221007503
563.375	0	0	0	0	0	0	0	0	0	0	47.8290385029532	-2.26549192875738	-11.9236444692551	4.1245039988342	9.3314175281313	-1.87086030093334	9.81572587188107	7.70583481792406	21.3427073894357	-0.799699629687984	10.7413095336463	22.1274637297221	13.0632154875614	5.95820834097241	1.20388282862418	9.36484235023437	4.67210571250623	8.22719239758104	12.1076147752408	10.707452760316	12.3568851858667	9.70671074021485	17.6409433498075	19.8583986321199	16.0174802819877	19.1332701849573	21.8787960417652	25.20456938033	28.1471920825505	12.7610124867402	20.9935970407572	22.2707339717542	24.4263341107663	33.0882194027106	38.2958980164325	32.5285054183873	32.2663356659464	28.8360629132747	44.9455703850637	39.1143737465583	30.6291902255006	42.0957116451154	38.1455112482872	51.2228473614989	45.747239631679	46.2474294884619	33.7678257202345	41.9756930184886	44.7246497155445	52.5296859352406	52.3909158859572	63.7073549064171	0	0	0	0	74.6568597363599	59.463646270521	78.0548043326902	124.173604300137	35.8093318237608	114.38383308048	172.926285148929
566.709	0	0	0	0	0	0	0	0	0	200.142171067942	24.0414312208893	2.88000872736365	1.11246808959024	12.5673686491052	6.97349469515914	20.4885725199371	11.8168632447968	11.3061431531466	13.7617328066162	18.7333571984677	3.74741057946429	12.322779027135	7.07614335557077	10.1931921587806	5.80980051325773	11.0960407735493	9.18005984388248	14.2284952716401	8.3052874272075	19.1200343068276	3.10430942067971	15.8148651052369	14.3342210155903	17.1172444742045	21.9911375332212	22.1585471417045	26.9965927266835	27.4501912992986	25.2255194220642	20.4960917283157	26.1942255641439	26.9968019570022	31.6154039441278	26.9591806714077	22.9566593415387	24.6386764793003	31.6068906513761	30.7703720649463	32.3220230961986	32.6609409343627	31.4119517838583	40.2543566799265	41.2544333052771	42.8561892206719	37.9208047346234	31.4299980300673	38.0821878634118	39.0318830981538	53.9154491142406	40.4721328297902	37.5699680803713	47.0180990192712	0	0	0	0	85.586519781107	83.1154958378155	95.8093929195572	81.5924628436613	150.825337802201	126.826281692626	120.969354446666
570.044	0	0	0	0	0	0	0	0	380.42157355416	21.5095784860534	25.6234111894345	19.3170694604084	19.5266465004571	14.9379842338953	9.11413394809465	15.0190685500962	0.430246351930706	11.9291147198756	-2.55318558196882	0.813336271451337	13.7563147936796	10.6944172976103	15.3089240797888	13.15989698845	13.6910731454348	12.883210672029	11.4244866806179	13.1501325081956	19.0081203851849	14.4466022184492	15.8523887693474	10.0050527249056	18.490653656276	12.421317448936	32.1264042933769	21.2948268693024	31.9382271132978	15.1951470866493	27.671785221227	23.0237826839041	19.7656279056487	34.1379710639304	28.3176187503737	16.9021322095227	43.4071130284068	36.6066952909042	36.5623568028488	27.075147768967	41.5480828325685	39.4959215776052	30.1762286370016	35.2098503855289	37.6790121513398	38.44010495404	43.1512018752189	38.9124086565745	46.6749597316935	49.3045417870324	26.8547660373748	49.599908535056	46.7059723831127	0	0	0	0	124.730714930263	97.7737488460578	79.383782839957	144.015225282023	136.964851031929	154.830924391867	115.540836534601	97.7599125991078
573.38	0	0	0	0	0	0	0	0	57.631665283523	-6.33887965224301	-23.9494686007487	4.13572006338232	-7.30539664159828	-5.32501172365635	-14.3458787573636	-1.46542536562828	-6.91483045357512	-13.3153935139965	-22.1524384246949	-8.13981787407181	2.71257454461598	1.45130261542696	-4.06903911444712	-4.51012997242821	-3.1559038765829	-4.64966857317427	2.88773338301002	0.804361720041478	0.372672266291595	1.42618835289746	3.64503377533387	1.84712629913839	-0.906075349299222	12.8079641156344	7.38901402762213	15.1979883569973	10.7058491013699	14.009216660991	19.9316345620553	10.6670051293172	33.6490345381191	11.9440014491774	16.6932342103121	6.80638300502281	18.9014148766293	15.9710784922192	9.27461050681118	20.6584719530371	22.1214561363462	39.1456490326197	38.5908119938348	19.6800683975299	26.025038243863	27.0200096927529	23.6050741445576	21.1078576267319	27.0191086469072	33.1887715991886	45.404431058504	30.3030962083733	36.8947708999037	0	0	0	0	68.1904153990625	63.0553049106346	95.0072315387171	38.6112867254057	44.6053215066405	17.265326309656	54.1226476731954	106.015275539574
576.716	0	0	0	0	0	0	0	160.165024903431	5.26733592380062	36.2705981968752	11.6326432200404	-2.39015259213522	12.8781709571358	5.85725244174904	23.441273273391	21.3794305030827	4.16104941833835	11.9778971877151	16.9966439403526	34.0956007941353	6.87101746332358	8.90730794074667	-1.02514382581685	1.94623763292964	14.6182021575831	8.0747351778661	23.6249367336288	8.9629524987411	12.5060746384838	11.4983659252487	21.4967217909687	28.3103520867657	17.9920107837967	18.0885643055832	25.5204744444744	17.9820675348441	27.5512803906602	17.4449133712669	21.6471626706101	20.9394650266708	10.6953881398099	24.1922864853257	26.7108182516821	31.5839611031104	27.3243489870047	25.4495320887488	49.8676313606846	32.2767744146998	33.2591543283768	30.9083630780401	34.4229903929147	33.9464671539426	36.4393342712013	38.3384013647341	42.7671920799135	47.9431634060899	49.1359232548154	41.5030383633741	32.1644403885466	55.5163301816002	47.2924788026658	0	0	0	0	79.7019653777657	101.658114672661	87.843813452752	51.0213782617696	154.164918967401	173.132079389573	101.835748488892	98.486204654718
580.052	0	0	0	0	0	0	317.110585853724	-2.75431028012405	-9.20845440453018	-21.5185195099436	-18.2986861520248	-2.32092182209856	-15.6324045138983	-23.4028945615756	-15.1673882226482	-5.83584512263073	3.67116363842122	7.05492322297963	-3.36810737092294	-24.2697457159971	-9.9130235286728	-4.64994157695449	-3.13768857769812	1.11801055684786	0.654446785052663	9.85951659228948	-9.25194666519523	3.69032804647109	2.03287616828581	-0.381837659192811	5.25704238562528	-5.23523124611287	5.13072525807651	4.95451315920708	1.22959124025583	-6.44767417163039	7.74906930469388	16.0645294005299	11.5909635169572	13.1234155235051	2.66073546812521	-7.06167566071386	14.1126632807649	13.8357862600784	17.1314647019841	11.8775274374027	10.6850294234841	16.329097920711	18.3416424683914	16.086697440298	10.9443110935056	23.2299126924885	13.4583731065038	28.7846680337545	27.172013510272	22.4519950950583	18.1869364773763	28.9313205663662	20.9652120791661	31.8316839597086	0	0	0	0	101.568545962874	55.2507699723717	26.719841056298	62.2033374404001	59.8847580557517	-12.8323379976376	62.7583263658403	-40.8720655934798	104.687004829046
583.389	0	0	0	0	0	0	25.6198326593753	1.99110867895264	-3.26352755758937	0.65910090908783	0.0126056467330708	-3.48035957910149	7.74936524146794	7.93276165426963	9.53993908335491	6.69710059503285	-0.88491068883114	7.8664175784256	8.81121733770233	14.835569446671	4.14432544375832	7.09652736150306	2.79925471802126	-2.24090919053954	13.578204261694	3.85795453959281	14.2004700018353	8.715605622893	5.17045123023492	16.054584719221	9.0654010813058	8.33910962337177	16.5202770493623	16.9008515272337	6.66429066100643	10.0665978322966	16.9174067134976	18.3942674750635	4.39618995340413	15.184406277184	18.05097810794	4.03280421559565	9.56003893783424	31.4439347988481	19.2331784100782	16.6079799850354	18.5317555528867	22.9759735721683	15.4595693413981	40.2573178653028	29.573015195209	33.7386130151295	32.5588773366423	28.5225027971937	28.0860174419469	33.1001647834051	37.0148868488253	28.3519185854381	38.5151513247133	37.856298793867	0	0	0	0	62.4373227511539	74.3847505215949	84.3104091347985	115.276323530951	111.704712814875	90.392971586498	149.305327283673	38.1945068218784	69.2856710927211
586.726	0	0	0	0	0	194.637950254424	6.8818786361939	-6.02636458421075	3.24821427317211	5.60678336282747	-6.59481487537697	11.521435014859	19.2133541187065	21.4591632335009	11.9193130097735	-15.7027880446226	8.63841849034482	9.97689343166109	3.73377155983425	-2.39772263427996	3.75838213925245	13.345564068717	2.09146842181675	16.2028813938218	2.64771598528172	1.1231933244494	12.0226174199304	4.81379203909616	12.8982217164968	8.86328419985519	9.6829894529573	-0.750166992627406	10.4495227070319	8.54111095448355	15.0333217059021	13.0413037179621	15.8400099076155	10.6669236202488	31.8756698913613	18.6640790185302	9.71479548039988	20.4269957131619	15.6071345261237	16.61290859146	19.0969246891606	19.4952289379789	16.9450377571761	17.2377290430381	32.2889082120505	23.8076947762213	20.7739178832098	23.6987548264316	23.7559834572798	10.5687985017971	22.4818958089564	31.6626150809536	32.9858007681685	37.9729784225622	21.9973022855274	38.9766269473131	0	0	0	0	25.1848825058438	62.4090771250871	68.1571693285635	34.6122770248801	81.369407108875	96.9132489470373	63.7206634157133	60.4942562164414	14.2333647592463
590.063	0	0	0	0	301.464992795938	-2.16887070714396	5.53509046582048	1.32550905214627	18.208098367506	14.3710567797875	4.80504345516585	-4.64948586194917	5.50767634021363	-19.4985818211789	9.49958409037639	20.0419656148092	-0.0110913551156897	-2.62742704339196	10.0324207330819	5.97207372890541	13.9286384576185	-0.384122168461839	16.3045475508829	4.38127618047894	-1.19343513884213	14.296587061655	5.06185117697636	11.4857671280066	5.82411258802863	6.37779639046643	6.90132720590097	13.5095140876448	7.48072720261079	17.4599507907137	22.9487945136819	8.81640748168047	18.4587923092518	9.78507535485864	14.1745803706218	19.1031565884381	16.1209906121195	16.8123560419854	21.122797459378	19.6770476415257	4.78230291813306	5.73129608778043	10.5603993510649	26.4218884452275	13.334437883148	26.846752865006	23.7265894915451	22.9724984955433	30.5103973775961	19.2543592497587	28.5715943517065	13.8151278620056	25.231153597014	16.1107617059898	21.0654532892446	0	0	0	0	83.2813016250119	49.8227073438826	51.3738528411297	33.8671382189758	73.4262188877943	73.6016950253611	90.1164963383844	75.4591475006636	155.012434976485	79.44065784033
593.4	0	0	0	0	13.2139955673819	-5.81424012444361	-12.6616492320792	-21.7530943215632	-3.95602875242678	6.89557233967058	-15.2468957199945	-4.12488445265983	-25.0917606101514	-9.58468239400564	-12.1734489815455	-16.5271660840822	-20.8145270866335	-7.51295578126449	-3.39941809862845	-7.71211127731975	-7.25734958508521	-8.98474348165689	-2.98090249526455	-1.44147612239244	-2.4017784935769	-3.90653153892844	-0.0635160121697214	3.01284317820851	0.192475478479412	0.420366547982703	-3.08233783756727	0.547837369883693	6.07998845319249	-5.58090972985856	-2.73821710080431	-1.82556603318503	7.75915210251807	-10.7366248946404	-1.30796358058959	-13.4418937850256	-2.65290296038533	-0.0333177052687415	2.38573849995475	2.03170713304064	19.7086345920821	12.794412284319	17.4968469628863	16.903898676951	12.2917158106668	9.21542565332028	4.8574247668656	11.2978723095319	5.31023392955905	8.75162915184286	15.8877536997705	13.3537082380454	14.0292141741705	18.9469571358366	17.8590347195711	0	0	0	0	41.3945370902505	16.4938297153809	25.3681038609403	35.1140365194493	24.1270780179099	11.0545458653036	23.8858508534139	46.1240377503431	-1.87931972215159	-20.2957737677013
596.738	0	0	0	134.594207407051	24.4867050401789	15.5769512536348	-19.3443072910838	3.48295596991558	6.03618477252875	8.41183231563345	-4.32928028958609	12.4707381702023	9.64159645050799	-4.30064468951533	-1.02538955337808	20.1959519031444	28.6762800234396	7.63147468646616	3.88448933090979	16.4757454865387	0.377544643912749	6.89593249864125	8.85678778052695	9.3690864290774	14.3623691858845	9.11189441336449	1.30158694275251	-5.18866785085612	7.50890179418471	10.7764279977143	10.950587331031	7.74883103360927	5.83887855670972	17.9690937018369	10.2587668723772	9.70687155925006	-3.5822220952501	19.4604597792788	14.2170205978092	26.6931286081271	16.2082613524643	19.2024352639889	8.41134351385124	-1.7110773674073	24.6730277316886	8.67120976158334	3.02029375762891	25.3901235725174	20.5072429951075	27.065189350576	27.7137940445859	17.5962898673571	19.4153158396658	19.800889752759	22.6435548865111	27.4647523044452	19.4759921314566	22.6643981992628	38.8256534877919	0	0	0	0	45.890959530868	57.5094803566415	60.2644270578371	40.761930499737	57.1391858741961	55.9723307408644	-8.79494254298072	108.022512092225	75.5438944656095	92.1911622382282
600.076	0	0	322.476586359252	-2.55175597435585	0.790972871836601	2.98121807815881	18.1650375498136	-23.8584190403844	-8.82454281742609	-15.0861939079233	17.6314073926088	-7.23507308464249	21.3101573358944	15.9521548189062	-5.23201531486312	1.53226177997384	-11.4138382638512	-1.81680806402555	18.319489036312	5.44487409715938	-2.36434889105255	-4.10870429115096	5.68940996861616	9.50020236860297	2.13835831480902	5.21843691726802	7.28713074732385	4.02749614306653	1.73114322063864	5.35867245514582	7.93813323570639	5.42995111060983	14.6630643764444	7.03870941279662	12.9301634511631	5.71916553611747	12.9709938555779	9.89707952512152	9.50582383953089	6.01516667227322	9.40331794714392	19.1342545165998	7.12499962300324	20.5496936998395	-1.6762095462888	20.7403031104801	16.5410799166854	19.9440498829	18.9249738453475	8.58353804777096	17.043056626076	14.0347264652052	25.7916064608232	16.0097673080979	6.26388214379747	19.1132598294119	28.6605333356935	16.4769584695285	0	0	0	0	55.8706126665713	43.5925094723763	29.2363082435598	50.7084370688217	59.4555358113983	61.1034960164456	49.4894422741173	25.6888669410003	-19.3455829649791	79.5122303351943	-4.17855993960002
603.415	0	0	62.5657558937818	27.849682629826	24.3125487926133	18.9282966446632	21.2438946268067	55.1699513974522	23.3066191272774	6.60482923818395	-12.0414878391039	33.4581797718337	0.577472012638333	-1.14835819512939	1.61319517667894	2.9681405423803	15.7994164661047	6.42697347086135	16.2918218125786	11.7593462849613	12.7025782261432	18.1077066253798	-0.484592228080203	15.6981661120273	11.2170195976858	14.8245010582979	3.11330871570001	6.66167312883549	8.21179619202084	13.1218981165073	1.50806920853525	5.21343238430932	9.77747787954132	12.9008188417661	16.2057626341703	19.853213326698	21.7624490251647	4.51203678626359	14.8897009251592	19.7342402797465	11.0514207846505	16.9577903762331	16.8573965069527	22.4721900750228	17.1596407124448	10.7847938415231	22.5404613876539	12.9730155689824	21.9082337669165	25.5029436382227	12.3101239267531	20.9291961628314	19.8655084631341	33.7604055822333	23.4648775262676	17.3695069307501	19.2592328707826	17.9998236111312	0	0	0	0	41.2580421660872	45.4136714824456	40.6725791672776	44.0149401714993	94.6139649332143	74.116634743983	53.5053769796138	20.1143869510777	53.6425507226194	106.740539926711	126.853817395149
606.753	0	192.741887746965	27.1144103437759	-0.0647925277690722	11.7828657886194	13.6837099274169	9.54780434411575	11.3252954488542	16.4691926075987	13.8846960275711	14.5979880699672	-14.6465960760723	1.75114251870448	-0.547615951167041	36.4202148378086	24.2006497426261	-0.00702431920955376	9.20637095187249	17.6487512630417	10.9716613038506	18.2606625761042	14.4599173635205	8.13213441375188	4.95228297047561	3.98676827814579	6.22485445293161	9.82150490292489	10.9266922786653	9.27508563859354	10.6295307209439	14.5367845176313	18.9063970719868	15.7843101256513	10.9903627437073	17.8503029145304	17.3247632470085	10.7779067129387	14.2101080258736	18.4909715638959	19.0056557185695	28.8852043364468	15.8236592021438	18.7185580415004	20.7667227260792	13.153809181198	10.8090292192601	19.5004426784901	18.2946623968639	25.4087716763428	34.2652941440217	17.8602333117351	22.4651608247627	36.0174110616922	30.0129175541416	26.5392291252972	27.8558426052403	22.3026789776029	24.6364956707064	0	0	0	0	42.1211222201645	39.077904158911	53.1767887598051	62.6939450006912	53.9303367873784	66.9620054197118	113.802052879133	121.093189761166	73.6545853481883	141.810556550933	167.045600726497
610.092	267.172710971146	-2.85776686648586	5.24536474658119	-29.5883589927551	0.777597688784638	18.2949101077885	19.8096960588362	-10.6476367922015	-30.2878162782299	0.663792537641341	-11.471755648408	25.669744682024	-29.1648261264567	1.67224091037861	2.13869084931238	-4.01914776668575	7.19023810200595	-3.22247508832111	5.29660560855257	-2.15610359744533	0.759960253170453	-6.76364521571662	-2.02207243033333	0.291541556162486	6.2059396279544	2.64464935939451	6.93249342543714	-0.0226788030125854	3.86888299408055	0.8575654484369	-2.23840037859101	0.287522027766087	6.34322700277773	3.89088758039278	5.75583146587737	7.73399418182218	18.8714575941388	-7.39045039125606	16.7659830827428	5.73719370687957	-2.37773569445504	8.13852658792383	3.23205614429212	5.29475726138591	15.2208063190807	11.1528590885743	0.310878810223502	5.57475656529063	13.2054402867111	15.6386416256961	11.4765179153272	11.8706443260737	17.3209119938588	10.0413239418287	8.76990291375314	19.0446360391391	13.019698875731	0	0	0	0	47.9121944525752	12.9336970900561	27.6052702112599	29.622936429748	29.2679697296974	9.7070756249731	16.7949940945222	13.832676509831	47.6762074074105	-17.6470662942713	-5.54673546839216	90.8673885836858
613.431	88.1100122316987	51.3711314524268	50.8350196186675	37.751172609139	47.2084821384948	47.1478075080923	22.0619092655588	29.8038822899436	28.886003543494	30.4260094813115	42.6677141419238	17.7115076615967	18.0868484211699	40.0022387361101	25.4111743145412	33.3838568078834	22.2271912596513	6.45861459434544	28.7175626354549	40.1083864814405	35.8286338723014	15.2731737209603	16.0360485576232	9.63439499606637	18.8224908665896	9.84351005817394	17.9196528464422	12.1729733052041	12.7794464758429	16.2822384505329	25.5246181378825	18.3823550134891	21.1681416750666	24.2912637274721	22.3371695120924	13.8298177533598	17.815437590139	32.2842960864759	15.3022137148503	39.9534714423604	35.2664138160478	29.7914753992958	21.6253652399453	21.8529280258661	23.9960834181665	27.9897009263572	27.5858202910332	19.892925162969	24.193635725951	28.1207491203138	29.0730203646641	22.24346998268	38.7324460104967	35.0671558748995	22.3500287324024	33.2749990701648	51.0139952087309	0	0	0	0	53.8843625014409	46.5538881512335	53.5854250185707	42.5603653809208	58.3911496525291	63.5868060932943	82.7151660254992	86.2472109481637	47.5529046874709	89.159389649872	187.492071376389	213.789527347985
616.77	11.8937303781281	31.1032125872415	52.3765985128641	27.4132675808395	8.73909467287279	-6.21521876991822	27.5893096716973	-9.38478300480253	18.1071790460611	18.0637756037457	25.8078621683197	8.02850574555254	0.560014462039834	-21.4436794837791	8.02673087610117	15.8416352186917	8.2475891728083	24.3076757138539	14.3115839377251	12.3331884614849	8.02318694625636	8.26695170345356	5.57224200726675	5.61754330741085	7.59365504719233	4.13362142089266	7.70536301065213	3.38339331996873	8.55270074859772	4.90494794415566	9.39955762496505	3.35373467858566	15.0934547161434	6.5646429085992	13.605633989172	13.3910544134243	17.4312475106864	13.4567004530688	9.05656615752127	5.05952576750095	4.82784974103905	21.9639137079492	13.1446503663995	16.4563790609949	15.7642443223934	18.4046190995639	22.6445807198286	12.8919839540384	31.5335294862193	12.9614929515482	14.0958338438605	14.7075496359812	17.2496118554853	18.5459024734687	27.5759923578049	16.0882153736415	26.3820020227861	0	0	0	0	29.0337871986567	1.44266009629865	32.0987451815465	63.0404395626702	29.000615949535	61.9234801533491	53.1741009198797	44.5779949628419	84.2761989148227	-9.82406869268562	54.5346563956576	81.3627877382493
620.109	-54.9516007951	-63.8778747896405	-47.996648873709	-62.4326695478239	-80.4432119838526	-43.5866440852957	-75.1934353986192	-43.33203556513	-37.7510221305854	-37.1228402758067	-56.4081252528265	-28.9291125920553	-27.5780957793713	-47.1510226961156	-41.017364572056	-35.2125198544474	-35.5260299137876	-22.4336907703287	-43.5578553568193	-47.9545295449877	-28.3804878214105	-22.8131534332511	-18.6988373355146	-13.1147762002501	-17.4646535321287	-17.6818554988063	-12.2885127677119	-10.5689549752302	-11.7853432845439	-7.02405509807309	-5.01921604226321	-6.17291850311797	-16.1714077708103	-28.6967508617523	-19.905216271275	-9.63769278131163	-19.7108586240625	-28.9753989220458	-16.0252973245693	-17.5954501865864	-21.2693352578782	-17.4122450056465	-9.42152954821954	-13.6389399606268	-17.7289822846478	-4.76239225863902	-15.0885175483228	-13.5662687083181	-9.01852686333543	3.12895970096252	0.407811873458458	-4.07874591361698	-12.0842269570022	2.20745655575943	-7.91573286180848	-2.37458124518384	0	0	0	0	28.5301270855202	-10.6675480625258	-3.32002184743911	-8.12375492508522	-7.38972789307187	9.86295405295024	28.1972543984224	1.27102918993939	-28.2128669357848	-74.4569802090382	-64.4576873184171	-63.6655789407238	-190.444181086874
