Sample - Blank	600	595	590	585	580	575	570	565	560	555	550	545	540	535	530	525	520	515	510	505	500	495	490	485	480	475	470	465	460	455	450	445	440	435	430	425	420	415	410	405	400	395	390	385	380	375	370	365	360	355	350	345	340	335	330	325	320	315	310	305	300	295	290	285	280	275	270	265	260	255	250	245	240
nm																																																																									
213.328	0	0	0	0	0	0	0	0	0	0	0	0	0	0	0	0	0	0	0	0	0	0	0	0	0	0	0	0	0	0	0	0	0	0	0	0	0	0	0	0	0	0	0	0	0	0	0	0	0	0	0	0	0	0	0	0	0	0	0	0	0	0	0	0	0	0	0	0	0	0	0	0	0
216.504	0	0	0	0	0	0	0	0	0	0	0	0	0	0	0	0	0	0	0	0	0	0	0	0	0	0	0	0	0	0	0	0	0	0	0	0	0	0	0	0	0	0	0	0	0	0	0	0	0	0	0	0	0	0	0	0	0	0	0	0	0	0	0	0	0	0	0	0	0	0	0	0	0
219.682	0	0	0	0	0	0	0	0	0	0	0	0	0	0	0	0	0	0	0	0	0	0	0	0	0	0	0	0	0	0	0	0	0	0	0	0	0	0	0	0	0	0	0	0	0	0	0	0	0	0	0	0	0	0	0	0	0	0	0	0	0	0	0	0	0	0	0	0	0	0	0	0	0
222.862	0	0	0	0	0	0	0	0	0	0	0	0	0	0	0	0	0	0	0	0	0	0	0	0	0	0	0	0	0	0	0	0	0	0	0	0	0	0	0	0	0	0	0	0	0	0	0	0	0	0	0	0	0	0	0	0	0	0	0	0	0	0	0	0	0	0	0	0	0	0	0	0	0
226.045	0	0	0	0	0	0	0	0	0	0	0	0	0	0	0	0	0	0	0	0	0	0	0	0	0	0	0	0	0	0	0	0	0	0	0	0	0	0	0	0	0	0	0	0	0	0	0	0	0	0	0	0	0	0	0	0	0	0	0	0	0	0	0	0	0	0	0	0	0	0	0	0	0
229.23	0	0	0	0	0	0	0	0	0	0	0	0	0	0	0	0	0	0	0	0	0	0	0	0	0	0	0	0	0	0	0	0	0	0	0	0	0	0	0	0	0	0	0	0	0	0	0	0	0	0	0	0	0	0	0	0	0	0	0	0	0	0	0	0	0	0	0	0	0	0	0	0	0
232.417	0	0	0	0	0	0	0	0	0	0	0	0	0	0	0	0	0	0	0	0	0	0	0	0	0	0	0	0	0	0	0	0	0	0	0	0	0	0	0	0	0	0	0	0	0	0	0	0	0	0	0	0	0	0	0	0	0	0	0	0	0	0	0	0	0	0	0	0	0	0	0	0	0
235.607	0	0	0	0	0	0	0	0	0	0	0	0	0	0	0	0	0	0	0	0	0	0	0	0	0	0	0	0	0	0	0	0	0	0	0	0	0	0	0	0	0	0	0	0	0	0	0	0	0	0	0	0	0	0	0	0	0	0	0	0	0	0	0	0	0	0	0	0	0	0	0	0	0
238.799	0	0	0	0	0	0	0	0	0	0	0	0	0	0	0	0	0	0	0	0	0	0	0	0	0	0	0	0	0	0	0	0	0	0	0	0	0	0	0	0	0	0	0	0	0	0	0	0	0	0	0	0	0	0	0	0	0	0	0	0	0	0	0	0	0	0	0	0	0	0	0	0	0
241.993	0	0	0	0	0	0	0	0	0	0	0	0	0	0	0	0	0	0	0	0	0	0	0	0	0	0	0	0	0	0	0	0	0	0	0	0	0	0	0	0	0	0	0	0	0	0	0	0	0	0	0	0	0	0	0	0	0	0	0	0	0	0	0	0	0	0	0	0	0	0	0	0	0
245.19	0	0	0	0	0	0	0	0	0	0	0	0	0	0	0	0	0	0	0	0	0	0	0	0	0	0	0	0	0	0	0	0	0	0	0	0	0	0	0	0	0	0	0	0	0	0	0	0	0	0	0	0	0	0	0	0	0	0	0	0	0	0	0	0	0	0	0	0	0	0	0	0	0
248.388	0	0	0	0	0	0	0	0	0	0	0	0	0	0	0	0	0	0	0	0	0	0	0	0	0	0	0	0	0	0	0	0	0	0	0	0	0	0	0	0	0	0	0	0	0	0	0	0	0	0	0	0	0	0	0	0	0	0	0	0	0	0	0	0	0	0	0	0	0	0	0	0	0
251.589	0	0	0	0	0	0	0	0	0	0	0	0	0	0	0	0	0	0	0	0	0	0	0	0	0	0	0	0	0	0	0	0	0	0	0	0	0	0	0	0	0	0	0	0	0	0	0	0	0	0	0	0	0	0	0	0	0	0	0	0	0	0	0	0	0	0	0	0	0	0	0	0	1405.51192506875
254.793	0	0	0	0	0	0	0	0	0	0	0	0	0	0	0	0	0	0	0	0	0	0	0	0	0	0	0	0	0	0	0	0	0	0	0	0	0	0	0	0	0	0	0	0	0	0	0	0	0	0	0	0	0	0	0	0	0	0	0	0	0	0	0	0	0	0	0	0	0	0	0	0	10.6299356153765
257.998	0	0	0	0	0	0	0	0	0	0	0	0	0	0	0	0	0	0	0	0	0	0	0	0	0	0	0	0	0	0	0	0	0	0	0	0	0	0	0	0	0	0	0	0	0	0	0	0	0	0	0	0	0	0	0	0	0	0	0	0	0	0	0	0	0	0	0	0	0	0	0	588.123383921846	7.19692108774866
261.205	0	0	0	0	0	0	0	0	0	0	0	0	0	0	0	0	0	0	0	0	0	0	0	0	0	0	0	0	0	0	0	0	0	0	0	0	0	0	0	0	0	0	0	0	0	0	0	0	0	0	0	0	0	0	0	0	0	0	0	0	0	0	0	0	0	0	0	0	0	0	3349.09094295596	68.1197507033107	-219.40656419488
264.415	0	0	0	0	0	0	0	0	0	0	0	0	0	0	0	0	0	0	0	0	0	0	0	0	0	0	0	0	0	0	0	0	0	0	0	0	0	0	0	0	0	0	0	0	0	0	0	0	0	0	0	0	0	0	0	0	0	0	0	0	0	0	0	0	0	0	0	0	0	0	84.5521016391613	-137.900986354805	-448.557397394038
267.627	0	0	0	0	0	0	0	0	0	0	0	0	0	0	0	0	0	0	0	0	0	0	0	0	0	0	0	0	0	0	0	0	0	0	0	0	0	0	0	0	0	0	0	0	0	0	0	0	0	0	0	0	0	0	0	0	0	0	0	0	0	0	0	0	0	0	0	0	0	1457.82623983311	112.544051395922	-78.4561749677389	-595.56503217579
270.841	0	0	0	0	0	0	0	0	0	0	0	0	0	0	0	0	0	0	0	0	0	0	0	0	0	0	0	0	0	0	0	0	0	0	0	0	0	0	0	0	0	0	0	0	0	0	0	0	0	0	0	0	0	0	0	0	0	0	0	0	0	0	0	0	0	0	0	0	5432.38085190608	66.4164827624376	-60.3877631775827	-223.661158582785	-294.360489828578
274.057	0	0	0	0	0	0	0	0	0	0	0	0	0	0	0	0	0	0	0	0	0	0	0	0	0	0	0	0	0	0	0	0	0	0	0	0	0	0	0	0	0	0	0	0	0	0	0	0	0	0	0	0	0	0	0	0	0	0	0	0	0	0	0	0	0	0	0	0	445.022238983797	175.475130982785	136.072209930524	-274.743433192042	261.951997768961
277.275	0	0	0	0	0	0	0	0	0	0	0	0	0	0	0	0	0	0	0	0	0	0	0	0	0	0	0	0	0	0	0	0	0	0	0	0	0	0	0	0	0	0	0	0	0	0	0	0	0	0	0	0	0	0	0	0	0	0	0	0	0	0	0	0	0	0	0	2561.47238565147	159.105804268923	24.5730659760667	-164.868648281176	-90.8004161912677	120.094357274756
280.496	0	0	0	0	0	0	0	0	0	0	0	0	0	0	0	0	0	0	0	0	0	0	0	0	0	0	0	0	0	0	0	0	0	0	0	0	0	0	0	0	0	0	0	0	0	0	0	0	0	0	0	0	0	0	0	0	0	0	0	0	0	0	0	0	0	0	6829.29275589587	163.698510906242	4.95424967895374	-30.3867572458142	-343.663199385979	-119.917773277736	-82.1240023543449
283.718	0	0	0	0	0	0	0	0	0	0	0	0	0	0	0	0	0	0	0	0	0	0	0	0	0	0	0	0	0	0	0	0	0	0	0	0	0	0	0	0	0	0	0	0	0	0	0	0	0	0	0	0	0	0	0	0	0	0	0	0	0	0	0	0	0	0	847.514855720516	160.854676862708	132.523882878502	-175.791700449546	58.5983744984876	297.514517145703	253.391096340769
286.942	0	0	0	0	0	0	0	0	0	0	0	0	0	0	0	0	0	0	0	0	0	0	0	0	0	0	0	0	0	0	0	0	0	0	0	0	0	0	0	0	0	0	0	0	0	0	0	0	0	0	0	0	0	0	0	0	0	0	0	0	0	0	0	0	0	2875.90267718727	172.339039312116	122.236913184446	36.7680919572822	-11.8268360317649	-60.8410401027459	120.401385110546	32.9436831358182
290.169	0	0	0	0	0	0	0	0	0	0	0	0	0	0	0	0	0	0	0	0	0	0	0	0	0	0	0	0	0	0	0	0	0	0	0	0	0	0	0	0	0	0	0	0	0	0	0	0	0	0	0	0	0	0	0	0	0	0	0	0	0	0	0	0	6244.56826651501	302.312445598654	259.950250899219	260.793435870675	-1.03622266928763	132.562915271904	219.83542768821	288.930827870542	266.057034235038
293.397	0	0	0	0	0	0	0	0	0	0	0	0	0	0	0	0	0	0	0	0	0	0	0	0	0	0	0	0	0	0	0	0	0	0	0	0	0	0	0	0	0	0	0	0	0	0	0	0	0	0	0	0	0	0	0	0	0	0	0	0	0	0	0	0	887.788310537602	201.827583688715	234.644012881848	124.634823203571	38.520888465766	107.660018001518	122.453576702094	42.8778582220872	53.8438086898389
296.628	0	0	0	0	0	0	0	0	0	0	0	0	0	0	0	0	0	0	0	0	0	0	0	0	0	0	0	0	0	0	0	0	0	0	0	0	0	0	0	0	0	0	0	0	0	0	0	0	0	0	0	0	0	0	0	0	0	0	0	0	0	0	0	2841.12119530885	286.459118675352	375.45704342721	356.383337743936	218.173320850611	153.075909031169	249.976664444221	308.727804141302	259.673389062231	123.896379905907
299.86	0	0	0	0	0	0	0	0	0	0	0	0	0	0	0	0	0	0	0	0	0	0	0	0	0	0	0	0	0	0	0	0	0	0	0	0	0	0	0	0	0	0	0	0	0	0	0	0	0	0	0	0	0	0	0	0	0	0	0	0	0	0	0	325.464468214425	273.118230067338	334.637536182991	290.811223236797	188.459987881637	198.345562678776	173.251886846062	136.871060393972	387.624690424993	158.765691513201
303.095	0	0	0	0	0	0	0	0	0	0	0	0	0	0	0	0	0	0	0	0	0	0	0	0	0	0	0	0	0	0	0	0	0	0	0	0	0	0	0	0	0	0	0	0	0	0	0	0	0	0	0	0	0	0	0	0	0	0	0	0	0	0	1121.85557171787	253.851981577896	387.671773271557	412.208302790279	328.310617407014	274.614888136462	252.454596293964	286.330557029037	267.913220032569	189.866989321496	263.45051278393
306.331	0	0	0	0	0	0	0	0	0	0	0	0	0	0	0	0	0	0	0	0	0	0	0	0	0	0	0	0	0	0	0	0	0	0	0	0	0	0	0	0	0	0	0	0	0	0	0	0	0	0	0	0	0	0	0	0	0	0	0	0	0	3103.93967281401	184.104676370961	294.99329148747	443.466673044037	447.236325361405	408.128507145421	455.136061913723	370.079147592642	292.23554703344	354.345322028906	347.83041534225	320.924064204537
309.569	0	0	0	0	0	0	0	0	0	0	0	0	0	0	0	0	0	0	0	0	0	0	0	0	0	0	0	0	0	0	0	0	0	0	0	0	0	0	0	0	0	0	0	0	0	0	0	0	0	0	0	0	0	0	0	0	0	0	0	0	0	364.436713274986	203.150682390061	337.717240009097	434.64310564183	456.379527244594	431.967689711907	444.297163327862	456.420413781494	350.286365802221	288.263745091784	242.446584195016	436.924764952634
312.81	0	0	0	0	0	0	0	0	0	0	0	0	0	0	0	0	0	0	0	0	0	0	0	0	0	0	0	0	0	0	0	0	0	0	0	0	0	0	0	0	0	0	0	0	0	0	0	0	0	0	0	0	0	0	0	0	0	0	0	0	1443.54827320334	193.036589201519	276.80125529571	409.615237193106	482.859573170759	510.557749979061	563.818720290059	509.325883141065	435.458841959963	355.78724706751	342.191453246012	483.209595736947	267.165973694371
316.052	0	0	0	0	0	0	0	0	0	0	0	0	0	0	0	0	0	0	0	0	0	0	0	0	0	0	0	0	0	0	0	0	0	0	0	0	0	0	0	0	0	0	0	0	0	0	0	0	0	0	0	0	0	0	0	0	0	0	0	3795.48096567634	297.93140221299	315.093816732118	397.794999298247	498.988256887832	538.856721331081	653.998988625536	644.078657561893	499.635782220738	479.864879381589	416.025142422032	458.669528490223	557.83799397042	563.246265429814
319.296	0	0	0	0	0	0	0	0	0	0	0	0	0	0	0	0	0	0	0	0	0	0	0	0	0	0	0	0	0	0	0	0	0	0	0	0	0	0	0	0	0	0	0	0	0	0	0	0	0	0	0	0	0	0	0	0	0	0	0	733.593545846163	499.65831937739	549.766201847393	612.612598429914	690.324951498442	752.704374174217	759.727238052091	751.620022238688	670.824978707081	585.898647027263	508.836800137429	551.310297876973	511.209341356479	542.603348863556
322.542	0	0	0	0	0	0	0	0	0	0	0	0	0	0	0	0	0	0	0	0	0	0	0	0	0	0	0	0	0	0	0	0	0	0	0	0	0	0	0	0	0	0	0	0	0	0	0	0	0	0	0	0	0	0	0	0	0	0	2159.05537682172	541.807709283743	692.273121925707	769.431151858316	833.081865440134	883.375640770517	929.596606824648	871.669370396645	794.725300250852	710.555475781147	621.627465106558	471.525062949107	490.486824367246	588.525682294001	515.297912916869
325.79	0	0	0	0	0	0	0	0	0	0	0	0	0	0	0	0	0	0	0	0	0	0	0	0	0	0	0	0	0	0	0	0	0	0	0	0	0	0	0	0	0	0	0	0	0	0	0	0	0	0	0	0	0	0	0	0	0	5273.28142417509	546.746176396761	644.737940642469	838.030459608956	945.091631256002	993.663729579906	1019.92109607333	1042.09381521792	994.398612938865	897.93828060142	753.202086372823	694.314609779174	599.65281978488	483.294764378749	826.628956369449	802.636609312729
329.039	0	0	0	0	0	0	0	0	0	0	0	0	0	0	0	0	0	0	0	0	0	0	0	0	0	0	0	0	0	0	0	0	0	0	0	0	0	0	0	0	0	0	0	0	0	0	0	0	0	0	0	0	0	0	0	0	0	828.762697419897	585.072160282092	704.870838650713	909.61954865012	1014.67407351593	1083.15096695196	1130.31109206077	1152.495852826	1085.20273953049	987.738443353718	878.775409221754	743.482930039223	708.143657775577	703.237369797321	1104.4923870695	1114.02460947041
332.291	0	0	0	0	0	0	0	0	0	0	0	0	0	0	0	0	0	0	0	0	0	0	0	0	0	0	0	0	0	0	0	0	0	0	0	0	0	0	0	0	0	0	0	0	0	0	0	0	0	0	0	0	0	0	0	0	4488.25434272829	353.712000336132	636.451357269885	797.14256652862	1031.89901523946	1140.98419248871	1150.97595526269	1202.71363955016	1155.55904993678	1066.24433133714	1046.17642691615	822.304969893582	748.970278173788	717.424281307929	708.462251222295	1080.71714872019	1281.95173414439
335.544	0	0	0	0	0	0	0	0	0	0	0	0	0	0	0	0	0	0	0	0	0	0	0	0	0	0	0	0	0	0	0	0	0	0	0	0	0	0	0	0	0	0	0	0	0	0	0	0	0	0	0	0	0	0	0	7871.9170584982	274.843258234327	347.257124971242	712.524792314276	926.191565604482	1158.78854177172	1294.64196504289	1321.43794149229	1322.51406160756	1259.26849125102	1152.94464725836	1087.6650115722	1004.56065141915	881.546906945727	794.740588589018	836.936813825898	862.491242903077	909.620745250451
338.799	0	0	0	0	0	0	0	0	0	0	0	0	0	0	0	0	0	0	0	0	0	0	0	0	0	0	0	0	0	0	0	0	0	0	0	0	0	0	0	0	0	0	0	0	0	0	0	0	0	0	0	0	0	0	0	1081.43042270913	165.549459749113	424.363268890914	774.98352804054	994.864597707077	1262.10147222693	1399.50857215161	1430.45872618998	1420.63712561435	1286.09581839984	1121.69267865458	1010.95698422426	886.7549766597	863.685888717916	598.992575612501	703.376845005688	910.788585513483	1160.36737650481
342.056	0	0	0	0	0	0	0	0	0	0	0	0	0	0	0	0	0	0	0	0	0	0	0	0	0	0	0	0	0	0	0	0	0	0	0	0	0	0	0	0	0	0	0	0	0	0	0	0	0	0	0	0	0	0	1699.74862037848	114.259773538689	172.018004439571	429.03470357929	796.072937555905	1039.18544800885	1269.0948799073	1453.54897421977	1464.30648143604	1449.95636659763	1290.92786229563	1178.0846535644	1041.05895242454	995.441228781795	900.548651932036	810.723293284141	753.15558795757	1052.69050444945	1256.09866908316
345.315	0	0	0	0	0	0	0	0	0	0	0	0	0	0	0	0	0	0	0	0	0	0	0	0	0	0	0	0	0	0	0	0	0	0	0	0	0	0	0	0	0	0	0	0	0	0	0	0	0	0	0	0	0	3435.86676892684	159.662862331253	114.863207606596	193.408864837192	435.537534220611	804.255001375223	998.066438193724	1262.24909550201	1427.86027204801	1413.46079537188	1384.54769310138	1258.13103319916	1155.31495331897	1051.50334553951	866.167831045308	844.125422134481	743.334973317856	797.424748327446	1310.62471242929	1459.94271912752
348.575	0	0	0	0	0	0	0	0	0	0	0	0	0	0	0	0	0	0	0	0	0	0	0	0	0	0	0	0	0	0	0	0	0	0	0	0	0	0	0	0	0	0	0	0	0	0	0	0	0	0	0	0	0	582.402779995135	91.3186560553526	132.527162435245	223.413189539525	468.651266093696	822.228882530798	965.365089397032	1255.84925302432	1357.47173451813	1374.63215214334	1335.956842842	1258.03726672915	1073.37190841685	972.83044254473	894.75627138388	780.195588175799	748.064549383632	847.524933244135	1023.82633547464	1243.43856048553
351.838	0	0	0	0	0	0	0	0	0	0	0	0	0	0	0	0	0	0	0	0	0	0	0	0	0	0	0	0	0	0	0	0	0	0	0	0	0	0	0	0	0	0	0	0	0	0	0	0	0	0	0	0	1676.46958730177	96.5348835306764	102.16839663487	150.718936157952	256.102232230077	497.729250932756	840.506340249668	1025.18928355624	1291.18949148355	1387.83550579448	1350.6823031067	1350.85975600668	1212.05576913179	1095.6666150005	1015.91663378352	957.361207484456	878.582012979796	730.296548099584	874.693536534967	1092.1069369763	1097.93907706445
355.101	0	0	0	0	0	0	0	0	0	0	0	0	0	0	0	0	0	0	0	0	0	0	0	0	0	0	0	0	0	0	0	0	0	0	0	0	0	0	0	0	0	0	0	0	0	0	0	0	0	0	0	3320.17886759498	154.76546124696	67.5668617847311	103.067035071826	154.380138543194	230.038641854662	479.895397972463	807.308612178977	1033.85881903791	1237.85667168383	1374.46501203275	1320.05285296108	1243.0250441443	1173.06098978624	997.755874034048	857.49718320676	769.076941684369	731.215834781166	613.915537155348	622.11562157603	945.457221671603	1020.19705041259
358.367	0	0	0	0	0	0	0	0	0	0	0	0	0	0	0	0	0	0	0	0	0	0	0	0	0	0	0	0	0	0	0	0	0	0	0	0	0	0	0	0	0	0	0	0	0	0	0	0	0	0	0	617.34730357881	73.6775734231082	107.460730753364	153.879718377437	197.713437206772	291.67005492772	514.152715694051	823.954190539983	993.378361818031	1220.6661781504	1345.58911972794	1301.07257249609	1267.17695011733	1099.6587426123	1043.21067254693	959.365517757348	867.551618689842	821.152865136124	812.80222635134	826.566280759223	999.013692787333	1271.02351551231
361.634	0	0	0	0	0	0	0	0	0	0	0	0	0	0	0	0	0	0	0	0	0	0	0	0	0	0	0	0	0	0	0	0	0	0	0	0	0	0	0	0	0	0	0	0	0	0	0	0	0	0	1697.54374243451	70.8722996685533	87.0807261998799	120.020640663241	179.615856392192	227.588562447871	314.507047944875	529.063467716805	820.309155368312	985.839383155885	1165.56215439556	1225.4235900454	1188.44424150974	1138.62508512337	1037.04728290948	897.654197645007	879.087408829173	756.980037976377	738.166492777221	712.952644101391	815.983905390431	1048.62070619886	1032.05587425107
364.903	0	0	0	0	0	0	0	0	0	0	0	0	0	0	0	0	0	0	0	0	0	0	0	0	0	0	0	0	0	0	0	0	0	0	0	0	0	0	0	0	0	0	0	0	0	0	0	0	0	0	198.699496492153	80.3848025918896	105.934678476606	171.420854117902	201.92380461049	275.028200973807	355.134020953851	547.255653489486	807.218464108194	957.82739333087	1098.03022058803	1187.95349798619	1160.13857281114	1083.89477277535	1032.40806111919	920.53363825042	839.07781385426	786.358592042771	784.380146324404	724.758116974882	813.737148055112	972.356414061582	1029.30739273417
368.174	0	0	0	0	0	0	0	0	0	0	0	0	0	0	0	0	0	0	0	0	0	0	0	0	0	0	0	0	0	0	0	0	0	0	0	0	0	0	0	0	0	0	0	0	0	0	0	0	0	706.057485232543	69.2612660071062	90.5372526993901	129.62503688747	174.312436772091	225.229132621588	301.93043285194	392.197957150366	597.90499073378	809.169757668688	944.396292642005	1081.35681408223	1132.77710632845	1077.03405502831	1081.94046757932	982.142692439276	891.403021766417	835.358366392907	794.661789589388	842.458597568985	708.745062658391	739.212097402706	1044.25823389469	1082.14503802222
371.446	0	0	0	0	0	0	0	0	0	0	0	0	0	0	0	0	0	0	0	0	0	0	0	0	0	0	0	0	0	0	0	0	0	0	0	0	0	0	0	0	0	0	0	0	0	0	0	0	2027.18484388208	66.0212190208339	93.9202551711391	121.005510936291	162.326368546828	217.82613498563	283.801426494114	344.369152831172	390.973408204154	598.232857765367	791.829719694031	940.53680409322	1053.31767633387	1082.26935532378	1066.04879726827	1040.44840103221	929.344838426176	844.569185151962	784.776331852412	758.58855698215	768.663418795367	727.628712454511	745.600320833498	923.708194460338	1038.50345352494
374.719	0	0	0	0	0	0	0	0	0	0	0	0	0	0	0	0	0	0	0	0	0	0	0	0	0	0	0	0	0	0	0	0	0	0	0	0	0	0	0	0	0	0	0	0	0	0	0	0	210.641245040215	73.3126381553436	94.8674735388415	134.058767509808	200.16760639173	262.856656155559	299.637409860284	380.102167738911	481.725190020226	641.983464818649	824.446853184395	957.031965155318	1060.00987424468	1094.95072795364	1060.04325534462	988.108750410098	912.379107460768	866.619659401646	799.151933391556	796.153860626772	746.884855367175	802.015750684757	766.327149220695	1004.40953128213	1143.43736475278
377.995	0	0	0	0	0	0	0	0	0	0	0	0	0	0	0	0	0	0	0	0	0	0	0	0	0	0	0	0	0	0	0	0	0	0	0	0	0	0	0	0	0	0	0	0	0	0	0	862.471862012959	87.7938365441072	93.2524794460851	140.381208852109	180.83997157871	234.122048324691	298.861481796041	351.995313195346	425.592662129431	541.889100019159	677.757084551763	816.960614089541	931.994105520586	1020.00284298334	1068.65921783092	1023.47885013107	961.605545400826	935.101302128874	855.273810305652	812.484910705443	767.190993787888	798.889242551212	847.806094016657	917.32021350586	1008.29133075218	1325.92309814345
381.272	0	0	0	0	0	0	0	0	0	0	0	0	0	0	0	0	0	0	0	0	0	0	0	0	0	0	0	0	0	0	0	0	0	0	0	0	0	0	0	0	0	0	0	0	0	0	2070.98341457921	79.1293399142291	77.2498894800924	117.309655571898	164.527944721836	209.169796882694	252.42367010769	355.309787407015	381.441004308699	481.20618219946	557.204703501884	668.836005150274	844.202313553596	913.505144692599	1008.60882260039	1043.75389987477	982.194693345792	966.525744602749	902.319349506599	818.564404632458	848.759057361705	810.249084020832	808.659408263926	808.126935898152	974.627462618193	1034.61060407034	1119.00255526704
384.55	0	0	0	0	0	0	0	0	0	0	0	0	0	0	0	0	0	0	0	0	0	0	0	0	0	0	0	0	0	0	0	0	0	0	0	0	0	0	0	0	0	0	0	0	0	0	268.591551341849	63.8032101629229	108.888290979306	148.569033874784	177.944247315214	239.086096152922	306.675274662802	367.87176638523	428.634595113236	488.87240362119	595.626957490587	713.16642259004	843.130999725523	917.6917963512	1006.7985162939	980.871337746092	961.037523070058	971.355683018088	873.812932610375	836.015139266831	784.276407336932	840.46296858148	856.541694553925	859.512562933116	1021.87783813457	1139.99576496237	1347.10781861381
387.83	0	0	0	0	0	0	0	0	0	0	0	0	0	0	0	0	0	0	0	0	0	0	0	0	0	0	0	0	0	0	0	0	0	0	0	0	0	0	0	0	0	0	0	0	0	861.553288575666	64.2350102225814	87.4155375676482	126.410399752891	166.427124332613	233.259207033116	280.589393581619	317.104298428475	394.446707234119	470.32490163108	535.67734659487	595.287345847508	710.80546502327	814.310723893516	913.038731748609	978.027879405561	1007.09644873249	957.91946910076	889.213543468538	859.119637907047	855.05763127759	751.968782277746	765.442220629997	834.025748938965	906.926100551269	981.391697643828	1316.87884877159	1152.16146124429
391.112	0	0	0	0	0	0	0	0	0	0	0	0	0	0	0	0	0	0	0	0	0	0	0	0	0	0	0	0	0	0	0	0	0	0	0	0	0	0	0	0	0	0	0	0	2088.69750391689	102.107928113025	82.8882358029324	91.338124436895	166.451323662309	183.241224722139	242.734848225073	301.073226692807	354.955680597655	417.68474914608	498.222807484108	545.024440746396	629.24104827129	740.992667833623	850.345288378104	911.06522755323	963.320216298381	960.503767586235	916.167579636509	909.601852462243	848.872179441816	836.395292688105	827.09633119675	845.51398920461	870.885854520402	940.520648926831	1101.74905071491	1370.24459369964	1476.15848597174
394.395	0	0	0	0	0	0	0	0	0	0	0	0	0	0	0	0	0	0	0	0	0	0	0	0	0	0	0	0	0	0	0	0	0	0	0	0	0	0	0	0	0	0	0	0	267.945047244342	31.9351840670908	63.0723401895263	109.321560320887	166.550056450645	189.869334848277	272.818830151569	309.848563258544	376.5941507512	451.205342644226	524.433649029827	575.303352085027	658.336019617398	721.64760225564	823.577764881529	856.418767154728	902.789634457244	901.572996959193	869.395699372948	826.138963862415	792.547098397124	753.254508742011	725.940207938011	729.586759428126	774.432451244915	857.622261988813	910.506874867437	1067.28798330631	1223.08317609313
397.679	0	0	0	0	0	0	0	0	0	0	0	0	0	0	0	0	0	0	0	0	0	0	0	0	0	0	0	0	0	0	0	0	0	0	0	0	0	0	0	0	0	0	0	1021.04246279659	68.3059059628609	87.4468211776316	100.464761488543	134.919279845156	201.172744015395	247.436546391359	296.900470498656	361.738085006999	450.81939342754	515.064180530379	558.411696168807	619.625861033841	687.026198491942	749.729933264938	863.93741230659	877.935259923092	928.845607941017	906.992790363457	903.405185690086	862.952179867976	826.02075298204	795.109021693653	832.100651493313	892.778758076339	992.313005923072	917.53133744769	1075.22042471321	1298.08691555049	1325.6545478033
400.965	0	0	0	0	0	0	0	0	0	0	0	0	0	0	0	0	0	0	0	0	0	0	0	0	0	0	0	0	0	0	0	0	0	0	0	0	0	0	0	0	0	0	2549.93036442476	91.6858191623499	43.5243832117023	77.4935763236061	106.150632280699	157.892836983514	205.647063983525	269.297445422936	332.841083825632	370.203145885112	438.784812414266	513.429164498337	559.849192703111	647.446430044928	689.809184031775	731.577122563387	842.104538761507	880.101926478849	895.342168734183	899.331110634123	830.94290419254	807.318277171257	786.697650738312	766.250949781867	733.369234619976	790.710523501127	907.552711366682	878.83454250527	1000.2180674854	1196.25451132667	1264.51793239434
404.253	0	0	0	0	0	0	0	0	0	0	0	0	0	0	0	0	0	0	0	0	0	0	0	0	0	0	0	0	0	0	0	0	0	0	0	0	0	0	0	0	0	0	357.560401369831	62.7684380259994	66.3584736244504	101.114024642182	133.460285605659	184.199622814238	247.483165562798	309.184740971795	354.325748177258	423.647708580367	494.021449755175	538.809578433561	590.454331092805	664.753159311524	697.076759999348	755.14057035813	843.235308807054	881.553927191602	875.576296285905	870.882509009316	876.89984080602	826.895127610644	765.979913236262	800.092929603785	796.870161958244	857.195858731597	917.914763380389	1019.16414268216	1027.76671875029	1280.04120433059	1375.10500451331
407.542	0	0	0	0	0	0	0	0	0	0	0	0	0	0	0	0	0	0	0	0	0	0	0	0	0	0	0	0	0	0	0	0	0	0	0	0	0	0	0	0	0	1110.58981990238	45.644321774495	63.9410858562644	79.7307006489067	117.187556366153	150.103364369608	212.219673969532	272.39281672353	322.42195455009	380.973960461433	457.668368457275	505.516459579707	546.139623443613	601.685824805519	653.05063600302	717.636124650943	749.111422945503	821.314777230059	840.52411397861	866.171385923573	854.627718002461	829.280948634159	801.355564683439	774.444678728988	740.466745068102	802.561666728437	804.27484000849	879.466686734598	976.905542401986	1124.61227641251	1247.26994612172	1261.64673635541
410.832	0	0	0	0	0	0	0	0	0	0	0	0	0	0	0	0	0	0	0	0	0	0	0	0	0	0	0	0	0	0	0	0	0	0	0	0	0	0	0	0	2297.58168842904	77.1715128717335	41.5343555426671	74.9264572016941	87.618659185409	125.949757903792	161.432913139821	221.662987843245	287.046944483105	332.83153836226	433.060214651612	474.854864914263	522.28391004457	588.728758917199	625.357387630292	665.67771503507	708.237398167529	757.6322149207	816.755067733533	823.829515221715	841.148678736927	824.197408429741	809.69181305403	767.007987767049	764.827832176325	746.457008767296	804.957330080345	854.617241171092	924.007151505065	1042.81654140131	1160.47132303963	1179.66406785934	1317.88796197311
414.124	0	0	0	0	0	0	0	0	0	0	0	0	0	0	0	0	0	0	0	0	0	0	0	0	0	0	0	0	0	0	0	0	0	0	0	0	0	0	0	0	355.473270671625	69.3389049802956	68.3527121671808	100.262342988803	117.59279276636	154.621978955241	203.888897567037	244.136472450611	328.710524379111	375.89222194986	455.754729959001	493.362617943219	540.236140540184	586.044395980681	637.033511506745	662.357130257802	745.251369377213	768.598218903259	822.851164224946	837.77054207538	833.198828412	835.020007603806	786.522467506038	815.007775251044	792.359901279318	807.17989650344	846.251137546367	906.009524366209	985.414643170842	980.669909950561	1218.6533738889	1278.7334132821	1449.13971945909
417.417	0	0	0	0	0	0	0	0	0	0	0	0	0	0	0	0	0	0	0	0	0	0	0	0	0	0	0	0	0	0	0	0	0	0	0	0	0	0	0	1089.15876317573	49.351839625701	30.064256904628	77.7154180376097	102.357384708869	114.484044899964	155.744321040219	203.060085064755	273.284457729963	334.147299230248	408.053610222032	466.854134440047	500.552990911254	547.408032517723	604.055343448541	636.880525005042	667.808712526593	698.591434784975	757.927976054706	785.886265533139	805.922249520643	801.086538244482	793.281466273741	779.273077210381	779.311592562708	726.337626970412	768.744629099869	778.605071853462	835.791910785416	907.370255088419	1001.47565805844	1152.9910670676	1250.7221842934	1161.32745630646
420.711	0	0	0	0	0	0	0	0	0	0	0	0	0	0	0	0	0	0	0	0	0	0	0	0	0	0	0	0	0	0	0	0	0	0	0	0	0	0	2482.91208447566	89.2082315818999	35.4038885557889	47.1757430629106	69.4221870483079	99.7747840308087	146.907989151752	190.181373360477	219.593472366912	297.194389564698	343.814873175701	425.192501571663	467.826391701112	498.833739719449	552.901618659866	591.371390656074	640.354760165434	665.697938395147	721.40149947921	727.661449478014	779.922815711576	787.548116904068	805.421379238	775.581797042185	761.505817909653	731.693312723772	756.411336287993	810.087166501917	860.354223923019	896.097046475924	976.980795272977	1089.62705152364	1044.62508580995	1260.75829051881	1455.07491503265
424.007	0	0	0	0	0	0	0	0	0	0	0	0	0	0	0	0	0	0	0	0	0	0	0	0	0	0	0	0	0	0	0	0	0	0	0	0	0	0	430.168027764801	51.7113955654726	40.8343339177786	66.9724140024814	94.7928181330233	137.196646473932	160.856300924272	209.754779401888	255.929228519779	317.078946385702	385.085293965919	423.605259742521	491.71138465658	533.838264930445	569.712904217488	624.988439089449	655.087232920095	676.17860760682	723.034814653349	739.579224181729	760.384291622976	776.995461231936	778.572945789639	740.224252550174	740.96342254801	750.198015573649	759.228261434609	739.504583635653	805.59604194714	950.10831410094	925.425143746147	1110.40588771545	1173.68702982107	1179.29295851575	1338.77524305588
427.304	0	0	0	0	0	0	0	0	0	0	0	0	0	0	0	0	0	0	0	0	0	0	0	0	0	0	0	0	0	0	0	0	0	0	0	0	0	1149.35624500952	45.9968433443414	35.0975582483293	51.6471769138134	61.435423330959	92.8802681757248	131.690402175275	164.883336484903	210.6352623206	261.796294245594	315.155530942799	391.178137206273	452.363013532324	495.912568224764	538.360285730068	585.333336564907	620.943995546497	630.634861409945	660.927833805194	690.487275051301	739.81623337594	746.521065973481	762.061350708243	729.256626680735	749.574964334577	714.005749258472	707.366725661035	746.281467310905	795.381164058369	832.135437101592	914.724757928718	1015.07876045677	1058.00688947402	1182.33667325689	1252.04210920339	1246.44138259152
430.602	0	0	0	0	0	0	0	0	0	0	0	0	0	0	0	0	0	0	0	0	0	0	0	0	0	0	0	0	0	0	0	0	0	0	0	0	1976.23067943177	99.9423332268104	39.2325300131801	49.4435635000908	79.304858327873	108.004047058762	143.249895865109	158.453287344099	190.358445318358	251.484707841636	281.940662245938	336.107126318525	414.683439722331	476.382508531319	515.49616744658	560.735867131767	591.627993055261	612.113233034011	652.342774666492	653.77536425253	685.786187803609	720.41336230875	728.511784317117	758.806020506587	754.954046349235	753.931345350274	718.704630774173	734.357120552385	762.641428759546	741.323335046734	836.952580066106	926.030346602128	1024.34613627147	1075.26974832051	1152.42965465435	1281.35620150338	1458.92859604585
433.902	0	0	0	0	0	0	0	0	0	0	0	0	0	0	0	0	0	0	0	0	0	0	0	0	0	0	0	0	0	0	0	0	0	0	0	0	318.273723808051	27.5086831760141	29.5789795342299	54.1156140065472	64.6854349439174	81.3541239120766	117.730442480032	171.273259383282	189.710021709388	240.362224203698	273.031254041383	350.330284136894	431.722451091218	466.057677121689	516.409635098708	550.187253188935	577.598667182052	587.681372480078	633.228336720851	652.031689386982	675.775190277095	712.775387927474	697.259634364659	710.292287004933	716.770928262228	729.6952726789	689.802694831479	676.780712432102	687.99180122522	755.975188891699	807.537438198035	905.296351342403	902.773405481693	1085.33849137081	1129.70774024444	1272.23693632214	1221.6444961215
437.202	0	0	0	0	0	0	0	0	0	0	0	0	0	0	0	0	0	0	0	0	0	0	0	0	0	0	0	0	0	0	0	0	0	0	0	799.41534914545	30.9057869955454	26.4373297971251	60.7510313821697	61.6397430737657	87.2886133699581	113.47061655936	160.336246169421	195.995375213855	222.185430326699	275.254214559074	308.130275229777	371.723985077222	426.155101871487	494.610052674147	510.714630900276	557.285744891014	584.264493430943	611.977097682105	637.556479630593	646.308853596035	678.609602002071	708.656145746189	711.009744244553	728.641393223173	708.834112714154	677.13670278603	708.910060919194	695.165306351112	756.541083888732	780.025497653037	884.040750703972	957.507957498178	1053.77609907553	1155.2584866737	1321.81665215875	1366.14854200167	1332.4907486345
440.505	0	0	0	0	0	0	0	0	0	0	0	0	0	0	0	0	0	0	0	0	0	0	0	0	0	0	0	0	0	0	0	0	0	0	1494.14166985554	63.3368567873487	28.4149882018152	37.7147534376361	64.0878121015157	72.5220356793011	100.497340487189	107.588228423251	147.720844227344	191.667627440995	227.127296057654	268.396167061403	330.900909164654	374.923978913186	429.197017242171	478.584167776821	540.913095421137	555.063635487256	573.371459836021	602.114396619404	622.485226732122	642.764256771161	652.635925338403	673.503005632523	682.740909516307	703.604791351724	678.140507832435	652.797251390997	645.282025649445	683.168607813855	692.672429344511	766.541920218219	816.857336108592	947.223891936553	986.414139484897	1053.40127441658	1225.1276295325	1092.52685496506	1273.91109563413
443.808	0	0	0	0	0	0	0	0	0	0	0	0	0	0	0	0	0	0	0	0	0	0	0	0	0	0	0	0	0	0	0	0	0	0	249.002188605381	43.1171430073386	49.4972515240646	71.6801762662244	81.4147831973918	93.3227225573607	113.15885641201	145.931018074581	166.49800463559	207.049138987245	256.835771714034	292.559802197651	341.331899480845	378.088977279813	432.109610657074	506.81777479404	527.860879180138	554.950246629423	587.584743275565	605.858296839688	623.873951222085	634.839010910348	671.914097205514	678.365685610326	682.896046363406	680.780091360983	661.906458141652	678.29404874757	668.018358300553	674.901331015834	684.192303066228	786.155210245356	848.358711385351	931.139922538979	1017.27142415193	1151.66494701518	1106.63381359792	1254.09976931448	1308.47371801164
447.112	0	0	0	0	0	0	0	0	0	0	0	0	0	0	0	0	0	0	0	0	0	0	0	0	0	0	0	0	0	0	0	0	0	706.657157391004	39.900542602502	35.1200792508263	35.4447732838674	51.2574606562397	75.3840614781565	87.9278357015094	118.729204355921	138.428118474502	187.664843467544	224.56635863648	227.479067149026	281.932362763927	333.203637998092	394.729559686621	466.89028795183	498.335849619225	523.445402423964	553.771744398527	569.870739430826	596.611657303894	611.069640570052	616.574989028502	636.458522238505	638.868590646795	643.255571102412	661.822655457194	640.242365803269	635.198827063539	653.234334332128	648.351131027758	667.583508288948	725.571574191895	810.489503105398	868.42894350641	944.517596678207	1086.22676242688	1220.12618668927	1201.24647530084	1333.24284393803
450.418	0	0	0	0	0	0	0	0	0	0	0	0	0	0	0	0	0	0	0	0	0	0	0	0	0	0	0	0	0	0	0	0	1441.63935627425	53.9037637964514	24.8303396218573	36.5771959608938	51.049237089353	54.4080283721597	64.7720972655575	91.685446405303	123.842602183058	151.41869125048	176.607371302407	213.274380473446	254.906726184914	288.102788842275	335.505173228919	392.94798154752	438.967271770971	488.655823787197	524.735012954431	549.91138461048	561.524627715224	588.21785242124	593.891622820876	603.188549974572	616.653571843613	607.987879501588	626.639394273642	632.364165781254	629.070261862784	620.232000075278	622.472456955447	615.592813272185	618.868047818335	713.200256336624	832.722940516485	887.100950578132	985.422707912218	1071.55685444066	1139.10766744603	1175.80159070009	1254.38817816423
453.725	0	0	0	0	0	0	0	0	0	0	0	0	0	0	0	0	0	0	0	0	0	0	0	0	0	0	0	0	0	0	0	0	227.37285815313	-1.54984897518021	35.7655655737489	30.7485335493187	41.2973760281412	64.067288939222	85.7002780401887	103.648904384183	122.681076201597	160.52889740807	183.868288819636	222.50068823171	249.003259564273	287.825267824784	323.483093427275	375.136080526989	430.441895267552	469.962299728598	482.26249822269	523.572262712436	549.194011103578	549.942154168284	575.750717288772	569.822681734322	591.058256524517	589.66222643272	604.49748785726	578.962062033865	607.342483234733	602.729693016072	571.003339892447	611.725001813989	655.318097204983	700.256520173674	778.33873667074	896.028399415654	515.781681493622	1047.91727292464	1062.01254679951	1111.97342706426	1114.47982480866
457.033	0	0	0	0	0	0	0	0	0	0	0	0	0	0	0	0	0	0	0	0	0	0	0	0	0	0	0	0	0	0	0	573.251894466994	20.2009763597535	22.4915943869563	31.3804338640848	34.7010591561818	59.6876337150914	63.911326331466	94.0763997777443	105.23712302109	133.471202509303	151.509806707345	186.902219443877	202.898078764148	255.224136984782	291.114161699824	333.777361240836	390.108067801692	436.359930348446	460.134663895563	497.420873323643	499.470075456479	533.702956025964	539.204367542072	546.798612590109	577.640385276817	577.648194948958	570.707599897856	578.267957681156	594.110166002318	565.99120178142	577.324880000764	583.107996734018	607.800139961124	611.125299457091	696.387796383976	775.609014779212	869.024572653217	950.858413337251	991.885986216183	971.865047697834	1077.17094353151	1111.91352160892
460.342	0	0	0	0	0	0	0	0	0	0	0	0	0	0	0	0	0	0	0	0	0	0	0	0	0	0	0	0	0	0	1091.76696823229	58.8254231461233	34.9805773373967	35.3878998823216	54.4228430760825	75.7465109368394	76.0998146805353	99.7949170414629	121.1590951553	141.552631124469	161.948247490635	192.450527042029	204.471255150466	249.025420425376	274.740253035772	319.90080675565	346.055048846717	386.589267747692	429.548550557506	469.900396561932	493.878287329325	508.384998298104	534.182066803305	531.458162198314	548.767122480701	557.090467290921	563.610344236094	589.773227301243	581.411664360847	578.769619269061	581.634244518552	576.258134310045	596.072199272243	609.584680418701	656.175023996322	723.72887793629	804.27204803013	902.922271011689	1001.70035373935	1042.06001127026	1112.42725116747	1238.43042755179	0
463.652	0	0	0	0	0	0	0	0	0	0	0	0	0	0	0	0	0	0	0	0	0	0	0	0	0	0	0	0	0	0	169.58672330303	25.3576768494177	37.0838921542599	43.6913848104237	34.8542465021574	54.0202860092553	81.4872887342569	91.8300091100141	110.603154693393	139.19321526607	166.902409452209	176.337651125205	209.83410422346	237.400170624236	255.9143461567	288.599016548727	334.996865676756	397.604153395247	434.921441527454	470.693786771698	470.194997622749	491.175479724412	502.899960430406	510.959597100434	531.142207139717	536.63810972439	532.078252973181	532.993076324878	535.270045783892	555.132635865048	537.497580179752	543.575711705858	566.280578468901	576.867126256825	592.840709772812	651.352141365213	790.315525006909	819.396676252572	849.024702298626	1022.19898999256	996.6239680696	1113.88782639068	0
466.964	0	0	0	0	0	0	0	0	0	0	0	0	0	0	0	0	0	0	0	0	0	0	0	0	0	0	0	0	0	461.418235301443	21.0743078983234	33.897223633708	36.4052265257723	34.7270847791062	53.9895116794027	70.9901550208492	80.9764853624123	112.48523161018	132.243773358809	149.979347145628	158.874242899357	189.443778655781	210.079890954847	246.598206316563	290.800290038098	325.781872193995	333.060345994113	374.543389974746	418.137114467217	440.793875151177	447.792651992941	490.900171464756	489.788359561109	509.386747832138	503.153701512901	518.890870397434	525.115536320951	511.830848697237	554.004765621484	542.83271659581	543.412284687297	526.768393709977	563.92615596831	564.785863475676	623.212438817073	686.605738561084	778.082016702405	816.12066930185	906.695695622013	1022.26073357296	1099.04811166547	1154.8094005877	0
470.276	0	0	0	0	0	0	0	0	0	0	0	0	0	0	0	0	0	0	0	0	0	0	0	0	0	0	0	0	859.966968230365	30.4090333112706	20.6549357863446	20.5138019703642	18.3408958808727	42.8629948400533	49.9376944466744	68.851542624931	83.0667974120336	105.140701949122	122.756546565546	144.714938217157	157.080575511266	184.166610459357	215.919644575623	245.68937682309	254.178786966684	284.273910694847	328.318243565514	370.902702532756	394.208989908759	425.236627641	428.255980595984	448.993009159354	477.987692667239	481.104476147258	474.269077471716	492.5267247706	492.23947642219	487.997215770154	503.471853632925	493.421766842077	510.491735540372	514.31374225141	502.069004573261	546.824769910126	579.253571656505	637.589402510068	676.355053521565	807.753704547396	832.795258557576	915.627445252435	1021.75464632125	0	0
473.59	0	0	0	0	0	0	0	0	0	0	0	0	0	0	0	0	0	0	0	0	0	0	0	0	0	0	0	0	108.969640391913	18.5795293790236	24.1036747617227	32.7275483285088	44.5253852605216	50.2577346182375	50.9822605460858	73.7283845392199	97.2019595094896	105.13578719527	121.739763518517	146.066007315561	173.572722705315	184.387098143748	193.828349927837	246.614693259111	274.155876140513	294.688348123092	317.835893217211	369.227539729212	398.592847578646	413.029560789895	435.155243526915	445.479980016909	454.785726836865	469.818750580747	477.39513405711	480.732898120669	476.474842875669	482.671650300388	485.871533337455	474.645966393139	477.837934401557	498.969665865598	531.633071385733	534.787330006489	548.310647141797	609.934577881856	713.312730574993	781.480105026651	960.213212322208	915.892672585599	905.6877392463	0	0
476.904	0	0	0	0	0	0	0	0	0	0	0	0	0	0	0	0	0	0	0	0	0	0	0	0	0	0	0	326.992970935067	28.5923872718033	27.8166810804559	39.1169544731998	35.3517315966899	57.490546649945	49.6972093024373	84.0209114808666	84.3271356438653	91.4100945366149	113.85056352104	138.876124988584	159.413144945853	154.338117058364	212.780012859586	241.191077610919	251.849591596636	271.471577810217	307.573726850686	313.588487958476	344.889112525997	389.566600590475	419.494110160707	432.611710332889	435.491591541144	445.637308124097	438.417514224417	472.081380889869	461.725716374399	474.927099049594	486.32838450757	493.049409384206	479.075184614106	493.712470222946	487.958178570905	513.016433504294	556.115635758437	581.22612677701	620.883809391552	753.233376902504	830.95271479694	846.186572354659	990.114165746798	979.083510307025	0	0
480.22	0	0	0	0	0	0	0	0	0	0	0	0	0	0	0	0	0	0	0	0	0	0	0	0	0	0	1189.88624647014	22.1056174610367	10.0851053738042	19.5393229835551	24.068020387594	28.0763425619015	34.4180106640398	59.8334189094253	63.9099772355726	76.4802685708138	81.3060935027629	102.209150865389	125.330732074218	140.621807212765	170.580577727508	181.013299004308	206.980345950423	230.962381089745	254.412306916326	266.027265768923	299.820555467495	331.801206747528	381.871633127215	383.417365954956	412.920684473213	429.47728860631	406.152409582092	415.280603596144	441.195397079905	433.906169638835	427.824311545484	428.276423008214	451.9778010876	455.429065415977	461.499150059308	443.359266639763	464.478110491589	473.521511730622	486.771881663344	584.520434211648	628.55157290118	674.39478931375	742.404979709607	855.042635591788	0	0	0
483.536	0	0	0	0	0	0	0	0	0	0	0	0	0	0	0	0	0	0	0	0	0	0	0	0	0	0	161.125885136566	13.3073107545854	14.5542047546815	25.4887918799534	19.086009325973	37.1373855764291	51.9232146016618	50.9031196682757	72.5313647476303	78.0984832940552	92.3466278378243	111.760827256901	141.850333786382	149.896748529271	164.960607117089	189.909492247511	198.498486401478	234.247030143945	258.377113394699	289.632687179003	301.262666858318	325.357866005826	357.999607110936	384.766204848922	376.731581220053	407.610484733464	406.869463256373	410.842766262429	409.173383279708	408.723371854362	429.989168696122	422.71118261705	435.518324205187	442.534181533291	450.801874567606	439.797352911275	442.961926959671	463.017571238403	509.145795137459	548.132103934979	654.405707861057	737.778628759405	754.969858015948	852.554177579845	0	0	0
486.853	0	0	0	0	0	0	0	0	0	0	0	0	0	0	0	0	0	0	0	0	0	0	0	0	0	581.542318548192	7.78399209818244	13.6196770731096	20.079690723265	20.993188995762	33.0308419303558	39.1342248125608	46.3093574426913	66.4031305003774	69.5192239592552	74.469583540755	102.203583738903	118.523403734079	133.832279509397	153.988721281266	164.443318781401	179.394984942658	211.650576934646	231.428581141076	238.790294756793	258.199406844268	281.191485145111	315.59408292502	337.703867039899	359.458323625183	386.163997644254	383.461158488802	386.715559330336	401.193789908601	382.408117449041	405.962283485576	408.227134786369	403.922865834769	397.686152652671	408.359301276457	423.329767310526	421.43861651118	437.976559460034	489.075759074295	532.683581865053	540.16428977185	579.726859416013	683.605807691994	774.413875035394	794.670733226456	0	0	0
490.172	0	0	0	0	0	0	0	0	0	0	0	0	0	0	0	0	0	0	0	0	0	0	0	0	1073.24757553651	24.7455098942755	19.7382427066754	23.7661409526607	19.8385980435556	30.8301890807899	30.5883366283857	44.9037110212358	53.8430738125704	61.5621405199267	70.0923252438047	103.351857493476	116.642062311699	126.783325016076	132.048929789236	140.092794404016	179.797563033176	183.687245698538	199.102090970705	234.63334241859	243.793762932678	279.884693886173	285.167039239373	305.599100850822	343.69827374384	355.407190018838	359.377260093197	376.468424952624	384.163287637879	383.874456592344	376.587046543715	391.041349981643	403.620923393588	400.994754673652	398.253764906016	405.130232078731	405.850938745042	425.398419931054	450.586118802774	458.771581103807	492.692468164779	539.546255829595	609.269784507685	668.4055252112	779.84505059132	0	0	0	0
493.491	0	0	0	0	0	0	0	0	0	0	0	0	0	0	0	0	0	0	0	0	0	0	0	0	149.47514123439	9.57226279430522	14.5766203809517	19.3408251298924	23.4035811772815	22.6073977886408	36.3654504770492	36.6872427483456	53.4711945929035	69.5640923964148	86.2210922410185	79.7142881847843	99.0211444522806	123.889657883958	131.180659356296	154.003114365908	162.636703412796	187.71441265141	223.849582557156	229.367882758599	238.729209680571	255.279312907229	269.785924708727	302.82851232669	345.193916679395	347.088444765034	344.821681277582	349.05208405204	368.083088375646	353.175712921178	375.157422612821	377.746925935671	380.320604539366	370.595625181596	392.605702005326	378.243324280399	395.077074704989	409.422554444031	414.376883154245	451.875610669836	490.258522894222	525.22171239375	567.90334277057	684.247143093782	676.564579133099	0	0	0	0
496.811	0	0	0	0	0	0	0	0	0	0	0	0	0	0	0	0	0	0	0	0	0	0	0	395.54921285793	7.65543820485358	8.6800395021464	5.95472439041003	21.7761636439408	18.0116417093816	27.0829653739869	26.0991298697524	47.8871925536159	42.8907448500752	57.2733764422749	77.3594656357338	89.8184148130838	97.7641869163021	102.329164865378	136.766693692854	142.331087164339	144.264280207983	157.26264399158	192.756432844719	213.665057535015	218.687524482418	248.472891451524	254.807598844272	290.125206797251	317.885886306174	320.309348000811	335.268403673909	325.182464254594	334.906922269831	343.293231933425	347.547820606348	360.592680878995	351.407394743624	356.97921642187	361.411103397901	384.766444188532	364.337977793527	380.655588510024	393.446653145099	405.923437240761	443.735769815233	499.481475231679	581.028661553527	584.874935595027	681.236652837203	0	0	0	0
500.132	0	0	0	0	0	0	0	0	0	0	0	0	0	0	0	0	0	0	0	0	0	0	861.393637656023	23.4932837054963	15.0726948019185	20.9239208597026	14.5785141311997	13.6535319712398	31.9177371789491	36.4387610061284	30.7743567500707	45.855696426901	47.3076499514583	57.2823975025048	82.6871651257716	94.2998547631095	113.668011762852	123.0096386866	148.659632706798	156.138961096156	161.548203060328	194.165178166791	202.488528353348	208.150650931462	228.109398215486	239.384287528493	259.458369505196	271.757519048265	305.475619688234	316.352953925304	304.830091490774	317.582037432637	329.271113038813	331.603684827097	333.266502887719	334.388336915809	341.865192913868	359.340595735	353.784902214383	349.266034506956	374.152024238656	370.399420014268	365.541622053309	415.96550790927	457.818798803018	484.084556702115	558.027404165903	667.432681138072	0	0	0	0	758.239234287331
503.454	0	0	0	0	0	0	0	0	0	0	0	0	0	0	0	0	0	0	0	0	0	0	120.228797149643	20.280818710808	4.63679447970222	18.6880174320486	21.0893208186479	20.0688417728048	25.0575980274028	31.3686830946244	46.9944999248452	45.039364547853	50.7869346741367	74.6323859765573	75.8441994984779	83.7584186279175	103.045619670487	118.844212283088	126.97331855977	152.826885066628	153.399460689421	158.93149075954	193.072578282041	196.233719425978	207.084982544586	220.14148947622	248.01875280656	263.013334709617	291.427176644664	292.870401814149	305.790347988336	302.576526748259	292.487898678186	312.401133788345	317.763716937239	329.686463225366	310.683172231596	315.619011242587	341.524518508289	327.921136802282	332.774578117578	337.850209619948	344.13829040558	364.59869849735	410.124029284162	442.703777067454	498.998500017402	603.323070291153	0	0	0	0	721.374225572736
506.777	0	0	0	0	0	0	0	0	0	0	0	0	0	0	0	0	0	0	0	0	0	437.397348645172	18.7365063803755	9.46759771330901	34.4289069568467	18.8675107050484	27.4028215783598	37.5309569720848	36.9947300149908	42.5221620027571	46.3407489850491	53.1124501799373	69.5540433141221	74.2047954369109	89.4890891928581	112.170540083416	114.684439285222	139.675976248344	139.049116007736	175.518274596443	165.612290921667	176.629402119134	188.481980443007	206.925512156937	210.346942311997	249.871266435627	238.188233416335	261.942314981579	279.248633555255	289.710300818234	291.795421463212	287.768261467452	296.701441201593	295.339599919499	302.728776807513	303.358254435928	311.579822430567	319.207302986595	314.303731472016	320.411065997097	334.58216262519	347.414124703499	377.289131632674	387.739053395886	398.528846224933	462.98296277354	540.417308987005	572.827928636767	0	0	0	0	762.806300142124
510.101	0	0	0	0	0	0	0	0	0	0	0	0	0	0	0	0	0	0	0	0	784.197160787162	16.2606850309372	-0.296499159149636	5.46779491258627	2.6188998639281	11.5824945167436	17.2122016260779	21.4589035980077	23.1857222662761	29.1042947028297	35.9511695710785	42.2241058726651	48.9800588637371	70.5110807105527	78.8384042946328	74.8388154582896	97.2319574962869	105.276643606693	107.99612159054	129.695512287856	126.660766660345	154.726445401506	172.907331806404	185.148356153159	183.03052548425	187.49942489572	202.618844861553	235.239140419268	254.119820022329	253.023693116782	248.15899688929	260.600127216698	272.787311623884	277.62482837944	298.61499020737	275.01396082389	274.377379678824	268.034808623351	298.317466148901	304.607830313969	280.775378102271	309.307495947043	330.108405990981	343.845991024243	357.477664867846	413.000660472549	465.345334170794	0	0	0	0	629.667984224753	805.394083938691
513.425	0	0	0	0	0	0	0	0	0	0	0	0	0	0	0	0	0	0	0	0	98.5474755876502	-5.61926109316584	8.40444152922737	-0.261920497105156	17.38799249534	16.7344118270243	14.4464356231709	28.0434640113893	29.1876889574537	41.5061783639056	31.2328542601065	57.9487785080139	63.4321033799078	67.6447793536205	86.5470102581593	94.9047910812747	105.957652153287	118.567316816852	121.363183567928	134.490433823802	137.659132482482	147.489186879047	160.384467923329	175.113308258972	193.623190433173	197.199625370249	211.810252245457	220.863007476946	240.474323418611	250.583540748328	257.654568045193	249.576352084996	258.185577224818	269.509541082186	258.815561630579	267.115020746548	277.429232937541	280.263124279717	268.984644345749	301.011764882886	298.608537019096	300.149310460365	304.810945105601	330.224579561693	360.8056576469	415.71962323012	483.756453828153	0	0	0	0	520.68056659214	470.293700944958
516.751	0	0	0	0	0	0	0	0	0	0	0	0	0	0	0	0	0	0	0	355.690449261588	2.51693943466968	6.72315876734287	4.4100185591077	20.5734311149574	6.7570828248873	21.3008252362858	17.0413537837639	8.8878474485541	31.3257635073947	32.3465869160812	38.7114925033384	47.2654389499259	44.7647568081261	63.8562359257952	82.7782770150904	75.8156712213902	103.393310528566	117.199439475347	126.492805136637	118.661213142376	129.067555567437	148.389572812442	169.338672471812	181.554077501232	182.723534768226	173.593120838652	198.580697260657	213.079406782639	226.625619419279	234.491344537569	249.279985841478	240.008951504861	250.956765331697	247.661032356214	240.77959086333	259.371724210753	273.187590397722	258.0253193274	261.387514392906	268.860539980981	278.868133945979	295.481463618232	296.160692239568	344.730471916066	354.566519051119	376.94898898066	444.945552028326	0	0	0	0	489.845676442967	531.348005407899
520.077	0	0	0	0	0	0	0	0	0	0	0	0	0	0	0	0	0	0	929.520508367913	30.1460092342083	18.9634372150865	21.8453079471693	22.9390022755407	13.6681586010406	14.2211506279943	21.2005204627338	33.8115202868883	39.9941889184963	26.6344632957141	45.0382768894772	57.3817095941754	56.111193837197	87.4518093876159	80.9454777226464	72.3838270117456	111.240407607008	105.359858252301	120.565558776874	127.867106851069	148.250688257069	150.072621163698	163.206478814555	166.086079430472	167.287599408821	180.057236726275	184.266840069382	219.443810041458	210.204370234138	230.841967920622	249.379295289972	247.444269554331	259.328946534404	236.111097804092	248.105554137875	251.880369267841	262.653347632628	245.527156109148	258.940978281343	284.552171814537	274.540439899012	268.272385209204	278.552586271173	295.935458253155	320.68326804262	344.688514215004	386.30754930101	0	0	0	0	609.008301429083	650.768173268737	599.309448567958
523.403	0	0	0	0	0	0	0	0	0	0	0	0	0	0	0	0	0	0	137.665339668371	5.45384560485532	13.2332425680182	14.1135578220556	11.1118474115764	6.47313628808234	23.2126837966605	17.575577131651	23.8031202633149	21.930506946019	37.2998016134037	35.2524269594749	49.869543318203	53.4724298903753	51.4027981020527	58.1738516644522	85.889732049801	85.3156915003697	88.703795615302	112.175369558399	109.042250708424	124.979709485523	128.79884846404	145.43261318015	149.273321315978	167.85956103654	170.756801891857	183.266807502341	186.575706427797	186.74103050891	213.390028924637	224.767694877421	223.803596633081	231.135665616566	239.752227398601	233.516874007171	237.988963106976	222.421999523184	238.942572818642	243.061546460248	251.437296417072	257.219828474874	272.41818818748	280.987518060035	291.846508649581	347.633195498087	319.240910950668	355.422046856654	0	0	0	0	542.691668690935	480.774683341494	614.010946986542
526.731	0	0	0	0	0	0	0	0	0	0	0	0	0	0	0	0	0	397.517172553487	-2.01475694128398	-9.23758013357161	-3.99812477386154	-3.39388439741994	-0.596385870947471	1.60175409506207	0.730808774101478	20.8973389966491	19.8838261954983	23.6136836569727	28.1442942406864	35.8158575680939	31.1015872791334	50.6103109209848	50.5381035370967	63.7289830393349	71.7918789454923	75.8406182450088	86.1747772762618	98.7961152528353	90.2338580866232	104.033947414347	109.216104912519	113.435076195868	137.6998805712	139.830158999989	146.586068151919	161.114260449199	159.75893987559	194.313081339626	196.395066948201	190.424291355453	200.28048185769	208.216585928139	195.460717103717	209.550700203078	216.414227592606	224.867889660155	211.728070537286	210.956061016289	224.159361085976	241.038166832261	244.707910741591	232.802971770472	240.695618160175	271.252494402181	266.386347042925	309.998188463745	0	0	0	0	389.264939633205	500.809219951358	402.509657861958
530.059	0	0	0	0	0	0	0	0	0	0	0	0	0	0	0	0	996.110925299887	34.3542302793036	3.1697204114185	11.3636184317228	25.7341074246501	9.03342419747606	8.76220251377958	15.4922581164948	32.4364462985321	27.6989909900155	19.5611568244367	33.97499916731	38.0226035905157	41.489158443529	51.0045563849387	58.2104951988637	68.2807141002284	63.8514240029543	83.8309154752372	82.6964902726381	109.599402633503	113.774593824566	125.615626124265	122.603417792629	139.203254176286	140.437529409765	132.210938055443	143.588250224808	159.702030647917	170.527838271261	170.021337779296	184.983140722421	186.992610636034	207.178081536473	202.193422989429	211.490188076393	208.122740393084	208.534974335766	209.330480185218	216.055732379908	221.575427309736	234.592898798457	209.412911792868	243.15971118256	244.95620581983	249.492315356488	237.997589150356	279.26529223285	313.784365300761	0	0	0	0	584.982235295786	514.857410531134	420.101538813045	419.716906714093
533.388	0	0	0	0	0	0	0	0	0	0	0	0	0	0	0	0	143.116264968671	-1.23321561458782	3.14175477922133	5.62731560768074	6.36813882614552	17.5735640570595	7.82249183224434	25.2470781814569	20.4778168302741	20.5876259883593	25.1206155950483	19.4188037432403	32.3223703805437	41.2986862428467	53.4684086412971	42.2283674046834	50.3958257387079	67.3159749490043	81.6536024122314	72.2168577171063	90.3130148493315	93.4330415779292	105.434256220668	107.889199868657	115.316790619334	125.412264052085	131.990142582103	141.983988492169	131.74755094419	147.130688217522	171.53408316604	171.397612660889	172.178493466268	179.272711625557	189.861464499553	189.525197889289	192.120474487647	200.865648645758	197.96045711421	203.873163536319	205.823688930483	189.121077854321	215.314347621545	224.668876002319	208.959908073723	218.838952274136	217.749312558826	268.573454157689	285.572247610569	0	0	0	0	459.351886515264	521.149870584498	441.144216146792	361.98094624329
536.717	0	0	0	0	0	0	0	0	0	0	0	0	0	0	0	445.495023484995	29.7106317950659	20.5597484198446	3.54313438820983	1.13432577217474	23.78202071628	11.6392156438779	16.5407090696445	9.90509555818563	30.5438179285237	16.1219520402637	26.9614555183977	30.2918344523582	28.6131895160723	37.0686898134017	49.7431172790909	50.4410500347154	64.9727305888512	66.0165995185864	64.4515662303931	82.9997162748008	85.1007479744764	89.8824927262761	106.305511703078	116.997728167782	118.056926595858	114.26794874478	125.830797428614	130.318671583379	137.781682587131	144.610810801231	141.375803202051	158.166117180126	171.439945228067	183.003540069629	172.442464675928	184.40439352886	184.67937979729	173.304973714493	181.284030634961	201.196792887326	191.587234881618	201.741765947243	200.241699333089	197.812143918517	205.266549984691	218.213938099117	232.35260035402	251.314867628801	250.535547348264	0	0	0	0	423.576266051715	336.092321235938	459.534665214388	433.931542323352
540.048	0	0	0	0	0	0	0	0	0	0	0	0	0	0	1187.99996850959	-4.11457069697224	-15.2866966035814	-5.01056648778361	-4.79295618811387	-7.63477540055763	3.97022998747195	-0.323663727030568	10.8991826457934	2.11478123001589	7.99317864373958	15.9330409717261	16.1049015800219	20.2399928808718	24.5648333753576	24.8485398	35.6398346690314	36.7283397399465	29.6792424139108	53.2229222447184	48.0654084984832	56.5777204937739	61.6791203577399	81.5837246096805	85.968188598473	93.8633860158404	83.8795267089057	94.9987118345291	122.528472684786	125.591789941506	125.186665162625	114.182007403138	130.306369046555	147.350618954023	156.723256543633	143.526924968807	149.02716053756	154.753122956722	167.816921254562	154.51616584846	178.835362921929	159.743798852443	164.391869664815	167.427755194412	189.854589822997	189.346025104798	174.42022569662	195.668626603766	195.791326664434	227.350336264103	0	0	0	0	394.607414807489	355.285657609361	369.306357638849	297.640828602636	313.128149417861
543.378	0	0	0	0	0	0	0	0	0	0	0	0	0	0	119.997721025038	-1.39775532193886	-0.00300762796300831	-11.9208530285803	2.84950708465508	-1.16731410897909	-14.6879103805346	-18.5632120310519	1.80319579459893	3.51020012703089	5.68013614062393	16.0191790094817	6.77354862419244	21.2833833571014	25.5261343685258	29.8086441928122	31.4326980782929	44.5663153899114	32.0156662463499	38.0714815670299	55.7892540702592	70.160066898688	68.7925144538717	81.9720334909616	80.0611232176707	92.5096331069036	88.8098312496745	95.771214531753	89.173358049581	108.11182804589	115.412494802024	127.887432912975	130.242660673567	143.580381986454	139.765903289902	147.466386862363	147.167742805812	161.032964354851	145.823184889781	152.598117692417	154.461809467598	166.376215603935	159.210090502816	161.629977677264	159.04866434289	177.141097003582	177.782180952454	181.475804918853	200.015006580154	219.946241702999	0	0	0	0	341.724391172293	291.885654050511	315.307015632267	305.992128888157	298.268872920988
546.71	0	0	0	0	0	0	0	0	0	0	0	0	0	427.652874554504	18.7995420339875	-2.35914355491944	13.0952521562907	14.2350632207733	-10.3151730689627	16.175529409485	10.4303351552281	14.2891681473331	14.303450933258	19.4224187504966	25.2804654135993	26.8266993840101	25.7823306089166	30.7834928237636	37.6410537592317	35.3411645420439	39.1823803117423	46.958758834327	56.5336758676413	57.6974932946511	70.2793037096235	80.7274513272837	75.6948813732331	103.670963549007	98.478460593641	104.108203536245	107.087325709721	118.778075338813	117.086521853759	114.832114985818	126.443270744117	122.413497463348	131.683603938776	137.330325172877	148.373541081094	162.523745517227	166.408287550425	153.187431134236	163.98495681625	160.712276430935	170.46271636865	167.974259454274	175.78739067442	171.644798061525	164.889346138078	177.385493615956	193.678335973724	201.331394265004	199.275332356431	231.019435444255	0	0	0	0	349.83757666734	368.533604893929	383.354241390877	377.761310419379	465.876345167602
550.042	0	0	0	0	0	0	0	0	0	0	0	0	754.052951794043	-10.9358959697602	24.8147529524519	15.6190715220236	-0.458989725715489	4.75943684295051	21.1035301998513	2.3706449418904	14.5524289268686	4.89311301322297	16.7766022091339	14.8136213332489	14.0549191399614	16.2749661771593	20.6406293159072	33.5088837674906	28.774203333868	39.7843923684856	50.9074208061708	47.5986649225878	46.844084322381	61.2036894370269	58.1807773095189	61.3191925106887	67.6792437643913	68.0850720310395	67.9529754236743	90.0430838948105	95.0751669504932	104.958515687633	103.494094830578	102.54088900892	102.008268108008	111.073684995883	113.90920461949	130.084281891187	137.887450016641	139.603462823196	138.720218511192	150.234519304454	146.49399428677	151.984256941772	146.341042955024	164.543426597056	156.723434375751	156.988790391553	178.989918203451	180.325690093483	162.994698316931	178.53973425276	187.093166828649	0	0	0	0	393.367532515837	345.962935641468	293.52166234237	409.542702267744	261.240945105685	320.990582489109
553.374	0	0	0	0	0	0	0	0	0	0	0	0	86.7585388227647	6.23106041972196	4.92478238949247	12.2469168549042	13.9836577115813	-5.17589721778245	6.17903451965077	7.48755122385532	8.92881795363379	24.7117857813837	19.1377109385789	5.99744085073289	29.9706122244218	15.7500923140198	25.7322999062831	32.5281036894999	35.4344222277193	31.1341890165094	41.2361335109593	41.9754692515055	51.9662649657791	59.7061669884375	44.4825172847688	65.5386260148231	65.4692651526466	68.6675759352791	84.2883173440034	85.3321488924957	79.7897511137967	93.2256365772247	98.9510039008705	112.292546852572	107.53426679716	118.596371277779	107.865590487383	117.277122523129	138.394179789798	149.405682252954	132.96906124992	133.503406421191	138.669412498211	137.43346002601	145.377416200473	137.838710650465	148.747609442576	153.302804374256	143.538615829512	155.725085743188	168.456869334111	178.084836935326	192.961743821943	0	0	0	0	290.115105323765	274.767950127604	366.340239072575	235.867077948622	343.205829962714	312.182294496757
556.707	0	0	0	0	0	0	0	0	0	0	0	250.145130788922	-17.2312029829965	-28.3123583893287	-21.5917524550683	-27.5978321859398	-27.2869460314493	-5.14090730373677	-11.4494292305621	-10.5500165336405	-11.0614997684857	-12.0716912025543	-3.91135512939711	3.52054923512648	-8.68544029687361	16.5311252380976	5.77176589004274	13.3750566943784	20.7317836961778	31.2960765934071	26.9068478942962	26.0806409357712	12.097843360984	32.2118518354856	34.0833097157015	36.7185465857862	53.4427845297724	57.6712847352627	63.1831699679978	66.2938786886011	75.5358387824745	65.2838871630707	77.7961481107075	81.6568306906503	81.6600941496056	75.1538456203187	96.7096000077829	106.039465203611	101.889201670828	97.8402617273032	108.431626741223	101.214276678489	106.880473700927	105.70757593502	127.681921094012	119.373790315166	118.401654058332	121.055801140753	128.758707568377	137.98359144516	133.540539431505	151.074577192773	146.317070547711	0	0	0	0	221.279531981418	177.521654990725	197.343656109719	134.44003841988	175.573507738115	105.530055178044
560.041	0	0	0	0	0	0	0	0	0	0	726.99104324422	1.69364330846979	-5.37788062838387	-5.13845534715957	-4.92905087870737	14.011121370201	10.2923957054839	11.9462116596944	3.67519927191686	10.937374616608	-10.6633236534458	-3.08463265850249	4.52599548329607	12.1798741684123	26.7484245736483	21.1922303807809	24.6913092782815	29.320224278871	26.6045808472404	30.0768220076132	32.0118276796955	45.1884768471279	43.8716555875084	57.9964902406994	48.8365524626805	67.6618484586716	76.7755436769409	76.4882168233158	73.0037523104818	71.8654434308781	79.4756643982635	94.2543607282968	85.7239711018716	88.0914494064039	109.75571973299	96.3150062497006	112.424588698041	115.679245538783	115.999788980454	116.72616586071	121.745982211025	117.52654977844	122.515542357356	123.38543302387	130.88730660311	134.872589329703	144.69270854046	134.834753677051	128.241043788062	140.213651847475	153.609039883978	162.372349627621	0	0	0	0	357.435256501942	242.866902251958	308.111839557395	277.985519375963	279.817352933961	257.812723570414	196.928327274733
563.375	0	0	0	0	0	0	0	0	0	0	81.3923070737652	-3.39466947931177	-3.77661631259769	8.76723981849831	-3.4232954732843	7.03100230299913	-9.41518837839599	2.14928900477607	2.45968936006084	-8.61612915633383	13.6715399816555	-0.350836468928279	-2.09948638934942	19.0118688759372	7.70289586676397	16.3397968597106	14.8675612114755	21.4104215566484	24.043093513616	33.5037548913374	30.2458241877911	35.8625672671777	33.3853823818547	41.0075700614706	49.5897053878931	35.0022885510369	51.0434830015155	52.6686443396748	64.3009170803153	66.069595658559	61.6547512430891	76.2177658440514	74.2539243585547	76.8830724411199	95.9639229994437	90.4138988540325	98.629121252602	89.7352135849033	95.0973979601771	103.240000903796	107.521954120254	101.670405169469	115.006862184586	113.347753898214	109.820710450094	107.135428280865	128.01692119805	116.103500701248	125.659135412578	135.479835402336	132.671270806561	137.885055793856	0	0	0	0	216.687504842851	280.634153967291	242.306783104461	247.884924365877	221.135612819831	160.38569019501	215.360296174145
566.709	0	0	0	0	0	0	0	0	0	372.607048141667	-29.9355210665476	-3.44714596128441	-26.8564396151821	-18.330333242334	14.959621294632	-3.33372201014798	16.8561223773661	-3.05111508557809	-1.66401284019756	-8.35037061470688	12.3973290382151	5.63538155363673	5.52641038031556	7.72229757277203	12.8731614033602	7.96047410656203	14.6849012582853	24.2413432070978	12.8889752411914	27.2704208616418	26.907321838868	38.5161774882015	41.4180852882108	38.292064414645	40.7338176772008	61.9876355908117	39.4471344696151	47.6958383807151	50.5105246318453	52.6853221829608	61.8865601810745	75.9830885340515	61.780632553482	67.0993346591352	64.2625934102789	86.1327800642422	93.4369437555902	92.0523577858609	93.0539498760602	87.8403006429862	92.6451287904538	114.75179887049	104.904752066055	95.3042068053402	99.4931465054958	121.807899387184	111.961669449061	110.977947917654	117.372361326446	121.042202800328	114.871201671393	120.9083286257	0	0	0	0	175.427365161433	174.51146973418	237.671576765332	188.919725124127	113.382700575764	134.080050778029	243.923633058811
570.044	0	0	0	0	0	0	0	0	1033.71897297372	7.5943876699467	-10.3337804459288	1.75181151092136	2.22672094892097	12.7742007811879	-2.03112709833429	3.86886771096385	10.6318091334513	8.84652598697749	0.846686891069869	5.25576995993844	7.62516529191209	11.0728893044233	12.15781516981	0.276673415425347	16.1519506187124	21.2501002997592	23.0105396595938	23.6109794935019	33.4566584492442	25.8808511211635	32.665266733252	33.5710223748288	44.2008165328284	45.7365064155319	39.5275782897917	55.5485373886282	56.5470840835127	66.459938021719	64.9806646290453	66.7081616738753	73.5207682928263	78.6569234193371	64.1384204055447	65.4353010319305	68.513874368689	86.871523414146	78.1929739872947	78.2694086628227	98.7374532795129	106.23074214755	89.1626534551224	83.32164490652	102.886363191291	109.580292436554	113.885056857528	100.145086320548	108.574229752865	116.133158196192	112.619276895987	127.608484571583	129.768164392501	0	0	0	0	232.297694670469	195.278717401434	220.531869061104	183.528681341268	319.616902881699	245.975775995533	216.17150544244	247.662010743767
573.38	0	0	0	0	0	0	0	0	113.814955687723	-13.3731189246008	-13.4754569170685	-22.909347998041	5.04117457631503	-16.0681555651754	2.04042148504656	-3.40526819318031	-4.19284253691766	4.88576584395872	9.78424978759401	3.65802957152451	-7.67487784824405	-0.712722066650862	2.81831984489915	13.8196838852629	5.67324660442393	9.29832572289567	12.0076482628591	17.8184692183249	25.4578949665422	22.5809028556588	31.652161216055	24.4694273514572	22.6989208334479	29.1123873344736	42.5422222534497	50.3000410542045	56.8991977709499	49.9991404932198	50.2429419866723	47.9450844065775	52.8962163120269	67.5916795046435	68.3747801833941	64.4770169085921	69.5763695072176	74.178353150266	71.170757230043	87.1481448816483	86.3231001707533	74.7630877103309	81.8279807869306	94.0923224285918	102.389817750508	96.2643407830859	96.3866710755628	100.443160749836	98.5545036282799	88.8115857871538	98.6350760275942	115.778646946431	119.242754348561	0	0	0	0	198.337340492552	137.914461058095	158.652286128657	229.269250939699	165.468962259042	183.60603831194	182.609280212478	43.9630558259139
576.716	0	0	0	0	0	0	0	286.343193245427	20.4851705739622	10.1725352357878	3.06476177013346	10.5575602590972	6.71013906906872	27.2703483731402	2.01042272430188	13.6014858996679	14.4198395334701	21.2969685591746	-0.847040418168508	22.3325379365882	9.59210196497911	-2.1439280633012	3.1517173515433	18.5827247684876	21.6331218207984	18.100048385756	22.9006571870986	28.2939871228293	21.8421655657903	33.9179513645615	27.4624744085973	38.7665771944508	42.2614761559155	49.0657025261641	43.4058235013655	46.5036771543328	48.0414233174665	65.5165597973601	70.7748601946097	56.703839223191	78.0695502395392	83.8548894977421	53.9835583766192	75.2725190489149	69.1447903632745	81.1218971652281	71.9615232073835	84.9147816929884	92.5292768801996	92.9273276952498	100.367482716485	82.268482314544	94.2967525156757	91.2575832284146	101.210241319398	94.7502200979847	108.101384714891	102.467263833516	103.707034065937	111.62677896332	114.557183698637	0	0	0	0	157.164308045482	209.945955649411	201.871544019204	200.452860251771	243.13950726355	245.106250356183	150.145497669307	120.677174957262
580.052	0	0	0	0	0	0	502.033407615358	5.41511380303116	-0.655696339374014	20.8468082104621	17.6032572110265	14.5662684981806	23.8937315757073	-1.06363472198713	17.7032101272453	16.411289303056	1.85056558352626	9.70325862996738	22.3662605428488	5.24204865331183	17.8921386175322	12.4686934943642	9.32824234603092	29.0936487703392	12.2794352151172	16.3703504923588	20.6246765297611	20.5379439445162	23.2203312782316	25.6275823042336	34.5413661520606	30.8678703461424	32.5588590100642	40.3668967652658	42.5099299272848	40.6625820256942	29.3501947018957	50.8391172362302	42.6733951924824	64.7561453919389	55.5149976732081	70.3854580502086	65.0585751459904	72.0806625237536	67.399803458516	64.424732668497	75.0669039802587	69.1748893087763	84.1278374679107	72.0799654587651	72.1848935566109	80.0221915151443	82.1594816896758	90.9581261928863	85.4132242658807	85.2761520190803	90.3666732687519	89.7682584197254	110.708113655847	109.485696490099	0	0	0	0	211.281023530651	158.204299172089	167.564131749207	180.007806378075	161.051697080809	171.721556652847	170.232513406285	191.804075930132	214.651464687237
583.389	0	0	0	0	0	0	69.6195759448041	-14.1062888988435	23.4032673108289	5.63660382042082	-15.0478211808048	21.3736059127629	9.36661119496758	-26.85380174333	10.056590757525	11.0062200152457	30.6658494080046	9.1779241670996	6.6947120165169	5.20092204247774	2.26200040435562	15.5420584806302	17.5814715584854	2.21263387457532	12.9358712656047	10.5152089759822	16.6544933084907	23.8665197615425	21.8475187013809	21.2066951776757	29.2083384231645	30.3420893146321	43.1394810132429	43.7133820117581	28.5045892929731	40.009114766516	43.488188513627	52.5549262839481	36.2147179115325	49.3295248052016	61.0698679210173	69.0512983960711	47.3462434270428	59.7239161477227	50.7668993201461	60.845031345578	66.4438100949575	69.1551962906147	88.185720869577	88.884517634359	81.3395514075012	72.0310430217408	85.0780435481162	68.8267419605475	82.0742431601216	90.6023191228715	82.5720937110508	94.3331803864694	85.9986369375128	97.1927528835467	0	0	0	0	146.736252840959	122.857375307126	139.001996264843	145.831666697168	169.426346301097	174.730522593812	37.401550549505	216.561861945237	173.067786727084
586.726	0	0	0	0	0	179.777761852228	-0.00357416863891456	-5.33746065735887	-7.10593809327086	4.97511326601742	5.38341552397456	-16.6355046536367	-8.75349455428186	-9.42995612924121E-4	-7.47698104460322	-17.5834687690681	-4.09095419272703	4.77680169803004	4.98590528041263	16.680131854808	-2.99469864028688	7.72604359292929	5.83176677250801	7.15379681418449	14.8590953111334	18.8379996522082	22.3980288617474	9.94327244668635	20.8640804284197	19.0759990148385	16.4009016355966	29.3501568372981	14.6803929727882	23.5424361876544	23.1859891743255	28.8136632300876	42.8657337084022	56.1533792682812	40.3293180265928	44.660981813368	37.0603881755735	47.0297719691701	40.2001502857911	58.9692139532051	65.7168798358902	63.7241452180464	60.7120419694547	62.2338632272888	54.1228839265277	64.2156710393975	59.9327474451344	69.8283831482639	81.1569703035368	74.7605676010639	84.9403933455914	68.909360720084	84.5328532683541	69.9083187041053	72.7467221056354	81.364739226723	0	0	0	0	133.129485638136	130.979065870936	124.572476048543	153.923099031231	114.991450286753	184.031023188334	171.53390704462	68.199303576885	82.2995283652159
590.063	0	0	0	0	562.749562478214	12.2246951607753	-14.5770840430077	0.669803033675696	-10.3728814722772	-23.7251948948555	-7.2055254040895	-1.15174316357525	-18.6724187903309	-2.1012621628449	4.00964191701391	10.4954779473217	12.306898012178	4.35700570893473	9.17556287848245	4.38381918338022	0.0022398234504051	-0.355526585504258	6.76860233394669	12.71352927781	10.3687323945012	8.20191540340008	14.2896493488562	17.1370165101637	17.2506297224015	20.5427773467029	17.8966888639964	27.3786437010314	16.8396979322004	23.9433340071985	27.8097464297719	33.7871734882638	35.3833484405386	38.2959362982458	37.7885071226283	45.1980680231996	31.9434013958765	36.2303738125161	46.8564405929683	35.1215765352507	41.6403729124253	51.5979618751338	54.7540783856807	58.9304414975866	59.9881666520886	47.688587091715	70.770182747166	55.5334705180955	67.5692222978845	67.492472209533	57.913825450147	77.3218296416286	77.2374220471957	61.8815533993803	80.9313434966971	0	0	0	0	147.686664372626	112.426987069046	101.717622485202	101.398426882186	131.1464431225	153.101280863304	94.6162727177917	111.583999755194	97.4270970972451	71.8323228086001
593.4	0	0	0	0	161.419955909685	37.8141794985193	46.3394028037736	44.0149307457008	32.7835652415109	47.9807799202879	23.0639228835615	37.2682944598397	31.6531531637112	54.1532888091739	18.2019780609477	38.1089024241052	26.3047030471254	26.898723231201	20.2451634081134	23.7836586061256	23.2113321711267	38.1043856719585	19.9103074052668	28.7921500172947	32.7421298065025	23.9602629212578	29.3229915567115	24.5628989710881	30.6558755933672	29.6399958849089	31.3794318610261	45.3456175100312	43.7851371690724	45.3007008791827	46.147265271457	49.2438171668899	54.1517843774569	53.286228183479	74.0290964206854	66.9091975310863	62.319745513045	85.523147359155	68.8222282146008	76.4259972125041	78.6818397260763	84.5146411780376	69.0622569405584	66.1467915483279	73.5766677314717	80.965818116673	74.458723973197	67.211423869969	81.8187303781597	84.9572068734687	86.5052770805293	73.3069794660091	92.5646275679494	84.3738014604541	89.4868480105142	0	0	0	0	155.757185209611	143.245533313761	154.558795994045	190.50590754657	228.208680934123	227.277068733842	288.328908287279	249.247149552032	255.542009651023	341.750552063431
596.738	0	0	0	150.574540747943	-16.0483872185948	-14.0628147869808	16.4380114704059	-5.51547468736597	-1.34130564149138	-3.21299045605785	11.1035386710234	29.6348972567225	18.6532467518109	4.32384611797387	26.2692575315281	15.7118776242891	13.1476844329006	8.97369412510578	2.57567626829241	-0.407820773084298	13.1637386676833	18.5004540355017	10.141069084196	12.2259601163073	7.28852425044755	20.4009575455133	16.0041099428809	21.4049597095017	14.8283875033308	23.194812381022	36.8550169230694	19.0553233533327	25.0697610296378	29.3740024696933	38.8846233027539	38.8452448060235	16.4036903515978	31.2158566291289	18.7540890438037	26.4227352672674	43.3215723657716	35.0452229930614	46.4654315428026	32.017162215199	46.1475530185415	29.1971839912986	49.3843442401858	61.856902525173	63.2700584756851	59.0801078020377	52.1946349710903	64.3555539979314	58.0999014138343	54.7628416830938	56.3421372009646	64.0516866385226	58.2289201455133	67.1229831396881	69.8772558750282	0	0	0	0	101.206126363602	96.2212463119494	93.9994246504874	93.9451665299702	116.143286185143	153.812588456614	71.0976393789893	72.5172502023675	119.247219890236	199.801573947654
600.076	0	0	437.610018198802	-20.2404804170265	-8.54062615364344	-27.7928997716187	14.4911516290581	-7.70012202378896	4.75877766491704	-22.1703251891362	7.53704777837422	19.8483582323737	14.3378419196913	-10.9582774070597	13.5760878516845	8.46855312665695	15.7398876020575	-10.9345763190192	-8.71000403613754	5.00076905043962	-0.375478930352398	-10.6350421860459	22.1824451602301	1.72244943897245	18.2259092829993	11.8988882400539	14.2673724218829	20.33006188394	17.328312453845	13.9594044064399	16.6887677533496	22.6071855731816	35.1791297946816	31.4185125229179	18.6322069937119	31.806432738599	27.6316739631192	35.1945844133417	41.2277129029299	43.4277708653864	52.9860259690931	51.215963298665	42.8636948539378	42.6234364615258	46.8366988397123	53.5763405817403	40.9043132592973	60.3234904920002	48.3686084156779	65.4844190774075	55.3576194702228	50.100529381343	64.1831850992112	54.9851432443805	68.2972270594416	65.6338694101584	56.417465002077	73.2916194885426	0	0	0	0	139.780992838395	78.3861495968	80.3024557174091	95.4280258150824	105.923952207366	91.3144827459907	93.9231328279613	167.851858072064	61.3999917405547	115.515015337454	86.2541194907004
603.415	0	0	65.8745021917141	4.88936454744644	-15.628465618407	-9.08385283527448	0.00323789456188411	27.4925886411374	3.40430846718514	4.60116474360088	0.622665337807824	2.42355836731207	8.67297624443164	17.1322991376735	21.0934458407692	-2.00873377542943	2.88335467053614	23.860836826751	25.9056680849408	2.93971254331522	10.6932691608248	8.54895385066869	0.337060830950258	10.4753611277048	3.72770089577824	18.7090036467542	12.8306949642604	12.2610323848665	12.8756203408932	10.0815863664325	14.073494540725	24.1552380752101	17.0950594338615	24.5546805970773	33.7258460562822	29.8010118593788	27.1827582373961	37.4161940810566	39.0709133934933	25.8851046495079	41.1446705863832	40.461799763659	51.8494244539809	40.844761973555	56.3095361787958	46.6980583403398	62.2955055332018	54.5924980757683	51.5849333424155	36.5687762437397	49.4693160448319	59.9193505200491	52.9849711794812	57.1973963474522	66.4228343465487	69.0066981958003	55.2117157816652	62.4140486236472	0	0	0	0	90.4846231019272	80.0738586230527	87.5453940743823	107.04275150964	94.297955399695	123.079289510841	118.955068912896	123.259658456219	121.506168981383	130.253163925552	121.115942299673
606.753	0	158.529529705115	-33.0675434201157	-4.92469985696024	17.2346461257881	11.3815930782371	13.9115079840118	-4.24621899934158	10.9686803614225	13.8365136649678	3.18227565452962	12.763951472123	0.578525317910286	12.1953904352161	13.6790954494175	15.101618233505	4.83674662829749	16.5501339593068	12.3260134204064	1.27157329732404	3.19917121507729	1.50021240924082	4.23946669825806	7.28955480302149	8.53858506078138	4.81057494854598	9.31525245011864	16.5045346670286	12.0256652178896	15.5769565328424	9.05715006137762	23.9404743016712	23.4854154290459	19.7575390835549	15.9548203024445	24.1078784769746	31.9581684281415	23.9228411096054	38.8111594079365	34.7244678234234	44.0226299366398	40.9206872283557	44.395336254706	47.6538011970836	48.6727628998238	50.3178953981701	39.1543845494655	48.8231999798419	55.4680193281614	57.4719561222304	66.2194875555901	47.6667577845455	58.1069381368654	47.2875194163859	53.5158357849335	59.9358311466694	67.7503835997909	59.7185298106239	0	0	0	0	82.5814832421658	73.5994110667889	85.362026424494	68.7007465272211	115.048167244919	90.1229061746399	189.769767052737	88.8086462165488	99.1409018495474	63.9469083922394	140.305900631451
610.092	458.640377372078	25.1087936993241	6.97196929701013	24.6008468536876	33.0028959645474	8.36897129576389	13.2223377776596	-16.3075017285146	-2.73554475629473	38.9812092817735	27.3082713634224	9.75237524908225	37.7747751652254	24.4538574819447	1.57297162350227	12.6195105086115	10.6296935333026	18.9120391999341	-0.436574431342282	-3.37083433645766	11.1650844149287	21.2656168116499	12.6953484707813	20.479844293525	12.3120715764813	16.1546029854281	22.9053714851256	9.85929410935465	14.3670451303733	16.2497815283664	20.7183195318003	14.9037746204041	28.0033491735162	25.6563037794274	25.9097556857617	34.143829043074	26.6483768608831	44.092686108858	31.418950519108	40.1768667487762	39.7679515651682	54.6043357972394	51.0322377172289	49.2004591350763	69.812567433402	57.7992862736502	60.7567334107641	43.3534051482137	53.0991735835943	59.4996776532942	45.1759214647727	42.1666063568807	47.3813497714949	55.418801986367	58.8352829711225	48.2727422785988	58.5229068240895	0	0	0	0	131.948729981697	65.1603865685726	89.7115646149577	88.0086363088352	128.83154791058	86.7699110593946	182.885934322282	159.432130184601	152.503249886786	99.4225178736473	97.5313873178548	224.489148764897
613.431	64.592604054514	-19.5171851199843	24.401624614721	10.6528372857243	3.91789900452566	36.4793433926032	30.0762362217128	28.3069262875634	19.1771333690044	32.9884301735371	12.6775993213915	29.209933546983	9.28628958949484	-0.553928259645275	25.916235632729	29.7411663057735	20.7275018171512	23.5046314884619	24.2416894259042	10.5338638573762	5.97213933568157	5.9676421279684	11.3687343332024	4.96506133583343	6.14708584403507	15.408050679522	16.875962368414	15.6477630357609	17.3420152026833	24.6540371354037	16.8924741858365	22.3182686483398	33.3602663863404	24.9714414014401	36.4101071726939	45.9945335606815	25.2640088040424	28.8147052329126	28.5224265215599	49.2904393119278	49.240805874752	46.813391901016	76.2597844357808	62.9093162388948	49.4175038535081	45.9197153269085	58.7902651568287	60.708563120203	57.752483109592	56.3047034818144	47.5363223466913	58.3604381075776	54.3577786254975	44.3914676279552	56.6182369262035	68.9442547025699	58.780662654955	0	0	0	0	103.990939756822	61.0031518841143	59.3583127811206	75.7530318319873	86.2675554340444	78.5903901236399	75.2004625125485	88.593712812476	114.146186506036	111.656840119812	219.770992534927	148.1793583532
616.77	5.00469047671187	8.47885773857311	-39.7658710781968	-21.6121731869234	-0.801914932870579	-10.7988066927502	-0.741853968730945	-0.724745243437576	18.084752503488	8.70075093882111	25.7418315468626	6.79075985520191	2.94334681127585	1.69240750092302	-4.84355736166677	9.20454720296743	9.29419698513744	24.7700106536596	-7.15098314044178	5.13528616977202	-2.40210398147142	1.89990676785891	5.93816227563079	10.66807558676	13.55591921922	5.86307138295544	6.08342846261003	8.91767537837582	14.9123531612739	6.41834533873515	10.7398240768427	14.8195137309084	12.8966337903371	11.8505466198002	19.7647991083306	14.6888416161578	23.9204887423167	28.9012007032801	22.0640447690981	24.0325650732995	38.2717789287199	37.651127127727	53.1636135556198	48.7671691961019	53.9055805141833	40.1158553935509	32.5278122929635	47.6974278697326	36.5923237243932	52.3849188764654	32.2495083925528	43.6038131036541	47.0995364139	46.8334409888898	51.258660453685	47.6072397965554	32.7013530078623	0	0	0	0	58.4261398213528	46.7562717379767	70.1090275221745	86.0962054540357	77.1567397519892	68.8632026172776	92.6369869556346	82.0583253560158	162.587839435422	98.6440636882547	19.7849995877816	38.5000973002531
620.109	54.8690594561718	-13.9386612922396	22.829554828379	25.5284963175286	15.6788960709328	12.3278561040709	1.80953192543775	54.7493599039942	32.4869068795897	18.9359783160274	43.5102566280499	16.7062601440107	-3.62147611648693	15.9241266956193	9.24923191651231	15.725408103271	15.044178068232	5.13954738702283	22.0006896460157	18.4065769214481	1.49954099962263	12.0652078901117	5.73920137087501E-4	16.0446959122162	2.66840220111112	13.2192687831778	12.4693905652654	16.0160514336666	9.72253900078917	15.25401253024	15.4266174106749	12.7215156258478	11.5044627389048	19.8322627817752	29.0925697849751	12.4478307276146	36.1499734325824	26.2589217374438	32.9221063866065	31.4691523209028	26.2638859411845	56.9620434968706	43.7472634566747	49.3979047605324	68.4083788403497	52.1274360106937	55.1257789493434	49.7248098204785	37.201637875522	48.9105901102986	54.7850811754636	48.4335944416473	53.8993200560171	55.0274714138616	45.5898814407767	41.0291077101811	0	0	0	0	130.319665008524	78.5824743728735	72.1765076845149	63.2351362248107	74.1137194915096	56.6140953645596	103.612500843618	128.693127749893	102.541110461374	49.5413115699717	128.977363453208	97.2137123203211	23.7129040623641
