Sample - Blank	600	595	590	585	580	575	570	565	560	555	550	545	540	535	530	525	520	515	510	505	500	495	490	485	480	475	470	465	460	455	450	445	440	435	430	425	420	415	410	405	400	395	390	385	380	375	370	365	360	355	350	345	340	335	330	325	320	315	310	305	300	295	290	285	280	275	270	265	260	255	250	245	240
nm																																																																									
213.328	0	0	0	0	0	0	0	0	0	0	0	0	0	0	0	0	0	0	0	0	0	0	0	0	0	0	0	0	0	0	0	0	0	0	0	0	0	0	0	0	0	0	0	0	0	0	0	0	0	0	0	0	0	0	0	0	0	0	0	0	0	0	0	0	0	0	0	0	0	0	0	0	0
216.504	0	0	0	0	0	0	0	0	0	0	0	0	0	0	0	0	0	0	0	0	0	0	0	0	0	0	0	0	0	0	0	0	0	0	0	0	0	0	0	0	0	0	0	0	0	0	0	0	0	0	0	0	0	0	0	0	0	0	0	0	0	0	0	0	0	0	0	0	0	0	0	0	0
219.682	0	0	0	0	0	0	0	0	0	0	0	0	0	0	0	0	0	0	0	0	0	0	0	0	0	0	0	0	0	0	0	0	0	0	0	0	0	0	0	0	0	0	0	0	0	0	0	0	0	0	0	0	0	0	0	0	0	0	0	0	0	0	0	0	0	0	0	0	0	0	0	0	0
222.862	0	0	0	0	0	0	0	0	0	0	0	0	0	0	0	0	0	0	0	0	0	0	0	0	0	0	0	0	0	0	0	0	0	0	0	0	0	0	0	0	0	0	0	0	0	0	0	0	0	0	0	0	0	0	0	0	0	0	0	0	0	0	0	0	0	0	0	0	0	0	0	0	0
226.045	0	0	0	0	0	0	0	0	0	0	0	0	0	0	0	0	0	0	0	0	0	0	0	0	0	0	0	0	0	0	0	0	0	0	0	0	0	0	0	0	0	0	0	0	0	0	0	0	0	0	0	0	0	0	0	0	0	0	0	0	0	0	0	0	0	0	0	0	0	0	0	0	0
229.23	0	0	0	0	0	0	0	0	0	0	0	0	0	0	0	0	0	0	0	0	0	0	0	0	0	0	0	0	0	0	0	0	0	0	0	0	0	0	0	0	0	0	0	0	0	0	0	0	0	0	0	0	0	0	0	0	0	0	0	0	0	0	0	0	0	0	0	0	0	0	0	0	0
232.417	0	0	0	0	0	0	0	0	0	0	0	0	0	0	0	0	0	0	0	0	0	0	0	0	0	0	0	0	0	0	0	0	0	0	0	0	0	0	0	0	0	0	0	0	0	0	0	0	0	0	0	0	0	0	0	0	0	0	0	0	0	0	0	0	0	0	0	0	0	0	0	0	0
235.607	0	0	0	0	0	0	0	0	0	0	0	0	0	0	0	0	0	0	0	0	0	0	0	0	0	0	0	0	0	0	0	0	0	0	0	0	0	0	0	0	0	0	0	0	0	0	0	0	0	0	0	0	0	0	0	0	0	0	0	0	0	0	0	0	0	0	0	0	0	0	0	0	0
238.799	0	0	0	0	0	0	0	0	0	0	0	0	0	0	0	0	0	0	0	0	0	0	0	0	0	0	0	0	0	0	0	0	0	0	0	0	0	0	0	0	0	0	0	0	0	0	0	0	0	0	0	0	0	0	0	0	0	0	0	0	0	0	0	0	0	0	0	0	0	0	0	0	0
241.993	0	0	0	0	0	0	0	0	0	0	0	0	0	0	0	0	0	0	0	0	0	0	0	0	0	0	0	0	0	0	0	0	0	0	0	0	0	0	0	0	0	0	0	0	0	0	0	0	0	0	0	0	0	0	0	0	0	0	0	0	0	0	0	0	0	0	0	0	0	0	0	0	0
245.19	0	0	0	0	0	0	0	0	0	0	0	0	0	0	0	0	0	0	0	0	0	0	0	0	0	0	0	0	0	0	0	0	0	0	0	0	0	0	0	0	0	0	0	0	0	0	0	0	0	0	0	0	0	0	0	0	0	0	0	0	0	0	0	0	0	0	0	0	0	0	0	0	0
248.388	0	0	0	0	0	0	0	0	0	0	0	0	0	0	0	0	0	0	0	0	0	0	0	0	0	0	0	0	0	0	0	0	0	0	0	0	0	0	0	0	0	0	0	0	0	0	0	0	0	0	0	0	0	0	0	0	0	0	0	0	0	0	0	0	0	0	0	0	0	0	0	0	0
251.589	0	0	0	0	0	0	0	0	0	0	0	0	0	0	0	0	0	0	0	0	0	0	0	0	0	0	0	0	0	0	0	0	0	0	0	0	0	0	0	0	0	0	0	0	0	0	0	0	0	0	0	0	0	0	0	0	0	0	0	0	0	0	0	0	0	0	0	0	0	0	0	0	974.379087523037
254.793	0	0	0	0	0	0	0	0	0	0	0	0	0	0	0	0	0	0	0	0	0	0	0	0	0	0	0	0	0	0	0	0	0	0	0	0	0	0	0	0	0	0	0	0	0	0	0	0	0	0	0	0	0	0	0	0	0	0	0	0	0	0	0	0	0	0	0	0	0	0	0	0	43.1975087524194
257.998	0	0	0	0	0	0	0	0	0	0	0	0	0	0	0	0	0	0	0	0	0	0	0	0	0	0	0	0	0	0	0	0	0	0	0	0	0	0	0	0	0	0	0	0	0	0	0	0	0	0	0	0	0	0	0	0	0	0	0	0	0	0	0	0	0	0	0	0	0	0	0	454.077071350397	-38.5461832290086
261.205	0	0	0	0	0	0	0	0	0	0	0	0	0	0	0	0	0	0	0	0	0	0	0	0	0	0	0	0	0	0	0	0	0	0	0	0	0	0	0	0	0	0	0	0	0	0	0	0	0	0	0	0	0	0	0	0	0	0	0	0	0	0	0	0	0	0	0	0	0	0	2848.05397578475	38.5415383465742	-191.430623353471
264.415	0	0	0	0	0	0	0	0	0	0	0	0	0	0	0	0	0	0	0	0	0	0	0	0	0	0	0	0	0	0	0	0	0	0	0	0	0	0	0	0	0	0	0	0	0	0	0	0	0	0	0	0	0	0	0	0	0	0	0	0	0	0	0	0	0	0	0	0	0	0	167.797406778222	-65.5552623436548	-260.866128392198
267.627	0	0	0	0	0	0	0	0	0	0	0	0	0	0	0	0	0	0	0	0	0	0	0	0	0	0	0	0	0	0	0	0	0	0	0	0	0	0	0	0	0	0	0	0	0	0	0	0	0	0	0	0	0	0	0	0	0	0	0	0	0	0	0	0	0	0	0	0	0	1176.04291861607	-7.24300403159273	-133.996198031405	-796.710366139645
270.841	0	0	0	0	0	0	0	0	0	0	0	0	0	0	0	0	0	0	0	0	0	0	0	0	0	0	0	0	0	0	0	0	0	0	0	0	0	0	0	0	0	0	0	0	0	0	0	0	0	0	0	0	0	0	0	0	0	0	0	0	0	0	0	0	0	0	0	0	4417.90322721327	141.813346152805	60.6840842105375	-178.796106570589	-95.1029367423464
274.057	0	0	0	0	0	0	0	0	0	0	0	0	0	0	0	0	0	0	0	0	0	0	0	0	0	0	0	0	0	0	0	0	0	0	0	0	0	0	0	0	0	0	0	0	0	0	0	0	0	0	0	0	0	0	0	0	0	0	0	0	0	0	0	0	0	0	0	0	337.170032603417	35.9414170342269	-113.470232658824	-340.103673705428	-38.3954640756793
277.275	0	0	0	0	0	0	0	0	0	0	0	0	0	0	0	0	0	0	0	0	0	0	0	0	0	0	0	0	0	0	0	0	0	0	0	0	0	0	0	0	0	0	0	0	0	0	0	0	0	0	0	0	0	0	0	0	0	0	0	0	0	0	0	0	0	0	0	1901.11423447723	124.512546028301	58.5133982217596	-165.869251235874	-37.7802752172773	282.308381632224
280.496	0	0	0	0	0	0	0	0	0	0	0	0	0	0	0	0	0	0	0	0	0	0	0	0	0	0	0	0	0	0	0	0	0	0	0	0	0	0	0	0	0	0	0	0	0	0	0	0	0	0	0	0	0	0	0	0	0	0	0	0	0	0	0	0	0	0	5055.04980444448	165.898950871962	35.6653653319502	9.82775464377358	-310.343511759332	-35.000323142782	-57.870371601829
283.718	0	0	0	0	0	0	0	0	0	0	0	0	0	0	0	0	0	0	0	0	0	0	0	0	0	0	0	0	0	0	0	0	0	0	0	0	0	0	0	0	0	0	0	0	0	0	0	0	0	0	0	0	0	0	0	0	0	0	0	0	0	0	0	0	0	0	572.976985985243	149.561206309418	93.2986071362834	-247.117386210786	49.7901735393244	73.2870776125895	-9.3092064245029
286.942	0	0	0	0	0	0	0	0	0	0	0	0	0	0	0	0	0	0	0	0	0	0	0	0	0	0	0	0	0	0	0	0	0	0	0	0	0	0	0	0	0	0	0	0	0	0	0	0	0	0	0	0	0	0	0	0	0	0	0	0	0	0	0	0	0	2287.14976949831	203.762779153012	123.16027387471	157.920205512033	40.9275008015479	-83.9097576893805	253.980907652583	117.051838187234
290.169	0	0	0	0	0	0	0	0	0	0	0	0	0	0	0	0	0	0	0	0	0	0	0	0	0	0	0	0	0	0	0	0	0	0	0	0	0	0	0	0	0	0	0	0	0	0	0	0	0	0	0	0	0	0	0	0	0	0	0	0	0	0	0	0	4833.51926845405	282.422677665176	234.441971325343	208.202676358003	28.7595417875955	-26.497621933077	87.1412272423256	164.194952076421	132.531440074022
293.397	0	0	0	0	0	0	0	0	0	0	0	0	0	0	0	0	0	0	0	0	0	0	0	0	0	0	0	0	0	0	0	0	0	0	0	0	0	0	0	0	0	0	0	0	0	0	0	0	0	0	0	0	0	0	0	0	0	0	0	0	0	0	0	0	741.234666637543	213.782640310217	249.746797132098	154.596482859892	52.3527504906825	139.166538882655	131.726646216023	101.909920914051	353.442268290569
296.628	0	0	0	0	0	0	0	0	0	0	0	0	0	0	0	0	0	0	0	0	0	0	0	0	0	0	0	0	0	0	0	0	0	0	0	0	0	0	0	0	0	0	0	0	0	0	0	0	0	0	0	0	0	0	0	0	0	0	0	0	0	0	0	2290.65270507631	228.943881858603	283.74307156693	315.881723356553	178.67577747796	119.038708325197	197.586282443611	139.430866897498	51.8283463477449	-4.64780734365169
299.86	0	0	0	0	0	0	0	0	0	0	0	0	0	0	0	0	0	0	0	0	0	0	0	0	0	0	0	0	0	0	0	0	0	0	0	0	0	0	0	0	0	0	0	0	0	0	0	0	0	0	0	0	0	0	0	0	0	0	0	0	0	0	0	289.885180494897	268.499608920528	348.347933861171	333.556918456255	263.630940756133	256.87489307243	237.082758174743	205.809012469732	370.592421326345	325.045144028208
303.095	0	0	0	0	0	0	0	0	0	0	0	0	0	0	0	0	0	0	0	0	0	0	0	0	0	0	0	0	0	0	0	0	0	0	0	0	0	0	0	0	0	0	0	0	0	0	0	0	0	0	0	0	0	0	0	0	0	0	0	0	0	0	887.243123841737	261.723192065958	360.274527509697	425.454871010421	394.650304577066	251.414991187055	349.099307478754	413.656337392191	357.563648114639	401.294439404814	419.864584719983
306.331	0	0	0	0	0	0	0	0	0	0	0	0	0	0	0	0	0	0	0	0	0	0	0	0	0	0	0	0	0	0	0	0	0	0	0	0	0	0	0	0	0	0	0	0	0	0	0	0	0	0	0	0	0	0	0	0	0	0	0	0	0	2576.78149104882	134.910266315193	263.174562447799	388.579043648083	390.197026223424	354.743948868624	384.274447515774	310.970927922369	185.191634855764	252.939180429471	212.080542661122	293.404367838348
309.569	0	0	0	0	0	0	0	0	0	0	0	0	0	0	0	0	0	0	0	0	0	0	0	0	0	0	0	0	0	0	0	0	0	0	0	0	0	0	0	0	0	0	0	0	0	0	0	0	0	0	0	0	0	0	0	0	0	0	0	0	0	333.754667535153	175.663818626648	354.794432643423	433.598383979444	414.134004830727	466.030982721301	471.519416502438	465.232591932756	332.801980024507	354.398995782324	319.299501630251	571.540891334634
312.81	0	0	0	0	0	0	0	0	0	0	0	0	0	0	0	0	0	0	0	0	0	0	0	0	0	0	0	0	0	0	0	0	0	0	0	0	0	0	0	0	0	0	0	0	0	0	0	0	0	0	0	0	0	0	0	0	0	0	0	0	1382.44379278086	144.658837068582	188.558095632269	325.509989171649	378.209899695198	425.913615860881	481.777720953713	403.460951935032	364.879527804436	195.126540023222	249.187819645877	247.574139717473	79.5439153623698
316.052	0	0	0	0	0	0	0	0	0	0	0	0	0	0	0	0	0	0	0	0	0	0	0	0	0	0	0	0	0	0	0	0	0	0	0	0	0	0	0	0	0	0	0	0	0	0	0	0	0	0	0	0	0	0	0	0	0	0	0	3004.80855499924	270.00021989561	269.06638295931	340.190921325166	431.858708810601	507.384413617511	593.234972477391	546.147947778234	479.113300577831	379.556672472334	456.322136157828	520.972557080279	602.7939477146	579.139165303284
319.296	0	0	0	0	0	0	0	0	0	0	0	0	0	0	0	0	0	0	0	0	0	0	0	0	0	0	0	0	0	0	0	0	0	0	0	0	0	0	0	0	0	0	0	0	0	0	0	0	0	0	0	0	0	0	0	0	0	0	0	596.546896860883	426.040612534477	486.778641776079	531.389617519376	628.547637651223	624.424345301797	677.054337829459	693.989543758953	603.319729069483	571.699673030556	503.827308410342	455.600639871857	593.568233163881	581.500110633915
322.542	0	0	0	0	0	0	0	0	0	0	0	0	0	0	0	0	0	0	0	0	0	0	0	0	0	0	0	0	0	0	0	0	0	0	0	0	0	0	0	0	0	0	0	0	0	0	0	0	0	0	0	0	0	0	0	0	0	0	1535.78463247808	475.5512094802	588.390388267596	662.552231220126	700.700752729597	755.113170353668	854.634845056206	743.608494512599	690.334476539973	645.754803750348	538.308069215448	476.26694012972	524.406304462375	499.165780515796	606.000406850104
325.79	0	0	0	0	0	0	0	0	0	0	0	0	0	0	0	0	0	0	0	0	0	0	0	0	0	0	0	0	0	0	0	0	0	0	0	0	0	0	0	0	0	0	0	0	0	0	0	0	0	0	0	0	0	0	0	0	0	3047.63672443974	430.369187401034	521.102865418135	713.963609905397	803.523368951089	810.526262840247	884.136962982576	886.110958986165	833.137726739097	828.212114723235	683.343200881383	601.538922049921	570.837821431406	546.114149315621	697.465059797924	790.593272375663
329.039	0	0	0	0	0	0	0	0	0	0	0	0	0	0	0	0	0	0	0	0	0	0	0	0	0	0	0	0	0	0	0	0	0	0	0	0	0	0	0	0	0	0	0	0	0	0	0	0	0	0	0	0	0	0	0	0	0	591.726573148048	462.636998963305	580.995235303674	786.849058220442	887.327412027785	862.148539256727	935.345378798449	929.649864322359	896.326700537846	807.621863097061	771.072288049415	636.258008213783	554.652157658864	537.295006058244	727.037707786065	785.146957659605
332.291	0	0	0	0	0	0	0	0	0	0	0	0	0	0	0	0	0	0	0	0	0	0	0	0	0	0	0	0	0	0	0	0	0	0	0	0	0	0	0	0	0	0	0	0	0	0	0	0	0	0	0	0	0	0	0	0	1359.37125772771	254.713612461135	509.872389690668	644.706870814314	870.200648904251	961.271560149962	988.061791408721	1023.25352285288	985.202185340269	943.106210029163	858.03050184488	655.414043380536	642.705418760178	621.455328375794	657.039794304349	1054.64710399519	1128.93736071037
335.544	0	0	0	0	0	0	0	0	0	0	0	0	0	0	0	0	0	0	0	0	0	0	0	0	0	0	0	0	0	0	0	0	0	0	0	0	0	0	0	0	0	0	0	0	0	0	0	0	0	0	0	0	0	0	0	2811.31871796488	147.316984872451	300.592243368548	581.894233276103	767.411125250966	984.229478879004	1082.25881469006	1059.80395635142	1160.92576353579	1053.8250941124	967.438260093343	939.674165326642	829.669874539156	749.977703869419	625.180031360036	690.020064064583	843.866087474876	892.674941690075
338.799	0	0	0	0	0	0	0	0	0	0	0	0	0	0	0	0	0	0	0	0	0	0	0	0	0	0	0	0	0	0	0	0	0	0	0	0	0	0	0	0	0	0	0	0	0	0	0	0	0	0	0	0	0	0	0	418.889024994025	106.769291789823	336.315088579741	648.185831834293	855.290262359846	1039.64830925225	1174.90780391616	1219.65175320397	1172.78873823965	1125.33574121911	969.720523069985	872.089021779562	780.657427541477	710.582599271268	561.655213931848	635.978162286751	842.260215736321	982.509096225048
342.056	0	0	0	0	0	0	0	0	0	0	0	0	0	0	0	0	0	0	0	0	0	0	0	0	0	0	0	0	0	0	0	0	0	0	0	0	0	0	0	0	0	0	0	0	0	0	0	0	0	0	0	0	0	0	1227.92060265621	62.9275637156911	107.917401838252	316.952064902568	635.041315022367	834.975397256429	1081.6154530676	1199.3951171761	1192.74028663236	1203.56527233326	1087.12212132084	1020.11866133781	875.527976091081	842.097936046731	750.427254593808	646.670169995028	621.770996744173	898.12942988212	960.65671543876
345.315	0	0	0	0	0	0	0	0	0	0	0	0	0	0	0	0	0	0	0	0	0	0	0	0	0	0	0	0	0	0	0	0	0	0	0	0	0	0	0	0	0	0	0	0	0	0	0	0	0	0	0	0	0	2596.46927053365	117.332549792258	68.6686328178673	96.8150877154686	335.078023808905	622.744354979505	799.167398765835	1018.66654710115	1166.78718695946	1195.5181582859	1121.22908760751	1069.86105391205	976.870645227551	885.152056100958	770.578615587382	719.903637047193	623.660078098311	729.532585867796	1022.02358932619	1187.18966578756
348.575	0	0	0	0	0	0	0	0	0	0	0	0	0	0	0	0	0	0	0	0	0	0	0	0	0	0	0	0	0	0	0	0	0	0	0	0	0	0	0	0	0	0	0	0	0	0	0	0	0	0	0	0	0	460.502961354794	50.0528523768225	91.9757429514336	138.405483495632	366.153202690762	650.953011296437	789.690031341921	1027.23960058039	1119.18618353375	1149.69404446189	1109.9664353854	1022.58867360394	924.697119745622	853.819886156512	695.558032493371	689.943365059979	712.21484086811	797.827057943077	1059.89637851493	1186.45038286903
351.838	0	0	0	0	0	0	0	0	0	0	0	0	0	0	0	0	0	0	0	0	0	0	0	0	0	0	0	0	0	0	0	0	0	0	0	0	0	0	0	0	0	0	0	0	0	0	0	0	0	0	0	0	1268.99761911837	28.994676274416	39.0197934362531	69.9639310410998	153.530781480569	358.302816155721	645.055169677557	794.429654590657	999.475469049447	1117.62210097531	1046.58923179362	1078.79583561956	995.549207093694	855.248285110435	776.005365997217	700.186035626084	647.800209854222	462.753821140306	580.677527193128	885.290446772321	940.102710128843
355.101	0	0	0	0	0	0	0	0	0	0	0	0	0	0	0	0	0	0	0	0	0	0	0	0	0	0	0	0	0	0	0	0	0	0	0	0	0	0	0	0	0	0	0	0	0	0	0	0	0	0	0	2568.24691528985	116.317096189355	62.7384847858403	63.5768415534871	92.2065632155227	146.947417027784	346.462203700384	618.241536575495	815.317363642085	975.749132440963	1117.6511931334	1089.81211836273	1058.40940616319	939.364200371132	826.129604477148	714.21746124125	658.792091316325	633.758249097139	579.530927392414	574.340033065494	807.114387564526	1140.6791773823
358.367	0	0	0	0	0	0	0	0	0	0	0	0	0	0	0	0	0	0	0	0	0	0	0	0	0	0	0	0	0	0	0	0	0	0	0	0	0	0	0	0	0	0	0	0	0	0	0	0	0	0	0	456.311534574934	36.1983394845677	48.4720937940572	86.7644903183834	107.654765030506	163.708288057449	333.852196330877	583.736377914177	730.629616653878	949.526968984126	1078.2864974532	1020.01060045453	1013.09161333221	884.580229944406	775.115072246297	728.924161349173	705.342148651748	618.538033385711	571.724532475736	585.035897397266	806.700436869047	976.069128068004
361.634	0	0	0	0	0	0	0	0	0	0	0	0	0	0	0	0	0	0	0	0	0	0	0	0	0	0	0	0	0	0	0	0	0	0	0	0	0	0	0	0	0	0	0	0	0	0	0	0	0	0	1249.97707780712	52.9342743880475	60.9359297057311	82.7697807853055	104.014028929686	119.783438810691	180.549677209959	384.719647187368	617.752618145869	732.768222489768	901.555851888861	956.338221554138	974.981028330709	919.044122506706	887.310540800708	763.252764765616	743.145091371783	586.257252168591	681.112646088228	610.814053989486	685.465678132959	1002.94581882515	999.254855091312
364.903	0	0	0	0	0	0	0	0	0	0	0	0	0	0	0	0	0	0	0	0	0	0	0	0	0	0	0	0	0	0	0	0	0	0	0	0	0	0	0	0	0	0	0	0	0	0	0	0	0	0	131.279499661919	28.5020652867711	64.2183342263768	83.7969611817408	106.458615112355	152.135930411177	192.959532954442	366.905400443162	569.769678298258	697.197973714853	836.990102041634	916.306908795419	889.808599985011	856.336241108917	759.947942302508	713.735010607519	698.399028096481	584.729433748306	627.996162922545	567.231053757268	596.840405327455	646.845161582331	823.984996711839
368.174	0	0	0	0	0	0	0	0	0	0	0	0	0	0	0	0	0	0	0	0	0	0	0	0	0	0	0	0	0	0	0	0	0	0	0	0	0	0	0	0	0	0	0	0	0	0	0	0	0	513.192478643531	40.1441804668534	58.7571187798324	65.539910427708	89.9004678642603	125.100660136493	159.619051464669	235.764754282172	378.721885909864	579.667411060468	685.416867847565	790.005304290854	864.685531191816	846.925127158141	837.136397532151	768.941973912344	653.566478168894	642.713163227658	593.881200415072	590.099583593279	449.780244374393	599.791920175304	769.657293516076	877.661729764947
371.446	0	0	0	0	0	0	0	0	0	0	0	0	0	0	0	0	0	0	0	0	0	0	0	0	0	0	0	0	0	0	0	0	0	0	0	0	0	0	0	0	0	0	0	0	0	0	0	0	1308.01254743285	44.6902173882924	51.7978714527262	56.754453459749	79.871467683823	129.517453683269	144.043711674029	174.80929144673	246.501784852219	361.872845147918	551.591986951619	652.345393715099	783.060131234687	829.582903513612	818.471311758366	771.631963469823	720.954553611009	673.935374641398	601.974396756823	565.029266057346	537.205328829462	580.439040337757	573.290951329807	685.067276232635	732.229293439914
374.719	0	0	0	0	0	0	0	0	0	0	0	0	0	0	0	0	0	0	0	0	0	0	0	0	0	0	0	0	0	0	0	0	0	0	0	0	0	0	0	0	0	0	0	0	0	0	0	0	129.401258449675	47.3358441630409	57.6382628939985	91.8852032332354	112.767408756746	139.348211446601	166.064172657251	208.763136572921	254.161210033421	398.592142651852	557.73257642073	644.578902033456	783.030467764056	830.683137741985	785.145701712656	750.379460626126	746.622495214512	656.96115022211	673.218949156743	640.330315081923	675.93237757345	570.343411971818	590.94529372067	894.275142347851	965.760736722321
377.995	0	0	0	0	0	0	0	0	0	0	0	0	0	0	0	0	0	0	0	0	0	0	0	0	0	0	0	0	0	0	0	0	0	0	0	0	0	0	0	0	0	0	0	0	0	0	0	537.909847767021	50.2706595109916	67.0061668155976	78.517804448227	100.103411161621	132.965603621935	166.591297574681	195.873212987131	214.890582297555	291.490695427996	409.860339519203	554.146543263805	649.250148272444	751.752212842005	767.242134153522	762.437595430786	742.020714825071	693.898589381485	692.001103919484	646.476432643665	544.726526711638	597.829573128259	650.748648495475	764.970514353851	904.254567759916	1161.93039633823
381.272	0	0	0	0	0	0	0	0	0	0	0	0	0	0	0	0	0	0	0	0	0	0	0	0	0	0	0	0	0	0	0	0	0	0	0	0	0	0	0	0	0	0	0	0	0	0	1382.31605732212	42.7981735799861	46.9331760574971	69.9465222428637	91.8197697194526	103.805667027663	151.047238870359	198.132277920618	221.095439141736	242.979743818206	298.781491589227	417.931353797874	564.050503699328	630.267229230112	707.700807896319	737.275280679422	736.920155948198	725.261186142115	670.852619787179	614.207331224301	647.01384869887	585.937857507521	632.888504364905	647.712680279894	703.124083463639	866.787295633281	933.312366000277
384.55	0	0	0	0	0	0	0	0	0	0	0	0	0	0	0	0	0	0	0	0	0	0	0	0	0	0	0	0	0	0	0	0	0	0	0	0	0	0	0	0	0	0	0	0	0	0	175.789101650225	25.5081269176684	37.4440107965747	55.2607961521722	81.2739576368859	115.9140745036	158.241095816758	180.810616097714	220.567204566056	278.80150523885	345.909277130664	419.026651287961	533.5320699083	620.674247682918	650.180804970219	700.390943909731	695.845913785548	689.647670081989	653.740386749578	612.805418668784	573.400164935786	575.770714320131	523.701554340184	560.504969906756	629.42834515171	808.535085913246	898.176844030175
387.83	0	0	0	0	0	0	0	0	0	0	0	0	0	0	0	0	0	0	0	0	0	0	0	0	0	0	0	0	0	0	0	0	0	0	0	0	0	0	0	0	0	0	0	0	0	592.129087904276	43.5577066454328	53.282281868882	76.3972854449012	79.7294293615615	105.396276268639	137.799589432282	167.395930818679	201.19839546976	248.652307819733	308.127165267718	327.827566276473	415.491710012389	533.188123762983	600.828066861732	666.216984877123	696.400165465058	679.016015098299	645.832112183452	625.248232193295	593.299634587638	571.634263103589	560.670986197502	593.962587478865	680.818786059866	717.705413849937	987.475758389328	835.131342072854
391.112	0	0	0	0	0	0	0	0	0	0	0	0	0	0	0	0	0	0	0	0	0	0	0	0	0	0	0	0	0	0	0	0	0	0	0	0	0	0	0	0	0	0	0	0	1522.19943959839	66.6426731622384	49.8944777999071	51.7307453933023	91.0761079197614	95.9920424628222	125.223158814076	157.293823419142	183.678469496965	212.371849851999	266.658754076933	294.08812305065	345.752690423578	436.320531221409	522.949930055702	575.115918066643	655.834015464563	662.463143358834	628.354743494136	638.903369313108	615.894864629053	567.998456070298	610.49922342286	619.086722817668	655.002843525562	688.042489899076	767.426066112606	1023.25466850552	954.759860242937
394.395	0	0	0	0	0	0	0	0	0	0	0	0	0	0	0	0	0	0	0	0	0	0	0	0	0	0	0	0	0	0	0	0	0	0	0	0	0	0	0	0	0	0	0	0	202.187379370793	25.0076209780769	15.8430239334745	50.3178641076127	90.6631220186584	101.483993870592	118.103211312978	166.356454098996	180.596704555478	234.303409141304	269.44484408033	312.533822632469	349.38130068855	424.349432481012	502.234037923251	574.422849788406	608.836945054209	597.581875774373	618.061739757876	590.549088388009	564.166665222798	573.008585642918	558.556441043554	481.625783994563	547.517392011458	610.401279229985	655.402677913775	842.365700571875	781.918411400779
397.679	0	0	0	0	0	0	0	0	0	0	0	0	0	0	0	0	0	0	0	0	0	0	0	0	0	0	0	0	0	0	0	0	0	0	0	0	0	0	0	0	0	0	0	709.349165864639	33.3487932026608	39.3731714925815	49.2098779981089	66.1357074587573	81.0168320586814	119.819845003048	130.895081123543	170.075481887357	208.419860321087	241.87431899839	286.100623833688	327.618885108054	365.379887176834	435.931043234864	510.213544743087	523.737147385128	586.239917889208	592.068523209263	608.832709145135	587.316245829672	583.214419821632	526.660527177398	531.679237713508	568.303797212948	657.670997767264	602.625002281649	640.097746631408	743.08059086677	846.331763300837
400.965	0	0	0	0	0	0	0	0	0	0	0	0	0	0	0	0	0	0	0	0	0	0	0	0	0	0	0	0	0	0	0	0	0	0	0	0	0	0	0	0	0	0	1493.20549881922	57.6106856813545	32.4465357220194	53.2796049403404	64.4854022099526	82.5465330084152	103.247913648889	142.902408118485	174.945915301136	213.345039954809	230.143949187791	283.623806101315	309.54681737647	340.954594721702	391.321408983093	419.168678403417	537.982091685957	563.315553089057	608.785592464436	600.979519838318	606.514013090363	606.599465519578	571.838202684777	563.481387322299	528.510652924068	585.591368999768	596.210805723739	719.061189609802	724.073468366424	828.897870602081	930.168494690164
404.253	0	0	0	0	0	0	0	0	0	0	0	0	0	0	0	0	0	0	0	0	0	0	0	0	0	0	0	0	0	0	0	0	0	0	0	0	0	0	0	0	0	0	217.316468529095	25.7718054180856	35.526850312705	50.3795633675897	75.4964275955973	85.4229121354875	130.549499721926	153.165889382891	182.65272509238	217.708117501555	246.452846953205	266.640468773188	328.277522342663	351.201879659958	387.784823247261	421.797347805212	490.942774870013	541.814271258989	566.278861841599	587.453797002353	563.267728877275	539.791288744157	521.874384377793	553.632022092643	540.115545580467	620.061403426255	626.919010953782	660.253759549139	712.305816393288	904.663462355236	979.419890814389
407.542	0	0	0	0	0	0	0	0	0	0	0	0	0	0	0	0	0	0	0	0	0	0	0	0	0	0	0	0	0	0	0	0	0	0	0	0	0	0	0	0	0	688.170156375307	22.9955881159671	32.6596093476558	35.8302677745055	61.3246929858307	65.9993313520982	93.1441714090199	126.322638445298	145.678711124092	167.494046586044	207.731249785518	259.227934491357	270.508274070111	310.113822495257	337.496068959742	382.654307302883	431.353039900347	474.550635144567	518.93873205567	548.58185799202	524.670052599987	512.704739562565	523.915607143174	523.235045321076	501.522336087759	525.8711429991	521.48632791144	566.076941002257	595.709552945195	747.505290234691	826.256528172893	845.420321094574
410.832	0	0	0	0	0	0	0	0	0	0	0	0	0	0	0	0	0	0	0	0	0	0	0	0	0	0	0	0	0	0	0	0	0	0	0	0	0	0	0	0	1514.27571604584	43.5073081089349	16.5097671305599	44.6726027662777	29.8429450816886	59.4271661623894	67.5145472286803	100.720400857631	147.047294345943	156.896585436288	201.160649798901	232.419552797672	269.280058140962	300.261802323664	312.240969815182	364.321447829241	383.113771370493	432.7694727947	489.208712829053	508.89821509712	512.31978970046	526.510384507086	533.986908494469	524.628103965863	495.530292655491	525.966168741278	573.444645923056	560.494737734712	590.922533081166	635.357306587088	728.412948314846	769.922497067016	880.083369892998
414.124	0	0	0	0	0	0	0	0	0	0	0	0	0	0	0	0	0	0	0	0	0	0	0	0	0	0	0	0	0	0	0	0	0	0	0	0	0	0	0	0	229.434056042902	31.9240660351681	22.2411383342391	41.2760384561641	51.3559067389833	70.1341054620808	80.2047243291583	122.192263418072	156.000031447553	183.001632887587	213.354684047549	249.860672118029	255.360453668506	291.013301266461	325.73392628361	337.341654926886	406.706969107236	423.790587632023	468.189470709304	491.670022287066	500.146677843271	500.690030658368	518.29436066757	521.524477524599	500.279662370499	491.041686986769	556.215451539652	546.450807498231	642.990319208266	633.189772837787	697.377822578707	825.944180389024	917.375541740826
417.417	0	0	0	0	0	0	0	0	0	0	0	0	0	0	0	0	0	0	0	0	0	0	0	0	0	0	0	0	0	0	0	0	0	0	0	0	0	0	0	774.519373257649	24.4321223153901	30.4847419850124	36.3023065354957	32.9516672491428	42.4398868771315	63.757283639718	98.7088369095496	109.687128600447	147.557794515239	183.679493914311	213.309694929709	233.087854220179	263.330519041549	306.130818129498	323.722650398994	352.138541640136	367.409027655914	406.267004502749	438.585514350565	469.482263622814	492.797558886541	501.430016286847	486.935455505881	468.317706916154	468.832333562736	487.313108333524	488.842901518204	541.66901923066	572.27648730027	658.301779239244	676.458033593412	703.601301719428	721.085679575948
420.711	0	0	0	0	0	0	0	0	0	0	0	0	0	0	0	0	0	0	0	0	0	0	0	0	0	0	0	0	0	0	0	0	0	0	0	0	0	0	2036.85338254331	68.8006239341625	8.83670850457738	17.6232104495602	37.9464359370321	42.8811377425891	65.7458857067172	84.6229660864795	96.6727145897415	140.131200502483	154.614408308642	202.966478560141	222.989112148744	239.928151672363	277.962318268522	307.582872306743	336.645135923237	358.689030056233	387.231393281164	394.202617609638	448.832509782222	431.037868985277	470.366344265117	476.714642585255	478.265506451315	474.619066907372	498.339963990853	504.964018385816	528.385769782201	545.696314626315	578.433461085068	658.325096613008	653.459640962985	885.867827984014	869.436716951124
424.007	0	0	0	0	0	0	0	0	0	0	0	0	0	0	0	0	0	0	0	0	0	0	0	0	0	0	0	0	0	0	0	0	0	0	0	0	0	0	383.806697302167	26.4258046943512	5.40001782315452	54.419441054566	39.4162657268104	57.251980286303	68.554015768432	98.7235839599002	134.500458236309	147.075419504261	182.861696851587	206.577070611172	229.670379425216	255.212396713115	285.90522231033	310.623848059078	336.653062696966	353.965443842884	388.832893924133	422.065929909952	438.062389204114	482.905370179013	483.43784828323	461.771283756819	457.701634743968	454.230063351832	484.444851699178	480.122737376416	513.071776303463	586.819351361955	623.009643557304	692.401270268901	747.938725779553	715.330510583264	831.605891230738
427.304	0	0	0	0	0	0	0	0	0	0	0	0	0	0	0	0	0	0	0	0	0	0	0	0	0	0	0	0	0	0	0	0	0	0	0	0	0	1039.1865002727	32.7840770363933	1.55501635068167	9.81982115754188	21.1195414016176	38.7709330837993	53.0559731626312	73.0353728513907	83.2986917881919	109.630359467817	142.447932934909	183.129670288663	206.128163849799	248.417533329349	244.973403172483	285.513316616841	302.223640535924	328.367783155898	338.697013497179	367.282407479512	395.345597344265	413.389252061657	418.865294579823	430.551828125324	449.598253251233	448.884599423431	462.161531842476	453.488968025168	472.317636186574	547.119780236594	538.525627119588	583.792363335471	658.278655881637	708.074814908308	718.1092869652	790.666933278942
430.602	0	0	0	0	0	0	0	0	0	0	0	0	0	0	0	0	0	0	0	0	0	0	0	0	0	0	0	0	0	0	0	0	0	0	0	0	1192.62753785093	99.2880461238447	36.3635773348575	25.2598734078441	53.3995362215998	56.013918817831	79.5391203494428	72.933510243775	88.3106210081093	122.865385931498	142.604894580623	160.25548575151	199.047419928406	226.951033953537	253.891794140373	273.80431915852	285.461617664642	305.603684288939	343.679645475781	355.775048283012	372.175751220799	391.730376152889	408.498406922109	441.269361761312	444.903719851484	444.707153766003	452.353108804809	451.085849005616	507.471835853188	438.811940130669	561.017475924619	557.907761608075	635.170222178338	662.860418420482	768.499870579178	904.529107333766	830.957556237088
433.902	0	0	0	0	0	0	0	0	0	0	0	0	0	0	0	0	0	0	0	0	0	0	0	0	0	0	0	0	0	0	0	0	0	0	0	0	184.044294081141	6.54326672292222	3.25485675117526	19.6829129867701	19.261949239922	36.3683548222279	51.1622207331524	61.3316040851915	83.2488717291486	91.9883220941016	125.565105343549	160.969477646946	196.039098791785	216.183157996838	229.120408725225	251.803929924444	291.747454155777	303.718023450705	318.800200406716	324.59428959941	335.897973642335	369.457163857044	379.940990368878	412.458919348321	421.238474655449	421.884797475774	420.375780279023	400.782303524993	407.807387692155	442.312887709673	502.012172345573	535.472672812161	544.956313447797	587.595752140133	696.185863340997	762.981470545045	606.044698380557
437.202	0	0	0	0	0	0	0	0	0	0	0	0	0	0	0	0	0	0	0	0	0	0	0	0	0	0	0	0	0	0	0	0	0	0	0	550.184570776826	16.2680533262951	11.7447679518349	22.6704293604709	24.2238350202534	30.0148482977701	35.4910399069701	67.7545941528539	77.1715916973823	89.4617089645833	115.483457869919	130.975792182916	168.257722783464	187.138427077766	220.491936452591	248.468622080715	266.171782187974	270.336678463716	295.844269806695	307.93511059058	327.675327324575	352.71307102312	385.16467466057	377.574761149148	397.914006053543	414.313857112727	394.210007265021	402.587741623096	407.170442006602	446.676361516454	444.534442944792	485.902569375296	542.33325674351	580.66920862399	617.567507626348	660.473702851271	707.078940799262	611.742049505651
440.505	0	0	0	0	0	0	0	0	0	0	0	0	0	0	0	0	0	0	0	0	0	0	0	0	0	0	0	0	0	0	0	0	0	0	1217.70759232922	46.2307315436431	11.1395530044067	38.0516276921916	44.7980417712019	34.884141149484	58.2085520804596	59.4496065373037	74.0164598719978	104.273007740999	103.760512785878	135.524324575239	152.544366842388	194.779442487726	207.235622835385	227.409570054175	264.798816369023	262.728756091224	301.696830228525	319.321212277718	320.117826272141	345.535755402344	354.673663996098	381.865158446283	409.89674103298	420.678259450666	422.837891758493	414.222902882554	418.194871262792	446.117763379282	421.802281667238	485.196862445211	526.97370831741	581.134339640295	610.53350123818	726.587072924532	850.805787591922	707.11019182706	857.040518084086
443.808	0	0	0	0	0	0	0	0	0	0	0	0	0	0	0	0	0	0	0	0	0	0	0	0	0	0	0	0	0	0	0	0	0	0	248.905303098886	24.6077495006945	27.7538527775001	32.1572822692541	35.0803004502211	31.8208303225578	48.4793181107666	65.7057747933397	73.1823782103267	95.0542361970526	116.726352508146	127.650957574614	152.315478960848	179.903970737788	197.398992893366	242.112685221786	248.591049657838	271.513446070286	288.080369719829	300.730756238402	333.687967128501	326.155664057596	339.665505714597	361.556313724725	391.237495495752	383.699300831726	383.994837579628	397.230967557991	390.621302049805	412.137296459364	425.429388666516	492.031322787872	524.549744575114	621.466892318922	653.318150330836	730.90673781015	640.158952616013	826.143722737975	854.882913058456
447.112	0	0	0	0	0	0	0	0	0	0	0	0	0	0	0	0	0	0	0	0	0	0	0	0	0	0	0	0	0	0	0	0	0	595.278130604841	11.9762984283541	9.81505489162822	-0.354633004479425	15.9186990916317	10.88247808813	31.8925776300769	40.587368685733	58.9582773560293	70.7033136205173	89.0153463970813	79.6945750357543	121.108001403676	150.892837625031	163.517348157915	198.319904796841	228.510103558658	242.367384623367	257.890706676904	274.962422396552	287.991996627034	313.216684439654	325.261124455796	323.578733928325	341.265892424591	349.448714571816	370.167515004891	383.052747866519	360.952963666083	374.064501587711	374.049598210825	398.215591362134	430.021567376488	460.843639095494	450.878886773997	523.482244633814	621.12347936927	782.458399796184	572.124026585029	536.969643082176
450.418	0	0	0	0	0	0	0	0	0	0	0	0	0	0	0	0	0	0	0	0	0	0	0	0	0	0	0	0	0	0	0	0	1433.92522672787	49.7919680542168	9.34109795423058	4.07044726930887	22.2246480303767	16.6664743662962	32.9467128976679	42.6089853959803	51.2905244742592	86.4634295435107	81.4020672443903	91.8213963250213	117.830009265317	133.896978664323	164.823408349602	194.202060032002	214.258229653024	239.314464457997	248.841816365169	270.008407933707	284.76096622394	300.896333540267	307.064647420279	317.313538452142	315.42333682934	325.229471882912	348.032410394877	362.061343566203	358.350305747513	389.519390886697	369.100597271223	384.904961981038	390.477363428901	442.543544267824	501.202089125378	562.255673190173	600.658319896743	624.464407164453	686.693338640704	808.507044912679	832.732184899799
453.725	0	0	0	0	0	0	0	0	0	0	0	0	0	0	0	0	0	0	0	0	0	0	0	0	0	0	0	0	0	0	0	0	219.687438090503	-15.0367230575317	11.1169942840069	10.2571377618225	4.85719373617512	29.3845544189988	30.3230337439191	38.6859972141128	40.2311759796909	61.6163031307754	74.590879707853	106.606396248268	110.840911458956	115.808149803089	139.411730513365	171.938683517165	183.150426632946	219.215054544497	219.52290287976	236.312784256388	251.216930169946	266.730692191499	282.565936488177	287.36592365516	316.038918010341	317.10509855214	320.690403260524	337.100286529817	342.918529401501	327.215154488321	335.419248291095	361.274064230194	397.354218373032	390.450118237241	456.685036904958	480.980227120979	134.808073813236	562.294010382715	626.497989826862	612.633128123897	626.072911275046
457.033	0	0	0	0	0	0	0	0	0	0	0	0	0	0	0	0	0	0	0	0	0	0	0	0	0	0	0	0	0	0	0	720.377268726377	19.6143022659226	19.0573737947101	15.4223008060278	16.7423385865891	26.9031579269227	32.4298894314257	50.1868557582604	49.6136287429659	63.4629189154905	65.1177080047781	82.033880880576	92.3424273202263	113.163300830668	141.945527756395	153.770649051282	199.699089400104	214.813030791598	232.761127589392	244.92166787234	249.131207435042	277.19017914923	276.90786987241	284.502783885208	311.49052205946	308.473194005237	321.386870795994	338.044916020172	336.275821366411	335.707141175828	341.542718548604	368.058640798805	400.785053806317	371.322447825262	448.503594359404	478.802564884935	569.765747729053	543.557135311836	599.121651781423	678.721900632793	619.237993425044	785.479253706847
460.342	0	0	0	0	0	0	0	0	0	0	0	0	0	0	0	0	0	0	0	0	0	0	0	0	0	0	0	0	0	0	868.980276162391	45.5213551608165	26.7996559485521	17.3923605772931	19.2933708266573	37.899100620171	41.8911488144747	51.1633994334662	55.3496560831498	62.8510088363019	69.5419406127679	85.1078849414396	99.5349597731739	124.885929920736	132.238685589228	154.835363881409	180.541582135975	195.817601397304	197.866019875154	240.012656377537	251.864003686691	256.415465132179	265.405558059458	268.449199934939	287.749468759135	287.087995753684	312.089119180878	311.415853759132	309.687082848422	329.981407169242	332.176410607396	337.123808543685	349.438078784361	370.498492703685	417.722304599884	419.255417633195	505.762547872873	550.928454203721	660.671924341053	633.383972970072	656.794701458878	775.231377246268	0
463.652	0	0	0	0	0	0	0	0	0	0	0	0	0	0	0	0	0	0	0	0	0	0	0	0	0	0	0	0	0	0	129.183230131305	21.2442244185827	10.56697792265	10.7719702929628	16.7146173442362	31.7621549418472	30.9648753714796	35.6347037524978	40.9756383302976	50.6822399145926	71.5395872490595	98.9429873591127	99.3476247459862	105.279302064031	116.934007282952	132.87036595901	162.996824718647	180.482465032761	196.091368666485	234.305904527424	238.122228119733	252.435006354645	251.603374236244	265.481029319326	275.655942564221	292.059880840212	277.435607163956	301.645891504645	311.369498820984	324.542221421002	337.349821930145	318.019284933978	348.446815373569	339.492014021362	363.505306094415	416.207778353985	450.49475832979	494.04336657081	484.311164197898	582.586783527185	643.115208366515	702.382531137871	0
466.964	0	0	0	0	0	0	0	0	0	0	0	0	0	0	0	0	0	0	0	0	0	0	0	0	0	0	0	0	0	343.329561964043	10.4386848411918	15.8344619234086	26.2925615715261	11.2706231051028	21.6389692802278	30.8344280962946	41.4035052724669	49.5776785178835	66.7006955508195	84.2399842543533	78.2526619316302	87.0442653478493	89.5511100459429	113.491404496079	150.074950301669	157.883810328514	153.447247369679	189.463131622587	208.578451756719	223.174977823688	216.090247983755	245.148539398919	256.225470288029	265.01691439157	265.457288805854	286.122065697249	279.672358681113	281.491066880411	288.171815958899	308.997668779445	302.805779880002	332.269233020618	320.339691503682	331.271875864565	364.336659268296	400.32540345536	450.094786239736	514.244916101204	538.457979440109	605.0040494872	595.810858875127	642.959646821419	0
470.276	0	0	0	0	0	0	0	0	0	0	0	0	0	0	0	0	0	0	0	0	0	0	0	0	0	0	0	0	753.07411578357	25.1976081464509	26.572952160689	15.6912173705398	5.33630405032263	19.3208851609367	36.0426727628017	30.8557120689457	28.4978655974819	51.8330386911988	54.4747566930195	74.9039814195223	80.8420575707262	76.2139286065092	98.5199198932364	114.12268161548	120.377263279104	147.854155435904	154.967914174902	170.674399454679	197.332396129132	205.540794693394	206.271238352849	213.472517908723	242.983661123686	239.22497962818	248.924172186601	263.118304581314	275.900969771059	282.864778716585	283.210442636694	300.651739807132	294.634681729975	294.263791715749	309.473935465841	316.389622432848	358.254055392328	392.675189681744	429.448766303295	500.617259133394	496.602668851349	575.979237529967	646.208277883828	0	0
473.59	0	0	0	0	0	0	0	0	0	0	0	0	0	0	0	0	0	0	0	0	0	0	0	0	0	0	0	0	95.9111965079234	7.25972171619337	11.4888291649369	9.24015091830028	18.6014207718166	19.2654329863436	18.4268083781274	37.9361821932978	41.2256638671402	44.4740303605073	52.6643398604261	62.2566354897826	70.6602999180488	85.0162361527228	89.5088413625232	105.247988897155	120.962767022457	129.069793898329	146.995754359281	175.370055623493	200.260703604168	205.813067195935	203.432435335119	224.659756709104	226.469408432032	241.002482402059	250.74253810551	258.803693418135	250.486066719027	254.746128090368	258.551945463016	269.655353502637	268.824310884608	275.768276209419	295.594715059285	322.114495673193	333.611723671018	371.200132023234	422.388776408338	483.219988204803	535.639555183518	533.063717259452	452.601061689472	0	0
476.904	0	0	0	0	0	0	0	0	0	0	0	0	0	0	0	0	0	0	0	0	0	0	0	0	0	0	0	236.114319486725	13.0831702847515	3.89466783959739	18.6631566280454	13.768735838105	15.858094092686	12.5770536621027	32.7824478396092	37.440285141017	36.3416407513204	39.4544517218199	60.9565229263058	63.643611100734	65.9058442875616	97.171102086318	108.749166024758	115.469075366884	120.328924462768	139.589286445338	144.486993349449	156.353153978499	187.894799361771	203.054772115194	213.562699855429	214.74843387413	213.90668115198	220.908121958088	244.687701757879	251.004472007344	238.028241144256	262.153739495115	267.572226265563	266.193423526127	260.57583872035	285.783453698522	298.225192515495	325.647398584852	347.491766460518	359.130757370347	444.846684371861	481.699610194505	465.357877700851	525.797603585959	610.444732314468	0	0
480.22	0	0	0	0	0	0	0	0	0	0	0	0	0	0	0	0	0	0	0	0	0	0	0	0	0	0	490.831971108401	16.4681514459716	8.46649272511506	11.0632426079673	8.81064662380108	16.7686586751867	18.1093031275092	25.3095632885021	29.9703625437747	15.6643434117018	30.5629581873822	43.0950565691883	59.6379804741045	58.7002007501544	74.3074323529613	88.0615823297458	99.1549202419613	103.144438671043	122.767204327249	128.25793291822	145.690990011441	154.90436111141	175.858858316093	179.611456623651	194.290078872336	215.975674341336	206.763354481363	221.555235826625	223.778944741076	228.560288947913	221.267254806367	236.877841872647	239.463676480602	261.943417302655	260.178874640214	260.259053249912	276.654081406854	286.69769201437	294.484264224617	336.361274500033	382.61355755695	434.622232530501	494.487937825629	457.452749237653	0	0	0
483.536	0	0	0	0	0	0	0	0	0	0	0	0	0	0	0	0	0	0	0	0	0	0	0	0	0	0	67.2972262004848	-0.166137164769391	3.77041508200706	3.91098225323804	9.32853007790031	7.91983039684346	24.0880044563272	9.2821505669553	28.9561988007303	39.5245249270578	49.706367490957	49.9115748786914	58.9941380128458	59.7829394305046	82.8136786255611	67.4902539964842	85.7154320720886	109.609381704068	109.096162463782	121.044428024044	140.777287633	164.985511443189	167.580669112576	174.354542997207	176.130624893889	199.188533806027	210.395452947905	204.531605754043	211.614888912256	196.394849843996	221.305062909021	229.195571936244	230.157285605509	248.649067971764	246.920820187381	249.548026157773	248.674007327278	274.189170646716	274.379652622075	310.7182257673	384.78950626319	350.892098907948	452.351850992328	506.877033134879	0	0	0
486.853	0	0	0	0	0	0	0	0	0	0	0	0	0	0	0	0	0	0	0	0	0	0	0	0	0	236.579723268714	9.42939423570151	8.76215435435296	14.7085258004388	16.1804392414348	23.7734008075845	25.7460768166143	23.1885966349178	34.7097260249555	46.9362284918269	35.3342790831551	52.770706864028	63.000631361	72.4441216717188	80.9217547529019	74.3237976962636	85.2809330613012	108.650315503469	112.465702640715	116.184415568064	142.126399564423	140.367493916277	170.589681402663	167.436061746918	172.486518427894	192.461955518126	198.196433330142	203.440625439645	215.821775034676	215.353200661417	226.175940943117	227.306741625628	232.548335320379	243.637015922591	259.785592272923	268.997116903485	241.707490151312	282.585730101905	314.071350789675	310.396330828539	362.925711851385	358.147276023344	428.824365807754	436.57813203856	538.604062400739	0	0	0
490.172	0	0	0	0	0	0	0	0	0	0	0	0	0	0	0	0	0	0	0	0	0	0	0	0	501.925735909479	13.6482091501117	15.0264727431184	12.3839278046789	6.73229761019219	12.1279228380203	13.5707899877715	19.2049790144584	30.0533092993473	23.7331097011641	26.9771404702591	44.4170741209713	58.2829197859809	56.9484335284112	66.7828964786334	57.5741643208258	93.3819179541779	80.6090401326957	99.3780544173841	106.350427704455	117.267566328269	127.334073278267	147.53575027883	147.920615888088	161.986859034045	181.532624474231	182.590793940272	188.028766772503	191.746962499291	203.267779668631	202.162289364128	197.31538956862	206.45508704401	210.78377471426	222.500459844411	230.083289981053	219.539851563095	244.215121452047	256.979402823144	271.767186259088	273.520491590526	315.005435170963	359.544836173124	429.55391399371	470.41469323817	0	0	0	0
493.491	0	0	0	0	0	0	0	0	0	0	0	0	0	0	0	0	0	0	0	0	0	0	0	0	62.604729491147	-4.44999236462684	10.8914089021872	15.6181199531472	12.4528003543303	7.24849225439958	11.9120753903715	12.2987371691002	20.0096651602282	30.8941577747128	49.1233767013847	36.9134165256019	38.2134035792725	69.4258415862215	66.672654872093	62.4366781758654	62.0145827016587	103.05145201844	97.5497205135521	102.912035168644	110.828634083493	114.451111233569	129.47204064397	139.343742242228	157.659833807332	160.832976644055	172.781783927691	175.422004590819	177.596285821441	173.665790907947	191.737231093502	185.239320716498	194.022425322353	218.545379589003	213.114411186039	223.162266156837	232.16630256718	222.424799081003	241.973158077874	257.605881822753	288.214384673808	289.563759300699	339.213954635767	389.168465461703	416.290418721644	0	0	0	0
496.811	0	0	0	0	0	0	0	0	0	0	0	0	0	0	0	0	0	0	0	0	0	0	0	246.684706846573	3.46170774736195	0.228986560886121	-1.02921183948987	6.34226972228389	9.83848230012083	8.99847031072797	6.53567812519589	22.504984977809	22.3614163939962	19.7921093788548	23.6843114099201	35.1253015894303	48.7636730004171	44.8636019337629	55.1137524503118	65.2585987302836	55.4045610757053	61.4888823928404	79.4907452430867	85.8829095770227	100.805898600138	109.426308738242	123.994693954399	131.555266408825	135.541407125669	150.187078434582	153.196149577004	161.449751449005	161.287188822024	170.650050065575	184.975473165501	167.577997726991	175.068600273427	189.38775080565	189.006343949467	210.385064853382	208.000518688704	218.582019775585	211.913982485366	233.468522924287	241.770186264775	290.88531074096	335.031627045615	335.527218134079	385.415725598195	0	0	0	0
500.132	0	0	0	0	0	0	0	0	0	0	0	0	0	0	0	0	0	0	0	0	0	0	597.7323668422	5.70186787785136	-3.96208836619469	-0.446752161121924	-0.00131348324229236	-2.11845197670913	8.52240796199822	12.118232266482	14.9522544408434	23.5137003732081	11.7746815794166	11.3977865998679	36.998040246079	49.7210860167617	44.724767755062	53.5813547423596	63.0440845420786	63.8719384184708	67.9116783736326	75.1472596675251	84.2056715859836	95.7080352563679	105.830901299823	111.517409799701	107.286514433545	124.674591566325	136.158725425561	130.122206094887	150.716332900223	140.962402980284	161.056202709007	161.393240140165	156.103017315919	177.339756116279	180.391980659982	186.522276279506	171.98779172109	189.391677133743	193.982609777101	189.966783558015	197.779738990468	235.431770346173	250.205697312454	247.1122710501	330.142968732029	322.700563123664	0	0	0	0	234.733811376841
503.454	0	0	0	0	0	0	0	0	0	0	0	0	0	0	0	0	0	0	0	0	0	0	89.9356783702175	6.68295435548483	-7.09103096297276	7.05208975029503	7.10621753270419	7.71443720930298	13.75698403542	18.7128105906381	25.6222654887508	25.4864157108885	21.2168046769558	40.0017493555772	37.7232726077141	40.294680753418	59.2739815558634	53.8271773817687	69.1106593435998	61.7079358070182	68.8912368613292	77.3981487477818	98.6810338958941	86.7482376651754	91.2368126512835	108.978444208875	117.60426409961	137.63850196861	143.95728551839	143.006065117885	151.639034255693	150.577199600497	151.829363989973	158.596114455693	176.92899897151	169.357826496288	177.863158577589	168.870605141907	198.319103551677	199.671744847758	196.931110523912	195.936372456815	213.888924415845	227.873796795376	249.322435741861	255.36380445692	326.893488700313	389.333929923468	0	0	0	0	412.272310394638
506.777	0	0	0	0	0	0	0	0	0	0	0	0	0	0	0	0	0	0	0	0	0	304.731849793389	-1.75674732020625	-2.10178754813738	9.16442036652637	-1.95139755484529	13.2153517488378	19.8166080238742	11.3347316730811	14.465338722982	21.1683131623608	21.6597937409254	33.2479149765657	23.6708817245659	35.4950591492186	53.9526701505635	49.3768769972736	62.7250807924755	63.0221065853862	79.4302727925013	80.1046421108253	80.1866403821692	95.7030154969462	93.2314179942516	104.013002248195	112.081800875608	119.931553801429	124.252099760027	137.167621790799	138.529462099525	147.10539207763	140.78256263125	140.2243064762	152.69374336853	163.564360865931	154.407876910888	166.95724162812	175.391650333364	152.8614663348	182.818416905616	185.105765642043	196.231762214863	211.772426730472	229.81546422334	229.560998623013	247.250874810592	313.545810255276	354.983235440738	0	0	0	0	280.16311293244
510.101	0	0	0	0	0	0	0	0	0	0	0	0	0	0	0	0	0	0	0	0	551.881055142437	7.63657805554203	14.189256233878	11.7472818625927	0.715064397228482	17.2022347044564	13.2694599052006	10.5047551881597	20.3685232041383	22.0292091900841	19.5872286395531	28.3200192195889	25.2321234471144	35.263220773185	44.7996189848308	37.8758187744882	58.1803693613517	59.1596462907462	53.4299757036034	75.8438444748632	71.8035383740821	85.1792431834588	82.4240064017375	101.990537433769	96.8441443011434	99.775062721435	109.469849763741	117.627442990163	128.94516243972	128.422034353307	130.678435421216	144.782889940589	145.237000204078	147.074536302759	157.454985181746	145.93632401457	154.665106237938	175.349266792848	171.857084922033	185.812244478828	186.211440736732	179.358732998439	213.884568273623	210.454567117605	213.038230407714	249.108191759804	275.15482801533	0	0	0	0	463.819263743461	436.157825172056
513.425	0	0	0	0	0	0	0	0	0	0	0	0	0	0	0	0	0	0	0	0	81.2498873505178	0.00740297327599833	5.79261769136583	4.96585241768527	15.7470367034268	14.1978039926921	7.9237582021184	13.3292143251652	18.323270117884	18.6466247551732	20.2657922265105	35.2300080012169	45.9412782985495	37.0069830021963	53.3848555033419	53.6607136819019	68.6907209002753	55.1268699653279	69.3527751179387	79.6017595193646	70.761587422513	71.3693363466248	67.9383135063235	91.6128733609754	103.51063570372	102.363965652165	114.224615606015	115.721152892041	130.666459264181	125.406559869737	125.849763567551	135.859837912724	139.783874661032	145.272578240437	151.810369333263	136.904496620213	153.814355077951	164.792035361582	162.543990715751	185.870113958474	168.546194811645	177.936780300393	178.156097248719	213.242039958302	202.86270012544	253.104288214752	270.480869946324	0	0	0	0	359.728678274577	331.125200048937
516.751	0	0	0	0	0	0	0	0	0	0	0	0	0	0	0	0	0	0	0	245.78988360237	-10.06205824975	-6.72682157590173	-6.75019822206228	0.262870437116364	-2.41677753897855	7.62624584990672	3.01015457078986	0.311648638254997	12.0014094152258	12.7860235026355	23.5031776460017	15.4775180688454	16.961598604485	28.1166742942762	52.0604657327876	34.8880471629851	41.9382299272976	57.607763016607	55.7568823074752	48.9171488416566	56.6316196613057	65.3350293185941	65.9058997832093	88.0029124874111	74.6059673228414	75.7663978234987	84.4799529609975	95.5934800672971	102.838915666053	104.62346594709	112.77731258848	110.383324706319	127.298150344373	121.268297906661	111.849310676621	135.547464762087	153.106097392713	138.812348857007	139.517155777667	159.337103774068	154.562293596753	145.561028494441	169.4945080583	171.732667011478	184.187682378963	199.746213672049	232.105946555622	0	0	0	0	163.414894180889	239.623176761134
520.077	0	0	0	0	0	0	0	0	0	0	0	0	0	0	0	0	0	0	595.195681801474	19.3563540991212	15.3351292527458	20.5005807864181	22.3623130650832	9.13915255063894	16.2093083346633	17.4916292310402	20.801246213473	20.6655332470088	17.7228816948317	30.4201613320947	34.0813583754039	33.9823438227619	44.6663670028536	41.3639653046652	39.0886045194096	53.4529157044409	56.2041163840667	66.2637080635544	65.8183969312183	58.1350580734602	81.5923963134539	88.7718887216479	82.8780274729385	70.5778453951838	92.8782022170788	100.683009801765	111.546232493639	115.39990596874	113.716573042029	142.528741358272	121.521482931058	127.350598478886	130.411748837816	144.926348060442	145.96303368636	139.755578214178	143.849260711968	137.176102515797	169.997300346717	165.3056046986	168.121721258109	172.540692445351	187.522157083045	196.998117006056	193.800539573168	241.754542330639	0	0	0	0	396.32411880079	380.446467831671	539.580073070268
523.403	0	0	0	0	0	0	0	0	0	0	0	0	0	0	0	0	0	0	75.5191692328033	0.393238433472814	0.36971087815739	-2.40642371807571	-3.30390803183133	0.281095694117689	-0.744801099845326	11.6069562644773	11.9136438620872	9.59053941057289	20.6380700114586	17.3931904064628	25.9205834725959	17.1395844732718	26.1896063856618	17.9812739307601	36.688981344689	49.9834546792529	42.9012185804369	54.4699375654562	53.1107721837632	63.1232047442401	57.9573971526228	60.7762334069503	67.1118041712769	85.4897903282959	82.6173958706947	86.3892123466905	94.5373433332511	97.8449215801364	102.347183794828	121.735545273125	112.060518388861	112.974956586505	116.443427068019	127.938981526354	127.10846659612	124.310157214861	132.185083523891	140.451979249965	120.364685837182	133.763721525546	158.192276565399	163.112113318562	164.299983240995	199.866537416066	187.975844977769	208.496381831563	0	0	0	0	318.988485323773	277.840267639943	241.737091219245
526.731	0	0	0	0	0	0	0	0	0	0	0	0	0	0	0	0	0	339.099007259368	8.06705400519871	-6.93930001789015	4.7280366812982	-5.44375044064454	10.0978191503921	4.01703689833298	3.91249581885222	11.4635833030063	9.54715832178463	13.5082079831048	19.4323477077542	22.2027869215491	11.7728986398479	30.086572710176	28.8043066363818	37.0545112519032	45.3321960612442	33.2453687991304	45.8259957988065	47.0581320283175	45.0146726980743	45.3364636100589	51.8751715800899	62.9470561819642	64.7161828861848	69.6467504163661	69.0083150474397	83.9646217159411	78.0875010384288	88.7769469168732	101.199444408281	93.0884651504013	94.7816890298578	118.73909479651	101.453475392893	116.241408764663	114.590246950782	121.782683164711	121.503113943365	114.242541149631	137.572667229984	151.031692059553	157.130624393426	139.758632502559	145.144742692911	169.125998739493	180.892446782736	196.1340363364	0	0	0	0	271.985241575816	254.364063187064	357.013489316474
530.059	0	0	0	0	0	0	0	0	0	0	0	0	0	0	0	0	562.035096618843	20.3528428271012	-5.95312010244109	-6.06633749010289	2.86228416649236	5.69200658340707	-0.876373504886114	3.9526931805815	16.8474132512301	11.4968885430138	8.79128602607522	10.1239827339902	18.1547175339903	14.2564916219023	24.7588162654521	27.6230714965958	28.9051661657863	21.2867973166653	34.2381407134247	47.4591564478797	60.229707921783	56.7710524205949	60.9623536696511	49.7435167859406	67.8121870129953	60.8701575660385	47.7403315952705	77.1005924835735	77.9170095617504	81.4471319603698	79.6138912542276	88.4431730274731	94.1762619066729	96.0720786326593	105.21460296188	104.031646866857	104.55154378977	103.708275648183	111.087124272628	112.925117783255	117.410536752699	123.399183126057	109.928348176059	120.058552015606	127.233253099258	131.907934794597	136.28746930395	167.290558392297	147.999006016122	0	0	0	0	336.832094549475	222.948220429214	290.199917078078	112.300025729741
533.388	0	0	0	0	0	0	0	0	0	0	0	0	0	0	0	0	80.0017174620544	-8.64311095373897	-0.390820629802766	3.38107361006272	7.08910420431451	4.31312934645497	-1.73762373742106	9.91292310552844	4.77134164975115	13.9738945712134	15.2480971214397	11.911661033589	19.2565051860382	22.7708856298504	35.7925133882611	27.6375850366219	24.6718377617501	25.432272854959	49.0365375117078	27.8205308555818	46.7913417552065	58.5712868059126	51.512292785096	43.5143480415638	54.111462179455	59.9975940873154	57.628222650735	65.3544271211552	56.7120366097511	82.1382061167638	78.8773070968687	88.7587786992724	87.1640306381324	86.0759590070799	101.855057101512	108.106380022055	93.4082595860907	105.152437217591	114.687813012694	99.733561364091	110.971685322919	105.440704302771	132.189204982859	131.279167392653	135.116799877889	114.519757529313	147.926822941427	169.450891879368	182.237039547263	0	0	0	0	286.932346054307	347.931967842695	200.848714625302	321.03519540488
536.717	0	0	0	0	0	0	0	0	0	0	0	0	0	0	0	235.6729866417	21.1170847273762	28.4631522322242	6.70756183979707	-3.00828748254302	18.4780686056714	10.3123208903363	11.0257733627722	5.5054088732604	23.6617112332677	1.30702403707162	15.0825985087856	16.3376711634289	14.2451602643201	21.5166547396442	22.3270780634884	30.9119576904284	34.6651418751066	26.9368504326509	27.1646834861415	50.011368165678	50.4820625613143	53.4911104845137	54.1755097951862	58.9609719643646	48.1987493559669	60.4407196430012	65.8105322222716	51.3011004444791	79.2080569757929	74.0586346378992	78.798742624873	81.1742718228709	82.8622203172615	95.131559205564	91.5160287737133	98.8336499175626	94.4006037619552	90.8499941402899	113.581575461217	99.0971791309015	111.215647323021	112.240278276851	112.423905735093	116.240787302504	116.97427401374	140.976032389423	147.44721971288	146.057645631927	151.871653233297	0	0	0	0	283.348746836311	203.01605618243	263.444718959514	277.636995013448
540.048	0	0	0	0	0	0	0	0	0	0	0	0	0	0	852.879332670734	8.72131414205813	-12.245850265962	3.35137029780718	-7.60069684919244	0.768601003915885	-5.41079219782292	-9.78817592967239	5.0086291733041	3.72671653972707	1.45389179228985	4.16446735865948	10.4777466294467	7.49426317027924	10.2904265143589	14.2106626196559	21.5206821690295	15.5872774877273	11.2584277289275	16.4678389461101	27.5666949892799	35.0221781121382	29.2662861224488	40.8090165424175	36.8892712351018	51.890855714041	43.1775633647185	43.484806054652	63.2147678270828	57.194335712484	55.5685048293027	61.8953871596946	63.3472741673734	67.7507704072946	73.0162493326536	79.9624599549024	82.7765164515401	84.5246767504675	78.2791944562612	86.885237107136	91.9310378941876	91.6760132446154	89.7913060066742	103.17261250925	95.7755700077186	98.7538604782393	97.216540650633	115.036759953976	114.943928407847	126.985135582342	0	0	0	0	218.570334096497	207.129986967462	245.451339104953	209.467490678226	116.677818725527
543.378	0	0	0	0	0	0	0	0	0	0	0	0	0	0	103.162224137348	-4.20253027791745	3.12162808862324	2.99097505444588	10.1973178734277	6.24015856415977	-7.35332331891922	-10.3226518164805	18.3217404291294	4.0620014873657	9.15306047415834	9.14538698318193	5.75081744658333	11.2198025216441	15.7263396302554	21.7063628836113	15.3981768543821	22.5045633992363	20.8854893021122	23.38498544855	28.1054396482353	31.5375278416842	31.1020738357634	51.4791355439723	45.524714584902	50.0902604674487	46.2279574416453	36.461338596376	40.3868455353682	49.4767171140317	64.4666717085068	67.2262736283791	69.4604012138017	78.5584229331729	75.5989869048647	89.5698969385634	74.896756127361	83.9794976220825	76.2747206268841	94.3220989128671	89.7905409493593	92.5894843951159	91.229903706802	99.3559813039538	90.948787648507	108.605621367544	113.514432156023	124.153878000489	120.519071184548	132.767925081743	0	0	0	0	211.016548513061	222.977684831635	177.637961434876	210.968352431379	206.761894561745
546.71	0	0	0	0	0	0	0	0	0	0	0	0	0	355.463327765704	-8.42124729190255	-2.84561035851827	4.51921211394659	-9.52082568872245	-22.3213976523616	-4.34546645461017	-1.11652781771109	1.0453237722275	0.608527422682863	-0.275357195496619	6.26931299924826	1.58293485779039	11.0323626837112	8.07265703459773	13.6174899427634	10.3405034701737	11.348796559287	18.6460195620351	27.1128015644228	21.8733680352369	36.5577479127343	37.3808424750307	38.7633840773809	42.1596241123845	40.4437208860138	48.2476411505953	64.6879025085414	34.4204806796463	44.6633249806939	72.0133228020959	58.9754878954782	56.4639122177097	49.6695656208713	51.6135374133336	72.4734680873346	80.869963508608	92.6149158382233	64.02781220834	78.383186751775	77.0086833621026	83.0225860510853	90.2436240105513	89.9217909055538	98.7032486425611	77.584371306282	99.2134230096007	101.505648545506	94.055969402804	111.54873362595	138.846464168318	0	0	0	0	187.394287065255	156.067873675787	181.915293391406	109.489462878614	181.217450391533
550.042	0	0	0	0	0	0	0	0	0	0	0	0	593.592827827645	7.33245928089794	16.9113078437874	4.73909212755357	3.62337088617875	4.77099712149125	19.0660448307002	2.37446485321341	13.4511351703912	6.29544880099838	8.84963346092256	7.97711265997004	10.0550158006455	17.6738902357397	14.609805620968	17.1835544785566	15.1559434845949	24.4358112637509	31.7906774801903	29.826541809027	25.992892903469	33.8120991380585	31.5580759105363	23.5787189766381	33.8244586693928	32.2293834462315	26.4784780688416	41.9303799383937	45.4805611187765	56.6994146285514	52.592062336009	38.9528210914358	46.7389860451002	59.0126521473049	65.558546237493	77.1767187662037	75.0279451411277	82.5556103683283	72.4094631047932	96.987134713497	84.1096730879384	88.330367814058	90.3767990611302	72.861403223409	87.6424614789969	92.3911318030857	120.988946911486	97.3778508372183	95.9177801135999	97.4156761116181	124.982873833143	0	0	0	0	276.244240279714	222.836470112983	175.823601518906	267.748808130577	185.568825855884	192.440892768975
553.374	0	0	0	0	0	0	0	0	0	0	0	0	59.1058814538815	-12.4467531833396	-9.89961878447031	5.66755606150574	2.25980882692737	0.436140316640636	-2.06019581734539	-9.85039948663611	-10.0384495507175	-2.43238753427726	-1.21518065082149	-4.64003954354898	6.50247426779615	-0.889254703279697	11.4226112332618	15.1215593906651	11.782227630703	6.96217487836401	20.0667386723488	17.3333389845659	33.5975804069983	21.2197549980206	14.9767565592945	28.5796920522561	24.1884759949083	17.5394842246457	33.355186634031	30.2912029320677	28.5423406637091	38.3086722422544	36.4511597388685	50.6849530194467	55.6904320551553	44.1233224843373	55.6732482466529	51.2171230376322	60.5615101489689	64.1422550825655	65.2592558108321	64.1700457341856	59.2795825515853	79.6044834492869	77.4498746813552	70.7060459167048	71.8454952067782	82.7854663537662	62.5162486372504	75.6394931653412	87.0851675006471	111.236548399979	111.311594173859	0	0	0	0	170.570419768544	162.996154219119	178.010345845608	133.301717379913	200.291742249712	70.7170083272702
556.707	0	0	0	0	0	0	0	0	0	0	0	177.621150386188	-21.0247860281633	4.14905225289936	-11.8070821629596	-35.1501040269747	-19.7006743302328	-15.4281477013616	-13.9253494093177	-7.43380202742699	-6.64483611942027	-15.8916906577932	5.42692383736521	-4.34464864669084	-0.998001286732154	8.51444457110317	0.822713869660052	0.967442925158259	11.3717949394125	17.0815492120665	13.830415612624	12.325143652323	0.60010296525952	16.8531691523717	21.978729724085	18.8191800066808	23.4055286790872	35.1531762862877	26.4959903515341	42.8457452323757	26.514493883215	22.9460829719638	33.8477223236689	41.1180695635792	38.652148921584	41.7387691072801	40.5216020095578	46.2285447209963	50.2105101259866	43.7782750402901	53.8517039681051	54.6535955184154	59.9499185397339	63.6675749857215	60.845067235249	66.0877441620264	57.9409666856815	80.2498127247664	70.8256822200549	75.7991203097118	82.8552887007354	68.2600747107883	77.8679821859866	0	0	0	0	118.55372134076	95.1918675757393	110.468340586087	72.9181552418441	69.7665933652282	-14.3551321691393
560.041	0	0	0	0	0	0	0	0	0	0	455.524294764662	-11.8692003609096	-14.537035610027	-4.11340439882061	-19.6424945527937	-2.80815699701236	-10.2815145479588	-0.855836742522583	9.00029160984056	-10.158536652734	-12.1629022385145	-5.86035073676945	-5.42091955152461	0.544913013361885	17.8598797466617	7.15815907395852	9.47297979014052	7.81486500742092	5.11474253409601	8.82413652590388	19.6657136995879	28.4253613284516	28.5979395458061	21.3420892783231	11.2820702187453	34.0041746144298	33.6839106296243	30.6059441646036	41.6717771128407	28.9846196750557	39.7266472503365	45.9051142872686	31.1305526992484	43.3586536347573	42.6685390964696	54.0953481745189	51.436748579572	61.1576948751212	55.6784920631384	57.2696380035551	65.5623517006499	56.2211687775414	59.3249324173963	60.5734038602887	62.451106480099	68.6587269304098	61.5968445954348	64.2431480434976	66.7041398599012	72.2389593785546	91.7644426474321	93.4496152298026	0	0	0	0	220.88824344809	111.428554050972	156.89134140128	169.18055281663	118.760498389115	98.0310341309841	101.731913221078
563.375	0	0	0	0	0	0	0	0	0	0	46.6635429124413	-1.69427541595793	-2.16079404759451	5.67979383357856	3.45457152798533	7.97726296949056	-5.38435011524234	3.00367758388937	1.64540067721382	-2.74484182740216	9.98846453938863	9.34846684723666	-7.55445201593035	12.5334538139605	2.73724645000972	13.0184142355793	8.88288029774922	10.7853650372138	12.0372264807512	20.4277803226324	20.9069349044749	23.3792545776708	21.0039007983466	22.6196612878992	32.1344474445317	20.3553475446952	30.6663521095897	30.4055668429432	28.5374539088695	31.578045637842	42.4411460827443	36.6843540716233	44.6674977240855	55.9957070719001	43.7529495892046	51.6067394080865	46.3842817772028	50.3662353260237	51.1848874574753	56.8969038059096	67.2023357174673	49.2555799700084	68.534179474939	59.4010334368051	58.707938469544	63.5669393649001	73.353969982265	73.573960379686	65.2633483814355	79.0773129767861	72.4945399057426	77.6237375737848	0	0	0	0	112.907705653738	176.683597912427	171.730196018394	150.511856020788	138.35899050648	106.111454912502	116.352669651154
566.709	0	0	0	0	0	0	0	0	0	159.214132125391	-11.984041009589	-5.76622187602444	-23.0441395603979	-24.1269729051691	0.995821552005511	-2.85574024089307	3.19148672444959	2.18430482217161	-0.830685962487558	-11.55113595808	-9.39653701330919	10.9094391195609	6.75240710489407	2.7740607779401	16.9378284965769	4.57586377517732	10.912962928205	7.79996786285558	12.3960863851876	15.3696116688838	5.48459528588644	22.1938780903644	24.6422283965414	26.0426148947748	11.5071590056254	16.4209825730401	15.5517998654676	19.5701725458821	15.1750758713353	16.1879549859494	22.4870855970581	49.3467251285741	32.7521539688083	19.4445204215864	33.9082665146135	42.7867280750467	52.7135565130312	48.2304688118313	42.4897700162905	51.6156997441002	52.8370386188133	64.8521343585302	50.4836158011967	60.0639539920413	63.3668437549202	57.3625434075024	53.2720978824115	50.9284721832778	62.8658912877091	64.4704490240429	67.3971098657197	72.6080686921656	0	0	0	0	91.9266880305171	112.565269206923	184.148418392039	118.47496874974	101.539936660118	34.2600033705388	182.735594068756
570.044	0	0	0	0	0	0	0	0	441.118566714042	-9.50217277841318	1.83526382984501	-3.50872963315392	1.114087325297	2.12984296916561	-2.03425193869246	-0.00309649642204153	14.3508464177975	17.2826926536669	-0.844000337132123	12.5496490977484	21.3812572426906	5.83036531431922E-4	5.3000933311586	3.09921936460404	7.44585876709724	10.204366334047	17.0555059820221	14.174603092326	13.4310174955885	12.9805466435585	25.2119297264575	20.1588968182648	26.2490079108768	22.7186334286097	16.2762171361085	28.1031536452668	34.2289067122274	38.8382402604362	38.3494476700841	55.6637074380876	45.3267905438461	36.0114680458379	26.6845062172086	42.1600478606831	37.6864491164535	48.9683947985719	50.8525663563842	46.0048722590274	59.1523064306046	60.5086136721986	46.9802678520819	38.9044414276265	62.2674279805132	58.4636244677667	63.7964280699494	54.9086724344307	69.573406321112	77.938118349815	49.6301354948254	83.7468399574822	72.5615234955227	0	0	0	0	173.764401938671	128.428357746005	141.117923645422	124.277442482469	171.960922891962	124.9067625736	157.51342076802	101.776629675846
573.38	0	0	0	0	0	0	0	0	49.6906611431176	12.1176061030175	15.9315810717145	9.3996268760005	-3.92456761604567	11.8182045211128	-0.510107784518142	0.483255565077734	8.8519952159539	-2.22858432113479	8.09510917134197	8.14393829757125	3.84271135223375	-6.11050966817596	14.4308220169989	5.08868488503393	3.6152381485189	10.9719199920336	8.14984298718398	6.79144122709292	13.3398397509508	16.317266386733	18.7833532598193	26.1465666034393	15.664240764078	31.9420237946591	29.3393207624837	21.4395409805183	44.533312007631	31.5776251549436	30.318724422979	39.7915083948121	34.8767691115387	35.5103786132516	31.3935263917729	42.4187218543605	38.2343601864333	32.3357412409384	41.8356969898679	56.1976398286848	53.1441142288455	36.5634813125927	41.7442366936162	63.1370373575983	55.5669122523134	50.8298049646837	58.3230867422477	52.5013342592617	63.2001668928074	61.5199960138138	69.8567756057006	75.6249965119417	91.8271947089157	0	0	0	0	136.005737291884	92.2165426953718	100.537184950442	175.836707167961	159.341054706132	109.712511335898	193.425913277085	190.347867754647
576.716	0	0	0	0	0	0	0	179.112456989387	-5.28389731885117	31.8449376385566	15.9197214337158	4.66616332132074	26.8545862996175	25.1933378410024	3.55201522981021	15.5882064264257	7.91231345329111	4.89988704955183	6.39077845336872	-2.03188930766414	9.59347189414375	12.2084579352762	-0.31469866582206	15.8138209107946	14.9594975653526	10.723588091462	12.6360428714824	20.1792662563708	11.9582479376943	17.1058826804823	23.8635259702454	29.024324435841	36.7970090086977	25.0121348724175	21.6017127182713	36.6083204398076	31.7811271878324	42.4499039913745	56.0668863320869	39.719566135568	51.6469406453021	38.4047484738492	38.9893720710058	55.3363997007463	46.3357443763692	52.2660054921148	44.4885852341619	48.0086471938307	53.6647498814825	54.4828999916346	66.1576719065401	45.9266575678975	61.136641084489	47.3222236189018	64.3767879039071	65.2815351421957	61.8022081037029	52.3059283056775	63.1105896024271	66.14963930494	77.7842506643432	0	0	0	0	118.912783017996	132.465020123332	189.361686823697	181.712074222747	198.791916115064	147.384713285841	233.354456811619	124.133258781369
580.052	0	0	0	0	0	0	421.062126677301	22.4190881102886	29.5676376936037	5.0590090381004	15.8039133926661	31.472953511682	8.90133549370331	16.5123853761687	11.1516692758554	18.3875765040417	-0.92314717690285	2.6537696628308	25.7861466113036	15.7549343710213	8.76463986737589	13.9078785365789	14.3153469350008	20.4841214670605	6.91629407598069	15.0442428729101	21.0717759093593	21.0629500685083	15.4391794150748	19.0155082033445	18.3924511062078	20.6362588544341	23.1561531653639	31.9972497883962	38.30359157023	26.2023954190482	27.3887094628374	34.4278207359473	20.850682673262	31.7955664514125	37.256470603962	47.8273858468564	48.0947109910307	42.0697954172588	25.932671805806	41.852266033756	36.4199638904375	40.8484021732408	41.5726102557501	39.8637926342566	41.6906412152708	66.6026145649753	41.340926011828	49.2866006227098	51.7493788471011	52.991368026409	51.4407539083912	58.008626638571	80.4117029944782	76.4508351060899	0	0	0	0	161.157757807098	105.531304450203	117.938687292137	134.687269462387	130.200678012336	133.734347240618	184.024583896552	122.584610632136	199.918758082566
583.389	0	0	0	0	0	0	73.192205779379	7.40910787638413	11.060047278489	-18.8194598778622	-5.42290977693037	2.33594739697155	-2.19136673743396	-49.0811039016967	12.5830596698955	8.15708770849616	8.70154742602855	5.7035365249469	-6.70770032859775	3.60650535834095	-1.89039722533056	10.9598585840878	-2.1594887582968	0.289379452165727	22.8684134532284	5.28380471395614	5.06405736267905	6.84862860705954	12.1130254676103	13.2372792677654	13.6732435139729	17.3136956051441	14.1974451011097	15.4010100720029	13.3741829309251	17.1160481298033	26.5254802451056	25.8341107332966	17.9607371942457	12.6791498580988	22.6193659547844	49.6279922388734	12.3441293478479	24.2355061905984	37.6125135613127	20.899251522269	50.6023896759187	48.4724207308146	45.6933262268784	46.8991754988546	47.6720296304098	35.9694336729139	41.5460913494527	44.3708593849306	48.7171071671076	52.5420186880658	38.2503644154985	46.5444275428338	50.8416257129228	48.5202719121126	0	0	0	0	86.2127900033752	75.5392140576268	70.3248968341295	136.59655849795	125.43067829209	99.4136000117876	37.318926819643	161.161609681654	97.2529221021241
586.726	0	0	0	0	0	118.231767397986	-24.2323973080038	-20.7220477680584	-16.1705783472596	-34.8858545760505	-26.3385136136978	-29.822774560105	-33.401225169559	-8.39545025727275	-14.4761058623584	-34.7685056944273	-13.6508245672572	-18.7299992370108	-8.74135160368633	1.59052794626394	-15.7576168235575	-19.6626747374989	-6.74085585296875	3.60327382744397	1.25639481949018	-2.26775737662349	4.60991102944622	5.8017668504074	8.85712001239373	2.99925738874137	4.5242536534219	6.77145934098534	-0.297796602408591	2.75204238699665	9.96134755260477	7.58896619497541	22.5525190305313	18.3261110796916	9.08572913306188	38.5169374295761	21.3289518041327	8.02403321515919	12.5927756252344	26.0590023750587	23.9361453100134	15.6394207999251	20.8829717592102	15.2677684161061	23.1353734822347	22.2491984129523	29.0676389971726	36.8284905034377	38.7617490800625	35.415883718969	37.2119394804442	36.5758617680321	43.9963270151821	36.6419778530726	31.7113608958513	35.8705804158305	0	0	0	0	67.911006343825	49.5645808429465	73.2136382748717	68.8302015046009	25.3792920968228	41.9248757456266	54.5519186487971	-28.8490202101297	-103.75234318578
590.063	0	0	0	0	849.960000046672	33.1048354518303	-2.08664502257971	-17.4502349904223	12.3413430151919	12.5097485152773	29.4445037741702	14.9645190300152	8.78638953902708	11.5809960786728	21.5458256768704	-0.00560000376772026	14.6101875644634	7.87083398160029	19.6367152363962	5.18891773977382	1.88406799151401	19.3867192506806	15.9921243002742	11.3787051949701	14.4375776646012	15.9865874695714	7.78330552525667	8.3266169366437	10.3931020373666	14.7962912688214	13.1498326924973	16.9947650595634	23.4851679417409	17.8054841652797	17.5683789418209	30.1570413148366	28.0382708037921	24.5177773247286	24.6583447486827	20.950881517185	30.0557712666865	28.9247864101679	34.5336232285716	29.5254521378981	27.8790068305003	38.3409654889227	37.4566613150075	38.8925672408938	42.8700679191335	30.8634555373431	37.2050576773151	35.5725682916282	40.3010601994165	32.7523394541131	35.6253650877985	47.8654742866846	46.3901443733177	28.1652025316339	56.5025707651571	0	0	0	0	109.777438805159	61.2959563487757	98.7838739258678	86.1582250040147	103.643529641107	121.386414337437	181.706806417351	31.3081483701736	100.0965955405	204.523670698742
593.4	0	0	0	0	114.966476022237	10.1994593050002	37.9674478263115	19.6675703111362	17.7208799353364	10.1109246529065	-4.25197812312958	20.977344367903	15.5635181099616	20.197986444754	-5.05999444579354	14.9780137449311	10.159830408722	7.95206695975559	-4.22609187860197	4.03419962915773	9.52150769812723	12.8266503235547	6.84103932054683	22.4402750742023	21.2632522476519	3.92455519156527	20.2078089818917	18.5243035290866	14.4085701567123	20.4032931754012	15.4771466282956	33.5566350543545	29.2247322780909	27.3206054321222	23.569692185391	44.3539948295783	29.9753998860839	33.7869715436362	44.7376879856256	43.8628825756931	42.9317594220261	33.3620192607313	45.6566852225888	45.0634186246671	41.458774880674	41.5155918314135	33.7021311187071	27.411086702705	39.4333538693768	40.1651403752902	50.6510121062818	31.4381416295713	48.3398557216274	45.296615477557	53.1801686835926	52.6537996098954	47.2302725960135	42.221939455081	58.5427620665639	0	0	0	0	87.5679665124464	68.9162860197651	99.1390281774141	115.265634589705	151.035134666182	141.183368315876	139.514224689856	132.471849252862	122.451362918846	174.437467565939
596.738	0	0	0	399.076503380682	29.8259630309939	6.66461568159467	22.182126826923	-4.83086381478118	30.7398762926658	5.15196514650347	34.0071288907384	25.5018691739115	15.846565188861	11.9225101610759	22.7073239283116	17.718101443228	6.10927437454144	11.2499820144257	3.87041280249037	-6.98431825819795	10.4657264115937	6.53335751252128	15.1932004973867	0.588698917120286	7.03905341125446	21.1557801842371	17.7543137795962	9.94137018672294	8.11202616988342	16.4615209551669	18.4625598949025	14.2699067072539	17.04412945528	24.9637979086625	24.3084656398922	21.9454950511849	7.19544014699262	15.4540115356706	7.30495338278255	14.4681740391164	15.84976814828	28.2832156236127	31.6809584800537	24.867862191262	26.3817121062224	16.7811537150038	36.4267827903654	47.6083394441483	30.6412934899885	36.0036339275672	27.9709708976072	47.5654734276668	32.6118081984427	28.8091394398191	50.5689993642562	33.1432683253468	39.5713377663387	40.5882644561367	51.0998819698786	0	0	0	0	61.2506033712952	79.5872049212559	83.1831405469869	54.803719463765	78.4383214883599	126.199587116988	92.7353958755328	122.796380677965	162.672240154727	129.393757117711
600.076	0	0	819.298844955438	5.65130851304271	-17.0986877987866	-33.8496451399747	1.44340721381585	-15.4073803686616	-28.4749637813815	-31.3427591083481	-29.4895940283288	4.80976430039547	-18.3739857695386	-34.0593296562062	-7.32198537243942	-10.4860231156519	-2.38247451984302	-8.67344973517412	-13.5225097035747	-4.16718891653866	-18.4850439021341	-18.0288396662995	-0.32274406000209	-1.71974438052594	11.9051248903147	-2.61577277275956	2.63537716413837	8.69480227643592	7.88710582624112	2.30707585853592	-5.50082882453016	3.56853600849799	11.6390110531257	8.97763239270633	1.28038630217368	9.86898078337776	9.96619115090586	13.1187084999973	16.2303290513329	24.9014985590226	18.8351128816557	14.5273427926319	14.6383361590887	-0.315672305595814	26.4448921845597	18.2901458695278	29.2992450024213	19.7000314220287	20.5283731392842	31.3097198892539	23.6018659178044	23.4075243389271	27.579147783844	27.7745485324954	39.0183495405893	32.3704427209851	18.9147850160052	35.9970018783363	0	0	0	0	84.2929910651162	41.919273625379	31.142179412786	36.1049401301581	19.4520244399291	50.9459201781441	22.8016010119112	50.2260609417684	-12.2232204987236	35.7926232480392	3.63199500370055
603.415	0	0	98.2442934018332	17.1478922672135	18.0061376226358	13.6446355591976	-0.72755349753749	6.3569939131897	6.83055327967199	4.60514246750705	6.95294601873904	-2.39809768877794	8.10744072331188	33.2436069468351	27.9856101520932	-11.0816763430259	0.480998050956633	-5.06557515059117	16.2714479235065	-3.36230280422895	2.77509909456971	1.49118594037577	7.44725880676144	6.4299466840156	8.26864947671439	13.4653569667653	7.31016679696721	10.1698136526335	10.2418678516062	4.64076121599308	16.3675656803289	18.4398185956327	11.0955329501114	17.1336893219229	22.3121200077321	21.4898097494248	21.1379527421267	21.9527667305641	17.7823703586698	26.6333158426252	27.3010496070608	12.3424287908636	25.2124498349905	26.8355744429417	28.0032972264122	29.2463574120504	19.5626605262048	24.8185034546214	19.74913574916	17.6328715409868	26.8313651329404	42.4671782329799	37.4607952991148	26.5299981140346	25.7171730756286	34.2315365459954	42.1559886169396	45.7131221310268	0	0	0	0	64.7445315585354	61.651897384441	66.3348939400638	74.8920862804107	57.8197247896248	63.1255059049928	115.049109192063	107.467702874329	98.8336558591356	74.8484502969718	64.3151418660533
606.753	0	279.814807364188	-27.9021187614103	-27.8557422157706	-24.3237861824258	-11.4040679853401	7.32842602769919	-45.329731772684	-30.8344446415256	-21.1244274559667	-2.52435450469023	-6.09099917265785	-17.9913642749327	0.567495734312948	-21.7041295641094	1.01688418885741	-7.22499999508561	-5.07463122293997	-7.93804643512254	-26.1246145143952	-13.5111401329771	14.5169693558968	-7.46843248219259	-6.13959599727434	-5.35111796954382	-5.77406002839957	0.887604099136021	-0.52917386596925	1.59570987285915	7.81402109177288	-5.05351118145156	12.6970167563384	20.9785221776343	15.8798688193788	1.92993259841746	3.220823845881	5.38114489705115	5.4903237606833	25.673735347372	7.62063436788112	11.4999810153655	11.956359520674	14.0693213719869	8.86380145381543	18.2650176341524	9.88051659870344	18.7013431129609	20.2182841714385	22.62796137577	22.030953804958	32.6373876555134	13.6037801804892	18.4835989437561	15.3669006675175	32.1475238091171	28.5923961154907	28.5088455879168	20.6367441397999	0	0	0	0	46.4262257900664	32.6748392111913	45.3626241716941	30.6704018508869	54.4163095766582	56.8495742617722	83.2996753551275	82.4863144233377	78.4573731943084	-55.5581441077021	68.1606607665551
610.092	495.074077868235	45.6806715453069	11.3632705143413	53.3814274249597	35.404273918922	7.61033166555322	30.8977510512641	-25.556587629668	17.8793861534858	17.8739876683092	15.9026707131414	9.72630169061963	11.0554598455987	6.14018365559688	7.94343089288626	19.2466471707318	7.73812939438364	12.959027100878	-16.3523180616994	5.92205284333779	7.97964109996169	16.0510902431762	8.79008350632525	19.6707376660235	6.70335284881343	12.8187561876743	17.1461033444019	12.6879052896647	10.12391935678	19.8927216677802	16.9635800130918	8.87437339018905	22.9481143419426	19.175121459335	19.5583827534608	32.891801458532	8.40831055930229	27.9041812459832	24.3141841220389	31.3517504487167	44.9429217305255	24.0256003732469	35.833676692814	24.8648670615798	33.9135982186763	31.3208764708835	27.8060515091512	27.4535570449091	20.803655099474	34.2485343227694	25.4350169894071	20.4632746028994	36.1890576998819	30.5231195969091	45.3246799632223	42.6921566032283	35.3172457625588	0	0	0	0	84.0490490946596	38.4208961142034	57.8801276517795	85.4944212679315	89.185694771555	42.9723313477003	121.547042754808	88.6760780239163	93.7346555568952	86.9641356150353	86.4502213384418	212.939297299191
613.431	104.755707134723	-17.6902129024403	32.3066457559063	21.3315423353118	3.91673074088349	15.2342124776883	14.6988649825861	17.7286656411852	10.9732857210281	-0.667608591576113	18.4186606120253	8.54677513906408	8.14307142731974	15.0327721928284	10.6156312022443	4.04777185800753	12.5500611972711	15.7101405162819	11.4821098987746	9.28728682156169	9.95745356218269	-0.368814990330658	9.7544260234071	-6.15430213781517	2.40965718200658	15.204712005095	12.2319471840338	7.74667678451986	13.4678647776367	15.8399304957811	-4.04773391477965	14.3707531367115	27.3674941846283	12.9829227828687	22.7258679181898	18.9976309885217	4.72390705946923	11.9922831939333	17.8542154309101	20.251741297403	24.2369803724853	23.6322416622178	27.1253741392224	24.0935146488825	15.9232106602532	6.38395219040408	28.3611815866587	28.6530434757432	28.3221659959284	22.6938730248232	21.7981661993869	40.5630783981011	25.2698699381902	33.7394101158172	41.3172606531564	29.5982048012353	36.6146315581464	0	0	0	0	65.3373657455263	34.3081854864399	22.9994394278913	55.7006178116694	27.0120431593873	23.2403332151902	62.3042546758422	74.4348538854644	82.4428283552223	90.9709572498189	208.794866414713	113.938038035935
616.77	-0.98582195082893	-6.6119198862509	-2.66583698742827	-34.9633481576592	-20.7344832539484	-44.0276523040086	14.9090202304526	-24.4615855722351	-10.4429737122619	-18.1043477756478	-7.72986536669692	1.24054596015558	2.35529599574269	-18.0584994703234	-17.2064453429915	-2.56308501473114	9.30753391084176	5.62440468881962	-14.7795427105202	3.86011998736003	0.814264189514939	-2.26438747460388	3.62816659666123	1.49029915615439	7.06244799322001	-8.07651702812982	1.1273699238514	3.74781474762429	4.86079443587388	0.440723944358822	-2.82432413746092	3.94737456442373	7.42917594811873	1.64516848208381	11.6914170322605	10.130139573636	19.8157380121993	11.8316529524053	0.00170589046974167	20.9117727283065	28.2086013877302	3.51541935703327	17.6013814945605	9.37186881515096	27.4932963369195	10.3632415514588	8.90461535237809	15.4851900040802	13.0979719505407	13.871484622392	15.329523790376	21.6317750560856	21.4633942341079	27.3214195062154	40.6860104002523	30.3417042345031	21.8090757385844	0	0	0	0	41.9505433988879	17.8603879309305	47.7459804268167	32.5746613282599	74.8408976360718	33.5517597895542	41.4142323633039	58.5921376681695	66.0268523816953	52.4598077796088	31.1094508184442	42.3057990174192
620.109	18.3162456961881	-30.2130820860193	-4.35214745278193	-16.3740402066253	34.3447171032415	9.49794130010523	-66.9578066197036	-1.78649108963314	-0.0108776161671255	6.59643032542536	43.5953864429601	0.775213274820838	-21.7567445590248	22.9154546443065	12.5723789719513	-27.7664013581122	-7.8369588589594	-35.1799294820197	8.819525274366	6.32635775131024	-12.9177407696436	11.1575517862234	6.08672213352431	4.38468220523472	-8.69026428308668	7.53175690837897	8.60436804393158	8.79051261850491	-3.31719201936948	6.85935525271053	12.6225401734369	3.79080483361364	-0.790194590534895	8.911398244659	10.380488759061	8.84414536141213	16.4097317544165	11.7243917030457	9.80335474459359	13.8171745548324	-2.47565292706939	12.091367645299	4.0514045348815	15.9329099003689	17.7472825806698	10.3571464941605	14.7860693776106	17.1008466334668	18.461901789959	18.232462022513	25.318080762237	32.8888911723584	17.9695030147711	19.5822952944234	19.7130161423236	19.4591826433133	0	0	0	0	101.276167714458	34.5799147762731	36.6212533973136	40.2152611424604	51.3845666285871	31.0207415643795	66.8545685332648	53.6263224460042	33.637492243663	57.4922300888776	10.3049545162053	38.225209817534	56.8578977434583
