Sample - Blank	600	595	590	585	580	575	570	565	560	555	550	545	540	535	530	525	520	515	510	505	500	495	490	485	480	475	470	465	460	455	450	445	440	435	430	425	420	415	410	405	400	395	390	385	380	375	370	365	360	355	350	345	340	335	330	325	320	315	310	305	300	295	290	285	280	275	270	265	260	255	250	245	240
nm																																																																									
213.328	0	0	0	0	0	0	0	0	0	0	0	0	0	0	0	0	0	0	0	0	0	0	0	0	0	0	0	0	0	0	0	0	0	0	0	0	0	0	0	0	0	0	0	0	0	0	0	0	0	0	0	0	0	0	0	0	0	0	0	0	0	0	0	0	0	0	0	0	0	0	0	0	0
216.504	0	0	0	0	0	0	0	0	0	0	0	0	0	0	0	0	0	0	0	0	0	0	0	0	0	0	0	0	0	0	0	0	0	0	0	0	0	0	0	0	0	0	0	0	0	0	0	0	0	0	0	0	0	0	0	0	0	0	0	0	0	0	0	0	0	0	0	0	0	0	0	0	0
219.682	0	0	0	0	0	0	0	0	0	0	0	0	0	0	0	0	0	0	0	0	0	0	0	0	0	0	0	0	0	0	0	0	0	0	0	0	0	0	0	0	0	0	0	0	0	0	0	0	0	0	0	0	0	0	0	0	0	0	0	0	0	0	0	0	0	0	0	0	0	0	0	0	0
222.862	0	0	0	0	0	0	0	0	0	0	0	0	0	0	0	0	0	0	0	0	0	0	0	0	0	0	0	0	0	0	0	0	0	0	0	0	0	0	0	0	0	0	0	0	0	0	0	0	0	0	0	0	0	0	0	0	0	0	0	0	0	0	0	0	0	0	0	0	0	0	0	0	0
226.045	0	0	0	0	0	0	0	0	0	0	0	0	0	0	0	0	0	0	0	0	0	0	0	0	0	0	0	0	0	0	0	0	0	0	0	0	0	0	0	0	0	0	0	0	0	0	0	0	0	0	0	0	0	0	0	0	0	0	0	0	0	0	0	0	0	0	0	0	0	0	0	0	0
229.23	0	0	0	0	0	0	0	0	0	0	0	0	0	0	0	0	0	0	0	0	0	0	0	0	0	0	0	0	0	0	0	0	0	0	0	0	0	0	0	0	0	0	0	0	0	0	0	0	0	0	0	0	0	0	0	0	0	0	0	0	0	0	0	0	0	0	0	0	0	0	0	0	0
232.417	0	0	0	0	0	0	0	0	0	0	0	0	0	0	0	0	0	0	0	0	0	0	0	0	0	0	0	0	0	0	0	0	0	0	0	0	0	0	0	0	0	0	0	0	0	0	0	0	0	0	0	0	0	0	0	0	0	0	0	0	0	0	0	0	0	0	0	0	0	0	0	0	0
235.607	0	0	0	0	0	0	0	0	0	0	0	0	0	0	0	0	0	0	0	0	0	0	0	0	0	0	0	0	0	0	0	0	0	0	0	0	0	0	0	0	0	0	0	0	0	0	0	0	0	0	0	0	0	0	0	0	0	0	0	0	0	0	0	0	0	0	0	0	0	0	0	0	0
238.799	0	0	0	0	0	0	0	0	0	0	0	0	0	0	0	0	0	0	0	0	0	0	0	0	0	0	0	0	0	0	0	0	0	0	0	0	0	0	0	0	0	0	0	0	0	0	0	0	0	0	0	0	0	0	0	0	0	0	0	0	0	0	0	0	0	0	0	0	0	0	0	0	0
241.993	0	0	0	0	0	0	0	0	0	0	0	0	0	0	0	0	0	0	0	0	0	0	0	0	0	0	0	0	0	0	0	0	0	0	0	0	0	0	0	0	0	0	0	0	0	0	0	0	0	0	0	0	0	0	0	0	0	0	0	0	0	0	0	0	0	0	0	0	0	0	0	0	0
245.19	0	0	0	0	0	0	0	0	0	0	0	0	0	0	0	0	0	0	0	0	0	0	0	0	0	0	0	0	0	0	0	0	0	0	0	0	0	0	0	0	0	0	0	0	0	0	0	0	0	0	0	0	0	0	0	0	0	0	0	0	0	0	0	0	0	0	0	0	0	0	0	0	0
248.388	0	0	0	0	0	0	0	0	0	0	0	0	0	0	0	0	0	0	0	0	0	0	0	0	0	0	0	0	0	0	0	0	0	0	0	0	0	0	0	0	0	0	0	0	0	0	0	0	0	0	0	0	0	0	0	0	0	0	0	0	0	0	0	0	0	0	0	0	0	0	0	0	0
251.589	0	0	0	0	0	0	0	0	0	0	0	0	0	0	0	0	0	0	0	0	0	0	0	0	0	0	0	0	0	0	0	0	0	0	0	0	0	0	0	0	0	0	0	0	0	0	0	0	0	0	0	0	0	0	0	0	0	0	0	0	0	0	0	0	0	0	0	0	0	0	0	0	7242.23122307891
254.793	0	0	0	0	0	0	0	0	0	0	0	0	0	0	0	0	0	0	0	0	0	0	0	0	0	0	0	0	0	0	0	0	0	0	0	0	0	0	0	0	0	0	0	0	0	0	0	0	0	0	0	0	0	0	0	0	0	0	0	0	0	0	0	0	0	0	0	0	0	0	0	0	313.6153760876
257.998	0	0	0	0	0	0	0	0	0	0	0	0	0	0	0	0	0	0	0	0	0	0	0	0	0	0	0	0	0	0	0	0	0	0	0	0	0	0	0	0	0	0	0	0	0	0	0	0	0	0	0	0	0	0	0	0	0	0	0	0	0	0	0	0	0	0	0	0	0	0	0	3486.01407627515	144.139448273988
261.205	0	0	0	0	0	0	0	0	0	0	0	0	0	0	0	0	0	0	0	0	0	0	0	0	0	0	0	0	0	0	0	0	0	0	0	0	0	0	0	0	0	0	0	0	0	0	0	0	0	0	0	0	0	0	0	0	0	0	0	0	0	0	0	0	0	0	0	0	0	0	19667.7326040241	385.556437811879	-301.192048084524
264.415	0	0	0	0	0	0	0	0	0	0	0	0	0	0	0	0	0	0	0	0	0	0	0	0	0	0	0	0	0	0	0	0	0	0	0	0	0	0	0	0	0	0	0	0	0	0	0	0	0	0	0	0	0	0	0	0	0	0	0	0	0	0	0	0	0	0	0	0	0	0	1053.23377640989	-44.0536094841656	-508.210863904399
267.627	0	0	0	0	0	0	0	0	0	0	0	0	0	0	0	0	0	0	0	0	0	0	0	0	0	0	0	0	0	0	0	0	0	0	0	0	0	0	0	0	0	0	0	0	0	0	0	0	0	0	0	0	0	0	0	0	0	0	0	0	0	0	0	0	0	0	0	0	0	9269.2474099979	393.713412265341	182.235758413303	-561.395676848188
270.841	0	0	0	0	0	0	0	0	0	0	0	0	0	0	0	0	0	0	0	0	0	0	0	0	0	0	0	0	0	0	0	0	0	0	0	0	0	0	0	0	0	0	0	0	0	0	0	0	0	0	0	0	0	0	0	0	0	0	0	0	0	0	0	0	0	0	0	0	29938.9616894878	456.206150219954	191.5014452161	-367.704739782561	-214.629447459341
274.057	0	0	0	0	0	0	0	0	0	0	0	0	0	0	0	0	0	0	0	0	0	0	0	0	0	0	0	0	0	0	0	0	0	0	0	0	0	0	0	0	0	0	0	0	0	0	0	0	0	0	0	0	0	0	0	0	0	0	0	0	0	0	0	0	0	0	0	0	2450.64956748483	486.825575790719	106.876531965573	-161.253137003408	294.045277840339
277.275	0	0	0	0	0	0	0	0	0	0	0	0	0	0	0	0	0	0	0	0	0	0	0	0	0	0	0	0	0	0	0	0	0	0	0	0	0	0	0	0	0	0	0	0	0	0	0	0	0	0	0	0	0	0	0	0	0	0	0	0	0	0	0	0	0	0	0	13334.6711282324	529.393576221123	280.516091436738	-303.52835911259	-166.602193515152	88.4804912870593
280.496	0	0	0	0	0	0	0	0	0	0	0	0	0	0	0	0	0	0	0	0	0	0	0	0	0	0	0	0	0	0	0	0	0	0	0	0	0	0	0	0	0	0	0	0	0	0	0	0	0	0	0	0	0	0	0	0	0	0	0	0	0	0	0	0	0	0	35451.0513748787	1018.55588474022	550.433344866405	281.625470431875	-312.840888126483	-60.8295496794029	41.4502346727835
283.718	0	0	0	0	0	0	0	0	0	0	0	0	0	0	0	0	0	0	0	0	0	0	0	0	0	0	0	0	0	0	0	0	0	0	0	0	0	0	0	0	0	0	0	0	0	0	0	0	0	0	0	0	0	0	0	0	0	0	0	0	0	0	0	0	0	0	4348.0006571617	996.663727558387	725.371877162035	139.812300366815	213.267917541202	385.183447514422	289.332794676989
286.942	0	0	0	0	0	0	0	0	0	0	0	0	0	0	0	0	0	0	0	0	0	0	0	0	0	0	0	0	0	0	0	0	0	0	0	0	0	0	0	0	0	0	0	0	0	0	0	0	0	0	0	0	0	0	0	0	0	0	0	0	0	0	0	0	0	15384.4071710598	1108.3250434159	1039.87119956186	727.683352136213	305.588448152808	308.067384297349	218.760829630922	147.112491195522
290.169	0	0	0	0	0	0	0	0	0	0	0	0	0	0	0	0	0	0	0	0	0	0	0	0	0	0	0	0	0	0	0	0	0	0	0	0	0	0	0	0	0	0	0	0	0	0	0	0	0	0	0	0	0	0	0	0	0	0	0	0	0	0	0	0	35588.6596015243	1291.77556488573	1234.45620414878	1253.4339386989	781.500877220025	546.214782685231	533.646478815766	430.432745398107	385.741154843801
293.397	0	0	0	0	0	0	0	0	0	0	0	0	0	0	0	0	0	0	0	0	0	0	0	0	0	0	0	0	0	0	0	0	0	0	0	0	0	0	0	0	0	0	0	0	0	0	0	0	0	0	0	0	0	0	0	0	0	0	0	0	0	0	0	0	5112.25411622124	957.968468506071	1284.98552633737	1254.34733385688	952.011620161222	795.535703843128	461.968624286902	138.173381644298	125.685627445223
296.628	0	0	0	0	0	0	0	0	0	0	0	0	0	0	0	0	0	0	0	0	0	0	0	0	0	0	0	0	0	0	0	0	0	0	0	0	0	0	0	0	0	0	0	0	0	0	0	0	0	0	0	0	0	0	0	0	0	0	0	0	0	0	0	17856.891713153	753.38030830613	1096.16741994652	1433.5384231023	1325.62922321771	1110.62706906061	989.291721101266	677.306170456065	394.109484468242	338.180219037576
299.86	0	0	0	0	0	0	0	0	0	0	0	0	0	0	0	0	0	0	0	0	0	0	0	0	0	0	0	0	0	0	0	0	0	0	0	0	0	0	0	0	0	0	0	0	0	0	0	0	0	0	0	0	0	0	0	0	0	0	0	0	0	0	0	1472.78086510113	681.214578640386	1114.4746655623	1402.70106384626	1298.30006440837	1191.9459848551	853.930821426042	555.304819213948	443.89710949899	265.510428085877
303.095	0	0	0	0	0	0	0	0	0	0	0	0	0	0	0	0	0	0	0	0	0	0	0	0	0	0	0	0	0	0	0	0	0	0	0	0	0	0	0	0	0	0	0	0	0	0	0	0	0	0	0	0	0	0	0	0	0	0	0	0	0	0	8428.93420674074	506.173159708138	725.552405897008	1078.91588482733	1268.87168684491	1380.59493094721	1184.67152900586	922.324938118181	667.827314734602	400.430438117892	315.996666766936
306.331	0	0	0	0	0	0	0	0	0	0	0	0	0	0	0	0	0	0	0	0	0	0	0	0	0	0	0	0	0	0	0	0	0	0	0	0	0	0	0	0	0	0	0	0	0	0	0	0	0	0	0	0	0	0	0	0	0	0	0	0	0	20255.3417164446	492.314907269828	541.505874938596	762.198134337722	1062.13922717196	1331.87314260778	1442.99205724642	1165.9600049586	791.369927740014	514.462419091007	586.961284107143	490.830420096856
309.569	0	0	0	0	0	0	0	0	0	0	0	0	0	0	0	0	0	0	0	0	0	0	0	0	0	0	0	0	0	0	0	0	0	0	0	0	0	0	0	0	0	0	0	0	0	0	0	0	0	0	0	0	0	0	0	0	0	0	0	0	0	1946.07919523291	424.480290312335	534.366877311932	748.921010967618	941.719077410527	1323.44167095721	1415.42488618452	1233.19683844328	874.353031166545	662.347857010296	426.016870823597	629.844035566012
312.81	0	0	0	0	0	0	0	0	0	0	0	0	0	0	0	0	0	0	0	0	0	0	0	0	0	0	0	0	0	0	0	0	0	0	0	0	0	0	0	0	0	0	0	0	0	0	0	0	0	0	0	0	0	0	0	0	0	0	0	0	8882.62048250416	340.904577859228	419.594483374274	579.578886259601	775.794873220543	986.951775455105	1360.33977003597	1324.27345350334	1110.10871801044	872.846604398915	676.501745274935	583.90241998483	434.486897747876
316.052	0	0	0	0	0	0	0	0	0	0	0	0	0	0	0	0	0	0	0	0	0	0	0	0	0	0	0	0	0	0	0	0	0	0	0	0	0	0	0	0	0	0	0	0	0	0	0	0	0	0	0	0	0	0	0	0	0	0	0	23392.3471796721	603.578315823538	333.564208075693	461.343798555338	610.653112499618	740.615372896176	1065.18802506212	1291.17279560587	1249.89957490676	993.476645056597	747.651899584798	693.998184506775	614.72599057643	507.095768830082
319.296	0	0	0	0	0	0	0	0	0	0	0	0	0	0	0	0	0	0	0	0	0	0	0	0	0	0	0	0	0	0	0	0	0	0	0	0	0	0	0	0	0	0	0	0	0	0	0	0	0	0	0	0	0	0	0	0	0	0	0	2893.73143391809	436.334458170461	469.669706579026	556.586425292321	694.337233593682	809.975285664114	1116.9413724166	1265.14445722347	1128.47667935291	936.009284799049	790.79657532221	670.303935068699	568.300331736981	576.275604707255
322.542	0	0	0	0	0	0	0	0	0	0	0	0	0	0	0	0	0	0	0	0	0	0	0	0	0	0	0	0	0	0	0	0	0	0	0	0	0	0	0	0	0	0	0	0	0	0	0	0	0	0	0	0	0	0	0	0	0	0	10801.2407188427	485.598725778903	518.281534720601	561.184821808107	706.140317693821	757.309254785374	964.987504552469	1117.33605162113	1205.00794698073	1208.24501211428	1047.60524298963	728.287661614115	614.619994950622	567.348812496663	705.662195206072
325.79	0	0	0	0	0	0	0	0	0	0	0	0	0	0	0	0	0	0	0	0	0	0	0	0	0	0	0	0	0	0	0	0	0	0	0	0	0	0	0	0	0	0	0	0	0	0	0	0	0	0	0	0	0	0	0	0	0	25048.2241318572	839.527731941837	479.299469095489	563.85074908837	673.796421641245	841.202585222894	865.688619230987	1040.90609997695	1121.7369120666	1164.30540482819	1145.35456188208	993.142782315339	834.30948045167	665.582964516331	672.478885689033	894.021674918248
329.039	0	0	0	0	0	0	0	0	0	0	0	0	0	0	0	0	0	0	0	0	0	0	0	0	0	0	0	0	0	0	0	0	0	0	0	0	0	0	0	0	0	0	0	0	0	0	0	0	0	0	0	0	0	0	0	0	0	3556.6267276639	457.330251629326	493.022925910437	620.638171002273	718.975450404838	821.094045528036	953.623971315189	1102.9875741645	1139.7378739687	1146.01794141247	1146.52749581393	940.17993143116	779.619166814906	715.278150370611	931.088542805152	744.238934281155
332.291	0	0	0	0	0	0	0	0	0	0	0	0	0	0	0	0	0	0	0	0	0	0	0	0	0	0	0	0	0	0	0	0	0	0	0	0	0	0	0	0	0	0	0	0	0	0	0	0	0	0	0	0	0	0	0	0	11555.2513267217	351.813687656988	440.909023872916	504.099391488985	647.588347966494	745.023289291959	860.243653142506	948.781635441961	1066.07928829243	1113.6105379636	1120.82696777534	978.259713654295	819.456107044028	690.274387258552	663.842022163944	816.107193849728	687.213313151506
335.544	0	0	0	0	0	0	0	0	0	0	0	0	0	0	0	0	0	0	0	0	0	0	0	0	0	0	0	0	0	0	0	0	0	0	0	0	0	0	0	0	0	0	0	0	0	0	0	0	0	0	0	0	0	0	0	23537.0622027887	791.174668435671	321.557508640752	524.110541292107	594.512368009194	747.242103270475	825.13547334881	950.102651237561	1081.10580127975	1142.26498462589	1122.84743870981	1130.97451633268	1068.89792639957	894.836377764842	820.623645077049	782.333282560957	858.020270715615	892.383233402932
338.799	0	0	0	0	0	0	0	0	0	0	0	0	0	0	0	0	0	0	0	0	0	0	0	0	0	0	0	0	0	0	0	0	0	0	0	0	0	0	0	0	0	0	0	0	0	0	0	0	0	0	0	0	0	0	0	3491.37274032074	227.119988673021	328.932842555864	485.242428817828	641.63394336843	778.137113629826	873.265285312196	1050.94207276762	1046.93538334628	1133.60408284557	1028.97719515035	1071.61105459501	950.320473060523	869.565412910443	685.645208469201	664.81585680983	687.876941630299	1101.32299627125
342.056	0	0	0	0	0	0	0	0	0	0	0	0	0	0	0	0	0	0	0	0	0	0	0	0	0	0	0	0	0	0	0	0	0	0	0	0	0	0	0	0	0	0	0	0	0	0	0	0	0	0	0	0	0	0	10693.4861419473	235.695832019704	197.700976873006	338.784940168265	521.934620587371	634.767856316697	785.638512171537	967.87302609197	1101.74207877459	1105.13759843167	1072.02468927242	1111.59089536469	1034.22919249451	983.714485467472	870.723198336412	796.65543346559	657.282769535296	913.282015953909	889.433291621277
345.315	0	0	0	0	0	0	0	0	0	0	0	0	0	0	0	0	0	0	0	0	0	0	0	0	0	0	0	0	0	0	0	0	0	0	0	0	0	0	0	0	0	0	0	0	0	0	0	0	0	0	0	0	0	22508.7668574917	780.741503213642	194.596195695073	211.692067309983	319.014814072056	512.9717298655	658.874683553569	791.596841677666	945.582803693009	1045.37986667128	1084.29112657586	1080.05376199798	1013.86686215575	994.947162866783	897.05210818604	823.651008318822	782.825557688751	779.15929210353	1028.14053328232	992.977173767068
348.575	0	0	0	0	0	0	0	0	0	0	0	0	0	0	0	0	0	0	0	0	0	0	0	0	0	0	0	0	0	0	0	0	0	0	0	0	0	0	0	0	0	0	0	0	0	0	0	0	0	0	0	0	0	3855.87920878315	173.313349152098	175.861628929806	186.095082099877	333.467408799217	539.221513627597	621.482692796128	780.238737647436	925.766963518986	1024.53726302609	1018.01639150344	965.300792268887	953.479196148902	899.907728201674	742.09494595985	667.507499538791	657.614896422114	638.682948439813	664.556449700704	855.703493453097
351.838	0	0	0	0	0	0	0	0	0	0	0	0	0	0	0	0	0	0	0	0	0	0	0	0	0	0	0	0	0	0	0	0	0	0	0	0	0	0	0	0	0	0	0	0	0	0	0	0	0	0	0	0	11163.0701388716	240.140962427524	187.06561866098	202.527830811305	248.891638753316	387.646974457899	588.855963752942	693.930429263312	854.023514225105	937.750971738078	1022.13491027577	1076.18823380172	1011.9666585142	989.077582537996	929.122497356876	897.890733185979	842.343332569115	689.73135420764	762.070698937199	969.412535679782	1031.24272737342
355.101	0	0	0	0	0	0	0	0	0	0	0	0	0	0	0	0	0	0	0	0	0	0	0	0	0	0	0	0	0	0	0	0	0	0	0	0	0	0	0	0	0	0	0	0	0	0	0	0	0	0	0	22410.6464286338	942.994343893522	188.730709818967	162.622094442617	200.964159773315	234.995538008703	409.42328840478	552.252344939759	717.176199988846	858.195910722689	964.630216775773	1016.59980585916	1011.29774168874	955.899974456237	920.486976223222	820.528969555702	750.640880801839	792.445462215196	727.147103150938	712.549850905631	830.714921082859	1065.18935569347
358.367	0	0	0	0	0	0	0	0	0	0	0	0	0	0	0	0	0	0	0	0	0	0	0	0	0	0	0	0	0	0	0	0	0	0	0	0	0	0	0	0	0	0	0	0	0	0	0	0	0	0	0	4156.74617047904	173.757410326786	167.423274517239	182.667690221948	214.217837985684	315.636665816547	402.330099089884	589.893890224782	725.149157309609	889.171089178774	948.20155930942	1003.52821958715	995.331951781846	927.37280600438	903.848954268412	865.054454652012	822.350092104534	793.183443363796	665.012146747473	718.175395848977	988.749223349658	1008.14295503002
361.634	0	0	0	0	0	0	0	0	0	0	0	0	0	0	0	0	0	0	0	0	0	0	0	0	0	0	0	0	0	0	0	0	0	0	0	0	0	0	0	0	0	0	0	0	0	0	0	0	0	0	13019.8799077032	245.578888325761	152.187384708244	157.731154909431	189.525301787561	235.99551955285	332.97274262016	431.927641050276	617.806581979887	742.393783437215	840.42096114437	878.173403808159	948.079573936725	899.201809503442	868.936075501725	807.645743608109	801.980039318319	615.310487872915	669.565993024898	599.00509802994	678.470055225082	778.809519172843	598.142882669466
364.903	0	0	0	0	0	0	0	0	0	0	0	0	0	0	0	0	0	0	0	0	0	0	0	0	0	0	0	0	0	0	0	0	0	0	0	0	0	0	0	0	0	0	0	0	0	0	0	0	0	0	1124.60322058362	141.405372124605	160.288109823422	193.653494747889	239.252965989961	296.215793530532	337.052901172175	481.276398977585	668.589337199389	743.64333527539	850.547034199266	936.266367640597	917.536299676259	908.928755093371	846.050849196981	840.434907873444	782.914390919705	731.194889393407	716.765674629982	768.094886187822	686.061090338936	792.139323690732	745.592588504874
368.174	0	0	0	0	0	0	0	0	0	0	0	0	0	0	0	0	0	0	0	0	0	0	0	0	0	0	0	0	0	0	0	0	0	0	0	0	0	0	0	0	0	0	0	0	0	0	0	0	0	5803.261705516	180.981353105643	163.970444049692	166.529209034432	221.09340819042	281.51963652041	342.775323690967	417.182452287684	554.866763928575	716.16508533984	762.154885455343	904.511049539188	904.96051550003	935.433429850101	937.982521467172	878.986981162649	801.557815160503	777.645141652802	730.553383945501	764.845944745374	709.480416877216	915.031847009961	960.986954100019	1132.30055635362
371.446	0	0	0	0	0	0	0	0	0	0	0	0	0	0	0	0	0	0	0	0	0	0	0	0	0	0	0	0	0	0	0	0	0	0	0	0	0	0	0	0	0	0	0	0	0	0	0	0	12142.6534910762	293.213910345873	156.491679806411	139.63225468373	208.032908723465	278.759616836036	287.58761967308	372.29516073528	444.336749240747	588.220425893266	713.869163188524	796.910022321296	856.99676579318	920.488982061801	941.881685256711	888.851839051344	866.420257051632	836.126828017687	760.420234764958	749.656314097366	720.658375976123	844.560710505019	884.588234281419	802.251725012102	976.316194793303
374.719	0	0	0	0	0	0	0	0	0	0	0	0	0	0	0	0	0	0	0	0	0	0	0	0	0	0	0	0	0	0	0	0	0	0	0	0	0	0	0	0	0	0	0	0	0	0	0	0	1212.7460377196	147.342438197967	153.643418536325	180.615597339795	214.322626367461	275.187359222999	352.458067920352	421.945046157407	516.015306654017	643.843132583278	734.194520740302	837.894292677171	939.643842109846	951.46347602313	924.498520266387	909.700655941714	920.229739175609	778.369891343664	749.379553766396	799.120920122177	779.753683875639	758.939970639372	772.617555232168	1177.97450714487	1075.3091029093
377.995	0	0	0	0	0	0	0	0	0	0	0	0	0	0	0	0	0	0	0	0	0	0	0	0	0	0	0	0	0	0	0	0	0	0	0	0	0	0	0	0	0	0	0	0	0	0	0	4823.17024726534	148.441796663314	153.336076853163	169.514517277671	197.935964314271	252.880962420538	315.233546069614	398.991988272606	470.104722875173	584.770634757718	679.488990820438	802.528527536424	888.884543691359	918.413086966486	946.034243602149	938.013672644635	895.549699695528	842.283891430295	828.849514433963	749.850748714089	752.607920909525	815.946676689909	834.802055222371	1015.48606233262	1108.46672793748	1190.04724452339
381.272	0	0	0	0	0	0	0	0	0	0	0	0	0	0	0	0	0	0	0	0	0	0	0	0	0	0	0	0	0	0	0	0	0	0	0	0	0	0	0	0	0	0	0	0	0	0	11724.087413934	342.92442761035	129.476469914382	161.435751980489	178.24766258879	222.609059907448	291.876567927487	366.279738965134	429.716728369814	552.031239797312	640.217713643644	744.728921742745	900.178447790792	896.873254200152	966.223770843937	977.122844883875	984.061012437342	937.604536306452	929.755855640141	876.152763390598	836.72919487011	799.631616007809	967.074948286603	1015.76362218807	1099.81590432873	1291.99654317118	1462.27156683324
384.55	0	0	0	0	0	0	0	0	0	0	0	0	0	0	0	0	0	0	0	0	0	0	0	0	0	0	0	0	0	0	0	0	0	0	0	0	0	0	0	0	0	0	0	0	0	0	1338.13340595791	120.531167803582	130.249856388435	180.092509629984	204.651224594103	262.214766472897	320.856298691891	392.003647016925	478.470550850113	577.420130130088	675.055243560704	787.756286416146	882.795841159132	963.100432684139	1036.08707669935	989.817368105115	982.945468742974	984.711042672521	931.445065110512	838.85707440243	862.118833279871	872.341963456724	826.522295766063	939.787864890412	1150.08133058325	1307.94240588351	1495.97880014759
387.83	0	0	0	0	0	0	0	0	0	0	0	0	0	0	0	0	0	0	0	0	0	0	0	0	0	0	0	0	0	0	0	0	0	0	0	0	0	0	0	0	0	0	0	0	0	5149.74554510088	121.645558495448	118.84748118758	144.512075986907	177.780649789874	224.031237949717	277.149899234249	347.715114699005	421.636484121762	518.138657780944	618.377960464754	703.955134002112	828.844194088393	918.014837778117	979.974719302321	1027.91846680917	1024.12444806628	1011.45911621466	909.434906533738	892.41131015374	848.407554756876	794.484712461065	829.053842399852	903.677127179417	971.663652761712	1053.89090910871	1347.99328771161	1394.48550750997
391.112	0	0	0	0	0	0	0	0	0	0	0	0	0	0	0	0	0	0	0	0	0	0	0	0	0	0	0	0	0	0	0	0	0	0	0	0	0	0	0	0	0	0	0	0	12414.7948764675	309.130745580705	94.4352747350693	101.413590762759	163.696586428364	194.582343251787	240.027824186503	299.710110347369	366.673970304122	445.192694322045	572.422734974348	651.165829151559	751.312448661096	828.705990446962	926.617933188493	1025.02120665221	1024.73783497935	1021.74671626939	997.095142024377	967.834797457706	899.198905412508	823.420046208358	931.597041534665	893.820516495388	923.01068411624	977.476208772059	1210.90394889202	1522.69269336788	1300.00123540491
394.395	0	0	0	0	0	0	0	0	0	0	0	0	0	0	0	0	0	0	0	0	0	0	0	0	0	0	0	0	0	0	0	0	0	0	0	0	0	0	0	0	0	0	0	0	1567.53331980385	94.0114955068403	91.7254303606971	121.857306357282	177.330826449143	212.616523594266	276.227861770039	321.01919155498	395.647718269739	489.115274561945	589.764023554499	686.557833901646	773.936318774703	896.262929230192	973.948969509883	1000.74181856654	1008.80008519694	1030.01810624662	975.440981622249	947.97252405183	896.436892940374	867.727015814469	841.780409739139	826.514963481363	876.79893940185	1024.61281974571	1058.99092167139	1164.04762246326	1296.79398976543
397.679	0	0	0	0	0	0	0	0	0	0	0	0	0	0	0	0	0	0	0	0	0	0	0	0	0	0	0	0	0	0	0	0	0	0	0	0	0	0	0	0	0	0	0	5679.18252341577	135.668407833987	117.44327117419	128.135095406057	165.70617334882	196.85448961308	255.048374829683	303.899333234012	370.513819457705	448.845192640301	547.939118202745	643.389189679269	717.206023133852	814.470745134199	933.324621566287	1030.22203203632	1060.99934056927	1069.68638630397	1039.90634260773	1054.82376978779	990.821273262576	952.253169479743	893.478852633742	950.941355292466	931.789540295477	1071.53628690777	1161.69477061966	1304.31241497877	1603.34753325564	1660.44486370077
400.965	0	0	0	0	0	0	0	0	0	0	0	0	0	0	0	0	0	0	0	0	0	0	0	0	0	0	0	0	0	0	0	0	0	0	0	0	0	0	0	0	0	0	13130.1297602715	353.290693126404	84.615561418849	86.4638994629415	102.808970583312	157.124013070772	195.509214213545	271.927588384134	330.814089535848	376.170153095634	451.296966307041	552.523906132185	631.498504535611	729.754148460217	837.195424237206	896.219931009314	1000.79915322157	1003.26456668956	1090.03689761738	1057.62149337555	1001.5827606083	951.729851845778	920.614622303109	856.763653411749	816.974326427937	898.343521382979	960.039014727056	1107.96000795645	1255.32167327447	1280.37712027081	1661.31553499086
404.253	0	0	0	0	0	0	0	0	0	0	0	0	0	0	0	0	0	0	0	0	0	0	0	0	0	0	0	0	0	0	0	0	0	0	0	0	0	0	0	0	0	0	1723.88969723317	78.8934796533597	100.861243248046	110.63775146873	147.010462488123	180.919857451661	248.123531722168	320.737987571544	362.431256115672	441.484482071372	509.385396948196	597.29890867609	683.614838793126	788.865277754156	853.899543701869	951.283492124602	1011.97377650147	1064.85780002302	1088.02674263055	1040.50519652641	1070.75782527987	977.000168498792	953.283785374151	922.539063219772	917.63478013438	943.232379720299	1021.47833151383	1160.01370092052	1320.94957323097	1549.50437400578	1828.01177361939
407.542	0	0	0	0	0	0	0	0	0	0	0	0	0	0	0	0	0	0	0	0	0	0	0	0	0	0	0	0	0	0	0	0	0	0	0	0	0	0	0	0	0	6006.76942671921	97.2912067075462	93.2845121533174	86.2384019503557	118.693193234567	143.955686867127	199.691016437339	260.732319929659	322.358078918635	373.964986788312	454.348344492667	522.320461631895	591.631562050435	691.796367253103	783.430256649036	873.396994791069	939.629058492324	1018.66113619972	1063.53199951552	1062.26597128042	1012.28705626481	995.559502129413	967.992692281943	916.038923541233	882.409521632213	913.677955613465	916.445506188966	948.111591254501	1123.58216039532	1305.48119795651	1435.50620601698	1348.77763637965
410.832	0	0	0	0	0	0	0	0	0	0	0	0	0	0	0	0	0	0	0	0	0	0	0	0	0	0	0	0	0	0	0	0	0	0	0	0	0	0	0	0	14087.0850724858	379.04444269393	76.6307332614641	90.6507283483751	113.213670053578	137.61788028883	174.296988361205	231.046419378318	293.689890130535	340.198251136588	407.338805475891	483.490953348564	568.440191038109	623.3414416839	696.689953763104	788.530272513492	885.933819478567	945.747859452639	1015.76394630395	1041.80019789045	1030.63149195358	1045.46266118626	1004.19540278543	947.213127445459	912.07631537653	926.977591397573	908.197838807011	935.954884383261	1076.15741981009	1223.47628001554	1340.2017443439	1488.7714510724	1705.51758723795
414.124	0	0	0	0	0	0	0	0	0	0	0	0	0	0	0	0	0	0	0	0	0	0	0	0	0	0	0	0	0	0	0	0	0	0	0	0	0	0	0	0	2142.79444716104	114.995470795322	88.752228381832	108.181905389268	137.513644723413	164.33332381454	189.398310934408	254.7494081062	323.684757150881	368.557342227068	435.372545863679	501.581581750218	561.035486581521	621.145351383337	720.049512248772	794.210787354759	905.139048052939	982.964074881208	1024.99085499028	1049.68210161244	1060.14159673045	1020.5846132214	1000.1575612445	970.602794518683	962.187116284818	879.822451598841	1006.19974055154	987.454478982342	1203.28516354237	1236.36635092467	1451.24504333007	1656.05558725065	1807.59313821502
417.417	0	0	0	0	0	0	0	0	0	0	0	0	0	0	0	0	0	0	0	0	0	0	0	0	0	0	0	0	0	0	0	0	0	0	0	0	0	0	0	6851.79285109067	100.954017508438	68.9816907412783	91.9312365786872	98.5854259927251	129.58391328033	171.914640295021	212.726131127952	258.543939047328	338.297944537039	403.864073636615	474.667233878582	520.215172104079	592.450141673955	654.498179035122	721.944815642874	784.894644319172	882.165463038373	944.29234027632	1009.02136851208	1033.74263021157	1031.12522159229	1020.29811552621	985.150451014056	920.297433748495	895.760435067433	923.571556079812	926.312360412525	1028.30219419546	1077.90206980606	1157.45136743498	1407.13828685072	1355.95656987563	1719.66303380305
420.711	0	0	0	0	0	0	0	0	0	0	0	0	0	0	0	0	0	0	0	0	0	0	0	0	0	0	0	0	0	0	0	0	0	0	0	0	0	0	14109.2447905227	455.899976566162	91.8963024227142	85.6027017761492	101.892245051574	121.086819247629	157.758610827464	200.309823015167	231.072161292018	293.484220951299	338.269918673193	438.253835488298	466.092005289069	533.245570385048	589.717414125111	661.340465454227	739.719187672478	808.643164479008	877.593845293322	944.842732376725	975.742574122312	999.963678154996	1018.90011955685	992.769274493259	966.358791863826	950.991932406146	908.908799073317	925.434014984323	972.683119499836	955.026819023446	1179.34065107243	1219.09414103617	1448.28424341563	1696.73163903574	1688.83425035091
424.007	0	0	0	0	0	0	0	0	0	0	0	0	0	0	0	0	0	0	0	0	0	0	0	0	0	0	0	0	0	0	0	0	0	0	0	0	0	0	2258.01463776439	72.8188538973932	64.3512256124135	76.8067047958316	98.4277647506905	127.194288148303	157.391192892868	212.23212792004	254.275818461046	314.739418159594	377.272522743748	427.312128400748	483.028338958866	548.03079377406	595.25878340125	669.984054945293	730.594881898861	793.525842146556	868.629893143241	920.772623601637	974.363466524552	993.372487752779	991.583205447614	944.573659468361	919.982542466563	925.621802331777	885.975559690222	884.560266962365	909.877446677937	1006.36662672599	1037.86299103629	1250.27038812209	1182.10699830377	1432.49515394848	1501.99630368937
427.304	0	0	0	0	0	0	0	0	0	0	0	0	0	0	0	0	0	0	0	0	0	0	0	0	0	0	0	0	0	0	0	0	0	0	0	0	0	5257.09821708516	113.682307058255	73.2194118925609	65.7759596679547	89.2959218746743	110.74869540219	136.193263485049	187.67855555772	208.415161455431	272.454837446576	317.407697046846	381.630989136601	461.037444702033	496.676504837482	548.085213715295	596.035702061466	677.135583027077	704.756585606815	785.586316857427	841.534348913896	924.266107977551	942.942398581064	975.065381953208	948.302613986488	957.767945758484	929.47338600941	895.628231555475	873.37290765169	894.31847517959	921.79024898596	1029.1853435583	1141.15541499743	1277.56515315604	1403.69982104611	1387.90734186177	1551.33527512763
430.602	0	0	0	0	0	0	0	0	0	0	0	0	0	0	0	0	0	0	0	0	0	0	0	0	0	0	0	0	0	0	0	0	0	0	0	0	9806.63452587367	380.803937258313	70.0262877714497	64.0200303910612	87.7747582285579	119.224846815216	139.429490865791	169.738529804147	204.763200198622	242.512962490239	285.725039093882	350.829791411381	400.409676592986	491.742080599713	528.466901964731	564.628663770484	613.995111327408	658.457300384828	739.469237610913	777.70279132199	839.05126877615	900.137426467993	933.74865656264	956.934184946528	982.74008649889	924.814694487597	937.401218768181	901.852562171834	911.93729171902	857.986074910853	981.751126225336	1016.94253324579	1150.90303028434	1257.61046827426	1383.24698495014	1568.91041144241	1750.6756186558
433.902	0	0	0	0	0	0	0	0	0	0	0	0	0	0	0	0	0	0	0	0	0	0	0	0	0	0	0	0	0	0	0	0	0	0	0	0	1746.57449402521	52.829842630015	55.3589321510066	71.7422948396257	73.3692267037903	100.56005640828	122.914115206324	160.936508365673	209.207263241369	230.647323597607	295.866739525389	349.484866471547	416.852436896163	461.005791509656	531.453140701241	552.318248951623	619.58185147612	650.935510485793	712.033046099728	773.747113635955	793.162146732703	861.885795344876	894.509420586397	921.998069473704	910.869350705612	911.203208956594	880.982621559008	829.285601525533	839.910642521195	870.187234180164	905.125328184195	1003.93750611972	1012.47764489558	1233.44872566587	1338.29101979441	1463.17427549421	1411.05520791254
437.202	0	0	0	0	0	0	0	0	0	0	0	0	0	0	0	0	0	0	0	0	0	0	0	0	0	0	0	0	0	0	0	0	0	0	0	4791.53799003385	83.2713124034982	49.6831301417981	73.9971666961309	87.4213145543162	96.1275460210584	125.447620394148	157.424138839256	194.219058957582	236.435837440922	277.947749170221	313.115590237507	359.986583266324	425.336373269713	507.126455557112	530.813608633477	585.651482470057	606.812115501101	659.637266211172	725.255601333785	765.733248547961	818.903695758897	880.291691010021	904.149562943162	909.860496243244	901.967574573253	876.080352448736	880.234951704344	872.899871188895	857.835939667488	844.952021179579	942.194222015	1041.02783782369	1176.36428189665	1234.10112348043	1420.70339556	1590.28008973154	1574.93498483645
440.505	0	0	0	0	0	0	0	0	0	0	0	0	0	0	0	0	0	0	0	0	0	0	0	0	0	0	0	0	0	0	0	0	0	0	9304.12707700094	446.98220072366	52.6756488050359	62.9012500680187	86.3137650653403	86.276438770189	129.908155304565	130.028428588124	166.289519697032	205.971838298404	238.959600379817	275.167674835002	322.734435455635	391.114862587737	441.161087527962	498.037497430752	549.908107549016	589.866743072299	632.898495722388	676.651608981583	704.052933859014	752.979447667715	816.519967861693	853.44954252853	887.285120929472	903.770085297762	881.223253711136	885.281814266526	853.575324706535	830.909843052898	831.556525612875	880.209450160465	897.217098301216	1002.94106039517	1086.72413667406	1235.57956879347	1386.5365597067	1428.54095971271	1608.56870691671
443.808	0	0	0	0	0	0	0	0	0	0	0	0	0	0	0	0	0	0	0	0	0	0	0	0	0	0	0	0	0	0	0	0	0	0	1699.59858955846	55.5913440366891	65.879889304356	65.4179059608969	68.1954585998819	108.62113874747	122.855403679717	168.533013190434	185.021724077365	217.835671621879	264.457484223662	304.651003685799	335.890549606012	392.270538026024	446.219659785066	493.89563765428	526.210515980424	564.239549515887	614.924488267034	657.768214266318	701.231904288897	726.790464467634	774.972939886135	820.408881340595	833.415535015527	860.244227416808	843.949106791958	835.192189158927	809.481714157435	815.06317494317	830.743928315839	847.497112020222	903.519809894644	1039.22189532009	1143.38993298067	1333.03928416981	1321.34596984036	1539.42193458861	1522.88740722673
447.112	0	0	0	0	0	0	0	0	0	0	0	0	0	0	0	0	0	0	0	0	0	0	0	0	0	0	0	0	0	0	0	0	0	4246.3087250739	67.6718131774196	38.1941149324507	43.9091112239646	65.1182195752629	78.1644184939366	102.657977413789	100.42276827602	150.005112188236	178.588384214737	224.945540141109	229.356202578966	282.717416572816	333.315829668249	391.331300278466	449.153236012776	511.801988981404	545.936585804796	559.734255854807	600.184290946002	635.097570803014	685.323382862325	718.231626145512	741.0936975184	766.494103997606	801.962044570963	821.799872549606	822.416805161104	792.733789826484	783.368129067367	775.971357757869	815.391711337125	817.829298958526	856.554432650892	974.284477137871	1023.17686554297	1227.61807482232	1323.55477213454	1246.78462624581	1445.35836639458
450.418	0	0	0	0	0	0	0	0	0	0	0	0	0	0	0	0	0	0	0	0	0	0	0	0	0	0	0	0	0	0	0	0	7797.31978573192	297.731292900656	44.0453664058995	37.4185378673477	50.6168939373517	66.2261880077393	90.850561972363	100.28688635207	151.315994469157	165.265796080379	185.970158623245	228.512143620909	250.060109113177	296.483962123035	349.176008715004	379.797330145347	460.997882945084	490.221791130678	532.712470064157	567.545052415312	602.779319371636	630.574997693604	664.539417947306	707.230556183178	726.349927896586	753.987513354903	775.50870644547	785.651024389038	780.72303993761	765.996670356051	740.239890747606	742.795982792624	778.005245293041	791.608652300646	828.946320385272	964.556322854364	1032.79178905705	1132.33410078944	1292.74098846027	1424.03101850333	1362.0367819544
453.725	0	0	0	0	0	0	0	0	0	0	0	0	0	0	0	0	0	0	0	0	0	0	0	0	0	0	0	0	0	0	0	0	1322.64226095254	30.5306871912621	56.1595520802963	45.9204673358147	47.347663535119	72.0966008586048	110.721969372592	116.740442238066	124.841530092411	180.821120398279	206.951598931462	239.437753898816	271.494887284288	306.405955842715	339.332851568033	388.322078181676	434.986616245922	483.427661896149	510.294934877291	549.069435816284	567.048441100088	606.07665772065	642.822824017415	673.959042486234	715.048737930628	752.98260522568	769.101458965154	772.474759194433	758.620175297256	740.452506637305	724.232454411302	732.925024701116	755.449704184905	772.634585439316	881.88573929942	1006.97616194055	688.948303676007	1150.6119520229	1261.50866694743	1324.88127653353	1307.13963072941
457.033	0	0	0	0	0	0	0	0	0	0	0	0	0	0	0	0	0	0	0	0	0	0	0	0	0	0	0	0	0	0	0	2754.15029065719	70.6784444569507	45.828464542972	51.6959298662592	63.2493193080282	76.8883318561246	76.9353773521276	110.094790266432	122.373128288625	166.148381067255	174.721745501377	212.031722520623	238.469249046161	285.255414844815	320.506864610827	367.602911858731	417.989774182093	464.533890860789	487.360815104796	522.307720829289	537.779188614829	577.991837842308	616.171896454987	630.658325853504	661.787181994162	677.005729211214	734.387362589257	735.177070468823	739.811366404664	702.826783060938	731.941187959442	743.040690096853	706.53698306839	751.083283578709	787.390476972425	848.338602847782	984.982013033042	1067.34811759415	1152.41578764562	1202.11620461082	1228.9261790311	1457.40194604711
460.342	0	0	0	0	0	0	0	0	0	0	0	0	0	0	0	0	0	0	0	0	0	0	0	0	0	0	0	0	0	0	6083.1739536166	207.675651475883	56.8137285863268	58.3350711064078	50.1330339568411	81.1228914825945	89.050893643942	113.593092930315	130.048739142968	157.737438252129	160.532892879009	222.67028608145	239.343100962492	270.401716636491	291.000491763039	334.268709857534	375.838230154693	413.91636084267	438.217829744534	500.692686406572	512.36790261098	542.841207822344	552.05163268865	581.385753867336	615.724406464005	653.663825908801	673.855417786618	702.646577426955	702.841767921317	717.680842037501	722.740445963696	715.565439722953	730.89351902806	739.251011982696	769.890917749456	796.36341813235	895.513910468393	958.577449672458	1146.62486120933	1189.63174385185	1262.91332160302	1430.40299722357	0
463.652	0	0	0	0	0	0	0	0	0	0	0	0	0	0	0	0	0	0	0	0	0	0	0	0	0	0	0	0	0	0	944.131968367543	40.7413000458186	41.1616105322493	41.1169184009861	53.3578080486514	65.9763464520224	87.2725385343691	102.061571963546	114.925062756022	143.170984975083	177.696515202238	201.767995883603	218.515329367928	246.62653073686	280.2953515133	310.170450429718	353.057768756651	395.240929901549	449.97314184287	483.000669482242	496.957471077179	507.064439398149	541.383455397673	553.167910356101	586.530229880329	633.173175325515	647.81728641033	661.464746404788	695.793435952007	674.429227175458	684.571229952491	673.033877120261	684.899610123435	675.752411819607	709.996248262217	746.725167801049	763.341110274429	896.899928563845	936.993450203121	1122.47285090003	1106.13687232315	1287.7195253524	0
466.964	0	0	0	0	0	0	0	0	0	0	0	0	0	0	0	0	0	0	0	0	0	0	0	0	0	0	0	0	0	2666.06291741251	29.0220375441387	22.6343073323435	29.6618027971294	38.864457259454	56.1208436430688	68.6438922208126	67.9670721530658	99.4867142332646	125.20565724027	143.154687606635	170.258531752853	198.244304126666	219.373306468194	241.070267891402	283.833196035802	319.714623318906	343.845825946754	393.564929362009	436.129692436682	456.764785488789	472.835212503498	495.947853637237	519.803565279629	550.660143368855	579.078696042298	587.065296356448	618.573062677982	625.982588056504	654.068049786301	664.701709677731	634.538218850944	640.863976086708	631.036619581283	638.024621025973	670.949712171141	707.030818418218	760.782267185537	846.78312009481	927.438609548743	1092.4248606235	1123.23036346095	1206.20297996131	0
470.276	0	0	0	0	0	0	0	0	0	0	0	0	0	0	0	0	0	0	0	0	0	0	0	0	0	0	0	0	5251.62907845224	162.752500233685	42.440215667375	40.4749101023006	35.9158384536453	47.6088895835275	66.0812094872088	85.7797184985071	97.564125815492	107.084694965425	136.78612720404	151.899927210218	179.53009862393	207.71654130395	225.527536145109	277.763102093061	279.699606190294	315.021494442295	354.526160067092	380.05485216759	430.398298819847	458.484216636411	465.706684961296	481.37094835559	514.263085737917	515.814675834934	533.535923952689	578.706714128144	582.813452254553	594.50889239971	623.517087926606	627.594983330208	635.527746789702	616.784923455023	605.344056062801	670.711907845353	649.699510542977	686.55278955804	778.083930213986	840.13953030708	955.150159627474	1041.01998160877	1078.89223706006	0	0
473.59	0	0	0	0	0	0	0	0	0	0	0	0	0	0	0	0	0	0	0	0	0	0	0	0	0	0	0	0	678.773596972146	32.2559611469748	25.3866966099518	38.8144943587846	51.5011375316671	54.1161720454143	59.6314394616378	88.8254721142833	94.7664543556846	117.951929094903	136.732522047777	163.595570559903	184.561672332381	201.282328498775	226.879989289066	255.073614028538	297.564627095355	311.08920233539	344.102962437528	383.579151973914	412.570717720576	443.36984532767	449.791885710314	478.528047989611	500.759792215458	521.287622014129	519.195391291778	559.370621581162	559.323891467811	595.06723070284	596.759344225901	594.374608448793	600.803146238466	595.082156678918	620.849625792826	609.700649583312	631.454482878062	702.080719647074	758.525625681839	861.517266607585	960.972194211285	1008.77080655455	1063.68099539227	0	0
476.904	0	0	0	0	0	0	0	0	0	0	0	0	0	0	0	0	0	0	0	0	0	0	0	0	0	0	0	1660.15132998034	42.1626560976746	38.7267462099517	41.1618337010092	44.7397114085757	51.8232802687968	65.8621827089066	82.428501076156	96.715773900686	111.741573915849	123.955282340227	150.937779848271	177.67132836171	171.032082338419	225.459899913401	254.619119827174	273.488080492338	297.571182147144	319.86275350831	341.403992657028	391.757009657509	418.634394566531	456.78531424268	459.364044942689	454.315142762302	472.107716566535	492.572837955734	539.179268146332	532.871866087574	550.031615506391	595.600723517488	585.037611433164	586.674227309717	591.321346047664	578.148647016707	599.507383913315	620.695216357758	673.293824970823	680.834810932083	815.319340967118	910.659456461231	930.00230711815	1122.42244156929	1141.74431904669	0	0
480.22	0	0	0	0	0	0	0	0	0	0	0	0	0	0	0	0	0	0	0	0	0	0	0	0	0	0	3181.94559054748	79.9188772957751	17.466846965511	25.8774883037945	25.5688665768149	31.2814919537257	50.6450640053873	54.7222331273264	69.2948425324309	85.4878321625277	95.8851057839584	123.548041936455	135.949680167917	156.882214512478	179.591873889299	199.791591040537	219.722844313576	249.023020740502	268.603603839962	300.010524728966	322.118729383687	341.507220697222	392.58395824661	399.172978112821	419.527084162921	443.42722742834	458.400111502174	468.376126254431	479.203709730096	504.309319177373	509.247883793854	517.195440488533	553.991858141452	546.008632940264	549.208624671755	550.535708701085	559.690846905934	564.621592375094	570.46595742325	628.259391388954	649.77992105747	778.211683926316	811.735717647997	856.754730882385	0	0	0
483.536	0	0	0	0	0	0	0	0	0	0	0	0	0	0	0	0	0	0	0	0	0	0	0	0	0	0	453.954850119022	23.4767809862237	27.7356424738241	32.8709075707661	36.7035030181203	45.5115076259014	49.4590234283312	70.6693769623797	88.3611161870179	96.7090857986216	102.680570368009	123.948520645265	152.308942879183	171.968307087949	190.568768240763	206.689553504374	244.167530607493	264.252245141508	275.480859773997	304.971013028699	328.885863946919	351.558296189076	380.400858394998	415.402550831897	413.936014495807	425.343853528385	445.211349615008	454.537839954389	492.838198930463	483.309348541961	508.625549569768	516.451246137957	534.763025325543	559.015302003675	535.971975139187	550.093169376926	536.145375980718	562.423796034501	562.101500166692	610.860766535725	691.961927209496	748.523056607709	894.107348755072	960.69086928437	0	0	0
486.853	0	0	0	0	0	0	0	0	0	0	0	0	0	0	0	0	0	0	0	0	0	0	0	0	0	2766.52224705794	25.7124718708934	22.1494087000406	28.6798459322292	35.5688290702909	45.5506440441368	51.3355006716845	57.9380982568415	77.5073938297999	95.678950649202	106.754203949535	139.689611295294	139.76080018777	158.473237748364	170.720214908667	201.079805093232	215.495304761491	247.625240945159	257.087449773453	279.308930433435	290.121859418735	324.493259453511	351.804150535858	375.331178223091	403.954257547408	411.868752676912	428.817300899498	422.920853716095	452.969126900834	452.402293805222	491.240889035188	491.602914230855	492.705986216538	510.185871551355	534.406551466904	526.538181865788	529.444860105562	545.516110604969	578.988825841408	592.771642822671	595.508777856773	687.027218923187	793.15178460179	877.192735606739	894.23877679396	0	0	0
490.172	0	0	0	0	0	0	0	0	0	0	0	0	0	0	0	0	0	0	0	0	0	0	0	0	6706.3463943382	197.778746473838	24.7761777946779	30.5729732080928	21.7243984350184	37.4658533537176	39.15846880054	44.3624542532761	66.1434182136224	73.8912395132329	86.8402457825702	113.755363124975	123.647393974842	147.855641255677	147.438058794568	176.02018767012	206.308910715049	204.402041264094	235.104054086221	249.502126027792	289.56009391666	288.57683123204	320.759767531877	334.213399774453	362.374593307356	393.002350380424	406.945310664426	405.109759863694	413.473564354991	440.174755955772	440.899126555806	448.063723847395	463.54276282857	489.30503862206	480.111813149999	491.057498147969	491.023855282517	506.56701665762	524.766201240372	543.487672283074	569.549555924073	607.628476405659	656.200707409997	702.046560054283	837.279448146901	0	0	0	0
493.491	0	0	0	0	0	0	0	0	0	0	0	0	0	0	0	0	0	0	0	0	0	0	0	0	1182.33526129139	16.7836975064036	13.6087955526008	29.2188194878941	35.6491799213689	21.3690007208149	29.0242575739255	43.5356206999611	60.1362359122805	68.0537851328295	98.8721781592168	98.9398925713359	119.955530659059	143.107779268592	153.817772359155	157.596050434438	175.29734824148	213.10233709316	217.555839863569	241.852063716427	251.198956498516	265.498941883944	279.212379089869	316.790987022937	358.270955971165	362.356878211674	365.988817588831	378.570693097623	390.921138917741	395.571963239794	423.205611105311	410.157132395537	436.685309638531	448.597589837409	459.375958679482	461.895365928681	489.491742737008	462.31986565834	482.536406476472	486.786409040609	531.552027194439	558.311900819754	613.165234420339	691.633646329447	716.008003027603	0	0	0	0
496.811	0	0	0	0	0	0	0	0	0	0	0	0	0	0	0	0	0	0	0	0	0	0	0	2086.14216532101	30.7891702166523	21.6930740150414	16.7008648096298	24.4831088472449	25.9635426358458	36.4382553614571	37.4424800928385	47.6183602968072	67.7912950444716	64.433914044432	86.399130638159	110.881447631721	123.975921051379	134.656309979361	151.456269657379	172.511502982561	188.582758193171	192.497727502817	218.871278634961	229.625354394804	268.233715402791	269.628120393484	292.299924779549	312.660343056018	345.864836848664	342.497108202976	369.345467261014	365.149044555751	385.324957275634	375.648884128061	402.707658977983	402.238403507331	410.190291023725	432.895002652089	436.242409951039	457.244527022319	447.442910724078	473.710761676687	449.699622096144	455.866343850338	497.868503054392	577.166891475214	609.634958083034	665.712419443772	725.798656827052	0	0	0	0
500.132	0	0	0	0	0	0	0	0	0	0	0	0	0	0	0	0	0	0	0	0	0	0	4066.45102639766	98.0584904187331	31.2876296443987	26.6113437985931	17.733347907422	26.9370413950078	38.608508827689	46.4257772630403	51.9726141831974	71.938865096759	62.4965247366975	74.9841482585061	111.347960442711	125.249338512756	129.307722801605	137.381138664706	160.423682870731	186.415483676273	190.831076016809	221.781731298833	241.140803578519	248.124725550578	270.790285646515	272.355904563979	278.637640306336	318.247004094102	332.393913085194	353.928343433316	346.711608317862	354.909216726702	367.921305228181	372.079571844062	393.84734672162	406.525819730133	416.959234287318	437.964270016797	442.522074427891	445.976084297253	453.830561043624	444.170118722879	443.744264476171	501.502544262084	492.737459188159	524.015918220323	662.046443607465	681.305752609095	0	0	0	0	963.603759308649
503.454	0	0	0	0	0	0	0	0	0	0	0	0	0	0	0	0	0	0	0	0	0	0	536.374416157204	27.3482225456873	13.2438226172457	17.6666643861325	26.2632913430602	32.4059371060631	30.1796116934858	53.1934495139709	61.2916671994499	61.9438199190419	69.2990875768266	90.4122108324467	100.306145225527	114.266714643854	134.538417007279	145.792028517352	174.831080768055	168.299974979559	192.127072948346	191.219143152693	227.853423897815	231.367856196084	236.880969236536	258.999608044788	284.653506276602	299.345077937764	316.681164964915	330.298179454102	335.731137248394	340.894040718923	348.035726839412	362.236136652532	363.927974893138	376.396419904815	393.253904210264	370.766959240607	411.226269476198	428.942937279872	422.89556534347	425.399037572847	441.676448506984	449.849884055711	472.912930994525	478.697826311679	559.862368904893	659.621491879152	0	0	0	0	861.192756748716
506.777	0	0	0	0	0	0	0	0	0	0	0	0	0	0	0	0	0	0	0	0	0	2722.44397673348	27.2724102257742	12.7130251622308	30.7147016452359	16.3431928747681	26.5085413825213	37.3663892980932	35.2086606696585	45.2201704012458	49.0346566731029	65.5881449299081	77.2561640369664	92.1092991996463	97.2115559513499	120.272076384941	124.789780416201	148.779287101614	154.656502831795	195.796893521348	179.76891293427	197.744925112165	223.419593973421	213.74105817756	238.5508251001	248.491528904823	265.146879689792	290.13146453382	298.014325546843	316.125779455702	317.581516180386	323.742150372143	324.641498467605	340.92141462832	367.080703716687	352.711778168916	361.800228673027	381.24610634825	384.100333999608	393.008218116546	391.764436678559	410.714374707242	433.945954213369	426.987881125747	442.155148857527	479.63682397603	598.123143929169	636.495362473959	0	0	0	0	770.507177821993
510.101	0	0	0	0	0	0	0	0	0	0	0	0	0	0	0	0	0	0	0	0	6557.03584934702	123.537789915184	28.7154394854424	25.6399723757489	21.0532893427872	30.5926525086376	31.5818885546744	35.231012251343	38.3071254600418	43.0311926777988	54.8186883173003	64.6272341370912	84.9343500791523	87.914991202952	115.03093229067	95.0586454038932	145.457686154553	152.670410689064	155.212722037057	165.213106918241	182.085324677796	194.544683104398	205.084260109785	212.674430374001	218.59704421747	228.00302379911	260.309671308072	278.831129128026	293.630156574054	296.948494358897	308.103619619347	311.620395503657	318.156972210965	323.997983276006	327.541970865628	332.818715424063	355.095177765613	345.988935277856	371.303871142269	392.492077138634	368.870503734592	386.442202479106	417.167450843735	407.234812224912	438.454520810345	466.979498773335	529.646220663898	0	0	0	0	1094.47912151911	1031.75197504287
513.425	0	0	0	0	0	0	0	0	0	0	0	0	0	0	0	0	0	0	0	0	692.561681626405	12.3515812920456	18.8577274623814	13.8759998855101	26.5592759572406	27.3686378151104	25.0349275138488	28.7899385128972	36.8926605341045	41.5309577737395	51.4386261880095	65.3831207648552	75.0094220159844	76.9088008726973	113.636617212975	116.673168266926	119.877951998829	132.676454126559	151.085966863694	163.878735660497	170.720487123611	179.974220291697	186.950935250669	199.693667284667	210.113103906216	223.462029089109	252.217087262934	245.470255235408	272.999057460665	262.472557508493	273.144507317865	285.920207464687	292.580631716452	293.603186402094	312.084197584288	314.533982462975	321.710373561658	341.892536492507	353.454249588263	359.439931887071	361.429067199173	361.785128250336	369.877662962147	365.311333622888	392.741276461189	448.180044970219	481.008019156894	0	0	0	0	721.147519913844	453.63607261104
516.751	0	0	0	0	0	0	0	0	0	0	0	0	0	0	0	0	0	0	0	1868.65633710673	37.4400916275222	24.9676849627138	15.2835096690816	28.3696853527046	29.815519080162	32.5290412174706	31.1986400011069	28.3735846012712	45.23197015542	53.1662133291673	65.8390098103383	72.4871503973709	64.4658972095163	92.3234433865386	108.163420555327	106.815881044301	142.505631477209	137.351313204692	154.992425178035	158.732918902992	170.426958061816	183.382184062993	202.549261371145	208.739235039033	215.647522309123	214.470123404624	234.754589407442	250.391052007367	266.227888189973	270.182937550516	275.915371752322	283.949428885399	288.282341916292	286.24502553255	292.269532164341	316.278004293949	335.25055422674	331.09372194748	333.195759147972	345.092289324095	360.71003161997	350.699958201648	368.399617889562	403.563489121832	411.454447130475	417.754970715882	526.639223644841	0	0	0	0	701.689823593241	721.835352436364
520.077	0	0	0	0	0	0	0	0	0	0	0	0	0	0	0	0	0	0	3778.00881586118	104.003180688626	32.5472568636304	38.7182201202155	40.9089858760253	24.7811179174502	26.5966212524903	34.3790281174067	41.9154456328898	45.6591586008981	44.1647283542703	62.3529027105069	73.1667089688728	67.5507172587707	95.9152476518326	97.9802321233498	102.524318198502	128.671226601411	139.829220406593	156.273672130405	156.485669445242	166.201821268168	187.447917873692	195.263518850916	201.108332025544	195.073013109133	207.797430880776	219.076099871059	243.382898885892	253.226228697138	259.105972833689	278.57698356934	281.454734053422	284.606478627346	275.834105637226	292.198478608614	298.054997215325	296.431306627957	310.588996124526	324.499875662425	339.902527342491	337.936860039136	346.56176980156	354.720553823243	370.007819856151	385.23663815052	388.702941384278	452.21412415407	0	0	0	0	1209.27439133569	728.860241201937	872.426978893987
523.403	0	0	0	0	0	0	0	0	0	0	0	0	0	0	0	0	0	0	529.467373407934	16.8198679602205	32.7899936703147	11.4072060887859	10.5272898438669	12.7676094867345	16.3789105961856	26.5943499745337	29.8692221208232	30.9917872249054	40.0549026189358	37.9797368482713	49.1242305937856	52.9607071011701	73.6231153450453	84.5549938692728	98.502635863986	102.138492136173	100.844540679487	138.755124217658	141.043981879251	157.46421248793	148.54559627238	153.023812574637	170.266711241915	193.182059869335	190.381635810471	193.607191644596	206.178296123038	217.823016185182	235.119778515808	257.588947227792	249.744712682112	238.815452676035	255.969522505307	260.233817518387	269.726138215621	266.576389862773	285.472262568667	291.282466688831	300.710535781914	306.011788619244	312.322028062614	318.231630950459	354.17197221576	370.912726309199	364.893302762822	369.372821007667	0	0	0	0	673.817670396821	554.024484565625	610.039524279019
526.731	0	0	0	0	0	0	0	0	0	0	0	0	0	0	0	0	0	1965.22628704075	44.4298517519273	15.8507946979002	18.5756545253829	25.956162455456	29.1449146771474	25.2201870900539	22.8150167184202	39.759277616444	39.712671423529	38.3799914095967	44.9559742171347	58.4349127114404	51.3406911594826	69.0596529126491	83.571866825682	90.1432530066887	107.064115815121	99.5146029141337	125.668194810416	132.431248816108	147.988034940525	150.771392371317	170.61957918241	159.149296756515	173.343359658533	178.631248482539	176.380842629347	198.781152586984	212.777734135974	222.842292212573	244.106697294225	229.338113404118	248.623009466502	254.829635804029	253.639960627908	240.168063755626	251.890469846047	265.933375720627	272.823828989456	278.142343192113	274.895760040661	316.629528068407	312.105581839825	299.42571824506	312.273503375298	340.61283685221	345.899911906072	411.602664717407	0	0	0	0	526.296339510976	545.117330464475	581.5160579503
530.059	0	0	0	0	0	0	0	0	0	0	0	0	0	0	0	0	4408.21609239457	110.88024460845	25.827166926315	16.7364879239704	15.4062771321985	18.4668504531188	16.9670102919335	21.6424126961388	36.4260180743869	32.8101807649993	28.8489911084527	42.828841715009	46.4496423126901	42.8368863960697	64.615199849672	74.157125122554	76.7635663404552	76.3772392342784	89.4463289050136	97.012421219293	118.167595076201	116.507602648959	129.091660734141	145.19493708194	154.528419111431	154.793496981782	163.636069099076	160.312164100804	173.168924855633	185.696248269027	190.320864616911	207.575134422338	214.387535939503	220.240685012535	222.522366510046	223.323601218128	231.163222210445	231.891789933477	242.165645665085	248.666848772824	258.773659568726	272.944983760045	267.038470790482	263.204499249407	281.003971631843	288.376253319206	285.376659153867	307.917977828373	336.296675640477	0	0	0	0	1096.6137832341	531.250770878772	638.172303971482	314.362149858256
533.388	0	0	0	0	0	0	0	0	0	0	0	0	0	0	0	0	659.403177201564	23.869566494307	20.0843290878274	26.7424240185981	32.3077365431948	24.2903942806468	27.5420897364434	33.9906782398527	31.3198196061518	33.1622906439106	38.5138386942449	40.0893512616762	45.4034193299561	63.9414709602954	76.8907492438465	67.830487698138	81.7599528765628	82.6514052032597	107.228076044992	103.919276087204	141.789583282417	134.030840706539	139.776003810225	140.812172105848	154.216288777684	163.144005786503	181.308724741837	170.31405976318	178.631142636134	181.167936668123	192.239792932501	203.472651236016	212.469188149379	217.988545547402	230.655217305188	226.151263898112	218.680354824423	228.465511004412	240.275233657396	248.470888119502	260.444150719621	239.097792134045	281.584702631055	282.366014799657	280.628538902024	277.42710721147	293.204795085473	345.259983702566	347.237687869844	0	0	0	0	686.763585697368	595.619551558895	583.240524838276	715.732118336258
536.717	0	0	0	0	0	0	0	0	0	0	0	0	0	0	0	1634.86771411815	21.1355003152894	4.9514545463835	12.6323477935049	-1.86742492550257	18.8585030847386	13.3502378307931	16.2707699737432	7.35374332698154	30.4325378911025	19.2216777551753	33.62577545084	34.5042846148991	36.3176774460769	49.1621261089049	57.3798184098817	56.3679748852242	69.4226765302418	87.7721331877717	71.0856044156522	95.2008356532811	104.372401607599	117.462401694129	118.60509492918	140.42927553897	126.357867873741	135.617618893993	146.598083414364	133.774958710227	156.454123605117	159.442452182602	162.875542996502	177.485697981562	196.181524411442	189.776565574958	202.084088296477	198.958519803223	203.640415159095	201.43023070284	212.44514910527	223.621861073074	221.659189198074	247.005175994169	223.684908675161	243.951834945347	249.329663034154	250.94821677207	270.537185342148	268.480871361053	285.901710955054	0	0	0	0	462.774832646758	435.244588981776	394.89690667309	440.239220419376
540.048	0	0	0	0	0	0	0	0	0	0	0	0	0	0	2993.21181385467	88.020548674342	7.45145622960985	21.3572771006522	16.0309763815323	9.21391923534019	31.4368283104123	14.5808065609018	23.0097894356566	22.0991671188696	26.7685705626286	28.4939132654288	32.3244633113793	38.0736242848082	41.3852289296923	40.1509642784457	57.3302945067716	59.7327936422663	65.2830532276043	69.3474893310109	81.7627721675387	88.1656371374869	96.4545759898085	127.230827668524	115.871241208691	134.565423137663	126.482390778534	130.613572030849	137.291300538384	161.987159501271	136.258258712602	158.384282985719	158.81824519648	172.791903460838	180.15529232929	183.533202453832	186.544768017159	183.720924273272	192.906923280818	191.902418694639	212.028361867268	203.047991536739	223.175151934656	231.220180347052	229.468747960816	248.046035482192	238.950212393232	237.765893502611	240.87148912613	273.072174619853	0	0	0	0	910.12798123993	504.274545992789	402.775753066004	432.59851137886	410.729259747899
543.378	0	0	0	0	0	0	0	0	0	0	0	0	0	0	434.097072999938	5.60899263184848	13.3932062995508	8.10918825369463	37.5751019475688	12.8997029717937	6.63715756371266	12.794744200118	20.7509402611573	19.804993125442	23.3176510474107	27.9239720942965	34.3969876373799	37.3453065534777	47.5998456929345	48.5570998469225	41.8328772521894	61.9048457482998	61.8436797880365	60.7693479172249	77.7197176496734	92.2683254119028	98.0401070275687	102.923798115632	112.485477107367	114.791912466351	138.176289867592	125.57793144389	112.036454918195	136.142117497565	145.839809324557	153.436906612955	167.126173595901	170.02292874715	181.019824830703	178.67533471648	183.387865573806	185.898155902098	190.841307077937	195.074650888188	195.436075309001	200.941022814365	202.062906660911	207.460123525873	229.460204565204	231.264141472759	221.67875418942	245.152090033846	242.113559960489	264.687948328563	0	0	0	0	499.119829332075	401.212728180519	460.434277155743	435.634736773759	422.592648923558
546.71	0	0	0	0	0	0	0	0	0	0	0	0	0	1385.15565153491	15.8879969701594	10.4132085793112	28.9508780062485	29.8499098492128	-1.23564663043435	12.6746799251072	7.09382271157816	18.8832937058351	20.7202000920935	27.4887726515976	36.4349412378014	25.5783604329353	35.8884736208819	37.8383575487618	39.5895666811892	42.4786881068828	52.1166551016248	58.3097288290711	64.4585921438703	77.7230859504838	88.6545656238681	89.2512300361956	95.5385878960934	102.4491078737	116.656280834835	122.789632788537	134.757861060432	128.329881181729	144.879377607487	136.254782850448	133.368863199843	151.847288253325	139.565663115624	153.994697706222	174.775950518917	180.451248416478	188.994752693756	174.542890311093	181.574996965207	186.323740220569	198.003443265402	196.240436017138	210.215470736335	210.534328635234	214.366440224535	221.04681731251	226.862340357579	230.788010769584	237.889343206568	268.684063761545	0	0	0	0	431.848525655769	417.326658033557	444.292455576797	425.02797596576	495.355448256087
550.042	0	0	0	0	0	0	0	0	0	0	0	0	3043.40703436396	78.8429473840573	42.8132285513315	26.5812850213011	23.5837073261576	28.1933802928524	30.2876868848557	32.1501475814351	33.2979683979737	25.6007829377521	34.8292014823527	19.8413486905774	33.0072197460021	38.1239459557005	41.0059675845472	45.2266078176967	46.8699568372113	60.8615247919888	63.2027259080137	70.9225039513432	79.2889506366627	73.9567699082681	78.0511033994702	96.1646988659218	117.059386502189	96.6117636927363	106.865785861129	119.144234675666	131.362385941111	144.796717519941	130.909889142043	131.275909885098	141.749197944319	143.793391790773	160.575977817808	160.297275864067	179.128274222835	166.158339940726	182.862053801983	180.646611715456	183.733057249023	188.235535194899	187.411958922262	199.226835807747	198.494513622366	202.652677014536	219.856637870676	225.591613041212	232.365282265079	228.585924222317	229.3327261491	0	0	0	0	919.180822329169	430.482725552098	416.883410855455	510.237413630338	401.573000264097	582.61000742114
553.374	0	0	0	0	0	0	0	0	0	0	0	0	373.649632896963	-5.70841799483208	1.97849204901191	16.0632941270722	13.0943765720586	-3.45919379021545	16.520965355637	-1.16069826689732	5.22020038885232	10.8362134174571	15.8106264704778	16.7537222491561	23.5751493351216	24.6306872523478	31.8603306860352	39.078840474384	38.0299566471027	39.419633450438	49.8888130488436	42.6781821086818	68.1889456735597	69.0402128604381	55.4987335659672	80.9098344601571	83.3125094008601	86.7195581045435	88.5702142371279	106.719146453663	85.1727296809169	101.05907234427	116.33196465533	116.312424109813	120.323723390968	113.940617165387	132.482521491546	134.539310064363	148.844734283042	154.455307001558	150.429481258078	145.190545544859	151.505054577913	149.475677749104	158.304612180001	148.200457654614	153.77584348599	182.182040945993	180.49636758685	190.823247011716	198.599213512613	187.986650764655	214.290571957041	0	0	0	0	436.510042041865	303.52742038007	363.990481435456	306.349973675163	296.343760055749	293.359298643913
556.707	0	0	0	0	0	0	0	0	0	0	0	1341.67664332553	1.09196222054584	0.520317669126628	6.87783665877376	-21.0943046188264	-15.2333379623087	10.7070811308702	7.79403044300157	9.04000266216378	15.5338506410518	8.34315188061669	13.2830933590409	17.7112346428864	11.7127834887717	25.792738798852	26.4688956215688	28.0023073706462	38.420740995293	36.1669655535311	39.9106042859534	48.2731120439874	43.1549192832342	56.1714956711967	68.1899682359932	62.6490663405467	70.1946044122746	91.8376227587409	88.9415067168593	103.81505459393	104.215372261136	102.878029193705	111.451737775252	121.109344163026	102.369932731312	107.757170668038	114.293569353163	121.883506612043	131.557547122585	132.595904458418	137.974407156243	134.660327028252	147.368638986313	130.179792909463	152.553385425704	148.339771354777	157.472173176299	156.857364010404	162.649056173297	185.566248984657	171.102259646519	173.980059407605	186.38571449151	0	0	0	0	300.684229613058	254.242731443525	324.64570651506	270.159777113893	269.953268642025	257.944696698282
560.041	0	0	0	0	0	0	0	0	0	0	2826.21762436721	61.7244394149818	-16.1669155826984	0.51766735058726	-4.43015136041228	17.3334159711741	5.82298984312872	4.70697231390099	20.0624705362834	0.415585937364592	-7.74019751640937	14.5625025632111	9.0439329201116	21.4881329165782	34.8055428195552	26.201806537171	33.2399893640306	35.6449093577619	32.276571809129	40.0280539778183	46.4212401862914	57.4262070321269	59.9318942822054	63.0238850598373	65.7221480197221	70.9394136839801	79.1901725806934	78.4341435398249	100.448739601147	90.4900230257147	112.954078274615	105.61827326025	99.1539466189109	103.755948775781	118.026838934067	116.84478981633	119.083613847892	131.903172446723	132.260346492065	130.678628831589	140.357366348786	138.36622169013	140.48440506835	145.678251146573	146.8559545865	148.724411655711	147.046940765634	174.631619875058	164.832880305829	168.260784334953	181.266758635645	195.083326529574	0	0	0	0	723.995271593783	283.691782386482	326.937642081497	307.374563706219	349.683676851597	237.221166910801	150.841428440277
563.375	0	0	0	0	0	0	0	0	0	0	345.470694386063	17.6010424265277	21.1003474461626	35.6628699616699	30.5565467012017	19.732639389789	22.4525409284498	39.0779357504241	11.0945494861666	7.86515331752222	38.5224952034883	15.9642964247445	16.0306948273034	26.7420905542701	31.9318049154616	24.0434138415879	29.421227287784	37.4036196067227	34.0167808704777	48.4107696939119	53.8699072559942	60.188145454796	59.8335420670222	63.5363203794629	71.5984307176611	63.6729840943769	80.7083473306443	82.3277344732415	83.4261660334946	96.8643443255958	102.926353496995	105.247601024437	102.528514549429	123.639755865311	112.698691056592	121.419746798173	109.808208467045	133.812819420192	132.109612588727	138.442196632307	139.7034496197	125.112429733343	134.821723609592	140.822035954686	131.714309536004	150.737507739317	151.0610125049	153.47748843984	167.121643930264	179.532061381892	174.394762904579	189.773462188385	0	0	0	0	404.139326136482	297.06197756798	357.842930947435	332.935864317458	312.745685203206	329.948213245815	365.931828082593
566.709	0	0	0	0	0	0	0	0	0	996.667012299131	-5.36943945244776	3.48307811639109	7.70433207999715	-9.96654929719868	8.00834623272162	14.8066764095943	12.7730721600388	6.53964468736703	18.782988658988	10.003093870832	17.6901849494902	20.4712057510279	30.7269562170499	16.9181970160371	23.8244385698724	23.7530747888894	34.7298657595863	31.8326027542516	33.2160968653993	45.5867380715566	37.9881789238755	41.2895753311085	57.1744713510811	59.9362710935327	55.4780197838305	66.2081890233494	68.5674947292129	75.0274119562934	64.440532064369	74.4450267027263	80.4066586649506	94.7498553351241	83.1886637218287	92.9704201117981	95.4873346384542	103.601791469574	113.334129222407	101.444070594132	118.597072051513	109.399188567458	125.691288998779	133.351437990229	119.426958078224	124.786591004435	128.51865249353	128.751858968829	140.450507225649	137.237047110572	141.294533315862	144.356050030176	166.560033794587	161.747152397375	0	0	0	0	230.23625397543	237.458988953425	304.204911345582	246.273339604509	268.857467079327	134.690745142722	364.295537147238
570.044	0	0	0	0	0	0	0	0	2301.83483027623	35.4675022871447	14.6726131426897	-6.43785495516677	9.49050220890633	9.59968005858737	20.3392206399827	24.7327098318877	29.1882816495978	24.3752186158167	8.48096382343786	17.040846590981	27.5210147679102	15.4082466605399	23.7207605467846	20.8460087288357	24.4583776704571	26.2132323480402	37.2010779740579	30.1294537408576	33.8970914318929	36.9679307242462	45.3982043591544	44.330471176683	60.5238110855382	60.8808921378052	58.4935501700363	59.8106847698728	72.2669990371784	82.7654006755136	85.3943105843709	97.0023415750626	95.0876007603648	84.6358670988497	93.2303141726843	96.8102999097617	84.2083048012751	92.8908980442634	105.151411541038	105.76706764697	125.04656096397	134.713459642208	110.882464889295	97.3436378493405	117.567738903643	130.808501770774	137.08767937094	115.731704957509	133.423221787388	151.817110853168	148.883399581771	141.520545240052	160.690630270917	0	0	0	0	620.440946781739	245.395007634807	243.318763397032	267.979534669351	354.629739430988	386.832954941241	309.744568282038	278.330394331902
573.38	0	0	0	0	0	0	0	0	279.151796663051	28.0549781918583	15.3297771006798	12.3755548725925	9.26522286807164E-4	1.07393822646678	-2.04627410058603	16.1005220693008	5.59376822522689	-6.68920992858685	15.7791286239403	18.3574653262264	19.6172626921544	11.1836504182728	22.6107742195407	18.6942910998065	16.0639520855869	22.8801508609146	28.3984070027286	28.440219164213	38.043159270911	36.5754293362871	44.9463641441311	43.532042111653	45.5172963532595	52.459371653901	66.2772460680914	61.7356200171394	73.0572694798497	71.647802433821	85.5742063749556	73.1085392364607	94.9029583093683	87.7906564534538	73.077131349868	92.2418754954263	91.6226334405016	78.8697287976434	96.676174966754	103.960883253687	113.233143977863	100.87184854229	104.783501430812	118.84534855686	115.974446512996	105.05927290873	108.496762640628	123.996571187713	132.586028630328	118.384818425403	132.561151906365	152.749824110101	146.554228734177	0	0	0	0	325.614180297929	190.569532160202	215.710136510943	260.590223288058	254.879540964201	228.942067147365	300.428515483156	153.470771247379
576.716	0	0	0	0	0	0	0	1014.64607882184	4.64653638192846	1.27531096781683	-17.1390019704012	-13.5137071605399	-0.555659262083876	9.64175427591156	-3.58248473460334	6.82007896078628	5.12335568023521	-0.892694644369349	-1.27148834153282	0.819508184651942	0.775319579855328	0.0124856575577329	1.25421198957577	23.1889794053982	24.8293913215425	25.4048050246418	26.8434653512644	33.9993557861353	30.2874935166602	35.6977432561393	34.8655305844134	41.5868569518163	48.5097669453519	46.7244150084592	55.0495334614572	56.6532248473165	53.7003148810761	61.8000767470495	74.3558597687593	69.6508344831229	68.1695412528282	76.362210174707	74.3541369747052	73.8789457943304	87.2011165134138	87.103980277534	93.7998648419395	92.2608349192341	100.784024668733	98.2869129328839	100.467535316514	100.964336580209	101.634693813659	108.670206318832	131.404315656604	120.645124927359	122.406670609518	113.679416508573	129.103387471346	118.136710148411	130.836644767972	0	0	0	0	195.794638013423	201.837734911734	211.021832455232	252.427884350606	295.783690509358	253.493835221193	221.439072778126	87.9551258222589
580.052	0	0	0	0	0	0	2544.38350849649	54.9017243381022	19.7281106427385	61.9676932098103	24.3399886498402	35.6478840998733	38.4360461645595	28.2099984243562	24.3586888195115	5.8046974461878	29.5953453302679	16.3612693530259	34.684990619106	23.0631818151712	28.9902860326737	14.2898286144742	40.1795711405837	28.0974813129559	24.9288020560736	26.3946866942104	35.1920596077378	38.5066073240858	33.1430428793449	38.9071663749125	55.9681690967973	50.5889099864689	56.1257496954248	62.6225063736082	58.0596389623754	58.1417880674043	78.2539133363391	79.7876472463402	65.9902104292163	74.3513181370129	80.3524528539968	100.525888035133	87.4628726632966	106.842991993167	94.7979904245319	93.3150516851109	93.7688082674902	96.7971857256858	96.7838106465894	104.288058847662	97.7491525800733	108.94785728407	100.117264800978	109.412329591807	105.822344345604	116.1015639915	121.283454403389	124.992290233523	133.274242427583	155.913425342015	0	0	0	0	570.991399417759	214.780600889996	254.649934413609	272.755746526192	261.02162167414	287.550299376709	286.926843261178	323.036083082694	460.766750854117
583.389	0	0	0	0	0	0	372.229785819965	35.6200568519396	35.8256964854398	10.6497328905572	8.46426552644058	33.0190664752605	28.7092352721611	-15.8215325135891	38.2443863768773	11.0357575914597	22.4589722313709	3.9439733702468	20.9709074503573	21.2735562657978	16.2613079217793	26.9276454492486	34.5857107144347	23.1382997612802	30.5721176464498	33.7322717475794	30.0300782302012	27.1269462408652	30.8394279318582	34.5563635434464	35.0637222777624	44.1165002861614	59.2745241902711	59.9230639952563	50.2591250252447	50.5919932880888	58.3553565021984	71.6869080739681	74.9583567174826	72.6201336283229	79.6626704785333	84.1018375248911	69.0938881676579	71.7584666615111	74.2291401393837	72.97428687113	91.4563431973701	93.8554649062677	95.6611107408459	94.1327700326222	103.634469019333	92.3025382467129	103.518288591122	92.4060860578726	96.3378361125949	108.276795168937	95.4079213133638	118.457029721593	114.454038178086	108.002255473901	0	0	0	0	271.751638961018	175.551204640776	217.278640908528	238.610775772876	256.250978287855	231.82405001808	262.00827229467	270.559620192437	249.106359301691
586.726	0	0	0	0	0	941.092094437575	15.2223772250842	-2.00782352478089	9.71191295874019	4.97240054384267	14.3978883545125	-5.17437161761479	-3.82960534286278	0.523218015367033	9.98889202905782	-5.23072445419436	15.4777761672494	23.5063166179952	18.3246329501352	17.5307913626623	32.6751748652283	10.5668538625589	12.2650886226586	28.785217569319	18.7264945529621	25.7456254544943	24.3570910055462	18.1263121936652	31.6302542624953	26.346407743238	30.0448057167496	36.7658042230398	37.2334122744701	45.700974754609	42.3441413978495	47.8011326468934	67.1970423904291	69.0331711995141	51.425273667306	80.0751903305679	60.6474132512012	63.648333044085	51.1115588185383	76.9584856641038	67.5796216483985	64.8803905555302	72.4445535560967	84.312620387872	72.8028325048916	87.8205289155497	73.3931690414932	91.0746401765215	89.5165803169405	91.7525642659622	100.645550426778	87.8048321710989	115.82915080239	100.336322432919	118.903032695093	115.910383370589	0	0	0	0	176.544655955206	150.766680884066	175.577847509573	179.022453665566	224.218919019881	211.533132947765	188.997647159521	244.007873319149	217.276147244575
590.063	0	0	0	0	2403.73749750623	79.1523552474875	0.692632193227958	12.0607013511457	-3.24130210650092	-4.9999272922011	17.4451860493001	21.9607292008325	2.75782325192991	-2.10469033530551	14.0449732905714	14.3456598093212	16.9016440720746	10.9237063897077	19.2290463196994	16.7933411641761	8.29541284875071	22.9622455504266	22.1624097727924	23.3371816296982	15.2364544543131	26.2921551613498	25.5039171708023	25.2028103841599	27.7116810475028	32.6448029921892	22.9781351255002	38.21524300557	47.9319639067518	35.4096472204512	42.2020452983946	53.4810305434684	49.8639496148463	45.89513218285	63.1702948137894	63.6560438234506	56.3426214067783	51.3382592224922	59.2303324815266	58.0347868211224	69.4678849483184	73.0439143447749	85.5012683988274	70.6203813616953	86.0247681942475	76.2481718391073	75.4344480336973	78.3313804380168	84.7544707870977	86.6732435716221	70.4116344809484	95.8579622919276	95.7585579707031	85.4143970306309	88.3829325048947	0	0	0	0	482.220713718365	115.583574448808	185.030004503948	158.715895560136	168.094445236527	226.345665676663	193.610706076644	146.901158732008	162.384495474771	135.342847090531
593.4	0	0	0	0	376.23633038198	24.0252513499453	42.8869838806972	18.3132890378226	36.1262709588957	28.444941536477	-8.51485164290005	15.1690737249701	17.2538092217765	32.9714676007257	15.7225511811123	21.7547782049335	29.1104643618358	30.9397123401674	13.1051183453675	8.48182049731204	9.14896609511136	23.2026026727704	22.7221561040187	23.8757883765234	33.881128247092	19.1892676756861	29.6232170318079	28.3529314263801	27.0021910156503	40.48669765178	36.560402255379	46.0429050571277	36.8893016924539	48.2562686690552	44.5059103300458	49.7509273198253	56.5760274586884	54.8152436160304	66.9352725515794	81.2823729364636	57.7371802785329	74.6872170222095	81.4856207158453	74.6826069826519	72.8276692697262	83.710565353867	73.2061343861763	70.2099538258043	70.2648932078284	85.8732156085709	76.5837564675037	73.1597592646629	78.246334567563	81.5651949071278	108.405479449059	83.4956536767896	90.5754722764253	98.4110222695455	105.767691421761	0	0	0	0	257.74740692889	116.276151850684	163.093594985147	187.958649038636	168.871944140969	251.883431231398	287.329509077625	224.83583488228	272.683598678432	270.327662050546
596.738	0	0	0	1075.71722874366	32.1022174105255	-5.18718870949495	27.1890156707527	8.95807648830805	21.3955328007006	26.3660859245898	29.6931722648706	39.2311688960781	43.6266696624523	18.4090407709097	29.432196536187	11.319521005768	21.1641102684308	15.7436683539541	15.4914932045678	22.2426029159461	24.8320444361147	19.2859029195796	31.3665019232737	14.6018563205326	17.5098219685329	22.5900441866122	30.8055597755479	30.2365112994903	24.5519507836287	34.6297022738658	42.8853948577216	37.1837404898064	52.1292913935072	42.466749953685	51.5568451856666	60.3949066658174	44.3929580559923	55.8017587752651	36.3762617077396	46.8080573299577	57.6069930982851	66.1442743328142	64.8659065396657	68.418143009957	70.4969589010383	62.3414670657775	72.9778398231902	74.2143833261286	78.0204563920353	69.5921873747927	76.7315793186233	82.0852514910535	72.9504540447421	77.4391180580623	80.3558767054045	88.501416850759	88.8413735876407	88.9657110725792	98.5807454735766	0	0	0	0	131.95394928536	134.221122059443	159.440774811519	163.384604194871	199.128859293802	188.720420247989	205.712472095442	180.59346372211	121.823173863763	379.558376052895
600.076	0	0	1990.31398716025	77.7969046565234	-24.8551991251898	-33.0974808627519	9.42608253679118	-15.4200255308811	-9.47830006186936	-42.4461501794671	-25.1044979304345	3.62177666607427	-9.19484731376488	-26.9147366974225	8.38238047545606	3.50122657410792	-2.38386270353341	-10.0472402220897	-5.23414779258542	4.19138753997411	-0.776610122713202	-5.48493298934866	14.1472409409187	9.59724628184489	15.1194756008319	19.5930823921988	18.4987599596776	17.9589365063244	18.780965774358	19.0469875242282	10.9891007268762	25.1638110137354	23.6139552883973	29.2687792929796	28.5532991999208	32.250034552634	36.3731167033326	33.4643166118295	41.1547913591653	58.5127864174064	58.0633401488971	40.5090398266838	58.991151137194	35.2634581494151	53.3314012788334	46.4149526767724	51.0707290803839	53.8553979281565	47.4329587019281	56.6151589559686	60.5926769232361	58.0240644249788	71.0686813485795	63.0481702531932	77.5349138289339	57.1934769031788	61.2303085622097	71.8007500905966	0	0	0	0	479.464099990428	96.7593741986096	80.4949592537933	119.901319828288	97.1139722282321	104.929395247756	106.997942065872	141.895337684098	206.735388473732	69.0174520113626	105.961561915448
603.415	0	0	318.450441213108	11.4374662803988	7.83394412517362	15.9166592782795	22.686403313303	16.9375265479821	19.8297144959743	15.1404250525814	31.6632503253389	29.790840539401	5.21153537891252	20.4896995110908	39.6185431970394	24.1752513723494	15.3984174308245	21.6277815713298	29.0488245263234	13.0625921460879	28.9776612424763	14.9084463035794	16.2065017045465	24.2778544964599	16.0406657326959	20.7027140440524	24.8565874628388	23.1998565962202	25.1180197992159	20.0436832927016	29.749719708676	41.8918912306259	35.2362128415664	44.4177306098389	52.1003422415606	38.9374683552897	45.1027940330154	56.1078428697983	47.9130476041288	54.3883488860065	57.3362710222664	56.3911817236966	55.8437800851022	65.7181734678321	57.1540776727516	60.2509183581459	62.4286841735669	67.4579075427836	76.3313186706692	67.4242599679551	73.0322143918159	74.975562273557	77.6069910934647	68.3744038794184	73.5150824409843	77.1758156345323	92.6019936384807	94.2360206285561	0	0	0	0	241.441477569258	121.285702547369	124.826730691777	142.683988818025	156.051219044288	168.075988073505	179.74943339818	177.55899119006	176.139898898997	199.93673435387	293.198187639441
606.753	0	743.310475239972	-17.4329846280976	-25.395695254839	-32.9362213570491	-0.0096855102389522	-19.0786452864591	2.80991788038301	-26.0439191144434	-13.1963511615203	-33.6308023688953	12.8257932694667	-10.4529170343058	-26.0960235930133	-16.9506806492753	-5.54974774042363	-13.0177325097109	-8.30666197284193	0.00149090050836824	-13.902944948706	-14.7112756770051	18.668314545629	2.599693650399	1.18408731927425	3.49067777750789	3.14979679555883	17.5806456633646	14.4496653404502	14.5439259759734	22.4147963124497	14.1406463833096	29.5658696818998	21.0026904472765	28.9276416974073	21.4822926951487	20.0100581587647	29.6900974454496	18.538845450577	44.8198067388394	28.4162346237649	34.3298133146179	27.2971726542777	38.1692333656172	40.2521854257235	42.6324181445937	38.5545053187808	50.9746345480656	39.6375675230394	49.5315495354372	51.5646029886804	61.2681171830111	49.9207569334858	54.4688198979753	69.4509215466942	46.6520854993649	63.9916760286487	49.5081698286165	68.2539066110145	0	0	0	0	87.5078138220405	83.51889487034	83.8478741572183	123.469006978535	78.6974045580998	82.5950187982969	184.203462069162	85.7163137606232	111.991848960514	26.1880975285413	-0.0468732943617161
610.092	1680.45110543485	80.9726711857441	27.990442186928	38.6076256055296	13.3740500828816	-15.2448191859263	27.2182323839522	-28.4026820403603	17.2134155739288	35.0613087856691	11.4626779913514	-2.4238393686264	22.144904237045	19.4921100401162	9.02133966765116	8.6104312455644	33.8643109562166	19.8928862128912	-13.2658609979387	7.21482833113841	5.99562055760912	9.37143919804158	16.292672983382	21.4602500745134	13.4395383768042	10.6526926959059	15.3960513016984	14.6686374040214	13.5215052268995	33.7059554508612	31.434278455634	21.898696741444	32.5524346146592	29.986515063393	35.0328365088667	40.1155502110005	22.3088014131178	41.410005327403	39.1837878822066	51.2148187675655	45.6335231668114	55.9120682356153	63.795732717256	47.8650982237158	57.7889980311534	50.9062778549782	52.0567518319171	62.1558332668546	53.8058443238531	73.4837430069886	54.3443695726959	53.9850149727107	57.0285380389891	61.7746313118831	78.2653504831768	65.8091818173546	65.1656861185846	0	0	0	0	398.674133140533	76.5515299178705	87.4720932419868	76.551103603235	139.647664701995	129.060670449466	140.988163329337	140.54897017115	198.338895160269	116.630280941306	125.291698982479	243.091309827235
613.431	217.494187540264	-11.1820036106772	39.2990741389404	27.0719721983808	17.2570249619779	22.0813432656578	10.2911001683142	34.7225053601604	21.2751344709824	42.9468893890297	17.1602805235127	41.5159491833586	32.5859811151877	-7.2286266534641	17.5055790334634	2.52963326795716	20.2855667754636	21.2592913263201	22.5384239536599	18.1857675039725	23.9182326936387	16.8249223018932	28.6365635277127	12.0408467494877	17.4470278601364	25.8570050216135	28.5200717420746	19.7623725179095	23.9670371061466	27.5108717026191	18.7222841554785	27.1168015316133	50.6807272649242	30.5973490032115	32.411440091266	48.7830645030916	50.3520378196531	40.0512360366682	41.6450436500576	49.9892491404622	52.7651492716546	55.4414115324281	56.0661953983269	67.3972832301798	48.5063759776289	49.5510801694684	67.7003301724978	56.0639873309886	73.4621290256024	50.7038430641372	65.0451406779516	63.526845107888	62.9263383761863	60.4809115885944	56.0453678543321	72.9015259480884	71.623367564866	0	0	0	0	208.875341576659	90.9013944996507	62.9928492028674	107.15093608846	119.777619774431	83.4457777698447	148.635889745378	152.395328979916	183.209551912889	176.851890767245	224.000425880646	350.080317812605
616.77	-4.9368318895092	6.59989580955314	-34.5518856779184	-0.83921669194046	-2.40736750482498	-43.2535565164367	10.4366822625531	-25.8902925026496	-2.08247935032852	-20.1171251230389	-7.73008941685394	4.95263788096983	-7.67471263029843	-7.89574703891012	-13.4529563891816	-9.74579611669542	19.1139969179672	7.50335979733265	-0.440078921053425	3.45344986077828	0.0115260525598728	4.94307908860921	8.9139340556087	13.7050322855418	12.5296300517736	2.70556329857445	9.27158534904604	5.19382845139255	12.7977283607786	9.67821085740782	10.0069039590418	10.1170218115967	13.5784000012861	15.1928501768611	23.4428403029197	21.9641143673664	27.0803235943435	29.4038388787072	23.3209587828131	42.5272464763004	43.3956333737435	31.2981269359287	48.7538659592576	21.3619645188194	42.968563817743	32.6439102575467	22.1048515769367	43.785663840941	35.475640656345	53.3501712027402	44.7851320271399	39.4143696617587	55.0329049950345	49.7034804957994	59.3855226244827	49.428321903673	39.4697633484797	0	0	0	0	75.4186570639995	52.0214379937771	71.973908605723	76.2913762871578	86.9345738716793	67.7347313173105	61.2367779581824	66.4539798323961	142.344563794708	126.92726372431	23.6432957430799	56.4385068810151
620.109	34.1837714226555	-56.9084699601144	30.5187071128611	1.02346597720101	15.7183944323281	40.8277734970051	-9.1979066491598	9.74812124111607	28.271720427347	14.8477876580237	47.5951386766465	38.8702843607098	15.9868148048301	18.7370193200295	28.4585510322948	15.1485211440619	15.0721555891715	-14.4305136123728	30.8890428470151	20.0715079297168	12.939769965551	29.3503332889041	16.24529982878	26.7385120409909	23.7826061314824	19.0037984690109	20.0224063175376	24.6633888138426	23.2739657516838	27.2178678154591	30.3292787317423	26.5919936628386	24.6554123258078	31.6878195746717	42.8537618991918	28.2290235525149	55.6796492083056	41.8613244394669	47.0407824896948	53.7541187732453	35.9215611158743	57.4994513451094	43.6179128562362	54.3071095048864	64.776325108799	51.8023361918473	58.9654781635456	63.6815489786742	65.8786732125877	60.5244811290283	63.1880277175759	73.2783316423948	65.4483046762816	62.6460342087656	60.2458537710304	76.3057093494161	0	0	0	0	384.123605670651	83.1601742852493	76.7961163956471	102.411790781959	127.473362204028	111.704981246314	141.141344784349	205.018712363832	170.174390313766	115.37046137783	183.022078450037	286.866937622531	263.088455149776
