Sample - Blank	600	595	590	585	580	575	570	565	560	555	550	545	540	535	530	525	520	515	510	505	500	495	490	485	480	475	470	465	460	455	450	445	440	435	430	425	420	415	410	405	400	395	390	385	380	375	370	365	360	355	350	345	340	335	330	325	320	315	310	305	300	295	290	285	280	275	270	265	260	255	250	245	240
nm																																																																									
213.328	0	0	0	0	0	0	0	0	0	0	0	0	0	0	0	0	0	0	0	0	0	0	0	0	0	0	0	0	0	0	0	0	0	0	0	0	0	0	0	0	0	0	0	0	0	0	0	0	0	0	0	0	0	0	0	0	0	0	0	0	0	0	0	0	0	0	0	0	0	0	0	0	0
216.504	0	0	0	0	0	0	0	0	0	0	0	0	0	0	0	0	0	0	0	0	0	0	0	0	0	0	0	0	0	0	0	0	0	0	0	0	0	0	0	0	0	0	0	0	0	0	0	0	0	0	0	0	0	0	0	0	0	0	0	0	0	0	0	0	0	0	0	0	0	0	0	0	0
219.682	0	0	0	0	0	0	0	0	0	0	0	0	0	0	0	0	0	0	0	0	0	0	0	0	0	0	0	0	0	0	0	0	0	0	0	0	0	0	0	0	0	0	0	0	0	0	0	0	0	0	0	0	0	0	0	0	0	0	0	0	0	0	0	0	0	0	0	0	0	0	0	0	0
222.862	0	0	0	0	0	0	0	0	0	0	0	0	0	0	0	0	0	0	0	0	0	0	0	0	0	0	0	0	0	0	0	0	0	0	0	0	0	0	0	0	0	0	0	0	0	0	0	0	0	0	0	0	0	0	0	0	0	0	0	0	0	0	0	0	0	0	0	0	0	0	0	0	0
226.045	0	0	0	0	0	0	0	0	0	0	0	0	0	0	0	0	0	0	0	0	0	0	0	0	0	0	0	0	0	0	0	0	0	0	0	0	0	0	0	0	0	0	0	0	0	0	0	0	0	0	0	0	0	0	0	0	0	0	0	0	0	0	0	0	0	0	0	0	0	0	0	0	0
229.23	0	0	0	0	0	0	0	0	0	0	0	0	0	0	0	0	0	0	0	0	0	0	0	0	0	0	0	0	0	0	0	0	0	0	0	0	0	0	0	0	0	0	0	0	0	0	0	0	0	0	0	0	0	0	0	0	0	0	0	0	0	0	0	0	0	0	0	0	0	0	0	0	0
232.417	0	0	0	0	0	0	0	0	0	0	0	0	0	0	0	0	0	0	0	0	0	0	0	0	0	0	0	0	0	0	0	0	0	0	0	0	0	0	0	0	0	0	0	0	0	0	0	0	0	0	0	0	0	0	0	0	0	0	0	0	0	0	0	0	0	0	0	0	0	0	0	0	0
235.607	0	0	0	0	0	0	0	0	0	0	0	0	0	0	0	0	0	0	0	0	0	0	0	0	0	0	0	0	0	0	0	0	0	0	0	0	0	0	0	0	0	0	0	0	0	0	0	0	0	0	0	0	0	0	0	0	0	0	0	0	0	0	0	0	0	0	0	0	0	0	0	0	0
238.799	0	0	0	0	0	0	0	0	0	0	0	0	0	0	0	0	0	0	0	0	0	0	0	0	0	0	0	0	0	0	0	0	0	0	0	0	0	0	0	0	0	0	0	0	0	0	0	0	0	0	0	0	0	0	0	0	0	0	0	0	0	0	0	0	0	0	0	0	0	0	0	0	0
241.993	0	0	0	0	0	0	0	0	0	0	0	0	0	0	0	0	0	0	0	0	0	0	0	0	0	0	0	0	0	0	0	0	0	0	0	0	0	0	0	0	0	0	0	0	0	0	0	0	0	0	0	0	0	0	0	0	0	0	0	0	0	0	0	0	0	0	0	0	0	0	0	0	0
245.19	0	0	0	0	0	0	0	0	0	0	0	0	0	0	0	0	0	0	0	0	0	0	0	0	0	0	0	0	0	0	0	0	0	0	0	0	0	0	0	0	0	0	0	0	0	0	0	0	0	0	0	0	0	0	0	0	0	0	0	0	0	0	0	0	0	0	0	0	0	0	0	0	0
248.388	0	0	0	0	0	0	0	0	0	0	0	0	0	0	0	0	0	0	0	0	0	0	0	0	0	0	0	0	0	0	0	0	0	0	0	0	0	0	0	0	0	0	0	0	0	0	0	0	0	0	0	0	0	0	0	0	0	0	0	0	0	0	0	0	0	0	0	0	0	0	0	0	0
251.589	0	0	0	0	0	0	0	0	0	0	0	0	0	0	0	0	0	0	0	0	0	0	0	0	0	0	0	0	0	0	0	0	0	0	0	0	0	0	0	0	0	0	0	0	0	0	0	0	0	0	0	0	0	0	0	0	0	0	0	0	0	0	0	0	0	0	0	0	0	0	0	0	1538.9433853468
254.793	0	0	0	0	0	0	0	0	0	0	0	0	0	0	0	0	0	0	0	0	0	0	0	0	0	0	0	0	0	0	0	0	0	0	0	0	0	0	0	0	0	0	0	0	0	0	0	0	0	0	0	0	0	0	0	0	0	0	0	0	0	0	0	0	0	0	0	0	0	0	0	0	190.385909564352
257.998	0	0	0	0	0	0	0	0	0	0	0	0	0	0	0	0	0	0	0	0	0	0	0	0	0	0	0	0	0	0	0	0	0	0	0	0	0	0	0	0	0	0	0	0	0	0	0	0	0	0	0	0	0	0	0	0	0	0	0	0	0	0	0	0	0	0	0	0	0	0	0	800.503451093002	52.0929629540438
261.205	0	0	0	0	0	0	0	0	0	0	0	0	0	0	0	0	0	0	0	0	0	0	0	0	0	0	0	0	0	0	0	0	0	0	0	0	0	0	0	0	0	0	0	0	0	0	0	0	0	0	0	0	0	0	0	0	0	0	0	0	0	0	0	0	0	0	0	0	0	0	5136.43342162743	46.4260391028813	-259.710345542654
264.415	0	0	0	0	0	0	0	0	0	0	0	0	0	0	0	0	0	0	0	0	0	0	0	0	0	0	0	0	0	0	0	0	0	0	0	0	0	0	0	0	0	0	0	0	0	0	0	0	0	0	0	0	0	0	0	0	0	0	0	0	0	0	0	0	0	0	0	0	0	0	112.215239752051	-86.8249492446442	-335.969296352458
267.627	0	0	0	0	0	0	0	0	0	0	0	0	0	0	0	0	0	0	0	0	0	0	0	0	0	0	0	0	0	0	0	0	0	0	0	0	0	0	0	0	0	0	0	0	0	0	0	0	0	0	0	0	0	0	0	0	0	0	0	0	0	0	0	0	0	0	0	0	0	1904.183514109	93.6511038965694	-58.8204399193939	-497.774330559487
270.841	0	0	0	0	0	0	0	0	0	0	0	0	0	0	0	0	0	0	0	0	0	0	0	0	0	0	0	0	0	0	0	0	0	0	0	0	0	0	0	0	0	0	0	0	0	0	0	0	0	0	0	0	0	0	0	0	0	0	0	0	0	0	0	0	0	0	0	0	6896.62163025665	214.473767099475	159.145449191452	-78.4572742067966	-189.011528628903
274.057	0	0	0	0	0	0	0	0	0	0	0	0	0	0	0	0	0	0	0	0	0	0	0	0	0	0	0	0	0	0	0	0	0	0	0	0	0	0	0	0	0	0	0	0	0	0	0	0	0	0	0	0	0	0	0	0	0	0	0	0	0	0	0	0	0	0	0	0	516.11204278069	90.3838626038566	-66.9324852948374	-242.270476968893	51.4235742974751
277.275	0	0	0	0	0	0	0	0	0	0	0	0	0	0	0	0	0	0	0	0	0	0	0	0	0	0	0	0	0	0	0	0	0	0	0	0	0	0	0	0	0	0	0	0	0	0	0	0	0	0	0	0	0	0	0	0	0	0	0	0	0	0	0	0	0	0	0	2419.75882896886	127.935106255056	95.1992820321184	-181.216018676916	-142.839144798717	137.171275799146
280.496	0	0	0	0	0	0	0	0	0	0	0	0	0	0	0	0	0	0	0	0	0	0	0	0	0	0	0	0	0	0	0	0	0	0	0	0	0	0	0	0	0	0	0	0	0	0	0	0	0	0	0	0	0	0	0	0	0	0	0	0	0	0	0	0	0	0	5619.27746191739	104.68987450072	-28.8906060886783	-105.862922591292	-471.53989871075	-160.228295693974	-204.318564703443
283.718	0	0	0	0	0	0	0	0	0	0	0	0	0	0	0	0	0	0	0	0	0	0	0	0	0	0	0	0	0	0	0	0	0	0	0	0	0	0	0	0	0	0	0	0	0	0	0	0	0	0	0	0	0	0	0	0	0	0	0	0	0	0	0	0	0	0	668.391261500878	179.669937188638	216.487783316946	-11.0157690513457	58.2221090239477	234.425472732034	207.194515178827
286.942	0	0	0	0	0	0	0	0	0	0	0	0	0	0	0	0	0	0	0	0	0	0	0	0	0	0	0	0	0	0	0	0	0	0	0	0	0	0	0	0	0	0	0	0	0	0	0	0	0	0	0	0	0	0	0	0	0	0	0	0	0	0	0	0	0	2367.44758862348	144.900232846627	129.502004761592	87.6948485027283	-37.8748660073612	-2.775966428048	138.951423592377	138.854480408889
290.169	0	0	0	0	0	0	0	0	0	0	0	0	0	0	0	0	0	0	0	0	0	0	0	0	0	0	0	0	0	0	0	0	0	0	0	0	0	0	0	0	0	0	0	0	0	0	0	0	0	0	0	0	0	0	0	0	0	0	0	0	0	0	0	0	5177.62675551102	273.715058961643	253.15210224996	198.029849749538	68.918096175491	69.5699920806812	194.157838049802	291.27189770997	230.493860988528
293.397	0	0	0	0	0	0	0	0	0	0	0	0	0	0	0	0	0	0	0	0	0	0	0	0	0	0	0	0	0	0	0	0	0	0	0	0	0	0	0	0	0	0	0	0	0	0	0	0	0	0	0	0	0	0	0	0	0	0	0	0	0	0	0	0	768.083887778158	172.854928337233	169.973138068087	117.458853615088	1.64869832167203	81.8711014919566	33.6648471142998	6.37624705030697	53.065213604917
296.628	0	0	0	0	0	0	0	0	0	0	0	0	0	0	0	0	0	0	0	0	0	0	0	0	0	0	0	0	0	0	0	0	0	0	0	0	0	0	0	0	0	0	0	0	0	0	0	0	0	0	0	0	0	0	0	0	0	0	0	0	0	0	0	2506.53923223407	243.973244029568	290.460266161992	289.938357345152	177.361113542732	149.231570478999	271.940564547177	275.535942728003	220.606525319927	60.9950436887354
299.86	0	0	0	0	0	0	0	0	0	0	0	0	0	0	0	0	0	0	0	0	0	0	0	0	0	0	0	0	0	0	0	0	0	0	0	0	0	0	0	0	0	0	0	0	0	0	0	0	0	0	0	0	0	0	0	0	0	0	0	0	0	0	0	306.778446680159	304.502780942477	335.114627353037	334.226264290469	186.385464925631	267.575887703755	312.497867484553	288.455132348208	388.377658547989	247.781678221666
303.095	0	0	0	0	0	0	0	0	0	0	0	0	0	0	0	0	0	0	0	0	0	0	0	0	0	0	0	0	0	0	0	0	0	0	0	0	0	0	0	0	0	0	0	0	0	0	0	0	0	0	0	0	0	0	0	0	0	0	0	0	0	0	1033.82708931383	224.985596186958	331.611465579221	372.187635010017	261.334284376231	282.638579144093	253.364059610922	257.011294561401	259.054799334747	161.67325824817	246.762890962633
306.331	0	0	0	0	0	0	0	0	0	0	0	0	0	0	0	0	0	0	0	0	0	0	0	0	0	0	0	0	0	0	0	0	0	0	0	0	0	0	0	0	0	0	0	0	0	0	0	0	0	0	0	0	0	0	0	0	0	0	0	0	0	2753.54924879978	156.412753680366	272.63964733368	371.339318086736	362.787994973931	373.702019935147	414.350368501567	348.945200186775	290.00122986983	315.94287791277	317.450584500971	381.493601682964
309.569	0	0	0	0	0	0	0	0	0	0	0	0	0	0	0	0	0	0	0	0	0	0	0	0	0	0	0	0	0	0	0	0	0	0	0	0	0	0	0	0	0	0	0	0	0	0	0	0	0	0	0	0	0	0	0	0	0	0	0	0	0	322.800285874146	192.764524927369	317.154974615675	410.786234202074	422.064724266368	414.339032809564	404.924032929708	398.844580362619	314.642170112212	295.902610558144	465.241605519552	539.720878926357
312.81	0	0	0	0	0	0	0	0	0	0	0	0	0	0	0	0	0	0	0	0	0	0	0	0	0	0	0	0	0	0	0	0	0	0	0	0	0	0	0	0	0	0	0	0	0	0	0	0	0	0	0	0	0	0	0	0	0	0	0	0	1227.34906811089	150.005257093689	201.043460160149	389.272537361624	439.937400015348	501.608428140782	522.526816219554	481.236838612552	447.588119476618	312.443148120301	401.78968033209	483.010172026695	175.655568626142
316.052	0	0	0	0	0	0	0	0	0	0	0	0	0	0	0	0	0	0	0	0	0	0	0	0	0	0	0	0	0	0	0	0	0	0	0	0	0	0	0	0	0	0	0	0	0	0	0	0	0	0	0	0	0	0	0	0	0	0	0	3043.90527636891	190.231184876267	199.780219610392	298.580559675141	373.185276731226	435.394806263916	536.055804971751	522.98376038323	448.898603871087	415.003146467353	421.731612931688	454.720634064125	520.98503932086	537.955548471042
319.296	0	0	0	0	0	0	0	0	0	0	0	0	0	0	0	0	0	0	0	0	0	0	0	0	0	0	0	0	0	0	0	0	0	0	0	0	0	0	0	0	0	0	0	0	0	0	0	0	0	0	0	0	0	0	0	0	0	0	0	503.953694683476	275.887330233526	349.336964696137	371.376680552155	471.83219202912	564.092881812035	530.398330263999	543.1841342018	474.76712646499	421.61491306662	329.176366511211	359.847930825716	398.760745541462	359.94140898704
322.542	0	0	0	0	0	0	0	0	0	0	0	0	0	0	0	0	0	0	0	0	0	0	0	0	0	0	0	0	0	0	0	0	0	0	0	0	0	0	0	0	0	0	0	0	0	0	0	0	0	0	0	0	0	0	0	0	0	0	1606.06820905977	326.596308795445	394.047348224096	450.409716191871	542.408806011511	603.455067310355	656.496989707449	645.761084283204	635.06340634407	581.948283795025	508.354032785085	444.375162364584	428.747134068509	416.075828035038	499.415223677623
325.79	0	0	0	0	0	0	0	0	0	0	0	0	0	0	0	0	0	0	0	0	0	0	0	0	0	0	0	0	0	0	0	0	0	0	0	0	0	0	0	0	0	0	0	0	0	0	0	0	0	0	0	0	0	0	0	0	0	3549.48097124955	306.4279376443	344.50025745705	450.572125847163	532.391402838439	574.915985880447	628.813085476334	681.200546366117	706.852051349143	631.510732883438	502.173900481115	501.203383010581	496.609332497935	362.495468248398	604.074455814187	601.198982207429
329.039	0	0	0	0	0	0	0	0	0	0	0	0	0	0	0	0	0	0	0	0	0	0	0	0	0	0	0	0	0	0	0	0	0	0	0	0	0	0	0	0	0	0	0	0	0	0	0	0	0	0	0	0	0	0	0	0	0	589.273096592766	318.248097127264	404.50970012285	520.254198961478	596.608423569572	648.047020455012	733.160158477676	770.750427722599	773.677248518629	697.006049151883	628.822811126884	501.81499591977	526.921027247144	502.860452789267	659.689592374478	682.656890377264
332.291	0	0	0	0	0	0	0	0	0	0	0	0	0	0	0	0	0	0	0	0	0	0	0	0	0	0	0	0	0	0	0	0	0	0	0	0	0	0	0	0	0	0	0	0	0	0	0	0	0	0	0	0	0	0	0	0	1516.34874525611	177.047808132041	352.128253796788	420.649929307778	583.632105449453	652.689473716169	693.890922187191	769.050405364495	766.697866350989	761.178967168873	702.278590502242	620.048523647641	497.538405946503	540.907963980584	506.637314870749	752.130470815634	1036.58509524229
335.544	0	0	0	0	0	0	0	0	0	0	0	0	0	0	0	0	0	0	0	0	0	0	0	0	0	0	0	0	0	0	0	0	0	0	0	0	0	0	0	0	0	0	0	0	0	0	0	0	0	0	0	0	0	0	0	3021.58413340927	150.277980532111	194.105562952099	400.105563537881	489.255293338247	640.992660639152	733.516069205774	743.227333793248	865.113575262249	844.742302352543	754.651106067053	766.394192113407	683.574397856308	601.260230608143	520.048085125744	567.222977486563	636.892522867366	576.488986084575
338.799	0	0	0	0	0	0	0	0	0	0	0	0	0	0	0	0	0	0	0	0	0	0	0	0	0	0	0	0	0	0	0	0	0	0	0	0	0	0	0	0	0	0	0	0	0	0	0	0	0	0	0	0	0	0	0	440.030415894624	80.245014074075	213.708205633877	412.966777601272	557.033803364291	690.045794916942	772.991986406905	876.856427078056	895.086738650004	838.292415600317	747.169945158487	701.384383876018	592.527766580671	553.806263854432	499.22263429952	492.568348502197	740.662412892049	895.820516777874
342.056	0	0	0	0	0	0	0	0	0	0	0	0	0	0	0	0	0	0	0	0	0	0	0	0	0	0	0	0	0	0	0	0	0	0	0	0	0	0	0	0	0	0	0	0	0	0	0	0	0	0	0	0	0	0	1299.04489643342	49.5175527046396	102.718869565995	237.497672582847	444.998696776299	569.102747585619	682.956402889803	838.48470817572	845.857566490451	890.983941824858	827.44769493437	784.437326851696	711.183422368941	667.896669260788	645.116541763273	593.305839706489	538.497478002974	781.609118100982	782.279542781882
345.315	0	0	0	0	0	0	0	0	0	0	0	0	0	0	0	0	0	0	0	0	0	0	0	0	0	0	0	0	0	0	0	0	0	0	0	0	0	0	0	0	0	0	0	0	0	0	0	0	0	0	0	0	0	2761.09131100504	118.006248958503	72.6869173065274	102.016218856193	247.854175274835	441.014959013722	578.0194766373	725.363250481709	808.596890154872	851.890161907195	839.087328020885	827.606151111205	772.143940154071	752.961702283999	630.530617132628	607.772286510892	562.179756051007	560.145594105176	800.385157813699	859.811187618492
348.575	0	0	0	0	0	0	0	0	0	0	0	0	0	0	0	0	0	0	0	0	0	0	0	0	0	0	0	0	0	0	0	0	0	0	0	0	0	0	0	0	0	0	0	0	0	0	0	0	0	0	0	0	0	465.73836234382	45.0653835139975	59.9238105362022	86.2475815466814	242.651101111449	438.147423780802	520.330628436135	683.023155826058	782.837495456304	774.338634539359	772.212701942822	738.120394562785	692.621871532847	594.388276717503	517.137473457235	497.055356008602	419.015713689187	526.770754266556	561.572972332604	835.652975797804
351.838	0	0	0	0	0	0	0	0	0	0	0	0	0	0	0	0	0	0	0	0	0	0	0	0	0	0	0	0	0	0	0	0	0	0	0	0	0	0	0	0	0	0	0	0	0	0	0	0	0	0	0	0	1356.86273147538	52.583548008569	42.4454563021199	87.4784585003335	144.294088563509	269.673892327915	459.474632590664	561.194915706373	734.268323107013	788.495195609786	821.597375382271	827.795353297732	770.570723092914	683.301547100208	696.846042832884	651.914167387828	550.552862723217	495.20411845257	566.016095191085	751.076796263478	821.397420052563
355.101	0	0	0	0	0	0	0	0	0	0	0	0	0	0	0	0	0	0	0	0	0	0	0	0	0	0	0	0	0	0	0	0	0	0	0	0	0	0	0	0	0	0	0	0	0	0	0	0	0	0	0	2659.75801388782	115.371090129382	37.8767350231692	60.0192687934534	82.2474726128919	122.898079955787	259.572003163002	434.84267019121	560.151336752918	695.553760244185	768.401798570234	800.426499257637	816.0646593984	714.708319305319	688.285080959672	524.44099375149	464.942380843965	438.315937126839	423.65595895705	482.802624281318	697.980870368821	665.640075096263
358.367	0	0	0	0	0	0	0	0	0	0	0	0	0	0	0	0	0	0	0	0	0	0	0	0	0	0	0	0	0	0	0	0	0	0	0	0	0	0	0	0	0	0	0	0	0	0	0	0	0	0	0	480.550559407347	27.9001388606781	54.5290564761138	71.995502393266	94.0955337333236	156.90141116139	283.890897385138	433.668189035254	534.515908407134	664.067167764758	765.197981355434	755.451758362464	769.771377181619	694.314857330262	643.553603961882	645.127631992841	584.230857573227	562.660527254542	518.825832762291	484.316590208305	689.311898025848	625.754863563667
361.634	0	0	0	0	0	0	0	0	0	0	0	0	0	0	0	0	0	0	0	0	0	0	0	0	0	0	0	0	0	0	0	0	0	0	0	0	0	0	0	0	0	0	0	0	0	0	0	0	0	0	1311.59556541818	58.0922192515756	57.5359880586205	74.2140946711923	97.7170576785299	121.574968755225	166.248709101717	278.523883596628	449.809955231641	553.965253030629	656.667765480477	703.467922297673	707.700533641209	684.49584096173	660.634928697348	602.330266601603	591.142954079209	451.031843757526	473.468980581327	514.350594909242	549.567583597201	653.451433517868	748.684414104975
364.903	0	0	0	0	0	0	0	0	0	0	0	0	0	0	0	0	0	0	0	0	0	0	0	0	0	0	0	0	0	0	0	0	0	0	0	0	0	0	0	0	0	0	0	0	0	0	0	0	0	0	136.029725500002	14.5298676929014	49.5765576302916	65.0828682532472	100.96578869965	134.227502259343	162.385348877608	282.65061635562	427.824969718645	499.851575687989	629.831944171675	707.170657292207	674.999007879379	638.859280857905	613.041922750749	550.340751597096	504.541336265825	436.976330379384	442.158226699274	479.335701638863	497.525458028953	601.695941243553	702.676263042605
368.174	0	0	0	0	0	0	0	0	0	0	0	0	0	0	0	0	0	0	0	0	0	0	0	0	0	0	0	0	0	0	0	0	0	0	0	0	0	0	0	0	0	0	0	0	0	0	0	0	0	502.867556702035	53.4007927713336	66.334205444845	62.4889997141912	95.3964533993255	117.087598424942	159.563877670611	208.653050248782	336.259101269237	453.100811656356	551.34613969907	623.969527507799	659.728111626748	678.244660042415	679.889428783034	648.155998595414	560.843936729621	561.67219103727	496.247352919296	544.677187716723	427.990237523121	543.04409345476	640.6297839212	807.859209845288
371.446	0	0	0	0	0	0	0	0	0	0	0	0	0	0	0	0	0	0	0	0	0	0	0	0	0	0	0	0	0	0	0	0	0	0	0	0	0	0	0	0	0	0	0	0	0	0	0	0	1291.66283530172	28.0646202054926	46.5150110624983	36.337108477127	76.7223788736564	118.747929297786	133.6031385881	164.877080765916	230.880058672499	308.059857078002	433.447195508191	518.49984503713	586.692910302001	623.505062322955	634.167858986311	625.682592319028	576.25758090184	571.844170640648	481.010201462787	445.221778791683	418.329155860145	482.766818646595	439.267183817322	553.896399399312	577.468351486444
374.719	0	0	0	0	0	0	0	0	0	0	0	0	0	0	0	0	0	0	0	0	0	0	0	0	0	0	0	0	0	0	0	0	0	0	0	0	0	0	0	0	0	0	0	0	0	0	0	0	131.988750967287	55.0354339031414	58.4405487018049	74.7795173921891	102.178518698466	151.344221487982	161.478898899305	192.191730636741	252.168911819487	356.298903891791	445.764874184764	543.394799123583	622.242707091964	626.566450252866	616.146083676786	614.799468619637	597.428588718514	555.911178145832	609.273089168091	563.110964475094	591.991349528835	547.557078650171	503.88464738216	820.901050848017	706.309021520529
377.995	0	0	0	0	0	0	0	0	0	0	0	0	0	0	0	0	0	0	0	0	0	0	0	0	0	0	0	0	0	0	0	0	0	0	0	0	0	0	0	0	0	0	0	0	0	0	0	535.151990344194	39.0440350388445	50.9708073392975	70.7536173075717	117.33984943755	146.854774395778	159.392112036363	207.574308251374	244.4418538258	287.963177705241	368.857310992797	466.155539407126	543.766752579919	612.719305874833	649.507230304601	619.326055024561	623.618451682459	589.913360620792	587.973551180943	548.781253934047	502.614296324458	562.083908471468	543.924099925521	735.29182128151	692.884746383451	1166.53633239887
381.272	0	0	0	0	0	0	0	0	0	0	0	0	0	0	0	0	0	0	0	0	0	0	0	0	0	0	0	0	0	0	0	0	0	0	0	0	0	0	0	0	0	0	0	0	0	0	1399.75943272264	53.5226713225166	37.1560342123169	65.4695734073902	83.6970488236091	83.4204618734165	121.440218587053	185.170237456402	181.499176672697	245.285302333327	292.637226755574	373.451838908876	465.715018814025	494.327406773294	588.049214096028	600.187316621819	582.34943039703	584.382147149582	606.458961385113	511.695824240234	497.682905105099	498.19414428994	509.182397080614	550.945537095797	572.818808302512	785.561561449838	767.612829156166
384.55	0	0	0	0	0	0	0	0	0	0	0	0	0	0	0	0	0	0	0	0	0	0	0	0	0	0	0	0	0	0	0	0	0	0	0	0	0	0	0	0	0	0	0	0	0	0	177.269805094795	31.7150584888874	48.713075773699	67.9615993694354	97.9825389649792	125.565442647777	158.196834613296	185.65336947563	233.854965323366	262.156534610367	320.310082113828	393.684915270578	465.061262935821	541.567913429244	570.625124421446	585.906306767566	590.130437348881	611.108212434211	574.694136064717	567.930997728445	519.583378846344	544.360410539237	515.856917147567	579.142180625735	657.03829523207	782.291042616508	890.217238777145
387.83	0	0	0	0	0	0	0	0	0	0	0	0	0	0	0	0	0	0	0	0	0	0	0	0	0	0	0	0	0	0	0	0	0	0	0	0	0	0	0	0	0	0	0	0	0	640.96720920336	30.3950985875728	34.2924142381089	58.4956743111874	70.6993003053958	96.7104024868165	124.933130414034	146.181660532683	174.403765977109	237.008587972486	280.031538747924	300.23113976096	365.632576300611	446.392989849937	506.8890053223	546.929226395215	578.630127581312	556.559176474302	520.381414371997	506.251538926803	523.832778048682	459.691673726427	536.538374285552	524.793395833427	601.030624400442	617.612529548783	793.458017526055	723.772164023866
391.112	0	0	0	0	0	0	0	0	0	0	0	0	0	0	0	0	0	0	0	0	0	0	0	0	0	0	0	0	0	0	0	0	0	0	0	0	0	0	0	0	0	0	0	0	1579.69078879825	51.4774196060296	47.6592470891402	38.5944246241114	79.2898930826872	93.5315601801664	114.065443150389	156.103652576431	167.693437193895	227.500436177694	244.088494118788	288.486919018892	344.026536157234	406.812838663935	461.479706387581	506.163072744635	557.470314085019	565.317460814874	552.395749378281	560.421315360697	537.598907353069	497.117078390017	564.020127339886	565.113453860612	548.356037443432	646.83896392807	687.14520390323	928.494200294572	955.521919843738
394.395	0	0	0	0	0	0	0	0	0	0	0	0	0	0	0	0	0	0	0	0	0	0	0	0	0	0	0	0	0	0	0	0	0	0	0	0	0	0	0	0	0	0	0	0	193.962197919857	11.0702691275975	19.8262915415668	41.0990088189327	62.8321757120385	87.4804714340134	125.959664273024	148.411403985288	175.31950952618	222.0523736531	268.638397676735	296.213126781126	332.754531366547	395.702484588682	451.214536679222	494.673708964817	512.52306029059	524.368854760118	522.614732145747	482.827680011831	493.124993418045	482.012835581358	456.565486626015	478.30240130836	456.970638826914	481.333279527707	609.171099543643	690.628151878685	784.292791561899
397.679	0	0	0	0	0	0	0	0	0	0	0	0	0	0	0	0	0	0	0	0	0	0	0	0	0	0	0	0	0	0	0	0	0	0	0	0	0	0	0	0	0	0	0	714.6642304643	31.1843249613133	44.7591676454644	49.6113701077545	61.7361321472994	84.8027007820776	134.865299477591	139.951593582529	178.837196349646	200.738274000538	248.901201398505	282.679678614174	317.447481374358	355.615262474976	413.821108817691	478.241893385731	505.77430267109	548.975420949981	534.620862841132	559.018013468444	548.714726510458	537.276485916634	489.849476462941	504.970994026319	580.616286755882	652.001661851519	572.589999155583	650.610217800942	794.236279217472	767.618126027502
400.965	0	0	0	0	0	0	0	0	0	0	0	0	0	0	0	0	0	0	0	0	0	0	0	0	0	0	0	0	0	0	0	0	0	0	0	0	0	0	0	0	0	0	1618.88613840207	40.7419763923133	25.6202829863308	26.6431983101914	51.381352687028	59.3328708347737	85.9897178082605	122.957700562969	142.144961803042	184.230834398574	202.127153686985	264.532776470773	295.508497770203	317.569438267399	368.258470343891	390.173086630619	466.412710081421	483.03861664026	508.639740467934	505.036762224363	513.016322088236	515.10159858005	481.864981148887	516.696454084002	468.116800735451	516.714356811336	502.043871474076	631.424693998419	625.896953615782	723.590580791365	693.869897023564
404.253	0	0	0	0	0	0	0	0	0	0	0	0	0	0	0	0	0	0	0	0	0	0	0	0	0	0	0	0	0	0	0	0	0	0	0	0	0	0	0	0	0	0	221.335372375177	25.9882940407145	23.7140318854337	44.5687426476929	55.7052676728216	71.061738247667	116.542085025434	162.266856213486	163.701912038001	222.840959739464	238.526711281382	266.529870405323	304.565873261284	344.805459920283	374.627217793244	421.193088981512	451.252166191244	485.770349158515	493.576065790273	519.813828846604	511.012353422581	508.426777188629	457.653455202861	478.332206810388	531.349137549309	551.717106429603	598.159942672011	666.662344642061	695.57179058524	838.109103962273	901.690409090893
407.542	0	0	0	0	0	0	0	0	0	0	0	0	0	0	0	0	0	0	0	0	0	0	0	0	0	0	0	0	0	0	0	0	0	0	0	0	0	0	0	0	0	764.463810659291	28.09637150113	42.4473225636236	33.7558556554645	55.1568725185019	66.6048440546	95.8370208841713	114.992275910537	162.479210719896	173.482394023329	225.26252849636	258.913303283042	275.064060935269	331.162776091809	343.486281469147	373.852726771155	406.541582917784	444.863414449672	497.795933774301	522.703061631075	505.5005666667	484.915726040103	474.002551195104	489.07878092637	475.325721154396	526.359119506672	519.012494139371	523.724109767057	604.337252482252	681.792195180084	827.008006991872	722.828045538613
410.832	0	0	0	0	0	0	0	0	0	0	0	0	0	0	0	0	0	0	0	0	0	0	0	0	0	0	0	0	0	0	0	0	0	0	0	0	0	0	0	0	1605.96552266328	26.0703820487642	-2.03961012205787	23.1694714987629	29.7086511834339	43.128908468035	51.1615233249122	101.247240706038	123.540620017248	138.215263083534	185.363190952964	207.809393341577	263.326676722517	275.98092489584	311.616370588392	361.198920284569	363.664096789678	393.263391612575	447.532670021241	464.307086597427	453.497763727487	492.038939713729	496.034252014634	479.578182170362	485.002248247912	476.619388045663	440.213606233566	539.86233858359	568.939566176071	634.637957414395	682.34187581611	642.058964853026	822.285112965444
414.124	0	0	0	0	0	0	0	0	0	0	0	0	0	0	0	0	0	0	0	0	0	0	0	0	0	0	0	0	0	0	0	0	0	0	0	0	0	0	0	0	235.577150006825	35.5490798182033	26.0220351647115	47.2047948135927	64.4493131292856	76.6600692695209	102.150594683311	112.735413631054	150.177607765354	166.465372364199	220.831019674941	241.961248930776	261.761645132308	303.373236618686	327.048314732782	343.115046805603	393.608847142345	429.639508205968	448.586557121848	485.658488784621	503.084340524783	484.473281245168	499.21039633819	515.627691682864	515.550325307369	499.939039572663	548.561375366015	611.590532821264	651.609800176795	651.455183082902	773.707508203095	899.339660459393	905.530405387244
417.417	0	0	0	0	0	0	0	0	0	0	0	0	0	0	0	0	0	0	0	0	0	0	0	0	0	0	0	0	0	0	0	0	0	0	0	0	0	0	0	727.559236053848	15.7698936855422	17.4185323007165	30.6186756314048	25.1176935042709	48.8084906739599	63.006531090059	86.6827501776679	119.225731110886	154.949743218141	181.046167931907	220.968945041552	220.332732379359	262.289051281236	289.88590577421	337.755609955669	344.384859484256	363.398830572971	397.817965890126	414.822454082706	437.343334772835	461.826481050196	474.37349439258	458.201586682906	442.578982454169	420.566205191254	492.899745621746	465.583849141042	496.470792938779	522.219943963243	623.286251397237	680.774177517711	663.515837450845	767.940527403985
420.711	0	0	0	0	0	0	0	0	0	0	0	0	0	0	0	0	0	0	0	0	0	0	0	0	0	0	0	0	0	0	0	0	0	0	0	0	0	0	1495.48090347239	63.6882892230256	4.59933207355894	7.71816315478901	28.9057106360484	45.2105515315173	46.8514880655542	77.6975339920696	90.7644332707393	129.317131492261	141.585381317724	188.735319541608	214.169544548198	235.746957704427	278.940978920234	296.905468184685	325.969013536084	341.947719321825	392.675373874249	385.940084957341	421.940534628563	441.693771283438	447.45216118899	458.077315489327	446.722741941124	432.009540177864	455.693165214999	475.688862549185	545.509228389622	519.236952283117	600.662316173005	600.490874946417	683.84658429637	792.1173645487	862.155931865307
424.007	0	0	0	0	0	0	0	0	0	0	0	0	0	0	0	0	0	0	0	0	0	0	0	0	0	0	0	0	0	0	0	0	0	0	0	0	0	0	267.259184136309	32.6918436813539	12.8264689426985	60.568939651585	37.2457846687378	65.0050912628273	77.4358024383812	100.430523212344	125.482405890047	138.991867559687	175.426989907039	205.746535304827	223.412742570864	274.703283516959	280.061071632799	321.319561807462	345.75386775674	367.940339643674	373.540510756232	392.526727577175	418.682917596795	453.008027475626	454.563461543159	439.11309393819	457.172250244692	463.868209342697	489.491500913011	464.242728488033	514.305811482581	591.502127467728	617.886267857941	641.458298695491	684.707259631758	739.726382212292	927.29403401558
427.304	0	0	0	0	0	0	0	0	0	0	0	0	0	0	0	0	0	0	0	0	0	0	0	0	0	0	0	0	0	0	0	0	0	0	0	0	0	852.63595592159	7.71281775532401	-0.403469425772587	8.95184030428293	11.0628597673844	22.1867852208378	30.8990611063155	65.7505770921816	83.0899815688278	93.5082065726833	135.155866290669	166.178073898168	190.947243833263	230.334710698608	227.483326811519	265.595934067981	285.449648661975	319.570586788519	325.745026332852	353.032387559914	374.317280555549	401.864821821039	405.621643910673	406.074884249398	419.672433833543	412.326515331514	405.007309570741	436.429558314945	443.284653028253	487.706542358649	550.064581059078	543.545542338895	642.447065033386	679.970001266222	682.246275796878	644.390087093322
430.602	0	0	0	0	0	0	0	0	0	0	0	0	0	0	0	0	0	0	0	0	0	0	0	0	0	0	0	0	0	0	0	0	0	0	0	0	1168.6996279769	79.2488807953906	31.5144260224852	27.0967576346496	45.8777079891389	54.9154840779428	73.1605685254107	78.5615407366502	98.8972078667257	113.037282240143	147.596011974235	157.011399535418	184.135370093618	225.989055495406	247.92578025012	280.586837711103	282.401949826711	308.193839474344	341.358403944888	348.670468869034	357.375138445731	396.839180637059	403.721317673413	432.841369249218	437.168920066535	452.015002911268	448.601010142276	462.446441075123	482.173544386345	454.595016675935	518.423028970201	548.489456090784	661.051647750392	701.570015174623	738.052241964133	833.616243434548	996.515889514339
433.902	0	0	0	0	0	0	0	0	0	0	0	0	0	0	0	0	0	0	0	0	0	0	0	0	0	0	0	0	0	0	0	0	0	0	0	0	180.832934709983	7.83944344269344	-0.688277343845751	13.0679674873231	0.384378321640699	20.1959365235014	34.0877540105809	55.2248665299841	64.1372167461092	83.6596779017791	103.344649135614	158.32573538573	179.670290880741	210.922034214419	224.567588760803	250.939350990999	281.564317532796	281.00767358888	319.375696224203	316.112889037257	329.522327219121	366.575754154214	362.297287161331	388.239764192395	396.882459011099	409.726615000881	389.231180231606	408.309364369796	383.552795709249	443.3152139569	480.791632491987	509.062647247947	489.063512844387	606.000644305308	662.362241565737	718.980559470607	646.79955082576
437.202	0	0	0	0	0	0	0	0	0	0	0	0	0	0	0	0	0	0	0	0	0	0	0	0	0	0	0	0	0	0	0	0	0	0	0	675.966705424779	12.8177142671568	9.11526331582468	22.5897445503023	30.6461135768479	39.812985708766	53.9101259716178	68.3565742195659	85.200338253423	100.29979343028	119.812368790812	135.388874642775	168.692438753315	180.325225443221	234.846171900175	246.536230685759	267.003526984156	281.792784575164	321.017465195393	317.708438180663	340.581019192419	349.961713256304	394.826118741714	385.012421190155	403.742017436328	405.712960183184	408.394166009293	419.557607116121	423.852630929834	444.522494917105	430.191852783273	535.387547414394	576.045899023349	701.652804280154	648.342049357258	784.008466580006	841.619178947483	735.733171811768
440.505	0	0	0	0	0	0	0	0	0	0	0	0	0	0	0	0	0	0	0	0	0	0	0	0	0	0	0	0	0	0	0	0	0	0	1557.95073424434	79.1694191580843	12.4363231566618	29.1646010562083	29.6258716547589	22.5244063654357	54.7383227487612	60.2767254136663	71.335094046085	89.1124182959366	107.084232912636	123.159318993777	149.382138649229	170.816050728387	189.96974115057	236.403493167081	243.770809608719	266.837692091459	291.535489621396	300.540996807554	318.887294482988	339.243592295723	346.908307080752	368.81920248403	392.93043329773	388.836764331685	397.120450746193	400.972338991372	393.163304394918	416.579533060804	402.458234514798	466.965664204165	501.278096441788	585.532726331617	609.455069022335	641.017454833958	791.222913071286	691.607097670886	789.604280161297
443.808	0	0	0	0	0	0	0	0	0	0	0	0	0	0	0	0	0	0	0	0	0	0	0	0	0	0	0	0	0	0	0	0	0	0	327.59747005525	19.0880793094212	32.9487776317608	28.8350012278996	32.8349760433408	32.4509268183011	46.6643799005834	68.7821600597037	69.1134996143522	94.0812307011658	106.586495911549	134.384387872182	158.121097729592	181.811415116031	201.462215959277	240.489346005597	250.863890116059	264.705710180088	271.462704909404	311.765088645721	319.185957648804	331.650949612275	347.972529173397	370.188516482667	377.424002283351	373.808625706447	386.114071104853	384.605455038983	396.738629992895	399.27999744624	435.410319311809	458.831269411031	484.193355619914	629.652902896826	610.162062146426	672.769703746608	680.657806913996	858.962488053165	829.263884925555
447.112	0	0	0	0	0	0	0	0	0	0	0	0	0	0	0	0	0	0	0	0	0	0	0	0	0	0	0	0	0	0	0	0	0	418.318038201251	27.2261385952264	24.5843822091493	21.3980897385532	20.9516196085325	38.4847747229328	40.3674901845564	48.1486839700866	72.6301123776768	92.7794328838253	114.368850211814	100.670230194677	134.377639066178	167.915432316733	187.126891118231	203.553377272332	253.710457370596	247.010191193894	272.038548416333	286.372845903166	292.622572988307	324.5081900605	332.566643687288	327.953682320846	351.637901144097	359.70830866235	374.624320795922	375.623468819505	373.333605620848	393.879514725529	417.486653679249	428.345700359594	465.194556929417	476.205024099462	531.595690467317	535.594199448323	685.063563895336	770.875656556591	720.676425722043	813.906104144991
450.418	0	0	0	0	0	0	0	0	0	0	0	0	0	0	0	0	0	0	0	0	0	0	0	0	0	0	0	0	0	0	0	0	946.873291693541	16.3181507755475	9.89449782775946	8.41409478353015	19.5218062240548	22.5815918661978	28.7063092841313	35.0663749657678	49.8788653966711	64.2994288840477	72.0541884108586	89.7726739506746	108.535623384243	127.833151228346	154.74941351232	178.830043440932	203.216552799665	232.02200760748	244.611541090231	264.750976457966	272.712602836957	299.658385764594	310.009807860674	314.408173543208	315.561461798458	331.498999808075	334.758529920081	348.530591774439	331.227474516798	369.995683512632	371.270327587334	358.164078857529	382.985213243054	418.810713306141	490.199887419278	530.340630648689	583.507412055968	600.44268062704	721.738119014193	717.37015687177	804.115337878889
453.725	0	0	0	0	0	0	0	0	0	0	0	0	0	0	0	0	0	0	0	0	0	0	0	0	0	0	0	0	0	0	0	0	134.578002117666	-3.74072627073524	18.4300236263375	17.3282969485477	9.36636049734793	23.6842798689914	34.6796133194072	52.8452017280389	42.6958217889007	75.0183349177478	87.827254041379	126.590452517636	115.591612759011	130.095354477489	140.920457553226	182.18900312023	190.785906060991	224.003714011121	227.101067267419	265.077007151544	258.912713056792	283.008145198646	299.01564763064	300.519507761377	319.712450888259	325.063916193734	325.370409361463	346.711545968212	347.084785050851	351.803938965929	343.424909243604	367.197273902102	400.268696869844	398.732728829819	470.877565639339	573.26174261108	232.226818679005	581.471054431197	626.348472903637	665.016005605026	686.454213518965
457.033	0	0	0	0	0	0	0	0	0	0	0	0	0	0	0	0	0	0	0	0	0	0	0	0	0	0	0	0	0	0	0	356.852908040394	0.00841704796966498	-4.3546179132143	-7.65888096227281	14.8170764638233	15.1658588992911	28.601526772981	29.4626138138172	35.5080963362975	57.8180546356448	52.1396902329993	74.0569161532117	77.4376833472443	110.089031906955	135.894227323874	142.062752664115	189.199343778982	199.657872648632	217.822683987345	229.463186339191	248.015648112043	264.20639305914	267.299120547553	286.93806063425	282.739985491141	272.359948214043	309.872664225082	325.9934850989	318.833701294894	301.52140063324	332.328832157028	341.300408554736	362.893033762501	351.980289510492	406.116416953083	437.375992331878	501.159392709838	507.365851111647	574.009533701528	547.937342003718	565.158251067096	717.53005953626
460.342	0	0	0	0	0	0	0	0	0	0	0	0	0	0	0	0	0	0	0	0	0	0	0	0	0	0	0	0	0	0	741.647900127036	40.9930655812769	22.7562445283821	18.8612355199135	24.9773484497036	34.968745579347	40.4227304157958	49.4331592756435	49.7015152327131	68.4231202763941	76.7578563458625	98.6278327917022	99.0544204548847	126.1183851825	141.351289953506	153.60700727827	175.877720613184	194.300326941489	191.290191314095	231.035678055663	249.401681913657	255.265642731497	257.327468510831	271.343322556174	283.182875809217	281.660258133554	313.854368228396	326.351802885278	316.48116816327	337.861189768003	343.444217285742	342.14155984686	360.283317037127	383.585516336216	402.68960013403	417.545640141027	486.387411700243	539.955297752854	621.285035598749	636.7411946283	664.260775467003	783.532164734365	0
463.652	0	0	0	0	0	0	0	0	0	0	0	0	0	0	0	0	0	0	0	0	0	0	0	0	0	0	0	0	0	0	110.322505251197	21.8754922784836	14.749789145055	18.9990208649157	10.569064476796	19.1567557300264	29.8755984954048	48.0801588710634	48.9501792744452	53.3728959391292	73.4297729481337	83.4000154647018	97.1962115698498	108.617803814432	119.641069992794	130.558872291	156.107134086858	187.870870322995	202.021158588366	226.020483221613	226.91565935484	241.26205490524	253.082958737094	262.768746070216	269.181145153845	278.235673829339	265.772672591926	298.00305648258	296.930559921496	308.857813695991	305.851606441724	309.838340294327	324.749394064296	322.319997141485	339.914721927389	400.769608082989	440.949946673696	460.38064131493	469.649031718603	663.88470772556	592.222771740367	658.754223008165	0
466.964	0	0	0	0	0	0	0	0	0	0	0	0	0	0	0	0	0	0	0	0	0	0	0	0	0	0	0	0	0	309.720080712919	9.6710894674291	9.28050835084296	12.2041539241076	10.6173263174094	22.4128397044079	23.1748812597164	27.0607417048777	48.4979836709225	55.1102616200308	67.4832098681184	71.926098646052	80.0342857700192	86.528269769327	114.774611921219	124.735834798163	149.206660435792	152.206984680276	185.660791534947	202.331611733829	214.73737957541	217.259733997558	237.445340922551	253.547814075037	250.989493996259	258.210904960908	267.999533055859	274.064602150163	280.949529787258	286.17819614151	309.588697606805	298.035914804357	310.16128312564	320.205625458773	337.191860931925	360.140140023018	382.450379366212	442.284697397768	500.70990136314	515.090532871954	550.851098047064	655.478000587296	577.086101160735	0
470.276	0	0	0	0	0	0	0	0	0	0	0	0	0	0	0	0	0	0	0	0	0	0	0	0	0	0	0	0	640.847210706561	19.9431364893533	11.2295696447392	10.219299788981	6.51483964521199	14.4301112043505	23.6936377281824	29.8270290643146	38.3551858195883	46.867517781354	59.2570681953202	47.0355754398924	69.7777492388877	90.465840224983	103.184143077184	118.00976352245	122.702943777059	142.842841034234	156.611628147616	163.550589703189	184.52937273279	198.713082364485	214.482375035885	234.493222502502	246.929854404423	238.332178592324	246.908581982363	260.29551063398	260.424786436974	279.723978043628	276.244135848274	286.821058972412	302.208046316357	277.172619195676	294.401476598534	329.914500106251	327.899379596117	376.339375950145	411.154819426194	508.116022484211	544.819591189248	548.879792028988	607.705093280778	0	0
473.59	0	0	0	0	0	0	0	0	0	0	0	0	0	0	0	0	0	0	0	0	0	0	0	0	0	0	0	0	79.3697978330823	10.5265581840401	10.4956381388832	11.7179532651197	10.0093336601633	3.29743331103871	13.2916957286079	36.5843838170161	40.1155386277944	47.6291762669924	48.5474699342215	60.6411408986274	76.175327364751	67.4025659072396	81.5560644527305	103.29354048717	137.668761777928	134.486928405015	152.712004736674	174.566492111143	197.039640079466	195.852038059394	211.084948328767	223.179440771308	231.074600884071	238.191724034291	234.959454204828	243.102550254409	246.062525119475	255.996944576459	269.124508128988	258.874888162884	261.831517865766	290.096601377587	300.20739663642	310.587269878076	350.877476190588	349.745875362987	388.600520985538	459.237118486835	479.478306239532	554.592111450515	512.829083490292	0	0
476.904	0	0	0	0	0	0	0	0	0	0	0	0	0	0	0	0	0	0	0	0	0	0	0	0	0	0	0	223.219630930309	17.0900372806517	13.7672474673549	27.1580104263114	21.2892467738323	32.2015453221513	24.7514458557014	50.2351293849101	48.5243936635858	50.7284920428451	42.0222698925552	66.6832381279968	79.9547069531947	75.0633954571001	105.185652716045	109.365346798138	135.261139009997	142.238288344256	152.239886698905	165.356537525438	179.102453360965	191.698304725616	216.542843452714	211.404065804582	222.842146279881	215.630049791751	234.244888358953	247.969119268372	238.635717300956	254.648078712609	272.349809609385	260.114151567596	275.308466382802	277.63064756054	285.178571175414	309.825408651722	325.397623980171	369.006049178499	391.337003864342	473.972488833606	506.994598394569	553.371364938829	611.177269533434	653.867886988733	0	0
480.22	0	0	0	0	0	0	0	0	0	0	0	0	0	0	0	0	0	0	0	0	0	0	0	0	0	0	458.365013447729	14.3013369744406	0.164726931300982	-1.54146911954227	7.37559281120366	10.5821284609934	16.0207658300761	16.9020318520985	21.6186405952427	22.368006456534	31.0509626836752	52.1559778548533	61.4663888836335	51.5675136489507	74.6718747849243	75.5788372211857	81.6723664097853	87.3132834923331	103.080864250968	109.744947281507	135.989193667869	145.395884348528	158.218482920224	168.763784049955	191.981903900322	205.119518458911	216.290612539298	209.414035257478	216.877550277294	225.958894830993	214.311126241288	221.931999109699	226.286917520887	243.551111868615	255.454890434244	249.218594524386	269.000696883672	273.665120301297	278.300511870104	332.029628902692	375.499306124029	399.566954114892	404.218712996885	447.611763895961	0	0	0
483.536	0	0	0	0	0	0	0	0	0	0	0	0	0	0	0	0	0	0	0	0	0	0	0	0	0	0	62.4765342903819	6.78608933377631	3.74664153384991	5.62535742303695	12.5251363568887	15.2065541884256	18.4542901919901	18.7892294861974	25.561769635743	34.9186437969373	36.1916481807163	53.0579779391831	68.3942384688255	70.8410393852599	73.6598594419824	80.9875154640633	96.0552151531201	124.553057918357	113.635155223522	137.903991810819	135.91692180047	158.229034157732	170.082563753079	179.7335279575	178.920687969466	206.572942682937	192.516157594778	211.439125777639	219.524522920004	212.649987374807	236.18785368857	244.101340132645	249.826847926139	252.828276877968	249.065990427998	261.293839056186	239.525825947198	264.457071366655	285.446568008733	290.546234064598	403.786127881007	435.282421277277	453.545319894676	476.261652230127	0	0	0
486.853	0	0	0	0	0	0	0	0	0	0	0	0	0	0	0	0	0	0	0	0	0	0	0	0	0	225.244430364724	4.09987145121478	3.06699225857135	7.31837120724989	9.68862404124036	13.4501335945916	27.8557097976835	11.1297100251654	23.2417194946951	31.7035047818271	35.1850068449559	48.8366623932978	48.5508928673137	65.7280129377621	63.4516963324613	77.2428961747718	81.2741406226845	100.640297488442	110.477414304865	122.554273924584	131.637142284348	136.654595777755	154.667561226639	154.664086488504	171.310047102485	180.732635333144	196.627227246685	193.695223483878	200.929790993907	204.261210991941	233.197682067476	207.366143524795	210.186420096466	228.050152560968	231.111215261414	250.631532593671	243.605245605936	257.499793030453	291.875053481112	301.803306826981	320.305758490724	337.320609409944	408.403717506008	435.536032809646	535.295264010926	0	0	0
490.172	0	0	0	0	0	0	0	0	0	0	0	0	0	0	0	0	0	0	0	0	0	0	0	0	522.968772671164	14.8823037325199	4.31116174260473	9.24592820439323	3.43047463307893	17.7022344783451	13.4978198182995	9.91486832831564	30.2496885796041	25.1296873926576	26.2315914924654	47.7888409880452	56.4817183462525	61.3051626624957	61.3627212979046	63.0055803439934	93.2939926546831	67.343478371779	94.7143286300075	103.088316974819	124.584484713584	128.053667043594	158.699944076847	154.138782342806	167.727398729166	178.011393095463	189.523851586499	184.615564320906	180.441838983188	196.006868941404	207.314842700176	198.956929930404	197.073966725317	241.315677785326	219.978516620677	231.698869342702	216.863310665638	238.840616436486	263.923097219514	271.872974311494	287.477792314346	334.974925826706	364.860284673526	394.259987872492	410.166268619952	0	0	0	0
493.491	0	0	0	0	0	0	0	0	0	0	0	0	0	0	0	0	0	0	0	0	0	0	0	0	68.819080473687	2.43478704874873	3.90230836342923	8.90745763609496	19.7279947761776	5.24704062844633	16.9576826240841	13.1977727638679	26.1177690854099	30.1690112364232	47.6718144208671	41.2064150288655	60.6804528028468	63.9025271391392	76.039994858393	78.735440772109	70.1148356277947	107.84625167494	101.864187345589	115.960592781757	107.881032685904	126.387052611769	138.998982601996	141.014488078972	165.448144546126	169.722514518803	171.986022934845	175.901047790949	187.15958980334	176.661523932962	200.28367800744	207.718394913004	197.072381030011	214.880029264191	216.644928306754	222.076976177722	241.224146817864	240.01563553501	244.457594792851	269.09862281995	300.322240569748	321.087934343429	327.502159924342	405.459360622231	446.018566031189	0	0	0	0
496.811	0	0	0	0	0	0	0	0	0	0	0	0	0	0	0	0	0	0	0	0	0	0	0	287.088213688101	1.2346534583712	9.53663185190462	5.95676198399138	17.6491315309312	8.31719945930558	11.4606259766633	9.28037517696793	26.3969690583096	25.2367947493663	19.7134077324266	29.7211340248743	40.0193863563733	36.4830631747426	47.7820837257994	55.2941314272165	63.6158652092638	84.356415836667	75.0351651554062	88.886853594979	93.8153743540709	109.128826218134	121.39031619357	114.640565792231	136.984347832643	147.528986838651	153.705118761391	172.530286393332	166.371246946899	175.289751036521	179.090210371059	184.054418923944	176.690080585717	191.196316568284	188.165697160497	204.665564439646	217.310676270383	200.764380704014	231.246922377302	227.451187286104	232.445276265486	253.178759241675	301.663881260118	331.541572852499	382.78079697077	391.851644817917	0	0	0	0
500.132	0	0	0	0	0	0	0	0	0	0	0	0	0	0	0	0	0	0	0	0	0	0	547.355652007717	18.8936683623664	2.46750576734	9.31964384369491	2.87979125166351	5.34082288887861	13.6980099977797	13.7935336982913	11.3832254342469	29.7057908151582	21.7244989487653	18.8218996493164	39.439163235413	47.7371153685908	52.9150159481118	48.0804332224049	64.8192829059363	66.8012926713259	78.1791080919985	87.2097088012142	104.222738091144	99.0353075620816	115.685387722459	121.425208360447	122.683616777271	138.444377503977	140.342284918146	146.603912549255	156.730229103307	156.080108463319	158.643998283284	172.328501680889	171.788883948832	180.54499285283	177.369729957087	197.549977205974	185.440603727177	208.808318396707	209.048193971228	210.392099998996	198.500645610198	246.599100377203	262.680526752951	242.874899947106	361.897504820644	385.852501971298	0	0	0	0	313.059918314334
503.454	0	0	0	0	0	0	0	0	0	0	0	0	0	0	0	0	0	0	0	0	0	0	83.5672704693831	25.846041640749	14.8633913376748	15.7818090797325	20.8556676040199	16.9608685314889	20.2945975643831	27.439046269133	31.2414379918621	33.8567082361463	31.2995733395297	43.6729864084079	47.3888018696048	57.9970746168739	65.1564992948001	71.661294318451	88.3832686862797	71.5493519072591	91.2988337251961	82.2684688664981	92.787532893681	110.364301897333	108.123109390833	115.879476343663	131.62940723551	149.764113220084	155.467677713691	148.48818561468	157.300060907565	156.586212249119	174.011792048234	172.098088499545	175.748652121897	187.009764480118	187.99719086395	187.497237032549	208.484455521774	204.941506955878	210.729841949678	220.567505030491	230.041675708058	263.067565483404	266.587746377548	311.918004864959	311.369028349327	385.015155008587	0	0	0	0	525.948931480702
506.777	0	0	0	0	0	0	0	0	0	0	0	0	0	0	0	0	0	0	0	0	0	276.437502576584	9.32125519664204	-1.57087905766146	8.89158718580263	3.88891952232072	4.39582874423752	17.9956297012953	13.1863176463084	16.2767547922949	22.6447193817868	21.2728963630175	35.1468475792244	36.9645336165478	36.422181812079	52.8731347409378	46.1585501225918	64.5696815750065	62.8308224077337	85.9878480049452	69.0487661266582	91.9121264997069	93.4635426175284	93.9450059779613	105.421382601862	114.302231894285	131.231121740879	128.168482829187	145.464330199297	143.954059831308	139.1699843981	145.439126046518	146.425714881664	157.810695561656	159.174215214396	151.943946375336	167.093623941638	188.390286982302	170.612776223274	175.481256139566	171.929838450034	196.425019680699	221.245295216261	223.319944283745	222.440820690428	265.285169373736	331.017574354679	340.430487248583	0	0	0	0	345.823770011659
510.101	0	0	0	0	0	0	0	0	0	0	0	0	0	0	0	0	0	0	0	0	586.984040029067	16.8618595544616	17.5832109243025	10.6579597817709	13.0740710216372	10.9066312716858	10.8663917784646	14.6738052290149	18.6993432221988	15.1635731866556	23.7440114131423	27.1573443235939	33.3558665806026	29.6524669075712	54.7426967349056	50.8692224773813	63.0172911999019	64.7260655905202	65.3178245177063	68.1091521916728	71.8174594155986	90.9166648995617	91.4830130708675	106.411464984506	100.965936249296	103.439817460346	113.239642657864	118.489390525061	131.907689201691	131.082682352186	134.704526420486	146.212370026053	152.888440464421	153.466262402308	156.354287834772	156.496838043552	146.544092382344	166.489584995181	167.829819895971	178.194026669907	179.713329979518	191.352300207768	199.265324527045	210.927052636248	230.693462289957	253.367259493804	274.568125948512	0	0	0	0	441.982800117296	422.657480331834
513.425	0	0	0	0	0	0	0	0	0	0	0	0	0	0	0	0	0	0	0	0	73.6375065130696	1.32873157503963	6.62547145882907	12.4857003513169	9.74869130991239	14.117279969914	9.68913396623646	23.8882290942379	17.7624821409136	24.9057622546898	18.3643650891256	25.4521290397965	42.6937928607329	33.4056281969703	42.2793190398022	52.873341946227	46.2995578498098	60.4346535614002	59.3129447977513	77.9549018824221	80.64079818654	69.9665292105223	78.9837419209099	91.0659714011137	97.0848072481079	94.4260172744557	111.061774865019	117.144884387874	132.505293985417	120.647983339493	128.833105231583	132.625931213866	139.16448758778	142.229751763688	154.259534115548	146.387562972719	161.455573815536	164.993131794196	162.096945197429	178.915159731823	171.486722527309	181.89040926833	176.158980350008	203.291015338892	214.195480816003	243.131060887529	273.08943137469	0	0	0	0	329.157416237841	338.713975147622
516.751	0	0	0	0	0	0	0	0	0	0	0	0	0	0	0	0	0	0	0	265.568450955032	9.68324395898515	17.7567632265441	-5.26335766136543	9.74847789242591	10.5996123316345	8.45240259069023	12.0180672759971	4.10374567011003	13.3771880911597	18.0239005768982	25.8857030494972	22.06751280613	15.7890589860606	31.219759230307	46.8588880603484	34.1702614546751	57.2032875624537	54.2306594701113	63.6112808692545	64.8885607456976	64.5718733016968	70.5597323708911	76.1655101986953	88.7572443165262	91.062583969881	91.365286005902	106.650301282997	108.052281375999	103.784738879526	125.592369133021	126.75129831629	129.324211623282	141.526794911526	132.136862234732	130.06922172233	142.027731836571	138.277992964208	151.762310763381	155.789828980461	158.218191744458	159.758727903318	163.107893743979	180.903534114108	216.059080666202	228.938346737966	231.955685838962	278.260913624973	0	0	0	0	278.705387874551	258.229558697275
520.077	0	0	0	0	0	0	0	0	0	0	0	0	0	0	0	0	0	0	525.910628446538	25.826542317048	15.2893234366207	17.016960189623	20.7812649458336	10.172146951204	14.9304117165455	11.8908008867981	22.9810372815346	21.7033129762129	14.0777980875619	31.033003420616	33.9194250145297	23.4290224633414	41.3451238797576	34.0918988796489	28.3348988914815	64.1184322307612	55.6672852132173	67.8325767068123	74.1050898765437	61.062111484232	84.1144478781527	86.203088627285	84.6491962305333	70.1542341993398	94.3682511581951	91.6734995682899	99.2392148066831	119.730808077595	126.374708349671	133.868506803276	126.030714869352	123.305442175971	128.030023760322	140.193838676379	132.134751100217	130.367066263802	143.249289844579	141.421875034609	173.170506504815	157.689509178353	158.768513231741	155.894316404159	189.971260459123	191.094000137839	202.360762017374	235.666528866311	0	0	0	0	503.349791637806	407.162880812009	435.224779374944
523.403	0	0	0	0	0	0	0	0	0	0	0	0	0	0	0	0	0	0	67.9705945940766	-4.66007735376234	-4.02729912327548	-1.02597731952786	0.298001510607944	-2.15126692685469	-0.491779347010045	6.20764669931666	0.826438186463409	7.76606474773983	13.2036374770729	10.8760060870327	20.6775879672258	20.5544214587765	23.2236115716713	23.5931775473341	42.0712054662984	40.5968799911388	42.7294496528986	50.1348617351792	53.9447748217971	67.1208871758474	41.2535428118301	57.6151923720679	73.2917608811923	88.5684698321893	69.5181967143684	80.0315063155444	92.8325291174414	90.2681183495911	103.335083624624	112.556181076924	114.162563853868	108.174755871148	112.798416282343	118.375193483189	128.644139288634	113.770434724562	128.568827715864	134.421875304844	123.210601743382	128.745262229274	142.762728723576	151.736038380989	158.646811543507	187.805430033654	170.597354341614	185.921432741073	0	0	0	0	312.19755553693	264.897529128077	236.46897412897
526.731	0	0	0	0	0	0	0	0	0	0	0	0	0	0	0	0	0	235.784693802534	8.84230866661994	-1.46076367225199E-4	-0.364881972431099	-5.42291599179882	10.3468420395256	13.6006867391243	2.9265670791991	13.8199297081085	14.3875733787859	21.2959407708687	15.3113967202747	21.5049638273499	21.3570535032073	38.1416141565972	35.4308464838157	32.7773056871646	35.4896849525159	35.1634588551369	36.1432785294102	61.9654658477596	61.4707200011069	59.4252752869576	68.6056044367789	68.6070320001345	64.6146073569823	63.1146187533289	68.1265277743788	86.3881171722186	81.8761355350553	93.7755322685536	97.0512012838827	89.243813740068	107.121522547994	123.631986630338	112.601649224645	111.936586936516	117.526163007443	128.128082575216	123.171256478374	123.06656476625	137.322271771612	146.981026345508	148.597291456333	141.76481305617	160.150763296863	171.312670119579	171.432979378295	199.70587511235	0	0	0	0	278.769215325835	226.694921145641	295.813582429143
530.059	0	0	0	0	0	0	0	0	0	0	0	0	0	0	0	0	560.456912628014	7.44249461564346	2.37594247053161	-7.93225665385392	-3.9257743969775	8.67179421530114	-8.43132654016276	8.92002524965319	12.2304323302169	12.5146620677561	6.18395087524245	15.7508674933511	19.6581195879876	10.3899906912235	21.922424229123	24.9291166270936	18.8761651815164	22.0763101692541	25.7547034065733	35.7390663203586	42.2033370672718	50.2158878573694	50.8542647051557	48.2007165260578	59.6836528389241	49.8296502679297	57.4190805725542	71.2643660218176	61.8423777387443	71.8653583303367	81.9330576877085	95.0218005736858	94.3446855262764	100.31616527033	99.1789654742367	106.81153161031	92.4470305460459	99.5249963421325	105.813181165337	113.232754105843	116.3747011001	127.951762758821	111.455902269352	121.628241825529	131.558034489155	137.594284608853	136.992256108449	158.017821266805	174.042111499547	0	0	0	0	346.603295121066	237.43051664518	250.308978048804	121.688490402788
533.388	0	0	0	0	0	0	0	0	0	0	0	0	0	0	0	0	95.648631592034	-4.09871993958182	1.96536638311104	10.4818863192603	14.8422547067496	5.94958500880316	3.45326940620136	14.0347197708364	19.2529205224698	13.0446411120775	21.1369085211383	12.3286396114597	16.8121886344567	30.8870377731363	30.4647864976722	30.8219183773414	27.7364931735305	31.9547441428724	37.1519590784885	37.7091779406323	61.535746796899	48.3285603174331	52.3085518420465	48.1085473333481	67.2421324103741	63.8145632549895	72.3011180649749	62.1517644097338	67.9141937239353	72.9155142055263	94.4438221180304	91.9659067976272	83.486131587041	101.624827361517	106.340395903484	100.88097264294	100.96803065932	100.996131008068	105.947925367457	116.737311166582	112.660213929367	101.991667076857	128.128806387205	140.976864541588	124.866041197189	127.941111009858	139.763701889081	176.529414695874	184.789422120888	0	0	0	0	365.772984988471	313.82228038279	225.932739258342	228.052429311369
536.717	0	0	0	0	0	0	0	0	0	0	0	0	0	0	0	313.283134517507	11.6007889613309	17.2510834598522	5.90489398948101	3.00083676988373	14.8820337535692	1.98976285936111	9.81669460064303	5.21799491540802	20.0110982521335	1.28008673895906	17.8221024418659	18.3022496776746	18.4273805758227	23.2656727897199	34.3260208415036	35.7940584988478	41.6663220897219	41.8353765500534	26.7219995095614	50.9594861146609	54.1731839755307	54.2050145113029	65.454324967462	80.4842927372139	55.0356637954062	62.884208590293	66.9860251002565	53.5045078473874	74.0887594937436	75.0610964546713	75.2968002690449	81.3834087076642	101.800001996909	100.188181879457	97.9515359841501	104.518045777903	106.651746630421	89.9202332426746	97.0029411813887	102.017216415749	122.441559225602	110.925181022501	127.0955212883	123.097806313425	113.735465952233	147.32229190585	146.877960255608	147.881421416453	162.157071357031	0	0	0	0	272.500188985079	233.962972515269	305.16734576672	359.59166119731
540.048	0	0	0	0	0	0	0	0	0	0	0	0	0	0	637.122121554633	10.9577627877501	-0.421407086469598	10.4254038958816	-3.98084087612585	-10.2857836637469	12.2436481127982	-2.68714928725978	11.1437159811984	5.56053510321304	6.04837461547199	3.47867727641353	5.83551944868307	11.1143943936587	10.7163429510204	5.3386791539299	19.1115396763172	24.6435578952789	14.9864021926668	16.405810162714	35.4989611289391	26.7452738985061	30.6722961047237	47.1329701895332	41.6244078973923	51.7132987360216	43.6959807824558	47.8010504399396	58.2388807824141	65.4862781711363	49.8588989869262	59.5268439188931	61.8492122053825	66.0645096006997	78.1527446089734	72.0099561722076	77.9223988343856	77.3249116938027	87.4153495410247	88.3638810020983	89.9890466969517	90.66865872796	93.7627067598316	99.0617399675744	98.7283977650476	103.221999044845	107.760078426661	116.027073247846	110.124548747555	140.020068570607	0	0	0	0	322.027685248035	216.771305454566	213.464746839461	159.900927975741	61.2944414894753
543.378	0	0	0	0	0	0	0	0	0	0	0	0	0	0	78.4971100520163	6.51378601512935	6.22478821679048	8.50178941616486	24.8059384788268	0.388287741189597	-9.15582068476305	-0.681487786716746	9.26661063273881	16.1834332714152	10.8509128031814	15.0847023595977	10.4626975899294	22.6695278580158	20.5413384133741	24.2800233555081	12.5046278939368	27.9178097494751	24.9474655836877	31.6581743410602	29.7179045822956	40.3032358370801	40.2741906947075	50.7382094945979	52.3027224637525	52.0237123222198	61.3568361171411	51.2212496984567	40.7542523130335	54.0683517026425	60.4800121866832	65.6777487329575	69.6304596888224	75.6436832773712	84.2993211607972	81.1342805072242	90.567146529019	89.7059764481582	88.3152217868433	94.7094879795342	94.8212843025596	106.481007055258	95.5924127806811	103.886524897561	103.638696343202	110.350872025486	110.575138965909	113.339131475247	140.025193425098	132.887367016728	0	0	0	0	215.330713189599	232.686348534507	278.197342716787	206.334353980129	295.684272704032
546.71	0	0	0	0	0	0	0	0	0	0	0	0	0	237.542769773745	1.97965796321877	7.5397798102523	-0.903546435383627	-4.73727240525872	-17.7109021008427	-0.393603090792945	-10.7740614847126	17.026401558284	-1.81872209604875	5.73891620861122	18.7390194727731	11.6875288664914	13.0808115400919	14.6016726196427	8.75779610816438	12.404240833846	13.1597823192188	14.4012776407858	32.0859123655996	28.1432068132459	30.1097500984951	38.7359666260266	36.727187375134	37.1931786848077	36.9947419681595	45.2321416104739	43.6713685195266	33.8875013710295	55.4700664056691	65.6621715760872	57.4874512494583	58.5264609957801	49.0854601335569	67.0808620955482	70.4986495608824	81.0565199345117	85.3135056910654	76.2954284915971	73.6590093948558	85.2104758498228	88.1336778138974	96.630643285164	86.5536501710318	95.1652564131947	95.25562079831	99.706935367324	101.525697852176	115.994953234017	119.6339316668	145.12030749042	0	0	0	0	222.950374641641	181.245899187387	212.859092992462	227.155669751902	204.501236406201
550.042	0	0	0	0	0	0	0	0	0	0	0	0	479.981543460282	-1.03584232916713	5.45969720590649	16.0679608511231	4.51415868822078	-1.29507893785817	8.66895902209127	12.6271531522327	19.3722088000224	13.9378601644743	21.8734606592399	7.94581980977275	16.5361398651969	13.2995744528901	18.9495365845701	20.0749865589148	16.8991704154277	30.3921226833158	23.3699328290174	36.8792841214671	27.712132234456	31.8617572911796	28.1018040983038	29.8119670146415	39.9880800641834	45.1843714824577	42.12133865051	54.6441524337689	52.6996798230415	65.4628727769162	62.0422354623992	48.9804968613792	65.5713212844857	65.5370287484582	78.2935887278826	69.5719538767815	82.1406413173514	79.8340727161469	80.7385651922808	85.6223647450163	90.2986936501827	90.9719951614671	82.6862670288664	91.5433815151215	92.4372152724012	97.3824086143859	117.18483789831	105.532925643351	99.2593462312224	108.961802760938	134.693723129196	0	0	0	0	281.912111442748	231.928710703063	285.132537952286	323.095188185382	220.015083477377	392.439814547592
553.374	0	0	0	0	0	0	0	0	0	0	0	0	51.9251463911113	1.55958797406535	15.7781806272044	18.3459517575327	-2.68919540073707	-1.72263675482647	2.47352919913525	-3.14234576789977	-2.95223774527304	5.55195473823461	6.04160620608111	0.00957923100435637	9.97498773778756	8.96689626814569	11.40789130368	14.729217276642	19.9539009734475	10.0223460505021	25.8390148664504	17.4502181011612	40.0307899074725	36.8437888614963	18.1529853339321	37.1614985839497	25.9783510203913	36.2218566340368	45.2437234566009	57.2127241762871	35.430646101152	43.514566519644	43.5769401262967	65.868256537536	61.4760085918719	48.0229846124534	59.1187256957296	54.2049860123067	76.1901288701527	70.7732463184102	74.9923747466568	67.8921202559953	66.148562834369	71.5545869895254	77.4982966393048	66.8401851786291	86.3681173251323	99.1938549488691	79.2347593227006	94.2785174783497	102.04160963353	99.2248270370775	109.754235940443	0	0	0	0	202.958500944542	220.121036377208	160.315158375068	183.650323120936	218.95449914703	186.35677399197
556.707	0	0	0	0	0	0	0	0	0	0	0	192.644815235341	-0.00577160118310373	-5.64839723754255	3.415833188233	-24.2792070133704	9.83724476842041	-0.857158881575973	2.05049952306029	-10.1388888600908	12.167697596512	-3.09374082438931	4.79655946145741	11.378528809625	-1.48327363399358	9.79841334224022	8.6595892384403	7.78604881477689	16.7040749908841	12.2881915748851	11.8941977637712	20.8962229716044	11.8101561462391	16.7935915367533	36.0422586783306	30.9483000513231	32.9620383240397	37.7593988012182	35.0198292689526	42.7036708525508	41.0657969774742	43.1949193898505	44.6064654457157	45.4581397493543	36.9545232862271	48.8628216303561	55.2480365512996	60.431580862618	47.8194995135646	59.3598023620136	53.5384498399704	60.3173933624346	75.9581300444128	71.8722071608528	80.8817919647275	74.012143095534	70.5855914692376	86.8684527758456	68.6991157127799	80.595765296867	75.0938129786966	90.5193891716972	86.1043987934719	0	0	0	0	166.95813635373	142.959000279214	191.283186127279	165.25092906166	132.979795114908	80.1862588450495
560.041	0	0	0	0	0	0	0	0	0	0	402.890762025189	-10.1328906406685	-11.271840327906	13.859180559438	-13.2207239853871	11.1966119049839	-10.6933531157724	5.11556376366028	9.38083796237397	-2.72669231364491	-24.2501683769608	-9.62322186570294	-7.50106445203046	10.8201146129456	15.577838935625	12.4559648276088	11.1057684226155	26.4518011825946	9.65252259802837	13.8285902021504	16.7746318763081	22.6518987981891	22.6429680878093	22.7603626675513	20.9500399570775	22.2876982493636	23.924673787318	46.6873483618546	33.3158401638932	34.8873839213201	45.4133827757554	48.8976090066687	41.9056805041561	30.0494778251684	45.0147612240912	45.8655158600577	44.539708316611	50.2742360632753	61.6592257074321	51.5609713732182	65.7434792498447	62.4212665404897	65.8878648863137	57.5831801191298	72.081633030141	62.4790455928872	64.3149302287772	70.3091468292239	84.2669552646746	77.0593425055241	86.8374603544429	94.1932405985537	0	0	0	0	216.773560860479	159.835634833012	149.84613329583	140.039849978293	94.8406987704271	117.486546636464	115.019027486213
563.375	0	0	0	0	0	0	0	0	0	0	47.7563419527072	6.20957937434618	22.6081689413219	10.8106432572965	16.689989955147	21.5244305244223	18.3492767695517	21.8159771621597	6.14525801420841	16.4097120207409	20.2912631409898	14.8346696245456	2.69583552204587	6.5129296889605	15.8780948178637	11.8267942075095	14.0426647716586	17.415077782885	14.4357990431464	23.2502736360995	19.1700448711364	24.5140238169266	14.7557183209997	24.9385411621065	28.1206672508094	21.4730366977136	45.5108801779313	29.4270931633573	45.6648349278271	46.3253022255467	45.5604556495971	44.737821011856	41.3643163981671	60.2740152903608	53.9384546598097	65.7816326304686	57.6524888194317	54.1940841161985	56.634999439861	78.7586757910892	71.2867177741712	63.1733139360089	65.5645133261125	59.9630099641469	63.8784961705937	82.9914730941791	79.1158623101559	83.4847190149449	86.9093367952516	86.980720592746	104.043659465373	100.238669545794	0	0	0	0	137.585452902043	202.95203373986	221.364426780641	179.953874358475	173.231577183518	128.137018418124	171.497830789088
566.709	0	0	0	0	0	0	0	0	0	161.70858065154	-4.76013317611775	-13.7663405707992	-12.582608819571	-29.8056997243014	-0.00232508540139967	0.95448111339955	0.909772039192311	-0.870704425007474	-6.64625434804403	-5.55747533038077	4.5053426885022	-4.20330593876884	4.58187196929978	7.17142055563078	10.0819958172505	0.446777870814056	13.6406541400947	7.26596136471886	7.83436319085035	16.6734773988136	15.4258779652635	18.1582806556582	31.4714770422968	19.840799839834	6.92036470566679	21.8120531448313	16.7617613341049	26.2354262930765	24.2353739100341	23.3334783508185	31.345769107183	46.9254593895242	27.7829445957394	33.3005245029689	41.1208103881059	35.6566841331398	51.8316108237292	44.8157406490279	61.0776543193919	45.8295488737198	57.6426700289285	63.9005607489588	54.7598399559301	50.3476431291828	56.0362210577818	63.9775591161044	59.5623841977009	52.2567808932308	64.1550483827428	65.6092510318189	67.2950910617134	69.5876149559319	0	0	0	0	97.09059329088	88.483940560806	119.056285960625	185.815937348948	106.328007163364	23.3424244527491	291.593192546098
570.044	0	0	0	0	0	0	0	0	415.966903568732	25.90355082186	1.23301925950394	26.2119639608066	11.6657101088856	7.43783281663384	10.6323154461772	14.9712292359809	31.8554759987058	28.6932972708679	5.07417946998257	-1.20974653626194	20.5633551960649	13.530442921268	10.5529920001537	9.24528595764105	17.6662673039146	10.1269105037808	15.3457103449602	16.8052476629414	21.6636208205557	16.7360785450231	29.4396438436613	23.4520453948801	30.1345327862676	32.8671551035939	31.4637172929004	37.5354190877255	33.1342350662528	37.4905460326464	38.5813967094634	59.855130936106	47.0259281627911	38.4247848770082	50.9647421228364	60.1819075411764	38.2030738755509	46.2699148559113	45.5127636824009	45.2306584714506	60.5507983873622	72.0861916681639	49.0171601788755	42.8952413778783	64.5814346564624	71.4824882755415	71.1277139915385	64.381352694494	81.9628905615513	89.1655952285044	73.4597885025934	80.5373561444342	84.7063955367552	0	0	0	0	175.707335531791	169.102195054686	155.282874454557	183.24374959072	173.558300524888	206.303751731667	230.149515804961	39.6712145544825
573.38	0	0	0	0	0	0	0	0	63.2740048509655	6.99251229429222	15.2731565229983	-5.27425361851343	-1.67731331492772	6.95108047401144	6.62439336693212	5.34386038491448	1.85650000942409	7.10509184401082	7.64319413847266	15.8224730055658	12.6510459578579	6.45043984979754	12.1831243486445	16.6225729169055	-0.256412196929767	4.6261842886568	15.2273868702908	10.8227987796059	17.8800874061679	16.6360150755474	24.7682108190774	20.9466209729477	21.7507927403748	33.3828046324042	30.7343640386837	23.2152749494753	36.2699545978297	35.8520165660699	37.1027445593582	30.111748916606	42.3557227593971	48.3550464448337	36.4004670384537	34.6985600437045	43.299449147278	34.6097293542608	42.8003495227792	51.173060337886	39.5092482697345	32.8168483519068	54.5662556039553	66.7352809352933	69.4895781765095	61.9764521771752	57.5579654954757	71.8157631820411	64.7557863101416	68.2092834847631	64.9004771514451	72.1158550556336	71.0266459977035	0	0	0	0	159.303777871993	109.481879795985	114.094270310831	158.562953606831	135.214145076291	148.287226796619	82.5220365040982	167.158686762432
576.716	0	0	0	0	0	0	0	153.630825961807	-4.61637065287444	26.0202558084863	-30.5079529848169	-8.19599327761143	-1.67651574872881	17.0786331520579	-0.0109137092285836	21.3474857173699	-9.73311164528499	0.885506693326331	-6.77428550726869	-1.62022582113444	-4.95692417967842	1.07552967479194	-11.2382585971526	10.1254310071976	4.37363658538404	12.7145009459444	7.28471840024572	15.7065567085817	14.622194255845	20.4566586306091	9.20688399303545	15.8830493936097	23.2437694349088	26.7861582765265	10.128281612635	25.0348452308837	15.8268052993962	37.3483743606063	27.7750154934845	29.6911803288716	25.137550818138	32.6500816553731	23.1535297709071	33.2867929234159	39.9883024403488	42.8118303854141	37.6610548693695	44.5236494472227	56.6029577358544	58.1000145934908	53.3162249168529	41.1055310937565	49.4244566537617	48.2516369189621	61.2470256877682	55.5235751336315	62.3947387733054	51.9871986593983	66.8633833315781	59.8531080301424	73.8936512875814	0	0	0	0	87.1981521156894	109.269986540066	149.829719815565	105.536284402676	156.182718180176	114.474230397786	156.772325938761	76.1112214820373
580.052	0	0	0	0	0	0	374.382042873713	13.5002414557906	12.4248559845785	18.285901347705	9.08371467224548	4.07333599601489	18.2984243317235	5.8327973041701	-2.02068502932862	10.1208416176566	-5.52821075036211	6.16804594707323	1.67476469410138	24.5475304331667	12.9204308651037	5.32803679530172	21.6889309942321	12.5760505144815	9.71229429399414	11.7142527643721	14.6517766243105	15.9435714670586	10.3031967902122	14.4884661815719	19.7562306245256	12.8876126968641	8.81298695789702	23.5189848832666	25.6086900892712	18.7327174537596	36.2730214896213	29.9940385315686	26.2547766006291	33.1447632072805	36.7125982811828	38.0106870124168	28.1952164383951	35.0875125442097	34.2293426294208	44.3552064859486	35.9190463195422	34.447622589008	37.9915110619106	45.2969656446765	38.8561168347999	37.7440939628551	41.847921121352	44.8385512465118	42.6035202005023	60.6239460317498	40.9029822619394	48.6576090168463	71.9865344624264	70.4887068188554	0	0	0	0	147.508105872149	101.177413923384	98.3823365131963	129.497763207712	135.334914825262	137.119132475691	129.448771583056	139.932305306733	165.918573982935
583.389	0	0	0	0	0	0	59.788148162444	2.67551624706056	39.5739269330874	25.0082783467572	-0.594006225181892	22.4857983658823	33.5389910755085	-18.3939416382313	32.0835227292805	5.73500679662332	14.1550462219193	16.5974599088419	14.6280304460731	9.17680296994387	19.2199409953768	11.2724575650399	15.3594665651159	16.3569521853782	16.9769068614725	9.56650925980215	15.3768352492348	13.1427619356654	16.9155916443753	22.1471523417675	23.1573878207023	33.3786354009818	35.2500151533062	36.8199226636525	19.3471263597538	26.1854629026899	29.6067924340701	45.9894885171615	30.756294987298	32.5005092331125	49.1618895438615	48.6613911285087	25.5518923634447	32.1246904413233	36.514953611282	38.8578171257158	46.2027935966401	52.9760905308845	53.6975574627338	49.6102505864976	59.3872379347942	39.9362182419009	45.9300103038634	47.2548088135424	54.8785930106859	46.2853761344756	63.9958236431033	70.3915830310879	60.4163529853813	60.0183154865099	0	0	0	0	113.825424622342	96.8870775286339	117.725485318119	124.349696133338	146.275780829293	182.236583447666	48.5577615124755	222.52046133377	228.772980039891
586.726	0	0	0	0	0	117.175160061813	-20.7138175621169	-16.6375921099866	-12.234658010489	-32.2821140148747	-17.9105248994662	-4.00790087647996	-30.0271899832675	-12.531939810673	-6.97010537690835	-35.5880456778656	7.71550501961432	-3.03568891828094	-10.3751696615712	-3.16952694260166	1.12895374165657	-1.39792956337325	-10.0725506123223	-4.12043637396257	-4.52562746697831	2.48611590646899	0.627039039758644	-0.831976102208072	-0.996687370451261	-2.37600477380292	2.36595758042938	11.6524492878232	1.20387542584494	6.70315050818874	14.4087953872589	0.910621766578408	32.2627085541814	19.7860621857666	15.1045211029005	29.7742201000747	8.56680547963174	20.328457635853	19.6045302613875	26.2455977062664	17.1668982152864	17.94559599639	14.3319163234774	16.3808381712843	22.0836159540812	35.2633223198913	25.7813294875965	39.3806451903724	40.6619999571345	34.4279344398654	37.0879744733456	43.8691016140319	46.2509288779842	41.0157636477892	27.7756065751959	36.5954486946859	0	0	0	0	67.2502244584031	49.8153498322189	54.2921190787036	66.2508156853973	96.0354790557639	54.9133495946997	54.0586081126608	-0.0133081066961979	-0.0334367965423164
590.063	0	0	0	0	328.554284524741	-8.61154847730099	11.0876079854333	8.01484385076892	11.6291724536962	-10.594592579283	-0.606092770048139	-6.89556872262402	1.64152829790905	-4.71792673695798	9.49558662335825	11.4320937165423	7.72868381711856	-1.30649390664607	14.9927524648464	15.5116427936395	0.754809251404905	2.80884602289797	10.4076820648736	10.7780876235248	10.8605709882238	16.5853259253344	25.8168324999691	14.0981482367871	15.3579641711438	17.9002506380578	12.370153452736	17.4164149232174	19.8168418198383	13.152234152497	8.73881249876395	26.0966344714632	22.2190819618471	26.5916403227646	16.509706587455	13.6807615837289	43.0159979240287	28.4197064576999	22.7600742668093	20.017045014262	29.0561727014846	33.6347498634666	39.6005505686635	32.5705430342891	39.0315421193981	26.3305763936594	40.1216722815372	40.9234751937302	49.6532891519503	39.0207894620609	42.1099652156287	48.8376144841602	46.1143525433979	35.2371874938735	46.2757640208155	0	0	0	0	121.654604167461	64.1085557943074	104.798936671989	81.3187143169407	82.6260537752153	75.9186251159712	110.197501082608	85.2590503132395	80.8780008728337	78.3446188931812
593.4	0	0	0	0	63.7476475265558	10.8938875130707	32.9534548793689	6.77500963526947	12.4297957936573	15.1252741102416	-21.2154140358057	2.32837201978881	4.43563773842423	13.2438816220594	-18.1826578777887	27.4559881111717	2.75972752454155	-2.63752079541073	-0.843909241063374	6.8379626819812	-5.32090866378123	6.74402815636652	0.304263734365918	8.94236269815527	15.833265155387	5.28482517367904	11.452933530181	12.5830710632672	10.4659178032927	17.6973264627561	12.7624950914486	24.4493451915903	12.435376965837	31.2394069473261	24.0706231246906	27.001255831464	25.6900885097027	31.2140839919494	33.6913889977991	46.2537328957481	17.0270135415579	24.3654382776552	34.0623983426912	40.786602778624	35.4869447812612	44.0392434310425	27.586816124531	29.3797739084509	42.1681052314416	57.7225025288465	38.2800432059014	24.4930528954402	42.6902126927099	36.0745730463416	47.775221711067	40.2958227623727	43.7614200227478	39.9777528183751	60.251611916772	0	0	0	0	102.612717660247	66.564432252909	95.574154298834	94.907668034315	99.8859517450124	137.69836824251	142.924346991648	88.2370737817016	187.412153665842	144.250086838246
596.738	0	0	0	158.401384943905	10.688101476299	-1.47907913760519	8.56657111729847	10.3045747216834	29.9468529066948	6.41540240556458	30.2091867090044	33.720120880136	29.900726817814	-8.09331590994524	22.638837483214	14.7104652535174	13.1240188148013	14.7913628063162	1.28575719526759	4.50334403397686	25.1341800848051	18.0793202110578	21.4222997956877	4.84504608257298	10.6592690539306	11.9284107664541	17.7113547386175	11.2688208859471	10.8267797571535	13.7169759394874	24.5096407813555	15.7869729897436	28.7467033071395	13.8531390646987	23.2622130989165	24.3627233227774	15.9904748774073	25.4867453120777	14.58753777761	9.98872024516954	26.9481144309354	42.7840574773591	25.5498849116407	24.382704385661	33.1877064780818	29.6704055918276	42.5766721347843	37.4455681874932	35.6141592857384	31.6229327461457	32.2062898803507	35.5364798856873	39.7417761256829	33.8576665972553	38.3331606911739	38.2392891368413	41.615361582525	50.5226584909922	42.72247660505	0	0	0	0	59.8989871986155	73.5931144584532	95.8906527439808	78.5622250801776	122.402893698696	121.56273575099	185.474301149852	95.7608554841832	59.0753893238191	267.791720152797
600.076	0	0	345.291182248825	-9.70678143555662	-3.09563947628173	-13.5103818259953	14.474660944513	-9.09356438124118	-0.0164395032933166	-0.650209177720893	-19.3840646120357	10.8045037487782	1.14165450768384	-19.7025899054047	13.5684403894255	7.96562547465885	4.76539401405336	6.36485520044729	-1.29085028828906	0.415097000496198	0.41843460224364	-1.82403668305237	7.66141500604387	4.62833061588139	6.5963295232156	6.16644139422829	4.61300586013636	12.6444274737181	9.41902917209658	7.68864259977611	8.93283403771109	9.77391553781648	24.1641158604899	22.3657364882805	18.2591981059975	14.5911992284072	13.5773331073046	18.8412691350315	24.2855943534528	35.7257602266823	29.6949878036809	24.7362073851932	33.3523080523843	12.2129610325925	18.684934538615	25.4071516083195	22.6961103572695	31.5804814615261	16.6676448067421	34.8369255938648	35.0598626222185	29.6615557646967	34.56887332073	34.0668198568982	45.7733675471855	35.6724257794756	37.9284552602033	39.2240406572656	0	0	0	0	102.823473555909	35.1580861341064	37.907525524198	51.5258274134866	55.2135131851209	73.6702457152661	122.10836226131	84.0229262605428	52.5974914986243	100.820230779864	141.367258545756
603.415	0	0	32.0365988354042	-12.2182437838476	-13.2778347196623	-15.8648884962204	9.48983790357318	9.14789985643911	-0.670825562259141	-2.66054938785047E-4	7.55767715599151	6.05535365995147	12.1209508804848	-0.00484428826138111	16.8518551874173	-19.065134377416	2.87826581861086	-6.41832298832725	13.1456632594594	3.35049157422001	11.8652973773911	-1.10431388190059	2.89214457072041	-1.74215850046785	4.52130115428365	7.41792499938705	9.49854257295728	10.1297618494508	7.20812907340846	2.72392700088039	9.02566847369273	14.7823782205912	11.6962514753746	11.5949774866809	12.6901731643996	5.74895689696296	21.7265061380432	23.8131843959263	20.5669426796654	26.5420406614852	14.5797946377779	13.8194247257359	31.511870880848	18.9627222226626	16.471895384822	21.503661359752	21.6214354474476	25.9524493043356	26.7784191079849	26.798886830342	32.9729935313038	29.3177758563846	40.6678520827602	33.7524442538372	30.4631042711416	51.1099790062246	30.2667914751344	45.4493237767472	0	0	0	0	51.8268936779702	56.2141145891324	65.7312964325592	55.5309673619549	58.272064776094	80.6566985588722	101.515080663608	105.021802144753	67.3731825401568	33.008567184342	0.0353467160813881
606.753	0	75.8411645059475	-26.0777320366746	-25.3226189114576	-7.82797890241755	-24.2467083570517	10.9704129060997	-40.2057472483534	-27.309264806559	-17.7631693322864	-24.0192435043852	-33.3653519889133	-24.8785653038942	-9.95719234728305	-23.744875549132	4.02647786981697	-18.7380577031336	-21.6048056776	-5.2742757173779	-24.7730133876798	-22.1805820517718	1.8576395217916	-15.8514381202345	-9.03482146473566	-9.86293061903407	2.15296396321152	8.42498125202351	3.14852246668031	4.93555797141095	10.7086544749923	1.24138835405067	13.7206256793941	8.87696090521883	8.07208085491174	-8.26820876651953	4.81388169089476	11.7253938492015	1.61872071421933	9.25356716377263	3.03757211406459	14.6090403133955	-3.11060158227723	12.1747052983439	3.17580440633731	23.5912506627113	7.28786077151119	15.8064308156643	19.5185408549272	22.1605153132068	20.075649257015	26.7451626225466	18.2195681847229	21.8290525627182	26.1861117853513	33.2654742477701	24.3515152494083	23.6683685755822	17.030773541737	0	0	0	0	42.1015813562757	29.9492432548013	32.3322985354684	47.737023712482	36.3133484139131	46.7982023370852	67.419993451377	45.6293876641836	-14.3296215316194	71.564705454777	-63.9656104924355
610.092	345.503830108348	0.925098722082888	23.5104060410963	41.7660750635003	14.1307886192594	0.752715696313672	7.33783136692376	-0.0330753673176624	4.77983121624527	20.4519300273755	-21.5827166033496	7.90405551613968	14.5037768601234	-0.552844644552058	-6.35154897550813	-0.50258696154332	3.86024264926516	5.99293425156615	-27.7587107858092	3.78892086555423	4.79490255757283	4.8376533292832	7.45253654760298	6.1410575804713	0.80247558769721	6.01133251931973	6.22039364258414	4.5590284407663	2.65274070443218	13.6851243892223	21.4259160210114	7.15343801551881	14.9351638087782	17.160674241144	19.7772898714995	20.5583800899688	16.4411638037013	28.1485786260483	20.6793539824642	17.5296303738456	18.2177200110928	12.3338961597662	16.9007571778645	22.2495482689017	21.9555945458925	19.3896298526195	21.4373303362647	19.2718900076233	26.9111298590265	42.755779765627	19.8659235905113	13.5545197359196	19.5465696684227	32.1611654382628	26.070710899915	28.8598332257617	33.7682457150538	0	0	0	0	85.3899316105745	30.0931380172908	63.6374763332083	69.0748081023355	78.3026333236432	17.8077008589235	89.620938851593	89.2951548975851	80.3549682802925	47.1793507706635	52.4660328451178	196.222102902404
613.431	127.036199345325	1.8369812588311	42.6320975794186	19.63169549413	18.0341447812555	40.9777906372204	40.3003156132021	32.4926625788481	44.4301458060554	33.6008689852385	28.5068712211027	37.0602627983804	20.8594336104908	20.5032295773036	27.4751244459159	17.6294793576515	20.6959138950799	28.5430339335065	22.0153920548879	23.9667490331118	29.0086146142133	12.9987857282326	27.8397813158819	8.1787553326843	16.0197328216488	15.6146101832399	21.2957466036724	11.2225210910752	19.9419412238078	21.0245025834974	13.8298455526619	22.2595473472709	48.5488811713636	22.6342793648236	24.8456547508334	27.5861011519703	27.1806817321679	26.1707620050513	32.4034628181915	36.9231881300632	42.3213782284278	43.9411806375826	43.8617135410458	34.1908924878518	27.3418895091456	24.1245170257802	38.4472910990274	35.6649583784096	43.772341194613	33.4115439191753	41.8293028530097	43.5601803787972	39.3760347006276	38.598848106155	38.1440753762952	40.5429622576061	46.4141181685105	0	0	0	0	84.4070445034208	68.1755691263538	39.1418507803053	56.9912663701316	91.2361715401625	75.352575888175	98.0135851862267	85.3534847646284	191.975936212295	151.629905866655	228.999057507	339.058552184449
616.77	4.00285820337526	5.64428357820386	-31.7842597906709	-34.0256017637107	3.9787793628353	-33.1161957337406	14.8675833126165	-4.31867715029307	3.46051397461557	-1.33638402943546	-6.41845231780571	17.873224570758	13.5164586733165	6.1866346389427	6.41995711005528	3.57777494265656	19.5402616420414	22.8842253931138	-12.045017450848	7.25109824282269	-7.22676582309341	-2.63350131771298	6.23626627696339	7.40861531353591	-5.95807874431308	1.94562005950445	1.580754670669	8.71153063310099	5.19407933084581	1.28148892831401	5.86185269847553	5.57418989678853	13.532518110414	26.2436407623845	17.7740183122722	6.83731664344939	14.6347120206315	21.9646638298686	9.04194609329268	25.4781106518699	16.0495245961546	10.139502999115	29.1483555158568	18.9685896345972	17.8041852186455	11.9120117575818	4.12131941952243	20.7716306900909	3.47369963097639	26.3593804930952	14.628733789309	17.6153714329938	30.7630175353938	23.317418600553	29.7876948907565	29.2384007791217	33.1878939428451	0	0	0	0	40.5346554318492	27.3029887381376	56.2207182636353	55.9738523662965	49.9577840538754	49.4839476154439	74.5694531341824	126.656746170655	63.8768834400088	72.7317337747577	16.7541013417378	118.43811874561
620.109	20.6707789901262	-50.966672268291	34.7432717618135	-5.1899916630418E-4	13.6944076219688	2.8418407788155	-40.247021198402	30.8640356996142	29.862303555876	13.9777191204681	57.704006445662	-10.6110414824499	10.84196776006	4.14694299712858	1.32730947257885	-5.02699219518507	17.426072738343	-17.8162342072417	14.2877399947683	15.2171002365919	-9.89890308864961	21.7749771623251	1.21139687692508	9.10737769863124	0.999604647028961	5.69609166249438	16.0588067185848	9.84985640102465	6.16791697750803	12.3331814664571	16.9627913227968	4.80172481086386	5.56207831670786	8.07078353403762	8.7443307811728	11.2134780695667	22.6238410697331	13.3089004606715	27.5456339857189	15.6716706173207	26.6515826996751	21.6511574436602	6.25195373143337	12.7617354690423	33.2569824993988	18.2234134978075	17.4151508059327	29.4126742349424	30.0385269305041	18.1448770819498	36.4357454092169	26.446631164612	38.2175306425552	31.988211071484	31.3663266059244	37.1548384115092	0	0	0	0	87.0323545981077	47.270548369298	48.1386115431038	34.895681732535	53.9032477123453	42.4836211078036	90.6768095951101	82.4406412250742	79.4926089303356	45.2109961663398	58.8357286664618	30.985400551606	79.9286258933534
