Sample - Blank	600	595	590	585	580	575	570	565	560	555	550	545	540	535	530	525	520	515	510	505	500	495	490	485	480	475	470	465	460	455	450	445	440	435	430	425	420	415	410	405	400	395	390	385	380	375	370	365	360	355	350	345	340	335	330	325	320	315	310	305	300	295	290	285	280	275	270	265	260	255	250	245	240
nm																																																																									
213.328	0	0	0	0	0	0	0	0	0	0	0	0	0	0	0	0	0	0	0	0	0	0	0	0	0	0	0	0	0	0	0	0	0	0	0	0	0	0	0	0	0	0	0	0	0	0	0	0	0	0	0	0	0	0	0	0	0	0	0	0	0	0	0	0	0	0	0	0	0	0	0	0	0
216.504	0	0	0	0	0	0	0	0	0	0	0	0	0	0	0	0	0	0	0	0	0	0	0	0	0	0	0	0	0	0	0	0	0	0	0	0	0	0	0	0	0	0	0	0	0	0	0	0	0	0	0	0	0	0	0	0	0	0	0	0	0	0	0	0	0	0	0	0	0	0	0	0	0
219.682	0	0	0	0	0	0	0	0	0	0	0	0	0	0	0	0	0	0	0	0	0	0	0	0	0	0	0	0	0	0	0	0	0	0	0	0	0	0	0	0	0	0	0	0	0	0	0	0	0	0	0	0	0	0	0	0	0	0	0	0	0	0	0	0	0	0	0	0	0	0	0	0	0
222.862	0	0	0	0	0	0	0	0	0	0	0	0	0	0	0	0	0	0	0	0	0	0	0	0	0	0	0	0	0	0	0	0	0	0	0	0	0	0	0	0	0	0	0	0	0	0	0	0	0	0	0	0	0	0	0	0	0	0	0	0	0	0	0	0	0	0	0	0	0	0	0	0	0
226.045	0	0	0	0	0	0	0	0	0	0	0	0	0	0	0	0	0	0	0	0	0	0	0	0	0	0	0	0	0	0	0	0	0	0	0	0	0	0	0	0	0	0	0	0	0	0	0	0	0	0	0	0	0	0	0	0	0	0	0	0	0	0	0	0	0	0	0	0	0	0	0	0	0
229.23	0	0	0	0	0	0	0	0	0	0	0	0	0	0	0	0	0	0	0	0	0	0	0	0	0	0	0	0	0	0	0	0	0	0	0	0	0	0	0	0	0	0	0	0	0	0	0	0	0	0	0	0	0	0	0	0	0	0	0	0	0	0	0	0	0	0	0	0	0	0	0	0	0
232.417	0	0	0	0	0	0	0	0	0	0	0	0	0	0	0	0	0	0	0	0	0	0	0	0	0	0	0	0	0	0	0	0	0	0	0	0	0	0	0	0	0	0	0	0	0	0	0	0	0	0	0	0	0	0	0	0	0	0	0	0	0	0	0	0	0	0	0	0	0	0	0	0	0
235.607	0	0	0	0	0	0	0	0	0	0	0	0	0	0	0	0	0	0	0	0	0	0	0	0	0	0	0	0	0	0	0	0	0	0	0	0	0	0	0	0	0	0	0	0	0	0	0	0	0	0	0	0	0	0	0	0	0	0	0	0	0	0	0	0	0	0	0	0	0	0	0	0	0
238.799	0	0	0	0	0	0	0	0	0	0	0	0	0	0	0	0	0	0	0	0	0	0	0	0	0	0	0	0	0	0	0	0	0	0	0	0	0	0	0	0	0	0	0	0	0	0	0	0	0	0	0	0	0	0	0	0	0	0	0	0	0	0	0	0	0	0	0	0	0	0	0	0	0
241.993	0	0	0	0	0	0	0	0	0	0	0	0	0	0	0	0	0	0	0	0	0	0	0	0	0	0	0	0	0	0	0	0	0	0	0	0	0	0	0	0	0	0	0	0	0	0	0	0	0	0	0	0	0	0	0	0	0	0	0	0	0	0	0	0	0	0	0	0	0	0	0	0	0
245.19	0	0	0	0	0	0	0	0	0	0	0	0	0	0	0	0	0	0	0	0	0	0	0	0	0	0	0	0	0	0	0	0	0	0	0	0	0	0	0	0	0	0	0	0	0	0	0	0	0	0	0	0	0	0	0	0	0	0	0	0	0	0	0	0	0	0	0	0	0	0	0	0	0
248.388	0	0	0	0	0	0	0	0	0	0	0	0	0	0	0	0	0	0	0	0	0	0	0	0	0	0	0	0	0	0	0	0	0	0	0	0	0	0	0	0	0	0	0	0	0	0	0	0	0	0	0	0	0	0	0	0	0	0	0	0	0	0	0	0	0	0	0	0	0	0	0	0	0
251.589	0	0	0	0	0	0	0	0	0	0	0	0	0	0	0	0	0	0	0	0	0	0	0	0	0	0	0	0	0	0	0	0	0	0	0	0	0	0	0	0	0	0	0	0	0	0	0	0	0	0	0	0	0	0	0	0	0	0	0	0	0	0	0	0	0	0	0	0	0	0	0	0	761.290030830905
254.793	0	0	0	0	0	0	0	0	0	0	0	0	0	0	0	0	0	0	0	0	0	0	0	0	0	0	0	0	0	0	0	0	0	0	0	0	0	0	0	0	0	0	0	0	0	0	0	0	0	0	0	0	0	0	0	0	0	0	0	0	0	0	0	0	0	0	0	0	0	0	0	0	10.5191655497127
257.998	0	0	0	0	0	0	0	0	0	0	0	0	0	0	0	0	0	0	0	0	0	0	0	0	0	0	0	0	0	0	0	0	0	0	0	0	0	0	0	0	0	0	0	0	0	0	0	0	0	0	0	0	0	0	0	0	0	0	0	0	0	0	0	0	0	0	0	0	0	0	0	279.574595793352	-172.541988472224
261.205	0	0	0	0	0	0	0	0	0	0	0	0	0	0	0	0	0	0	0	0	0	0	0	0	0	0	0	0	0	0	0	0	0	0	0	0	0	0	0	0	0	0	0	0	0	0	0	0	0	0	0	0	0	0	0	0	0	0	0	0	0	0	0	0	0	0	0	0	0	0	2094.14699318989	32.6107623151638	-188.789883362418
264.415	0	0	0	0	0	0	0	0	0	0	0	0	0	0	0	0	0	0	0	0	0	0	0	0	0	0	0	0	0	0	0	0	0	0	0	0	0	0	0	0	0	0	0	0	0	0	0	0	0	0	0	0	0	0	0	0	0	0	0	0	0	0	0	0	0	0	0	0	0	0	-37.5691548611431	-214.48637789181	-555.532156778391
267.627	0	0	0	0	0	0	0	0	0	0	0	0	0	0	0	0	0	0	0	0	0	0	0	0	0	0	0	0	0	0	0	0	0	0	0	0	0	0	0	0	0	0	0	0	0	0	0	0	0	0	0	0	0	0	0	0	0	0	0	0	0	0	0	0	0	0	0	0	0	915.055802238971	181.380423215632	98.8341898677401	-496.491668854705
270.841	0	0	0	0	0	0	0	0	0	0	0	0	0	0	0	0	0	0	0	0	0	0	0	0	0	0	0	0	0	0	0	0	0	0	0	0	0	0	0	0	0	0	0	0	0	0	0	0	0	0	0	0	0	0	0	0	0	0	0	0	0	0	0	0	0	0	0	0	3163.45263647934	95.3710494988012	38.0272406411504	-205.706428669355	-123.86376199248
274.057	0	0	0	0	0	0	0	0	0	0	0	0	0	0	0	0	0	0	0	0	0	0	0	0	0	0	0	0	0	0	0	0	0	0	0	0	0	0	0	0	0	0	0	0	0	0	0	0	0	0	0	0	0	0	0	0	0	0	0	0	0	0	0	0	0	0	0	0	235.005414588025	137.823831670823	-44.5159901708591	-232.195317372894	-0.385296485975536
277.275	0	0	0	0	0	0	0	0	0	0	0	0	0	0	0	0	0	0	0	0	0	0	0	0	0	0	0	0	0	0	0	0	0	0	0	0	0	0	0	0	0	0	0	0	0	0	0	0	0	0	0	0	0	0	0	0	0	0	0	0	0	0	0	0	0	0	0	1404.84381165045	83.2495847057088	-12.0974115187556	-192.091929646285	-268.964304962518	111.123991240359
280.496	0	0	0	0	0	0	0	0	0	0	0	0	0	0	0	0	0	0	0	0	0	0	0	0	0	0	0	0	0	0	0	0	0	0	0	0	0	0	0	0	0	0	0	0	0	0	0	0	0	0	0	0	0	0	0	0	0	0	0	0	0	0	0	0	0	0	3909.6524849932	90.5155710236306	-4.89846745261895	-74.882356578688	-317.002951501523	-42.7085673230007	-92.3605549845078
283.718	0	0	0	0	0	0	0	0	0	0	0	0	0	0	0	0	0	0	0	0	0	0	0	0	0	0	0	0	0	0	0	0	0	0	0	0	0	0	0	0	0	0	0	0	0	0	0	0	0	0	0	0	0	0	0	0	0	0	0	0	0	0	0	0	0	0	456.314641066017	123.71553872313	69.8991093554505	-194.535405425025	20.6392741366689	225.284985299149	182.850330783474
286.942	0	0	0	0	0	0	0	0	0	0	0	0	0	0	0	0	0	0	0	0	0	0	0	0	0	0	0	0	0	0	0	0	0	0	0	0	0	0	0	0	0	0	0	0	0	0	0	0	0	0	0	0	0	0	0	0	0	0	0	0	0	0	0	0	0	1711.610079898	82.3789085514731	-12.0402833658576	-14.300370445943	-169.591862365513	-169.697453428717	10.3948471876104	-32.9767365299552
290.169	0	0	0	0	0	0	0	0	0	0	0	0	0	0	0	0	0	0	0	0	0	0	0	0	0	0	0	0	0	0	0	0	0	0	0	0	0	0	0	0	0	0	0	0	0	0	0	0	0	0	0	0	0	0	0	0	0	0	0	0	0	0	0	0	4014.42709055475	200.856255844214	135.84891387312	88.7695301921376	-60.7028717178352	-2.03619069580583	145.565357098158	165.649775979472	73.9117460072511
293.397	0	0	0	0	0	0	0	0	0	0	0	0	0	0	0	0	0	0	0	0	0	0	0	0	0	0	0	0	0	0	0	0	0	0	0	0	0	0	0	0	0	0	0	0	0	0	0	0	0	0	0	0	0	0	0	0	0	0	0	0	0	0	0	0	617.412742830885	187.228502659706	190.631168748518	53.6786860591562	-41.1210595113818	143.267056811827	115.581813514062	52.9590763169266	85.8223544043238
296.628	0	0	0	0	0	0	0	0	0	0	0	0	0	0	0	0	0	0	0	0	0	0	0	0	0	0	0	0	0	0	0	0	0	0	0	0	0	0	0	0	0	0	0	0	0	0	0	0	0	0	0	0	0	0	0	0	0	0	0	0	0	0	0	1900.36212650181	212.88405259448	228.363533664575	261.52048441609	155.087858834145	19.7031340352299	224.97774866448	278.946432270141	248.243331614947	93.4411240561919
299.86	0	0	0	0	0	0	0	0	0	0	0	0	0	0	0	0	0	0	0	0	0	0	0	0	0	0	0	0	0	0	0	0	0	0	0	0	0	0	0	0	0	0	0	0	0	0	0	0	0	0	0	0	0	0	0	0	0	0	0	0	0	0	0	281.516394065883	285.627498107773	334.14108547779	250.398831361738	174.487436309327	244.762815822551	259.139411492682	270.440354763414	302.432019409102	413.015441137404
303.095	0	0	0	0	0	0	0	0	0	0	0	0	0	0	0	0	0	0	0	0	0	0	0	0	0	0	0	0	0	0	0	0	0	0	0	0	0	0	0	0	0	0	0	0	0	0	0	0	0	0	0	0	0	0	0	0	0	0	0	0	0	0	795.444387378683	229.779542145862	335.329909670294	355.074883163428	238.56482880178	218.892698291074	170.506833707867	243.370783581549	180.371340915361	226.715841869056	309.532804973339
306.331	0	0	0	0	0	0	0	0	0	0	0	0	0	0	0	0	0	0	0	0	0	0	0	0	0	0	0	0	0	0	0	0	0	0	0	0	0	0	0	0	0	0	0	0	0	0	0	0	0	0	0	0	0	0	0	0	0	0	0	0	0	2300.75542753738	134.999262547464	265.884231654213	369.586337413065	361.738853632692	289.747472240263	339.391879777379	242.529191963308	208.543925152243	276.856542743602	223.714980917601	141.706984654397
309.569	0	0	0	0	0	0	0	0	0	0	0	0	0	0	0	0	0	0	0	0	0	0	0	0	0	0	0	0	0	0	0	0	0	0	0	0	0	0	0	0	0	0	0	0	0	0	0	0	0	0	0	0	0	0	0	0	0	0	0	0	0	289.502890373333	185.285656331175	328.068717860742	373.107610987128	348.850729643457	401.029961773676	392.193251869148	369.629074034728	307.496141386831	328.642553801378	211.513532930884	440.151955590347
312.81	0	0	0	0	0	0	0	0	0	0	0	0	0	0	0	0	0	0	0	0	0	0	0	0	0	0	0	0	0	0	0	0	0	0	0	0	0	0	0	0	0	0	0	0	0	0	0	0	0	0	0	0	0	0	0	0	0	0	0	0	1081.94400990631	153.754396766645	220.306234299585	388.929325598174	449.341236915296	447.276956471671	493.305521365329	434.243743499543	423.451757033917	334.9208964898	329.512086824304	489.792597298573	228.557864521902
316.052	0	0	0	0	0	0	0	0	0	0	0	0	0	0	0	0	0	0	0	0	0	0	0	0	0	0	0	0	0	0	0	0	0	0	0	0	0	0	0	0	0	0	0	0	0	0	0	0	0	0	0	0	0	0	0	0	0	0	0	2756.57301659353	259.105750730576	264.145953152363	342.208247846316	451.835358456224	497.798081694916	562.619894573371	558.352027799294	445.408243381775	414.272144609214	484.237546191668	525.610270245265	611.457107029444	612.621058465713
319.296	0	0	0	0	0	0	0	0	0	0	0	0	0	0	0	0	0	0	0	0	0	0	0	0	0	0	0	0	0	0	0	0	0	0	0	0	0	0	0	0	0	0	0	0	0	0	0	0	0	0	0	0	0	0	0	0	0	0	0	549.336090665264	397.579361878493	450.732635086833	477.629785718837	582.801596147601	623.238352713118	616.880511924297	622.365193715835	536.516886940979	496.906270976126	474.756315447446	404.553102544571	538.085701979762	399.394172182562
322.542	0	0	0	0	0	0	0	0	0	0	0	0	0	0	0	0	0	0	0	0	0	0	0	0	0	0	0	0	0	0	0	0	0	0	0	0	0	0	0	0	0	0	0	0	0	0	0	0	0	0	0	0	0	0	0	0	0	0	1534.42353278317	437.681095214098	542.077433865775	624.615791184673	668.360518495579	725.565618536256	770.158812518246	752.994033169688	689.722220181637	607.042633539934	477.422011776872	496.968632654884	546.608071803825	599.146354957776	528.183499484517
325.79	0	0	0	0	0	0	0	0	0	0	0	0	0	0	0	0	0	0	0	0	0	0	0	0	0	0	0	0	0	0	0	0	0	0	0	0	0	0	0	0	0	0	0	0	0	0	0	0	0	0	0	0	0	0	0	0	0	3031.93105811483	429.606988945249	484.342099776559	654.036832357803	759.888537852863	784.793953556679	823.872929313181	855.05994512223	813.147168081511	797.41939345257	642.765804962974	633.302041542297	546.917613642806	535.090480421296	800.682083843286	922.307460571009
329.039	0	0	0	0	0	0	0	0	0	0	0	0	0	0	0	0	0	0	0	0	0	0	0	0	0	0	0	0	0	0	0	0	0	0	0	0	0	0	0	0	0	0	0	0	0	0	0	0	0	0	0	0	0	0	0	0	0	612.522677935987	450.10818248587	552.652541044031	738.954638762344	841.219522876956	871.285163683817	968.256225121214	930.621363324966	898.641249177219	812.173105412303	716.677089999182	645.765827284361	614.722550865413	583.693909227971	913.547744018712	1000.93848413103
332.291	0	0	0	0	0	0	0	0	0	0	0	0	0	0	0	0	0	0	0	0	0	0	0	0	0	0	0	0	0	0	0	0	0	0	0	0	0	0	0	0	0	0	0	0	0	0	0	0	0	0	0	0	0	0	0	0	1392.30596466957	260.2444309845	500.938361746335	632.018660376935	817.246254878325	910.664752855266	938.739047000971	979.575328308208	950.744882584781	885.661778313829	851.438969429282	716.48263559987	653.861277186189	659.894355445713	588.017618025886	813.323095047976	1101.0944615158
335.544	0	0	0	0	0	0	0	0	0	0	0	0	0	0	0	0	0	0	0	0	0	0	0	0	0	0	0	0	0	0	0	0	0	0	0	0	0	0	0	0	0	0	0	0	0	0	0	0	0	0	0	0	0	0	0	2930.64288441235	145.948631571023	285.328293299031	583.455795761642	731.236353982908	921.052072106007	1021.76506400426	1028.99069120672	1080.60754649932	1018.85170860024	946.454794775549	877.159949832261	802.440080730027	680.863097335467	629.029423710537	650.085567280731	818.035677959293	827.852828972582
338.799	0	0	0	0	0	0	0	0	0	0	0	0	0	0	0	0	0	0	0	0	0	0	0	0	0	0	0	0	0	0	0	0	0	0	0	0	0	0	0	0	0	0	0	0	0	0	0	0	0	0	0	0	0	0	0	471.626871302212	138.027666909314	317.736936838801	625.538171777522	810.162535614928	1016.31723898525	1111.46566809493	1198.66632912092	1165.82461269877	1112.78072855155	966.511884850397	909.168118050377	761.145902143061	710.592353652401	577.191921539853	720.936904744002	862.986510450006	1109.77264377734
342.056	0	0	0	0	0	0	0	0	0	0	0	0	0	0	0	0	0	0	0	0	0	0	0	0	0	0	0	0	0	0	0	0	0	0	0	0	0	0	0	0	0	0	0	0	0	0	0	0	0	0	0	0	0	0	1418.21458421708	88.6717239891193	153.219004135831	366.780093170259	660.54959100415	838.176118942732	1026.5835306528	1187.7027569524	1194.09292579529	1178.78224407998	1099.10394128448	1017.22884215369	936.914397300058	878.650407272028	863.850161156098	724.347446228374	765.568143696611	1250.90934677408	1299.55207353605
345.315	0	0	0	0	0	0	0	0	0	0	0	0	0	0	0	0	0	0	0	0	0	0	0	0	0	0	0	0	0	0	0	0	0	0	0	0	0	0	0	0	0	0	0	0	0	0	0	0	0	0	0	0	0	2934.9053665797	139.238592802353	87.9072068248468	151.442020768059	388.983333345666	637.697527630095	815.231612436779	1019.49293743589	1165.48994778786	1162.46530580636	1154.64223855884	1090.24458007787	1014.33877124993	881.579982102885	767.351710036826	746.507722933019	730.474349989822	710.659419605745	928.055395422942	1203.17327888088
348.575	0	0	0	0	0	0	0	0	0	0	0	0	0	0	0	0	0	0	0	0	0	0	0	0	0	0	0	0	0	0	0	0	0	0	0	0	0	0	0	0	0	0	0	0	0	0	0	0	0	0	0	0	0	510.385014150381	80.490514117972	110.034893241594	152.360921351487	387.141768536091	667.624820242632	802.016070438989	1003.15637984263	1124.04617286727	1102.93279343074	1100.12196196539	970.565539020878	891.55318405921	827.336360374974	694.326784888455	625.011053433602	661.937706426381	621.084798572609	799.720800721564	1217.39455757454
351.838	0	0	0	0	0	0	0	0	0	0	0	0	0	0	0	0	0	0	0	0	0	0	0	0	0	0	0	0	0	0	0	0	0	0	0	0	0	0	0	0	0	0	0	0	0	0	0	0	0	0	0	0	1464.5036085628	78.8781232245075	90.0724622028182	130.644522192427	231.683043723498	407.973388754681	691.635176397713	851.940697437414	1045.08547433677	1137.19250936029	1075.82574409328	1136.02333444738	989.355466683756	921.405244429098	816.336529646904	743.324253663332	713.55159112593	685.134274413924	714.484295148481	947.333788276286	882.699235347164
355.101	0	0	0	0	0	0	0	0	0	0	0	0	0	0	0	0	0	0	0	0	0	0	0	0	0	0	0	0	0	0	0	0	0	0	0	0	0	0	0	0	0	0	0	0	0	0	0	0	0	0	0	3044.67043848758	176.70687944918	92.7379185124349	115.163292238802	170.376360324399	239.197574052212	427.324373980908	683.060374945775	851.093550874317	1033.0634774607	1148.96700309735	1139.22012538985	1079.83200984099	1013.52870475196	917.405987841987	809.948363133234	706.343980865283	727.925641999224	717.481398162662	734.812307088514	918.076482877052	1125.2345060466
358.367	0	0	0	0	0	0	0	0	0	0	0	0	0	0	0	0	0	0	0	0	0	0	0	0	0	0	0	0	0	0	0	0	0	0	0	0	0	0	0	0	0	0	0	0	0	0	0	0	0	0	0	576.767568687579	83.1038075263041	100.023340732388	152.790894353423	185.382802759965	272.981592119756	455.308066788433	688.810289155637	851.05472985438	1040.96386508837	1130.00650543962	1089.83138650406	1085.03288833263	975.194286183008	878.510598465922	816.913236598902	822.439693693646	718.473320928502	693.471960805306	667.91619970881	1039.91866662485	1098.69439873251
361.634	0	0	0	0	0	0	0	0	0	0	0	0	0	0	0	0	0	0	0	0	0	0	0	0	0	0	0	0	0	0	0	0	0	0	0	0	0	0	0	0	0	0	0	0	0	0	0	0	0	0	1510.63353734071	95.6691939612477	94.2731568069542	132.622055867419	183.753969494643	235.153338470636	328.759292251403	511.86799470714	752.491816300862	898.799344466061	1023.66024792141	1083.29813824421	1034.7437485557	993.225739068204	946.844411226636	850.119005074096	809.695916653411	682.501013102214	679.856294114332	716.219641726564	843.463126151658	937.00017190611	1143.75454851794
364.903	0	0	0	0	0	0	0	0	0	0	0	0	0	0	0	0	0	0	0	0	0	0	0	0	0	0	0	0	0	0	0	0	0	0	0	0	0	0	0	0	0	0	0	0	0	0	0	0	0	0	165.921523702088	64.7889026491013	123.509137765558	161.976471977576	194.422961189315	269.682609618881	312.484029995272	476.400532888766	706.519538434716	824.153261317003	933.695551188432	1013.64396547026	942.776471647014	952.360617949756	842.220258087999	778.494092270006	746.429264664395	671.214604096884	668.905452570356	745.685028891626	683.782435701701	955.528306545524	910.076661460786
368.174	0	0	0	0	0	0	0	0	0	0	0	0	0	0	0	0	0	0	0	0	0	0	0	0	0	0	0	0	0	0	0	0	0	0	0	0	0	0	0	0	0	0	0	0	0	0	0	0	0	616.928200804412	77.8054131916898	98.835331972201	122.548317602124	179.262477459047	251.202921746437	289.239249516371	376.112507978105	537.896028885611	748.506612174124	824.643836002798	959.74802759759	959.276949816139	986.012992734531	938.235201249238	882.758633185845	794.158665316418	788.671494647896	681.561459681182	720.820351731612	630.997445456813	794.690599023524	985.810937269487	864.341716298091
371.446	0	0	0	0	0	0	0	0	0	0	0	0	0	0	0	0	0	0	0	0	0	0	0	0	0	0	0	0	0	0	0	0	0	0	0	0	0	0	0	0	0	0	0	0	0	0	0	0	1599.51900654224	59.2458016778594	89.7362618139406	114.768368011934	190.629160063928	232.092863852432	287.113534536442	354.293191601296	407.240733446691	574.170342337988	723.440654911466	835.337517251748	934.943819228257	970.348509613334	924.079442636193	892.439346007024	840.1795763408	790.706054058752	719.649289085401	706.309900947761	728.198812199842	732.922188462882	698.688942106856	952.335173544733	1097.48916588158
374.719	0	0	0	0	0	0	0	0	0	0	0	0	0	0	0	0	0	0	0	0	0	0	0	0	0	0	0	0	0	0	0	0	0	0	0	0	0	0	0	0	0	0	0	0	0	0	0	0	188.670495605666	69.1695005735014	117.296459449903	153.898362326604	206.987717570162	267.762664043518	310.543812829131	385.838973120125	471.96527830757	617.243342033942	768.070891914787	859.407768917364	958.025087015945	986.824084537668	943.754019391936	920.888894320097	877.716865824307	783.616369798576	767.009468582856	738.065538211615	744.874046297784	738.11069145217	770.284824370641	1052.63758870592	968.719532562682
377.995	0	0	0	0	0	0	0	0	0	0	0	0	0	0	0	0	0	0	0	0	0	0	0	0	0	0	0	0	0	0	0	0	0	0	0	0	0	0	0	0	0	0	0	0	0	0	0	749.192811590674	69.2465191520262	109.844539820573	134.633792541159	198.55612279712	247.792771512607	317.946385661698	373.318338804745	448.829384488044	531.560515102027	666.220762333149	781.793990358255	893.043891692292	957.296923001601	973.923230692143	921.674971087692	897.777188162818	829.8528626695	846.601120377585	799.147355560306	692.924643134149	771.449544502877	793.961401430384	991.451015636619	1130.03363970684	1365.17517565067
381.272	0	0	0	0	0	0	0	0	0	0	0	0	0	0	0	0	0	0	0	0	0	0	0	0	0	0	0	0	0	0	0	0	0	0	0	0	0	0	0	0	0	0	0	0	0	0	1933.18770071682	74.8905596176676	84.2320879492275	130.126081317534	170.681777391491	200.187841313189	256.676867851816	332.773078381417	408.685131610863	475.544156884978	536.572641376386	659.317064778071	812.784505573046	850.973787545344	918.044276298711	935.712999984908	908.106498410328	862.672739722199	810.69511624121	750.116280148928	754.686833785195	751.721822324589	820.706095947541	826.125647947989	977.018704094054	1169.14033485304	1111.18441998639
384.55	0	0	0	0	0	0	0	0	0	0	0	0	0	0	0	0	0	0	0	0	0	0	0	0	0	0	0	0	0	0	0	0	0	0	0	0	0	0	0	0	0	0	0	0	0	0	241.48742552903	84.0675140880326	107.113175242211	147.693633961386	190.734941725978	239.24044163053	308.982841597945	374.32570752126	445.529764403852	533.337844170096	617.111576299211	715.270625105114	836.8220013142	881.738269127488	945.587440302042	924.602736629651	908.959145239784	896.385577647844	864.566541129517	816.333006447819	808.219604576172	789.034787805015	848.838897348641	856.750434659821	1013.89662390069	1204.11690232602	1360.58526659704
387.83	0	0	0	0	0	0	0	0	0	0	0	0	0	0	0	0	0	0	0	0	0	0	0	0	0	0	0	0	0	0	0	0	0	0	0	0	0	0	0	0	0	0	0	0	0	864.794636402113	77.1038141391474	89.3547959066489	139.994969378429	162.540800557436	217.465075051294	285.808499336165	350.278506862954	401.048208458236	494.665858967155	557.07614810208	622.409190985576	738.249923053561	838.699126645957	869.597346398643	920.123317514694	948.365625307741	859.139858461193	859.056201140755	846.063788159582	818.212717043978	785.475451759613	813.740545463207	881.604106764664	884.320771073416	1012.34996030798	1373.93176734339	1414.27340915455
391.112	0	0	0	0	0	0	0	0	0	0	0	0	0	0	0	0	0	0	0	0	0	0	0	0	0	0	0	0	0	0	0	0	0	0	0	0	0	0	0	0	0	0	0	0	2144.45814845558	94.3142767651325	70.2328244553345	85.2090388656794	145.579885472832	201.057382757404	237.580888885621	305.08741821686	351.561683863562	415.957130302453	498.532600927587	555.318890509234	643.131380853519	727.464565581037	824.425732077479	885.097612441902	926.877454705145	918.580541121973	882.96351503302	862.319214376284	808.637993107991	779.907248185734	780.003073902283	791.255280192802	819.489197066467	949.937789940456	1069.08891347735	1237.98959245677	1293.83672923611
394.395	0	0	0	0	0	0	0	0	0	0	0	0	0	0	0	0	0	0	0	0	0	0	0	0	0	0	0	0	0	0	0	0	0	0	0	0	0	0	0	0	0	0	0	0	296.875401817864	45.7785829426387	69.3658437671931	108.358878468114	162.029456220308	208.267370897692	262.825849735846	341.641974690672	404.122133728598	458.822539837584	540.180267286172	603.963202641925	664.608569377017	755.926714220532	837.070297080117	881.267871329622	879.236750937404	895.575878969576	859.404923932546	845.486007556325	801.817683023153	766.244920059378	740.653477030012	795.312289324521	822.881357674928	966.412824222731	1042.64087573665	1218.48555644903	1331.91442596459
397.679	0	0	0	0	0	0	0	0	0	0	0	0	0	0	0	0	0	0	0	0	0	0	0	0	0	0	0	0	0	0	0	0	0	0	0	0	0	0	0	0	0	0	0	1035.88723473684	61.1570215856908	78.6233362539863	102.143941207406	132.329856655006	197.443024851852	249.253379126703	289.061488659088	366.914659261368	425.522315984591	516.763773306912	581.1452961643	631.402748258029	684.644842084814	769.528440488779	858.079729974	849.895552137424	890.043144215343	878.369047663158	883.07844788465	808.837966393504	839.032885903785	748.823859497718	788.624115296012	837.876336293661	904.899180313935	913.263954964946	1060.65311375127	1202.51206036223	1320.09743348315
400.965	0	0	0	0	0	0	0	0	0	0	0	0	0	0	0	0	0	0	0	0	0	0	0	0	0	0	0	0	0	0	0	0	0	0	0	0	0	0	0	0	0	0	2373.79939064991	83.2508735375004	36.3011582866614	68.3636106939826	110.079453874372	158.84973982819	203.903922986504	273.793763930807	341.417112709222	370.776083562406	445.730502789696	530.473604902055	580.112384499613	648.36055278277	704.172541554419	759.245349498191	852.422462663679	850.344550676038	903.417785812646	852.136874165373	826.397456248014	800.700302077878	787.159333222019	771.219730030035	800.245323787716	782.807154285007	894.9740939677	960.06064585188	1041.24696505401	1228.99374672768	1383.66303186749
404.253	0	0	0	0	0	0	0	0	0	0	0	0	0	0	0	0	0	0	0	0	0	0	0	0	0	0	0	0	0	0	0	0	0	0	0	0	0	0	0	0	0	0	333.948096325871	55.0447475216375	72.7859012085873	103.049810679354	122.388833048844	181.756191847886	242.512801927612	308.837568679554	358.003636981378	404.492417960858	489.758187237127	544.537087091592	617.110443451577	677.325619566233	729.736297210761	757.073335032789	821.062282289269	873.960369443454	857.115818783825	863.168686813349	819.277113195274	819.375150793063	783.205394642968	758.594713996292	783.525839054851	876.005077952248	911.574212299748	1009.95004057366	1008.46283477932	1335.54913617374	1436.18812065383
407.542	0	0	0	0	0	0	0	0	0	0	0	0	0	0	0	0	0	0	0	0	0	0	0	0	0	0	0	0	0	0	0	0	0	0	0	0	0	0	0	0	0	1142.49839441961	40.0891424357637	48.2255774616695	59.4008716296351	115.207871390781	132.199385059734	202.546690657128	256.214302349491	339.551130328957	381.690453781775	453.74984253652	500.746535133587	548.824284410249	613.7797434805	666.107582041878	728.486778111077	770.691273044016	831.277819416577	860.139093531769	882.862329886287	823.151738071091	801.613688233881	833.080795806022	763.054361886003	775.27284482366	783.313156252053	788.095239602112	849.461135416383	962.055602501505	1089.5807962898	1094.92494063074	1203.82398114308
410.832	0	0	0	0	0	0	0	0	0	0	0	0	0	0	0	0	0	0	0	0	0	0	0	0	0	0	0	0	0	0	0	0	0	0	0	0	0	0	0	0	2694.67103106097	81.6652452421575	44.5892919948803	71.923356947553	84.8757862405606	127.67563122907	166.416720459488	218.929046287947	305.645243766483	341.578902673835	410.079236923584	468.896615179453	525.02177711501	574.455647212079	635.053696509215	709.82550981964	738.1376600172	778.955225433936	807.417287987111	844.26781532896	839.35883433174	858.412116604259	820.060332449687	797.919080442653	781.542364136637	764.273637566625	802.187138782791	911.421054433081	977.045933797356	1128.12398932564	1272.35260425805	1173.50716837483	1410.82053772462
414.124	0	0	0	0	0	0	0	0	0	0	0	0	0	0	0	0	0	0	0	0	0	0	0	0	0	0	0	0	0	0	0	0	0	0	0	0	0	0	0	0	427.854282736677	60.8546026270186	74.3352503006045	92.8002155199132	129.375788721877	155.1430487304	194.338873178005	258.899695793174	313.024496898989	374.180919631624	452.491993873289	491.233908185116	556.42983305158	598.584906514729	662.240913482662	681.475366861281	765.76794376907	797.144159667273	853.491806011871	849.787737093039	825.831885871426	823.859585250284	820.137691089918	810.709004085183	814.402010589483	769.312802104521	850.726933865473	932.614081430891	1004.0065400247	1031.17178576205	1217.30235319021	1414.82419015012	1402.9374305109
417.417	0	0	0	0	0	0	0	0	0	0	0	0	0	0	0	0	0	0	0	0	0	0	0	0	0	0	0	0	0	0	0	0	0	0	0	0	0	0	0	1275.62735756633	36.6881813980747	31.5503534804888	80.9048266930768	95.0502070624437	103.571268435248	163.22618002409	202.853177311393	260.918734769973	332.562316431808	404.679755726261	463.784668119165	488.815674090074	560.53207443968	597.236588372108	658.717953914739	683.205860152411	726.857205806408	763.085444595485	804.32935847736	820.801350116813	805.995250220668	810.038393301053	760.678682263507	776.564802097512	733.115563756761	780.595917885038	768.068957046263	854.567022474346	967.073837308601	1058.02109983603	1187.20128053453	1220.99156389539	1485.73523869952
420.711	0	0	0	0	0	0	0	0	0	0	0	0	0	0	0	0	0	0	0	0	0	0	0	0	0	0	0	0	0	0	0	0	0	0	0	0	0	0	2704.61040536502	130.097685966557	49.1766115326467	46.2819457132512	91.7814557140425	101.656654967929	144.046501485108	194.742353626675	211.918176050708	271.613884844119	351.801466342804	409.81653389793	460.002480618	514.187669382013	560.846525655905	595.080078163527	672.301173655159	692.448060522459	731.804767543987	758.767466674346	800.771616723473	814.853653252044	815.766889674021	783.540970700403	773.59960884252	750.599920199443	783.355410939806	772.837389376219	845.797988017354	873.640325507789	997.698738098819	1089.74095518961	1187.95251076935	1412.84904335664	1495.78790273741
424.007	0	0	0	0	0	0	0	0	0	0	0	0	0	0	0	0	0	0	0	0	0	0	0	0	0	0	0	0	0	0	0	0	0	0	0	0	0	0	489.875943731078	37.0972456444129	25.5568224789452	84.623496106716	92.6426822978358	129.252292116674	153.84557386033	208.691529221082	249.992601647364	313.042049184594	383.664770966207	433.079237989973	487.375133087781	545.491358682707	580.805363846241	631.151763828604	659.126114314062	677.765819939755	716.666497122885	755.27540945561	789.690323482216	798.042221198765	799.805409262879	775.893579454866	756.613389941987	754.980550940839	787.806847394508	769.389127353257	840.847678988265	913.500780026049	991.684749990113	1119.00972475351	1165.62869688483	1170.70085575683	1450.46892462323
427.304	0	0	0	0	0	0	0	0	0	0	0	0	0	0	0	0	0	0	0	0	0	0	0	0	0	0	0	0	0	0	0	0	0	0	0	0	0	1162.22069973511	45.2189433945261	32.5137533721382	41.631726253891	53.8375219736654	90.7453030080204	117.961276390599	155.207633540031	207.617916443583	266.12404037134	309.23978270288	380.349361948992	437.977355427549	486.027730507905	513.820804260622	572.540356394474	617.150211383582	642.357925582205	674.000998281588	699.36907140709	727.260817534457	763.58325207964	781.508835693517	736.397011381445	760.619531508365	713.735737266686	703.279808333212	735.318607384524	749.230297471148	795.588562915749	929.797747543994	958.166988254762	1072.80841662498	1228.0442193987	1160.23945257029	1217.84095605985
430.602	0	0	0	0	0	0	0	0	0	0	0	0	0	0	0	0	0	0	0	0	0	0	0	0	0	0	0	0	0	0	0	0	0	0	0	0	2261.84781106999	112.260196769	51.5828324074079	49.7166177028197	82.6254618166516	115.511825419104	142.196122865011	147.993672769357	195.235133041499	243.904332578921	296.32529980965	343.852347189593	412.878861989986	471.605632081496	508.677163833539	566.385554673893	577.532297116716	639.301154391179	670.324325630929	674.159643667715	732.46151417947	735.534750707264	748.940490358597	773.756206975521	777.018947498493	753.370180360297	745.352294840584	747.297366503017	763.093829583012	759.070314327588	905.220628774298	922.232749061493	1080.00674043386	1112.51251369293	1237.63455714463	1373.25663993919	1486.31307027931
433.902	0	0	0	0	0	0	0	0	0	0	0	0	0	0	0	0	0	0	0	0	0	0	0	0	0	0	0	0	0	0	0	0	0	0	0	0	398.750324715907	36.4912519698898	32.3368874743345	61.7979189940691	58.5735514183125	93.3462916064057	125.679586613347	170.333546074855	193.501870044089	230.148249689725	271.370713246805	348.26201964156	433.898217932008	462.455638442082	506.51765919153	545.983376100501	584.109737075801	620.173316941957	648.09778400853	653.993907719692	684.32015075705	732.328065771501	739.776791049393	756.703371679601	739.547037243186	746.648557932353	703.579308822265	720.988163542991	701.482769783425	753.547779879	803.295513528723	939.569755537763	1013.4135924627	1107.65222533719	1213.9194301018	1419.84184898128	1413.43662531583
437.202	0	0	0	0	0	0	0	0	0	0	0	0	0	0	0	0	0	0	0	0	0	0	0	0	0	0	0	0	0	0	0	0	0	0	0	1007.97309079486	26.9912512042927	28.1678348812056	46.6906013392801	60.8036022400778	98.239055464782	108.747412238724	158.217277480555	170.452497266335	226.864608109625	263.691900332229	292.455838403559	365.042576423037	405.267065627105	489.277077792133	517.055240362738	563.312814993538	579.993518333965	609.001458457523	644.922207253597	655.612379779523	690.829308962924	695.287891855143	720.294410381253	726.430563217543	714.763979091272	694.810946186632	691.050907851676	691.475210411475	748.796092461962	736.140411739655	838.517799064226	897.120470881549	1035.91714609587	1055.68273483612	1192.98647669432	1183.80733531226	1316.24408274098
440.505	0	0	0	0	0	0	0	0	0	0	0	0	0	0	0	0	0	0	0	0	0	0	0	0	0	0	0	0	0	0	0	0	0	0	2016.73366980815	101.745409700582	29.6036532984162	55.1835380282634	78.5733046575928	77.9269511505332	98.6466247235194	138.41654412481	165.231676097625	195.487291243139	227.015872522321	269.064142196429	332.0970540367	393.7764511034	441.427128056382	490.416256483291	539.129271091235	578.342433550766	593.067735535395	632.563901850133	627.501110871674	671.632483653847	695.136456346217	698.103184481059	729.855272621554	745.746412156474	711.441714142025	714.164634451432	696.441287264827	717.119366892392	727.988998966339	775.118909616564	839.587416316617	1000.78819795253	1020.0116133143	1155.21680103314	1313.17128104414	1347.35183514136	1403.0241092818
443.808	0	0	0	0	0	0	0	0	0	0	0	0	0	0	0	0	0	0	0	0	0	0	0	0	0	0	0	0	0	0	0	0	0	0	320.800557924319	28.9152139420671	46.4255515887131	50.3619254329162	71.2661246919792	72.0708152969134	111.389053753186	147.282499529562	166.954354394397	211.285747059719	247.123138424815	296.256996075892	328.260490368661	372.150706627515	433.242256868196	485.126882172529	503.3095531202	546.026875698311	576.894516844365	604.020092653439	633.413927010101	641.957554400503	657.965259096848	679.620268073742	694.695704019745	695.437460198247	675.589919535829	680.298264697885	664.559625900567	673.117855793612	705.154690465497	740.747100698507	851.384147310339	964.705834973459	1041.66854430588	1072.52487744229	1114.75936623145	1251.51947467804	1231.63452466242
447.112	0	0	0	0	0	0	0	0	0	0	0	0	0	0	0	0	0	0	0	0	0	0	0	0	0	0	0	0	0	0	0	0	0	957.738180794083	34.463155616731	33.7354612593057	40.3129067343188	61.67958879208	67.7660344087032	98.5745791235871	113.844937071145	149.289765946847	182.126043757448	218.034900302119	235.423327320022	286.776651246821	321.741508103371	380.333469101408	430.655060219135	499.256222045608	514.678960603993	546.946321487976	573.413342475947	589.152203701358	617.411055045982	624.449683178592	631.697200396592	652.287702731295	676.909018418311	689.513789250656	680.732720136016	666.432196212012	647.024224712657	681.871320449665	682.843098482296	756.088289272262	823.865915832252	882.220710224042	964.461443975468	1135.79275727916	1218.39817687057	1236.7575524665	1407.27269420961
450.418	0	0	0	0	0	0	0	0	0	0	0	0	0	0	0	0	0	0	0	0	0	0	0	0	0	0	0	0	0	0	0	0	2087.27899414025	58.4292902992911	16.5567960253413	18.2432227237327	42.1251968600112	49.2336062664459	69.0360347127832	91.7622285749177	124.870268914341	138.78386034267	155.159486994822	203.987270436855	246.051298213471	280.140090211545	330.6086733237	370.187744405542	418.62922683057	468.517344446148	503.652350527361	515.407644290252	562.0930614274	577.027022141751	600.040539457374	595.287536497091	601.290280727133	611.064651412216	625.401487386663	641.28546522024	640.708636180218	616.089168493043	602.012153907179	635.988135885501	636.635638404411	699.765515470919	803.308532900742	881.924584173762	925.091620394363	989.007193716526	1066.40384038529	1077.77505412336	1115.82595698363
453.725	0	0	0	0	0	0	0	0	0	0	0	0	0	0	0	0	0	0	0	0	0	0	0	0	0	0	0	0	0	0	0	0	387.401047026362	15.6737699991377	46.8330723459262	45.9139838645701	40.8725265586659	62.1028628535985	90.4028560320926	107.126134637459	138.318637165338	151.776967939793	194.085971715095	230.826013373827	247.042272964975	285.773190625182	330.302147762811	402.912625932235	415.934317609843	471.844892552956	513.9342883569	527.593463092217	531.36483437118	574.752075651844	581.090597012345	582.782483936504	616.372735059676	617.021532768865	627.709560190519	631.361559472579	646.826970181514	609.310802253096	597.254993976233	622.955030344426	678.384958045915	747.006395299008	817.193205925454	906.468177131386	581.668517936831	1067.09097985547	1129.65440832695	1140.97878544172	1163.86351142487
457.033	0	0	0	0	0	0	0	0	0	0	0	0	0	0	0	0	0	0	0	0	0	0	0	0	0	0	0	0	0	0	0	850.593420553927	31.3556797323104	31.9445534072341	35.8985808427284	47.9770982612887	64.9056726677867	79.7763567250519	99.5023583639101	110.547605015025	141.430890762963	151.705377063601	197.390266935523	214.13491929562	259.18391611152	309.150731916255	334.580522547388	403.081189568532	435.283480369674	472.461483096905	497.370322587081	511.635556968124	551.932872784109	553.76404204363	574.888376618631	587.780763826221	592.313650637062	608.65089125165	620.864209175322	619.263043879988	591.800646231519	600.914345746799	608.431060736561	632.793229946933	647.336835123468	717.505143679307	763.269887882156	908.309981954212	995.04920972764	1007.70189193929	1092.79662713782	1097.68382158789	1319.08361389726
460.342	0	0	0	0	0	0	0	0	0	0	0	0	0	0	0	0	0	0	0	0	0	0	0	0	0	0	0	0	0	0	1716.34250156166	70.3092525897183	29.6379100113391	46.4010632708363	43.3534258055304	58.1990366441194	73.9133994373739	97.9972190900613	120.525346422147	128.627138041681	167.311268305318	201.822261914202	213.228656085067	243.438829906236	281.71356425579	301.430195464019	358.904881259478	388.327504072094	411.143611452715	469.009073143044	488.233362270719	516.230564002472	527.643636643396	542.98307006877	562.290814498386	556.554958931424	582.896132632897	569.860439316628	604.177181624738	592.525986415581	591.948652977206	585.265187931473	603.877439496775	615.657534314946	660.295219824254	686.446905727156	771.458119538686	904.86346074315	1005.04889036939	995.500931427143	1113.98726232519	1171.30154767536	0
463.652	0	0	0	0	0	0	0	0	0	0	0	0	0	0	0	0	0	0	0	0	0	0	0	0	0	0	0	0	0	0	271.87990947328	23.1372202619366	38.1500466712831	42.8845836925027	40.5414342559794	70.5718230345956	80.3106255972565	93.988214399548	105.835377269813	145.662019798454	161.621805970423	190.32974644397	212.017020942995	233.815049441046	260.767659832582	283.490778166638	342.015905863136	380.963716776228	422.125478514757	470.98541848855	483.811788758487	492.084534364437	512.495312147781	522.518840381386	533.670202233084	552.127936362781	542.953043315777	564.350582424512	558.92560918335	572.181874755704	572.060385160538	576.824608732733	582.027174993784	593.926445836668	620.841242525736	694.171148756649	742.404634515336	807.618068682056	890.74930140313	1060.40309463411	1009.4318787274	1176.56100443502	0
466.964	0	0	0	0	0	0	0	0	0	0	0	0	0	0	0	0	0	0	0	0	0	0	0	0	0	0	0	0	0	723.864416754695	9.77433645417169	13.7915817445983	26.3722303457076	22.5845579693619	48.8616114745197	58.0032447097245	73.448837146589	100.069630840486	110.468916390711	141.300361449924	168.947728385525	177.062449452293	217.737849966887	254.789770925637	279.507342552429	322.768338978214	325.573838109206	369.689873428196	408.308648353717	450.011181759356	441.952070556689	476.172969498529	491.164222006744	493.669016363525	515.834341932151	525.681991524325	524.070514140953	532.762867138391	533.023512423917	568.468973757335	535.941867316017	537.603624476981	544.923303785765	547.749144351873	607.624960695102	642.273069888043	701.927529297096	804.428438026747	811.394804182834	946.545988498332	1012.76142767945	959.963168595874	0
470.276	0	0	0	0	0	0	0	0	0	0	0	0	0	0	0	0	0	0	0	0	0	0	0	0	0	0	0	0	1397.41188560007	50.5269127108712	25.2671047136574	27.84626560993	24.349998213306	32.6695976482086	57.9843433978569	75.5295613942286	74.0400503357709	101.549462927964	124.817460243235	135.343735045465	158.847590347411	190.323470895839	223.221764292936	234.272139825365	253.215174396689	288.185119568309	324.069250254532	359.354915864561	400.47044056946	433.099682005557	449.554029717085	454.66353975843	476.516545530156	482.518346485168	472.382762200407	502.080200071809	510.796641598491	505.269590971508	519.339642001812	532.516397620968	550.446646447107	514.485045220555	515.428102088398	556.651628730737	580.573941814095	675.368094624844	764.858653206926	831.239317808327	864.006723290335	933.486973236823	1073.02100998259	0	0
473.59	0	0	0	0	0	0	0	0	0	0	0	0	0	0	0	0	0	0	0	0	0	0	0	0	0	0	0	0	186.655194807038	14.9517832981791	24.0151128719222	29.5660242305536	24.8693500467008	48.2656750085186	56.0305005777357	71.7058248884532	99.5765869836483	110.296809380846	122.456028791564	142.754363432311	172.066204752211	184.375500064254	205.706691446141	246.437504137557	271.718986042262	294.466296623773	323.680156146088	361.45835937735	404.5500166021	419.035783222003	431.534932363754	438.127720984468	449.041353515548	471.671309459777	481.189312283758	485.389972398211	489.812691983492	477.580365812849	504.264149738913	504.075889680529	482.075554179666	520.6679854564	528.225605774946	533.0163612874	564.711662452297	622.955267294088	680.971669334472	812.7286865277	915.250117036429	930.687694376194	988.96847958831	0	0
476.904	0	0	0	0	0	0	0	0	0	0	0	0	0	0	0	0	0	0	0	0	0	0	0	0	0	0	0	525.637963099686	29.1854257441179	33.0523357488377	38.1694754459739	42.9520559442615	48.2981935235457	57.6126703813045	81.5021027074041	79.0823720443361	81.8642096184224	105.503255004497	134.384774321014	159.3303987245	180.001558148693	221.5339855849	247.195492734705	247.754238929019	281.904078173216	293.499862140862	323.112511141567	360.418737163005	381.986490742916	432.142109969683	429.827736802067	437.466167021486	452.669236514472	458.179528921051	473.828253104666	467.718624810747	487.539633915284	483.211005022097	494.883228961158	499.69897079559	482.781020756016	505.209301797016	530.890241591494	548.269926495124	610.590561671638	627.093714547255	758.467357297509	810.432482551198	861.624548001123	934.580937419479	960.807357766314	0	0
480.22	0	0	0	0	0	0	0	0	0	0	0	0	0	0	0	0	0	0	0	0	0	0	0	0	0	0	1318.22619808394	37.2358151272818	9.46429519255403	20.0421599084356	28.8771133160323	24.6756496188479	52.9975459022767	54.2960058256077	73.9739427676919	81.3115973556667	93.8181135032582	117.711921105315	128.697008107992	148.185337169275	176.791318835992	183.1063516928	219.763263690836	252.863083299148	261.863651992711	282.393634563881	302.861836904585	335.644282536416	367.309762997373	394.894019154899	402.468408034051	424.851348374504	438.677132610023	434.760046971072	445.816804834957	456.780243732655	447.174985640061	457.751475617055	472.271114250466	484.06817671058	474.958600516997	478.954799807523	487.384483110213	499.261074064728	518.295326390114	599.938948560982	652.916587587536	739.43758855039	814.072365804291	872.300636198077	0	0	0
483.536	0	0	0	0	0	0	0	0	0	0	0	0	0	0	0	0	0	0	0	0	0	0	0	0	0	0	166.559325160235	11.3956982368496	9.02534007798812	14.6809322098024	20.3760863657545	31.4538119811018	40.3421093775272	43.7923615503973	64.3137404047037	82.9569631465432	91.2283294949615	109.663890729617	139.358496814171	143.380990938048	166.39470384748	176.247435902788	220.340097864956	224.108120024063	255.494647965645	276.886317924545	289.545003571841	339.554293834848	353.639837056891	385.026230482531	369.611957157791	396.25370397592	400.539727944445	411.656051983475	427.148897347775	408.734040722176	423.193191240978	426.211239680177	450.402604924422	444.214456656643	452.6315545255	436.63334869213	457.440959657321	480.243295388571	513.935434976106	526.181622325798	652.459391763117	690.878396043462	756.817056659393	834.719095939862	0	0	0
486.853	0	0	0	0	0	0	0	0	0	0	0	0	0	0	0	0	0	0	0	0	0	0	0	0	0	714.503079653956	19.3639346377339	21.3088620002573	27.6810743356707	26.3846381559562	44.2140627407061	48.0183555049066	44.7155926898487	75.2382722781164	84.383716016933	98.3807127368527	117.046547702411	136.479875307557	142.867466925466	163.799259704898	176.901952872433	200.46680260738	237.208987138095	227.170915029968	246.770158810559	273.661416217832	290.997634467632	323.629994352505	340.178459567465	378.310323598144	391.730859600549	405.190788530733	393.06974690674	410.982697166805	411.764888538213	429.03871929996	419.664708545795	418.63929408557	427.104883730841	430.27224438482	443.128342181201	446.591023951093	483.813023561043	506.867676539084	521.282840246982	568.942699332055	628.696457640546	703.139430587392	765.59272664058	866.152921731082	0	0	0
490.172	0	0	0	0	0	0	0	0	0	0	0	0	0	0	0	0	0	0	0	0	0	0	0	0	1348.49878336935	29.7270646446018	17.3586829468933	18.7802699317464	19.0790955987745	28.2437630398017	26.3058892484764	37.4425756892035	61.7243417677745	66.2004565955453	74.9088863771505	90.6781528944229	115.937002622447	130.680758440598	127.81932470146	159.470093185811	184.98482012782	188.289657197679	209.91449006128	227.069954850295	258.74873273903	275.02445425384	311.828970561691	302.268959376768	330.973989533639	355.767112041421	368.16949771332	370.995473407551	376.008884647264	390.524282486786	406.565501282851	395.670690144321	400.331682892015	412.121661519528	405.83458871094	422.225589954983	405.948483360396	434.800729383425	445.337463028457	480.728153383439	509.23297952308	536.509205246451	613.675223712855	662.951624702633	747.097861299505	0	0	0	0
493.491	0	0	0	0	0	0	0	0	0	0	0	0	0	0	0	0	0	0	0	0	0	0	0	0	151.682584214276	7.13812495217498	11.5644710878071	22.3373336848786	23.6425431700741	26.2677375527077	34.9428871864758	28.6934154928057	55.4338219091517	62.4848465638108	82.7989058791554	85.1727807077215	103.85792893141	123.544618996403	140.859753165909	152.839348018251	158.870303716428	198.796239614818	203.877299269386	230.653013022334	244.816278368411	249.385672597976	271.689883317479	290.502419565363	314.670487246789	327.731717698841	346.185902714043	355.282036483451	362.303999791344	356.858580524919	382.708984710547	361.530122134841	367.815688415366	380.179777815578	382.954265231321	383.017880287756	423.091943038524	404.440227618232	431.607425115503	449.01788309412	484.805799087276	514.651938318191	567.135391030446	673.85903967252	729.231995251458	0	0	0	0
496.811	0	0	0	0	0	0	0	0	0	0	0	0	0	0	0	0	0	0	0	0	0	0	0	570.59775702242	12.1674665470148	15.3955046112302	8.88747854922337	19.3982409874979	19.0501972943882	24.6883535380042	31.6584088536197	44.5506884872341	59.8472899234609	58.5545602596246	78.9373575565191	94.4236219719533	105.089866289519	113.311667664999	140.8312275935	151.399520538479	158.109890864392	158.468954846896	192.094467819762	218.795077472569	226.851996035672	248.458350543563	257.757495208915	273.944809765957	308.485190035	327.966894498241	338.81576963831	330.223908835027	350.78036307325	354.601019835294	352.37249914262	356.432565396711	353.072170316668	367.745151587891	374.139149651411	387.836554716482	378.007119997677	404.760924510716	387.037522425196	419.452898296352	440.875868525279	502.367860397903	562.879789861411	596.009338450388	682.65382860118	0	0	0	0
500.132	0	0	0	0	0	0	0	0	0	0	0	0	0	0	0	0	0	0	0	0	0	0	1267.51660120827	26.0272797889052	1.98920339484318	11.1591274426478	9.09125937415416	17.2810061645266	19.7027496429538	32.7122457483682	33.3005289237983	45.0577846762434	44.2290482540931	68.7855136352945	76.5678559507275	105.196075770056	98.8490224624575	117.8879028844	136.533882435449	147.17222517988	159.986635068432	189.084889865716	213.612417490543	204.694525859797	223.411866193712	250.864693254199	252.282552392765	272.532572020206	287.788654430931	313.572792436585	323.951308291191	323.406145084942	330.361322889117	343.09230570802	342.80223519842	328.902452931587	349.06926962035	349.569309293752	364.431653316346	366.725401519953	379.511881446606	368.591862991855	366.942349389008	404.787580812196	442.626803397107	473.987767212517	538.906918362925	639.969369409524	0	0	0	0	560.056626175714
503.454	0	0	0	0	0	0	0	0	0	0	0	0	0	0	0	0	0	0	0	0	0	0	184.442215527584	26.5069063894638	18.3866832318227	19.8392974795949	31.7844472467347	31.4022465809702	34.0522244908644	45.0634102948117	65.0701052042407	70.7928379212904	69.893759419462	89.327470926392	88.5290928739729	105.9807069504	127.914334866016	139.011998892518	164.955354536152	157.625092157509	174.399744625439	194.204971135783	200.712711655475	218.391751520989	220.04579347867	233.714676390113	264.872804799378	272.310112176929	305.307356453215	304.005745583691	313.291601950946	311.55285397698	329.795427054686	321.182785106065	331.852961775292	338.900290741386	336.122549633423	339.778491445497	359.972948401929	363.940555400335	378.055563652567	380.020275056198	390.621523261145	417.189968659086	451.605561260294	491.556598069169	549.457863921926	620.260364955293	0	0	0	0	936.288911381852
506.777	0	0	0	0	0	0	0	0	0	0	0	0	0	0	0	0	0	0	0	0	0	542.730396830077	10.5451324661832	4.75475339873791	23.2064336895785	14.5640980153886	19.0950872301053	29.7016123973546	29.5869243423273	39.681436169072	44.7693951660152	57.8545436275704	67.20964460541	71.4033389536743	81.2558342181491	103.360166314777	108.482026885635	121.918124298473	127.508330252939	159.949579141521	158.714214465587	188.394508181622	194.035500646536	197.148886796978	221.611182104841	230.205188701639	249.105008861138	260.664742698974	271.795477942725	284.624288963987	285.403756782958	280.501779715529	292.013544525433	297.187008237532	312.952487681536	296.982801761616	310.191408407018	325.598070865945	318.552069662367	324.113036750939	324.043920061517	347.002371403086	376.668931417599	390.137262367169	411.981461937997	445.823295324079	525.72868288295	559.296957896752	0	0	0	0	693.388005362236
510.101	0	0	0	0	0	0	0	0	0	0	0	0	0	0	0	0	0	0	0	0	1122.51819159152	42.2093337864783	30.4238073592839	23.2441003525392	13.8692180110692	21.5018810318398	27.2315254212246	30.4731709801587	33.0576045072626	42.2670849376318	48.5682872553617	59.1924788202014	79.8219079313101	74.0860198317587	101.516289451601	96.4683047460825	109.404422579454	146.035431608487	130.896424908619	152.725525218586	167.269730656542	189.099071319614	196.747804499817	201.309490545691	205.230609377889	209.685733020917	222.105054373611	249.713076267703	258.674425278517	273.968782591004	271.420162245914	280.866028508256	285.38780296712	279.065666362808	293.419651781508	293.999522075789	300.459952788993	317.305855576617	309.24953949688	330.588091853399	321.180988766267	349.875620595512	370.508283023214	379.893325896019	394.450934077074	446.150562699026	482.429365085307	0	0	0	0	735.866107159383	828.562824715024
513.425	0	0	0	0	0	0	0	0	0	0	0	0	0	0	0	0	0	0	0	0	151.37244890885	-6.63592512218953	-2.90014160933292	0.522847413253936	13.6307493012031	13.3338129835647	9.74858150850458	21.5233400010671	28.9531066081741	36.0489262249574	33.6709415425187	44.4061623135593	62.5074658300186	67.7171470076343	76.3851462728163	95.0324303095429	103.397976581989	109.310966591847	128.050989856305	138.401901973067	137.820839378813	144.077608584934	153.139749731952	184.576891263172	186.169231453652	206.585497882627	207.079988312338	219.628347896572	232.547305437306	246.45091631586	240.28100201768	246.498763783668	244.405287499831	263.736259061375	264.581271232618	265.772862605166	263.183986162693	279.081001123271	283.00803078722	297.56506418476	293.255393589879	298.694918746302	315.554728396482	342.378597359715	355.518691087905	385.494360626649	442.601707181205	0	0	0	0	487.374139749405	471.833283659055
516.751	0	0	0	0	0	0	0	0	0	0	0	0	0	0	0	0	0	0	0	490.5955180596	5.76239177310151	6.73538588347458	7.62970278151417	9.52710086144203	13.3244983156637	21.5695677544065	24.5781762869889	21.6425376231027	33.8176086200126	41.6832131182373	53.5602552900597	58.4829215195532	55.84079749671	70.932041465588	98.2407253509241	94.2305226714084	103.529449018565	118.365519880781	137.807476360316	125.313973447182	132.064366823691	154.047400772634	167.601033132065	186.346944237357	187.997653339044	184.979750379637	202.727624917036	224.201178164521	232.736589168886	238.397603755484	256.348388683445	243.820172406724	262.79615724183	262.079106712974	243.73270584777	270.985051092669	276.086929566504	270.003785792655	291.643469283415	294.334019332747	298.508421709738	311.259512348931	316.406801315346	342.224113957802	384.319876090812	405.763620054836	475.084270304392	0	0	0	0	493.741296018256	474.614748148608
520.077	0	0	0	0	0	0	0	0	0	0	0	0	0	0	0	0	0	0	1162.562765577	38.3674340173751	12.4278059545837	18.1264915024158	20.8842792584579	18.8211523163285	33.2288146461893	19.4796373533286	36.6181588687548	38.3269531228259	41.0362816533749	55.5386746687034	62.0873480750103	64.2423308871368	77.2045493673822	87.5594499260915	83.3248658364115	108.163540844931	115.424294837762	128.915657449139	138.369105284288	142.106255752416	158.318923747709	169.364714748704	163.305234755124	170.431756566978	185.064564618696	198.809133092147	215.996768902474	228.351228746544	247.179779443251	251.690147346927	249.281703927483	246.366863466594	262.664883214889	264.630357556393	265.581352295619	259.727592521963	277.089881524881	265.912196109368	299.688126835912	282.168451938352	279.506384647804	302.839902519208	314.392051490073	337.792447760143	362.015854969512	418.957525748227	0	0	0	0	629.05227380761	624.513784807876	790.107748303176
523.403	0	0	0	0	0	0	0	0	0	0	0	0	0	0	0	0	0	0	144.780280368393	0.00671374977228604	3.3205481125032	0.350039291159868	11.1161433017892	-1.08200415585929	11.9086015305869	17.3895851870115	23.714329708597	21.336067979032	27.7226200041946	35.8224286446203	51.5379064322882	45.2861912317187	56.8525449763685	55.4651204263166	82.7271062575015	80.3058902711941	88.7597326818028	103.441811407566	113.560738847151	131.438444503274	129.627558316252	150.818488604575	141.695360369447	164.121456501224	171.96529959909	179.824097224004	184.617724370823	200.530079702567	211.619696872474	227.237581364198	225.224890715415	217.406538328646	232.391540894234	227.773082792801	231.33075112262	229.926363108168	246.949927499345	252.879951153026	236.183131010723	254.393438073419	276.10665756692	272.325428399016	304.099121232706	317.922620215494	307.914927359016	355.656068407134	0	0	0	0	463.279574409822	464.05127565649	425.863791118528
526.731	0	0	0	0	0	0	0	0	0	0	0	0	0	0	0	0	0	530.038460991707	14.9435781032298	16.9856568888086	13.4733752839532	11.9309253624948	17.5286797971416	22.49554013954	18.1468015569013	28.2215244240826	33.0175265481577	33.6630258829724	38.2748108321117	43.5277963621369	47.9532840498953	65.2659453868388	74.2741823669396	79.5106253690113	95.5675058616992	96.5270493145873	107.236450586683	131.05262914237	118.506965027808	129.969709260445	136.919646070649	154.825949801595	161.315812631481	171.696463262437	174.701176463763	181.025832138452	179.967970847974	191.685644108447	222.525719097825	206.683066565422	227.42804764846	229.915173190399	218.727822751063	215.699973170672	230.692868309782	238.765383518593	223.808297146805	240.398751521071	255.212876269223	277.982057904918	274.799427164621	281.837315857908	268.752927138428	298.375294639177	321.128878808234	355.671896292606	0	0	0	0	488.372509650899	461.406606001746	699.706265986003
530.059	0	0	0	0	0	0	0	0	0	0	0	0	0	0	0	0	1103.12877925418	12.4445831453025	-0.39406187637201	-24.2942665415076	-3.58282735238474	-3.35285742155862	-6.7210979508062	-7.11266431974005	21.9394325128657	17.5674615602791	5.21830226819133	28.5190383321767	32.5406820844981	26.4661558742223	40.5586237142048	43.8112894718364	50.713932664853	53.7013212991778	65.1735079909027	75.7829251746926	88.4657332891988	95.082149135622	102.720417026128	105.794308817743	117.857761130145	120.507571357492	130.654807073511	140.478017192644	145.846260112633	173.459406254729	156.766766583689	177.852904779758	179.715836645863	186.482656422567	189.812187144209	195.190151781915	188.36735529256	202.281598113194	208.497066733269	204.03838134796	218.037507479734	209.899203020995	200.932660633345	231.961165485441	227.267660792009	226.656373748194	240.705211043511	270.863388731061	293.47868698895	0	0	0	0	443.916347538515	331.446594379377	336.038904335077	133.336490954586
533.388	0	0	0	0	0	0	0	0	0	0	0	0	0	0	0	0	170.032419373455	-6.16892397336985	-5.90187633690293	12.0362446210391	19.8730773656685	2.98817090699594	11.5817510636614	15.1406357458596	23.895432338958	22.7823157209389	29.5997741778138	29.6737778810196	39.0478622096779	50.7275127268882	50.805338358494	54.2744809377986	66.4424086417143	66.5394796629994	84.5870236730595	79.1344257948684	92.7904131496096	106.659720224295	110.094873455387	112.354100164577	119.277171781707	136.746135816585	145.00277594676	140.478165177106	142.421814990627	151.629443277221	169.282589472616	171.790493343315	190.477850993051	179.237481259526	206.538936933186	198.727640968259	191.667187366336	207.355181489694	198.715134664994	204.484045222397	217.879415710962	197.629986974255	222.855074991751	221.527803006376	223.818333635123	235.386146403192	255.520708071574	281.270598975852	306.536849989485	0	0	0	0	489.44121384453	522.248853445582	459.738034286061	488.694996086268
536.717	0	0	0	0	0	0	0	0	0	0	0	0	0	0	0	520.033467331092	8.17852704821985	11.5392504279915	-6.300365293573	-5.26776177400288	7.11244145605369	2.00116848306141	5.80323583697709	5.23396569791788	29.9383512550032	11.8422892041549	25.2891635826052	26.9061912878146	26.7823167089255	40.8379168333929	50.2481040543364	55.8775291752388	56.9111984241976	59.1469812637551	57.0071157981584	82.4736173799456	90.5735456036092	83.9955988740897	108.414506138113	99.9419052537594	104.944042082301	113.076917964471	122.000371233235	118.913776126825	147.89231598449	146.519159268125	146.47121429902	156.238767275816	169.459927292018	182.965283177561	175.189387133073	190.928804748068	178.378887041454	175.914249335707	185.489785041244	193.76519543641	194.221574695753	189.578368760467	196.970612759023	196.870304168641	206.086356804952	214.309487376222	237.841564912489	236.85950797285	248.591145693203	0	0	0	0	365.746266868206	314.359480691627	308.802554760569	336.632290332432
540.048	0	0	0	0	0	0	0	0	0	0	0	0	0	0	1082.13278748147	7.34644327186957	-10.5002787742531	-7.53067119241956	-7.60033290717749	0.772975218255954	-0.356009163058033	-3.03399695395175	12.6713286824104	-1.06160244920151	3.16713907112481	15.0871893595599	24.8736313094084	22.843632496204	25.1040764165991	28.250950341002	37.0092820832294	35.6530468030755	52.8711980050932	49.4424264267485	65.71892371899	72.3206061380139	61.3046232958651	92.6364041225936	95.7906604059158	106.327948998202	110.160423554768	104.951591796077	116.304849980446	121.369925287013	116.867372879805	119.134428027709	134.253571717688	143.888755245899	143.711929119953	159.704284661016	165.18521832405	166.114387780013	162.917779108781	181.576677558609	178.623640886801	173.488084858713	174.53256771445	180.988943543665	182.157009274324	195.137738921668	203.198061897952	213.069753484284	212.267156904397	219.049184094333	0	0	0	0	370.120149549068	387.181751724342	324.823779805004	353.987886741075	234.573541820807
543.378	0	0	0	0	0	0	0	0	0	0	0	0	0	0	154.580931376235	13.0827926712834	8.91181331525236	1.70206350890076	25.32333059441	10.9298347347742	0.0118011559403694	1.04245786087423	14.11883631412	25.455692594513	24.0504557462302	29.6510176753951	19.180134285525	29.1528129084914	35.427781133919	38.1840504346795	47.3367233583452	55.5097192935413	52.7222864425054	57.9102021881515	75.003530205074	79.6948163856382	92.5007250687618	102.529875757919	99.9724054524495	107.340489890194	120.780361627582	115.252164011134	105.483189302263	132.268710284108	134.533560291343	138.625189875115	144.372804280936	145.226169078423	165.480925884838	165.129629702508	164.751084411945	170.179051848644	166.908315494759	170.25856591519	167.399304768385	192.858746736897	177.307307910291	190.695503477768	187.717936258358	210.368990129679	212.223736794251	209.896568684523	229.82797447949	250.399696826069	0	0	0	0	342.794532468919	363.899606429391	432.603507638722	389.236212094961	404.757714964299
546.71	0	0	0	0	0	0	0	0	0	0	0	0	0	468.770166846953	-13.382270585041	8.04136168305193	-4.96310587519319	-1.29201306076387	-5.77262700563706	-4.34821451638351	3.73633023883953	-2.44571284820811	7.9131915888255	2.19494000603771	27.876047648717	14.9079781810596	27.1424461674504	29.8678352353494	29.4212121444112	35.5415331148585	36.32370587823	45.0917973364301	59.08903348312	63.557049987662	75.6850424225052	63.5098695624091	70.2915804651198	92.6646836859754	94.5830780494199	83.2720062632563	92.5307297252696	98.9572965557533	108.265023938014	117.050798345683	123.56825086234	127.551171623791	127.830415249684	136.606869331662	143.714053101155	143.036164310791	160.953656969871	146.83245425067	158.335308704038	157.736510117239	164.159560392533	163.887221077525	172.061077934473	166.183864675299	166.339971375055	179.7932055155	185.253735877356	183.791684276354	219.687825913963	224.354243891074	0	0	0	0	334.051575405392	349.37861922085	304.496883142128	276.848151147167	267.570009252476
550.042	0	0	0	0	0	0	0	0	0	0	0	0	964.412731199494	14.6082597632933	20.8900942182537	22.7739877272839	16.7494240417593	18.6323305691671	24.0629878391986	19.0270224309789	26.9281519463117	19.9528970776996	17.397661645255	28.6114154238232	26.4426318121648	26.2733169183775	36.6390609641856	37.8909816810192	44.8317382715659	48.1358662061893	51.8767101711627	69.355434533255	67.3253962246037	68.301678121198	73.4857597217993	80.6633742617919	93.6560176457707	86.1880141787831	79.7065037988708	101.490376992946	110.735346301761	120.761184824129	116.728859451286	108.032653992508	109.533885575611	114.653078854989	143.115494923852	148.411115138651	159.220139018751	148.996189426187	153.095003934378	155.607327734414	160.978601984274	172.967050839444	161.719939784137	165.830653744514	180.134081918227	170.585754248228	186.329580642874	173.932876435366	184.638836541311	200.314222875781	217.723000249155	0	0	0	0	401.592366161752	378.469251781844	362.236573015012	464.786834605054	382.339059549491	497.208661561123
553.374	0	0	0	0	0	0	0	0	0	0	0	0	107.481898779291	-18.1665275311307	1.97241191614549	2.3611403549055	-3.16104037720438	-3.88995521433004	6.62126441758396	3.17042942698689	3.36214477540864	-6.96085238131102	6.98346877123599	0.275856182536336	26.3219222910561	14.8727213615083	19.5989298012258	27.1664401463882	28.875014728299	33.0920842666392	39.5527219407233	30.268914839838	47.9440767532313	53.0971300622072	47.6724289658883	54.3250444731766	63.5032037550351	75.1414069636065	83.6742214488145	75.9190525217009	72.2097498871871	96.9169532537457	90.0627444598389	108.509233207212	121.085070847405	102.12987461812	115.848558458249	124.62394925552	130.421883738197	135.426745875147	137.001358149906	128.473687840593	133.728826978995	139.32184672928	148.948244386863	135.990242046288	138.548009828565	150.684222344677	133.630548772672	162.211934039851	159.920229781977	180.673988881366	184.447377920678	0	0	0	0	273.825846649158	271.970153091701	256.648331251561	224.469081548181	325.770657559163	163.549460843242
556.707	0	0	0	0	0	0	0	0	0	0	0	392.985111382705	-2.15968702122555	-1.02869616932766	-3.94693875019374	-8.41730334925039	8.93364103974123	-7.2883647579335	-9.42207730789238	5.88619228916621	12.2071208644298	4.16134894155425	22.0109787113548	12.7775367411299	10.2156388389237	29.9871714239387	22.7800849570023	20.4288942427722	28.177303287356	33.2193032256098	41.6202948517461	38.7735913666343	43.7586314164332	40.6484225073454	64.8754999835854	73.41302787193	67.4444352724702	77.3396663722026	78.4273167280848	97.7931121029499	97.9528823049507	83.2415300269348	101.529036363419	104.442060312115	96.5677338676058	99.9156372588294	116.473449837966	116.468237255686	121.581968015677	124.885590105629	123.042408872011	128.385148508508	124.01618244808	128.665909122273	140.222879164019	134.422620660687	133.800287915243	153.531057325113	140.142355360423	158.285145182354	154.415903106923	169.345809813911	165.024516379339	0	0	0	0	240.892228895699	258.086090495933	324.05295223077	232.477264453651	279.456027167857	148.14322522748
560.041	0	0	0	0	0	0	0	0	0	0	969.086314864131	-7.90088304790606	-15.0738139896651	-7.2047150811054	-16.697997217987	-4.21267163392972	-14.2994819893213	-0.428337077574964	15.9754648338581	-13.288933068057	-11.0520210661132	-3.4425499158874	7.82595967508746	9.50118936080992	22.859268988092	25.0285455492017	21.7021483206676	27.5837810440305	28.7922570266454	27.6677449538347	37.333291015333	43.3216477383627	48.7155120162314	52.3472080201879	43.0972681407086	60.1393466525963	67.3497242006373	65.8125110242874	68.6885760684565	69.5937889259227	82.3138209392476	78.4757957339717	82.255257803564	95.0801125757779	98.3055184889613	106.296621522293	99.1893548607319	111.059561754186	112.924959358488	113.144585283348	130.482266750026	110.053492148574	121.109394905796	117.178113781496	126.699936082618	130.069492049388	122.034094421173	131.459936218782	125.435753168769	131.998863826352	149.094108794588	162.137843711592	0	0	0	0	298.104538555478	214.595993899274	261.289073882994	232.392039835827	197.614835251931	126.602983840833	116.261550169271
563.375	0	0	0	0	0	0	0	0	0	0	109.23564101055	-1.69977627501224	-11.3417532512577	16.0086630874063	7.88272943862419	16.9040191640788	16.1283926430002	9.44326065604335	0.833135151962378	2.35745982482554	21.1052402216945	13.859896921521	9.96514886849381	19.8830743831725	21.6942987550453	20.6279822252302	26.1467773801419	30.6251760217984	28.3813834056884	44.8618775030191	31.8040268381839	43.2089933204059	42.0660696590433	52.8227648018236	68.5754071857372	48.6436327791206	59.4044809382981	75.6790398239152	84.2337078822186	83.0179600269488	69.9972312125458	73.6677431046821	82.1889680272894	98.3642278263798	98.9486891651275	98.9071225415742	102.718537592908	115.514291813216	109.196163168441	110.34015594092	122.162745879525	103.24553224107	120.42068099695	128.63863035242	114.614370258209	124.250455961152	141.915842496785	145.651218682216	141.113107629354	150.596431588994	153.606722833366	160.745028796042	0	0	0	0	235.783429988419	279.420012681756	253.788883799009	264.170312547504	234.866728407461	303.337439516245	261.984869202416
566.709	0	0	0	0	0	0	0	0	0	350.453387282268	10.2087326555855	-5.75275443180607	-1.64890003065874	-17.3081584275287	9.49601683498101	3.34981896863566	0.909861500185498	10.0168560387583	-5.00017720089439	-9.55972167436234	0.38016612972231	13.3841469742476	15.3465266143292	22.1364424473117	24.8271950102318	12.7516275086835	25.7240513887381	27.1180524009068	27.1565637861871	31.9873286476254	31.5967743326813	47.5589646150065	47.8501449662108	41.3913345541159	43.9349167719075	54.5971027804761	64.8152417007759	59.7217735705505	44.3196289517877	63.6882258477054	71.1034253326129	91.729202117841	75.9666662056793	76.4644147383254	79.3422468991606	84.443229596227	84.5418843131798	96.6670953802251	112.421453344189	98.8027462800733	110.596397921117	117.79112707799	114.248794913443	112.694767448435	104.302771444504	114.420522342113	124.069920303846	110.373430065826	118.920206819526	120.729019286578	131.221468178829	147.963371036517	0	0	0	0	178.587332373419	178.040949306005	284.574572802316	238.377865621608	183.823599470592	126.392130623303	284.179987733869
570.044	0	0	0	0	0	0	0	0	794.54431932516	10.7224066466708	-14.6090356418307	5.84632082730495	22.2902405007469	15.9859670685288	12.184875881331	5.33005708564849	11.1035247498937	13.2862877326556	8.49393031577874	6.88879336477626	16.8118196008757	17.5232186899469	12.4707034469369	8.7131283265398	21.3586296622735	26.1398460594952	16.502325764793	28.7310609480119	28.9348722609439	31.6821780382637	39.8626392820763	30.5253531028749	53.492416175739	50.7661573993031	46.1493628022009	49.8719139076482	61.619917375509	68.7705116341443	78.6679109482318	81.2547504786704	90.1930877986962	81.6131008495046	68.1252214995505	91.2817941978678	85.47519344664	94.371931756528	95.1776596722587	87.9809795722115	105.707510497129	104.570184797849	99.1954602239895	93.4185222852493	114.912939590843	113.894623412976	122.944285290954	104.534938391729	123.106864688999	130.035581043255	114.164252299275	127.694504927007	149.459963225282	0	0	0	0	240.452461506031	196.816076129116	227.342862463406	208.756904575029	260.4020419935	270.165690346689	331.736852145144	149.677176506352
573.38	0	0	0	0	0	0	0	0	102.488203329616	12.1063012251301	21.4415058906915	9.40967270739124	3.92449618639195	5.36191317915828	3.06628273245298	18.53211259555	11.1655955113799	0.442214349124027	12.3651134082465	24.855926025012	4.61640916565733	8.27876550707479	31.6834898966177	26.014224073958	17.8682103000423	22.109070892115	25.4282212519096	24.1473335933154	42.1239258517958	30.2340973077862	40.3515916269633	40.5886516709592	51.36077620623	55.4721199497347	66.2329365355685	71.3668982524143	72.1164272650221	71.3868287967826	71.8928920282808	71.0230762428865	84.5941677727375	88.8814526816465	89.1938281617586	82.246635268298	89.2635513132263	82.8917489544468	91.8336547168028	98.1633715002085	96.6046233242309	91.9293889410073	104.511297162378	116.947010996861	107.64712992649	115.743419423739	108.356515294928	107.337735339946	116.368301154419	115.535188097372	122.254374918077	127.757292587441	140.527055023409	0	0	0	0	227.027549177163	197.194163171043	184.03061585333	221.220315979321	266.594416608517	257.84113583264	277.248140416916	143.311682341772
576.716	0	0	0	0	0	0	0	301.018828234527	-12.5482874295856	18.4317291915714	-11.6153697345782	-16.4382157728674	-16.2343948261678	14.4515135802326	-16.3382401771484	-6.33101522228934	2.31431496072733	7.99825626624179	8.97248234700214	-3.65922051371731	2.69959498907425	-8.25659620472329	-5.33106468210682	14.1146918304409	23.5261993315617	17.6563178638676	11.6247782242294	23.4299967004473	21.544983600724	37.1192129658178	35.4059135408441	43.1815052378339	33.4674466375208	53.5068684199093	40.1820932602458	54.1415693314179	49.8417375110968	60.9555507900645	73.8428411021005	56.4995851216249	65.2560152079421	74.4853942109273	55.15416430831	77.3227993343005	73.0694902785137	91.3961733464633	82.0449531399103	91.0745853839326	93.7059835900468	86.3701149533031	87.6324452362353	84.9709210347714	85.0066335199926	102.935422388445	108.172405668866	100.368581709844	105.435987444321	91.2459337928909	98.5432544091215	105.129184873733	107.025098995754	0	0	0	0	144.757595562325	161.44703459061	225.248351746881	220.859392118438	270.744761725507	259.404905502862	155.859970089987	128.291342974199
580.052	0	0	0	0	0	0	683.469757259925	28.4852356651912	28.2070219805635	19.5851706697183	26.1332566784608	8.74908177075913	8.34423481448137	-3.19159609632457	20.7818947427229	17.4153617627706	9.68762393350641	7.06955529188744	22.8409671001302	15.3577425515824	7.24370203232698	22.1239912768562	23.0289885777255	25.2450502920851	18.5012834802695	16.1590697857349	35.4342381323294	31.548285503284	29.2163015582369	35.2566044159482	41.4816820374962	44.761919936958	38.440833099102	50.9910404061818	47.2838168334749	48.5416485134608	47.25863715991	66.7834407271062	48.6936209172715	65.3158098098269	69.8025712646934	76.6412380400318	69.7416033557898	69.3473350635766	75.2011512509943	75.1714991101269	76.410414865946	81.2137055441793	89.7844265534907	83.7321767135286	82.119683935843	77.332297429236	88.984658625205	97.7217347598556	90.2095928976001	97.5801443235571	105.411450688338	90.3358825080559	120.615927215845	115.257577869387	0	0	0	0	193.208129582262	173.27687206112	174.997150447723	200.093412200371	219.45046614947	241.66157488933	277.590290162485	264.346196034353	324.670530121259
583.389	0	0	0	0	0	0	103.176927465032	-12.1040960427281	13.0178637399138	3.73924101004245	15.0718706862837	26.02605175431	27.5743469080215	-3.68608766109198	19.6141840790896	3.35720591200532	12.8193088518767	9.19464167305097	7.97395357368438	8.01861610562144	8.69497883496635	20.1644082734784	18.5109727012693	16.6871158922342	21.6509603611502	21.7455146055811	16.0908764454689	23.749495539686	25.5990105762903	33.1468397141299	26.6999828509899	36.7630779590745	39.0180753834964	48.7074912512703	46.884137368982	44.4471515378825	65.1458777695036	50.8197339252333	45.5534303153585	52.74813489392	65.8018151387364	78.5676444350894	57.7810605814087	63.7014442503971	75.5342829792116	59.0124541150047	82.2802867728122	77.8235375752849	86.9178748139306	84.7930846541597	88.0646688126206	78.0720535745683	88.5029660706199	72.5909050019476	92.3342005657602	101.000060106692	92.962530719939	94.5838348786467	95.3572980829057	93.2426727387366	0	0	0	0	155.197294604413	144.671627265699	151.378780639989	168.719980391634	209.011079787627	213.971513376361	100.229672527869	230.314225813144	267.529008843912
586.726	0	0	0	0	0	267.425317657009	12.4583738467255	-5.60045713215805E-4	19.3715751716475	0.60442960250018	6.58594897253224	11.4870913168417	-6.57289218981371	8.37657596226887	10.472257890521	-12.8448128076399	16.8052676951164	8.69807123231497	17.9208060654001	24.6725970074021	16.5261661833945	9.48924749018787	17.1491054210023	15.1882906119108	19.7314819099309	18.6376158953648	21.4351283514913	16.1059363362997	22.7451606870594	15.7723494277205	22.9296740200425	38.0680564085685	38.7413591090094	33.6588278384063	38.6930913054585	44.1343403580428	65.3236779373906	61.7732150743916	53.3309123591248	68.2786906493383	43.9274332598158	51.9902497437641	54.6313529627245	69.270834994249	72.7472815820602	61.0102779598774	61.958320137612	71.3951222187584	62.4912088575468	79.4743978505725	71.0892214375758	81.4484489699139	83.4260582232897	75.722523773705	93.9852024835721	78.5374686885496	93.2627159250995	89.9217043777739	83.346113315403	89.4041929033968	0	0	0	0	122.016569109275	127.772996607737	157.07773448708	185.797686117543	123.792681137848	182.528780709362	208.837580571024	199.755162382653	136.334995425434
590.063	0	0	0	0	645.627734342719	28.0676251091733	4.16848701825226	15.4147981456366	9.72024875593337	-0.626847269162291	6.00371667224945	5.76521265195594	1.64728473574598	4.72971888758417	18.5372663922145	20.077212263116	22.3552675786914	13.0940482783666	11.2846234211244	9.58354568770833	4.90242236140238	19.3955362965765	25.2120746247594	23.8381198078766	20.3047444293618	23.5035509663209	22.9895016005639	25.0055459205634	31.7213420353026	22.826879418529	25.6547071967457	33.7613724467724	39.1907354698824	30.7126014890735	41.5690792864568	56.817517875741	48.6187357950412	47.2569810938907	49.1294902945274	48.2255606383913	56.1586023435723	48.5097338016918	59.9946111174939	63.1555502849377	57.9121949355407	62.4494219030684	63.9457360142116	66.0287813304799	70.4983142510018	68.2549636860519	75.1069687372551	73.6037956964504	73.9761975364694	75.1666381022052	73.802710763237	90.3546754747972	91.7015962372322	72.5980023017315	94.0128668503361	0	0	0	0	168.706308951397	120.755808324033	124.783987339709	166.994731554323	144.719430896349	191.265291181343	199.746994128138	201.789368552346	145.110970322361	111.621238926644
593.4	0	0	0	0	107.542719686515	44.3913767243386	23.1946063345509	55.5743129706082	21.6358321246173	24.6313098908108	10.9363622396867	4.07813518821937	10.0049477996911	26.5682450626819	3.54904278025719	19.8078851847667	7.8417854595022	18.1103473982531	13.1113422356128	23.422352283182	8.00336968555023	14.9696922825894	15.8541258855139	10.9315549043664	27.9619306142348	16.8442613521454	20.6773293237942	23.6012310603915	30.0390030484142	35.0089993271734	30.5416905772036	34.9174488270816	33.5328972316499	46.6135309636897	45.7055058101997	44.4742496819603	42.0490120906264	46.565924953175	68.5091014263361	56.4827944223567	42.3079047042566	59.1194239950132	65.5480787839508	68.2653943938307	73.176650748176	77.2454592886717	70.953076079731	69.7653982184665	70.3828265235691	75.9163641269085	73.9146466073344	64.2022742725534	74.2418489773239	78.8558825584323	83.6845913180617	70.2128931812378	74.9596577717036	78.8214208052342	93.7067675090222	0	0	0	0	119.498792964932	122.68514324115	138.06759470022	145.685931443577	184.476593255341	208.181887225867	229.32962245239	198.128630032082	221.466800877208	226.100324905923
596.738	0	0	0	228.400749140857	-3.06113834798202	8.88904215244811	10.0158793312819	0.689094983454548	20.6854856057364	12.1923878861753	24.0975092864016	6.52427330485578	22.0641368513431	-1.62280995601925	16.5151143002973	15.7427034103376	-1.87190173255249	11.6832641344785	12.0546228300203	-2.8733543510999	7.75398543414274	17.7911452416099	22.1487331686329	10.5579681402013	12.7997219947638	17.3807414381031	29.7355718878933	24.7078328542433	18.1405993456285	23.9040718263058	25.4101740024627	28.0193804316896	35.0626954164057	34.786226069042	40.2806076250366	46.2147758571448	35.5533064964092	28.4192093600414	12.9120964622807	27.6013167459885	39.9535263282235	59.7803926383731	49.4119773221713	48.4081761784348	49.9975521384062	33.3931163064879	55.4546061680303	61.8568403252523	70.7168109118282	64.7782803233017	50.9380721707467	64.7788803093579	60.6224674824465	70.1218194916987	64.3438370912445	67.4125388081322	68.7327306550088	74.7361973644872	69.815364292278	0	0	0	0	101.113690440009	95.2865865568172	110.594174677152	80.2986946693449	114.338709258483	151.719106720335	140.668705721394	131.072463231313	124.914434847491	233.715692912875
600.076	0	0	714.514198337032	30.7988797729279	-44.2652272189608	-38.3338827679505	-13.7917482540851	-25.2023084906242	-16.2571413407518	-48.9217768310658	-14.4147389955862	1.2042752846967	-6.31624724937206	-1.64237094349934	-7.84435858511167	-30.9575246457715	-1.91074088570697	-2.74399450396307	-2.15822877462699	-8.33759658864698	-9.03645601977765	-7.71491549809959	6.41554768960169	-3.47152866169368	-1.32055066614184	10.0072458883732	9.92589428620861	3.48121558594302	11.9264438811821	11.3049717988157	7.2703151833959	10.1256737372014	23.3001473368289	16.6746906755682	19.0256274423541	10.5412109690207	29.0627480416337	33.9581129205521	47.0676900096494	39.7655547947656	44.0888207054957	24.945275905323	40.4560084172747	31.2344091675404	51.0817208781626	48.4480647245531	45.4798473162142	37.1189713918243	43.6772623924049	41.9654380173363	45.0772655405468	44.299312183411	59.7681417016539	46.4575583702106	61.3580283278001	51.9415535836428	42.7086746055988	53.9180823306437	0	0	0	0	106.238798994205	69.0554668295637	63.6704878414254	74.5947411356451	85.0316462372897	117.087559028146	78.8945353388412	86.2725302208814	12.2603279217964	13.7678540764852	71.38527968362
603.415	0	0	112.949317203052	-8.98444480592848	35.2321420238986	21.9737373689156	38.0437025316093	36.693453366904	14.3370161759149	0.674806244722364	16.4347146196994	24.2765240893707	16.2039010322112	17.7043600397605	25.8648225269558	10.5716305541043	14.8817335930584	1.3809906030971	23.3147816056954	13.0411756416028	15.4736333798542	17.4625519648132	17.8002458644502	14.8838843488283	11.7561883416559	21.382762523051	23.0895445030265	17.7268900270011	17.8501297656757	17.5087749903925	19.9386515577926	22.8654308466065	33.6447419569577	37.5214169211185	37.0472023982355	48.5633072749507	41.0858358939004	40.408024841806	38.1668291937397	46.5799692198145	56.3528113415594	34.0548840210749	56.3244559451574	50.2209147729185	41.3231418374308	52.3468373834992	47.6903263417017	53.6170997464469	54.0960230139563	58.4810941290884	68.175144142823	60.9419155491639	67.8933685076043	65.2091753928419	58.503003668349	56.1855274105077	63.9170932558159	81.0239389170803	0	0	0	0	102.133330171259	109.07357963662	115.025735184045	118.223974020204	114.245428262282	138.423262404133	147.501028643655	202.402763980391	179.468911714121	158.354242085031	121.450641967128
606.753	0	244.697209770801	-33.970152852528	-38.478204900947	-26.6850109834303	-27.3442582568367	-20.5367055437377	-37.4920129867856	-26.0056921111871	-29.6392422058054	-19.004517604443	-15.8185967605686	-33.0660201136327	-2.77212142606944	-30.1513434661999	-19.1705138432572	-19.7452354811805	-6.91591228128828	-4.40897963920129	-21.4853861739485	-17.8791235864871	4.47425701592407	-12.6637678448134	-2.04666712295197	-0.795773615606863	3.36810440635	1.78673561242807	7.91615560119389	17.0100238172644	13.7420453761076	5.82720006369364	25.1371389781301	19.7271169572246	14.590624262397	7.69469835792686	7.75045593660758	25.6567092717551	15.8452952024292	27.180368903386	16.4532485368779	21.8780175712221	20.1495579886892	25.6794303222461	36.1663951921756	38.0296582823026	37.1211076613817	33.1382715952302	33.7543087435453	41.931989530165	44.9076099873449	49.510808519186	43.8749183855321	36.2367935077593	39.2212577881676	50.0976831010025	57.6052685934542	42.4882180245969	43.9301975980593	0	0	0	0	57.9856458530603	65.1762928807025	68.5833575496967	67.3401096058441	56.3892445912494	75.294190145475	91.2882601015393	36.4547645870561	64.0993082214601	-61.2826211847765	22.7754885302526
610.092	536.937389631119	41.8442678005174	-9.60727766961384	-4.93192175061928	16.5264930135495	-17.518176135539	-19.8553332171281	-12.7709802402495	6.1690644033483	2.65053657621702	16.528083745131	-20.7428344562289	1.74586734162149	-6.67372974283457	-18.5604353265779	-1.00789458856421	13.9924043810812	0.464720657723523	-29.172696188446	2.54557437327105	1.61097224998484	2.24773353533385	0.324406733159998	5.28034554044311	5.64188779163259	5.79532469693495	12.7235771689046	6.87832379110271	7.82176597110422	21.3991176834728	21.8153996299771	4.16410818212994	18.8247291755185	30.5650155142611	24.4059867737058	30.3877132799447	9.4762833313974	28.5877818113779	25.4585534348906	20.7221751953787	32.7116517008785	31.4997961881717	38.4594731018038	33.4222590510826	44.2549015411498	40.7513626162016	42.6264222551143	48.2725821680167	39.5175327707379	51.2982099935508	39.5863640717655	27.3415020805418	40.766917972737	44.3950850425709	52.67906415569	43.9657138874821	51.0619344625856	0	0	0	0	86.8078435503812	54.9638884023797	58.168396459261	73.0292235725033	99.7658359625379	34.1404475390645	103.552174954032	128.93210632361	98.5526576923166	66.3488021084992	72.5974235412988	61.1619192212172
613.431	90.8307765411567	-31.6015332165456	5.23483506824833	28.6939912027178	-25.9339441586088	16.7326285862	24.9711416015727	3.54316670766981	11.6542247540532	30.3522217659811	13.9603897364919	3.04355903126592	6.97305509226438	9.99865623481007	12.1952306542369	-6.56762108396865	1.45653736033524	18.0056377687598	-3.54967082709081	2.1118053050859	-1.98446066314418	6.34285442411237	11.0511608270618	8.20285426545389	6.7063405171063	13.9899588555538	20.9458665355247	8.28131979347917	17.2031513548275	19.030288012482	7.35230230132209	17.4232863737006	28.3574380061748	11.0428421694543	21.1589101458039	24.5294737039681	42.9336809213753	28.2274132615443	23.6329872534032	24.150121625931	35.45966338901	36.9146030573738	47.4883708731347	44.0195472321529	39.7853978847964	30.1214990033039	45.6705292130241	40.0469310862896	40.098315514233	53.7195344776994	48.364586897182	48.4111780089283	45.1428687211444	43.4410066001043	48.3215262569823	58.9635600420965	59.4356623360258	0	0	0	0	88.3201113930598	63.5186798327329	40.5880126472217	75.963884424203	61.5396350624347	77.9638828027328	58.1662291145021	88.8407241668474	109.529738422011	93.1818263663124	108.77045184711	64.8305168027532
616.77	-15.87787426076	4.70940918053635	-1.77157224416752	12.4867634513304	-1.58789994517038	-29.3204176498193	6.70608923987262	3.59093175488685	16.6770449142389	-1.36685213719698	7.09121144126498	12.3620175389922	5.30286584274841	-1.68903657513063	5.35725021382057	-4.09931097056964	16.1353032374751	18.7274176161514	-4.8988066498161	21.8560491969191	-2.80978536232311	7.94760194550328	-0.331045888459359	8.61882165527274	8.98309974122028	13.6983219161718	6.1134756189856	6.43270700849766	6.66342675726742	10.3192920956515	16.9695700814733	8.15103391696584	23.2726542497457	13.4936537042881	19.5168580697225	11.4671600256061	34.980711326059	26.3166746329035	27.9759929211774	30.3201635859696	40.8170408033023	23.2346540938656	41.9024196097646	36.7422384189138	38.6331246881312	39.337113905427	27.65746583678	43.17699772791	32.025286406462	43.0866037252262	35.4736521968937	44.8764680860685	55.6698977202271	41.0512251993817	59.8807604605309	46.8164855911195	43.8457860044674	0	0	0	0	50.7288275919461	54.3020685011241	63.1002982710308	65.973087097745	69.8751320205138	59.1057838699312	83.0471809987758	97.9640207897027	72.4635242230513	58.8087058196518	36.7628350456699	23.1371715162005
620.109	18.3186739522679	-31.3510167059835	41.360646219188	8.18631185699231	50.0117287706777	37.018666083462	12.8217391487706	45.9676136877147	43.6093660716033	-3.27122929678931	41.1801598608342	25.8508294760735	1.44812418450526	20.7938347171348	28.4167792139122	26.4914258353151	26.463163594535	-7.50983475704387	37.5120940215349	11.5999799462329	6.97125507821915	30.6921461490089	22.3042515025158	24.1268772952127	12.0483832843004	22.5721944509287	23.3649708021612	22.427572231099	28.1181290107817	24.0333795082613	29.086290429368	31.4119271144457	19.4826813055409	24.3079240769586	37.208843285231	42.713268797322	47.2505978825644	27.5155087664917	35.7461390013768	39.2129907097731	58.1625214711135	37.3346333116507	45.657207351545	37.6597290690859	51.328739721537	45.1847678720932	50.7642204970701	58.1784988800537	46.4906117147937	53.7833961138264	63.3917613020909	66.7035381957683	48.2331065134773	64.2367773796547	44.6602334658233	56.7880876665786	0	0	0	0	125.380823404876	68.6220807820444	87.1924033561046	86.5915947899612	94.0397133663847	92.3656230532432	126.323335632484	134.421301849058	114.079343161175	178.27298153683	222.235033507026	111.357438989662	118.826006696316
