Sample - Blank	600	595	590	585	580	575	570	565	560	555	550	545	540	535	530	525	520	515	510	505	500	495	490	485	480	475	470	465	460	455	450	445	440	435	430	425	420	415	410	405	400	395	390	385	380	375	370	365	360	355	350	345	340	335	330	325	320	315	310	305	300	295	290	285	280	275	270	265	260	255	250	245	240
nm																																																																									
213.328	0	0	0	0	0	0	0	0	0	0	0	0	0	0	0	0	0	0	0	0	0	0	0	0	0	0	0	0	0	0	0	0	0	0	0	0	0	0	0	0	0	0	0	0	0	0	0	0	0	0	0	0	0	0	0	0	0	0	0	0	0	0	0	0	0	0	0	0	0	0	0	0	0
216.504	0	0	0	0	0	0	0	0	0	0	0	0	0	0	0	0	0	0	0	0	0	0	0	0	0	0	0	0	0	0	0	0	0	0	0	0	0	0	0	0	0	0	0	0	0	0	0	0	0	0	0	0	0	0	0	0	0	0	0	0	0	0	0	0	0	0	0	0	0	0	0	0	0
219.682	0	0	0	0	0	0	0	0	0	0	0	0	0	0	0	0	0	0	0	0	0	0	0	0	0	0	0	0	0	0	0	0	0	0	0	0	0	0	0	0	0	0	0	0	0	0	0	0	0	0	0	0	0	0	0	0	0	0	0	0	0	0	0	0	0	0	0	0	0	0	0	0	0
222.862	0	0	0	0	0	0	0	0	0	0	0	0	0	0	0	0	0	0	0	0	0	0	0	0	0	0	0	0	0	0	0	0	0	0	0	0	0	0	0	0	0	0	0	0	0	0	0	0	0	0	0	0	0	0	0	0	0	0	0	0	0	0	0	0	0	0	0	0	0	0	0	0	0
226.045	0	0	0	0	0	0	0	0	0	0	0	0	0	0	0	0	0	0	0	0	0	0	0	0	0	0	0	0	0	0	0	0	0	0	0	0	0	0	0	0	0	0	0	0	0	0	0	0	0	0	0	0	0	0	0	0	0	0	0	0	0	0	0	0	0	0	0	0	0	0	0	0	0
229.23	0	0	0	0	0	0	0	0	0	0	0	0	0	0	0	0	0	0	0	0	0	0	0	0	0	0	0	0	0	0	0	0	0	0	0	0	0	0	0	0	0	0	0	0	0	0	0	0	0	0	0	0	0	0	0	0	0	0	0	0	0	0	0	0	0	0	0	0	0	0	0	0	0
232.417	0	0	0	0	0	0	0	0	0	0	0	0	0	0	0	0	0	0	0	0	0	0	0	0	0	0	0	0	0	0	0	0	0	0	0	0	0	0	0	0	0	0	0	0	0	0	0	0	0	0	0	0	0	0	0	0	0	0	0	0	0	0	0	0	0	0	0	0	0	0	0	0	0
235.607	0	0	0	0	0	0	0	0	0	0	0	0	0	0	0	0	0	0	0	0	0	0	0	0	0	0	0	0	0	0	0	0	0	0	0	0	0	0	0	0	0	0	0	0	0	0	0	0	0	0	0	0	0	0	0	0	0	0	0	0	0	0	0	0	0	0	0	0	0	0	0	0	0
238.799	0	0	0	0	0	0	0	0	0	0	0	0	0	0	0	0	0	0	0	0	0	0	0	0	0	0	0	0	0	0	0	0	0	0	0	0	0	0	0	0	0	0	0	0	0	0	0	0	0	0	0	0	0	0	0	0	0	0	0	0	0	0	0	0	0	0	0	0	0	0	0	0	0
241.993	0	0	0	0	0	0	0	0	0	0	0	0	0	0	0	0	0	0	0	0	0	0	0	0	0	0	0	0	0	0	0	0	0	0	0	0	0	0	0	0	0	0	0	0	0	0	0	0	0	0	0	0	0	0	0	0	0	0	0	0	0	0	0	0	0	0	0	0	0	0	0	0	0
245.19	0	0	0	0	0	0	0	0	0	0	0	0	0	0	0	0	0	0	0	0	0	0	0	0	0	0	0	0	0	0	0	0	0	0	0	0	0	0	0	0	0	0	0	0	0	0	0	0	0	0	0	0	0	0	0	0	0	0	0	0	0	0	0	0	0	0	0	0	0	0	0	0	0
248.388	0	0	0	0	0	0	0	0	0	0	0	0	0	0	0	0	0	0	0	0	0	0	0	0	0	0	0	0	0	0	0	0	0	0	0	0	0	0	0	0	0	0	0	0	0	0	0	0	0	0	0	0	0	0	0	0	0	0	0	0	0	0	0	0	0	0	0	0	0	0	0	0	0
251.589	0	0	0	0	0	0	0	0	0	0	0	0	0	0	0	0	0	0	0	0	0	0	0	0	0	0	0	0	0	0	0	0	0	0	0	0	0	0	0	0	0	0	0	0	0	0	0	0	0	0	0	0	0	0	0	0	0	0	0	0	0	0	0	0	0	0	0	0	0	0	0	0	1308.52080798022
254.793	0	0	0	0	0	0	0	0	0	0	0	0	0	0	0	0	0	0	0	0	0	0	0	0	0	0	0	0	0	0	0	0	0	0	0	0	0	0	0	0	0	0	0	0	0	0	0	0	0	0	0	0	0	0	0	0	0	0	0	0	0	0	0	0	0	0	0	0	0	0	0	0	-132.541180528064
257.998	0	0	0	0	0	0	0	0	0	0	0	0	0	0	0	0	0	0	0	0	0	0	0	0	0	0	0	0	0	0	0	0	0	0	0	0	0	0	0	0	0	0	0	0	0	0	0	0	0	0	0	0	0	0	0	0	0	0	0	0	0	0	0	0	0	0	0	0	0	0	0	491.577267340403	-54.0889958381259
261.205	0	0	0	0	0	0	0	0	0	0	0	0	0	0	0	0	0	0	0	0	0	0	0	0	0	0	0	0	0	0	0	0	0	0	0	0	0	0	0	0	0	0	0	0	0	0	0	0	0	0	0	0	0	0	0	0	0	0	0	0	0	0	0	0	0	0	0	0	0	0	3167.33870598579	97.7617276339891	-253.582058929175
264.415	0	0	0	0	0	0	0	0	0	0	0	0	0	0	0	0	0	0	0	0	0	0	0	0	0	0	0	0	0	0	0	0	0	0	0	0	0	0	0	0	0	0	0	0	0	0	0	0	0	0	0	0	0	0	0	0	0	0	0	0	0	0	0	0	0	0	0	0	0	0	81.0631230194389	-154.807838274088	-391.743591337531
267.627	0	0	0	0	0	0	0	0	0	0	0	0	0	0	0	0	0	0	0	0	0	0	0	0	0	0	0	0	0	0	0	0	0	0	0	0	0	0	0	0	0	0	0	0	0	0	0	0	0	0	0	0	0	0	0	0	0	0	0	0	0	0	0	0	0	0	0	0	0	1302.13999360469	114.798421920992	-0.776015091780089	-698.916857216311
270.841	0	0	0	0	0	0	0	0	0	0	0	0	0	0	0	0	0	0	0	0	0	0	0	0	0	0	0	0	0	0	0	0	0	0	0	0	0	0	0	0	0	0	0	0	0	0	0	0	0	0	0	0	0	0	0	0	0	0	0	0	0	0	0	0	0	0	0	0	4624.08372830695	136.653986840853	29.9720451164067	-213.728527872544	-277.738922890708
274.057	0	0	0	0	0	0	0	0	0	0	0	0	0	0	0	0	0	0	0	0	0	0	0	0	0	0	0	0	0	0	0	0	0	0	0	0	0	0	0	0	0	0	0	0	0	0	0	0	0	0	0	0	0	0	0	0	0	0	0	0	0	0	0	0	0	0	0	0	397.660397234904	130.091957455686	-35.263026836023	-205.497602401279	186.359400310306
277.275	0	0	0	0	0	0	0	0	0	0	0	0	0	0	0	0	0	0	0	0	0	0	0	0	0	0	0	0	0	0	0	0	0	0	0	0	0	0	0	0	0	0	0	0	0	0	0	0	0	0	0	0	0	0	0	0	0	0	0	0	0	0	0	0	0	0	0	2153.32141352053	135.617086674075	32.4770865572822	-199.68923645514	-64.741329249276	289.43671586812
280.496	0	0	0	0	0	0	0	0	0	0	0	0	0	0	0	0	0	0	0	0	0	0	0	0	0	0	0	0	0	0	0	0	0	0	0	0	0	0	0	0	0	0	0	0	0	0	0	0	0	0	0	0	0	0	0	0	0	0	0	0	0	0	0	0	0	0	5573.02558236186	103.671179406797	13.2962702232537	-59.778128444685	-293.276303879381	-21.6328742363806	38.5273127706946
283.718	0	0	0	0	0	0	0	0	0	0	0	0	0	0	0	0	0	0	0	0	0	0	0	0	0	0	0	0	0	0	0	0	0	0	0	0	0	0	0	0	0	0	0	0	0	0	0	0	0	0	0	0	0	0	0	0	0	0	0	0	0	0	0	0	0	0	712.138486079782	132.741656282981	92.7822213890561	-192.545000864638	-7.02473484627231	52.8032146311876	0.202891347007411
286.942	0	0	0	0	0	0	0	0	0	0	0	0	0	0	0	0	0	0	0	0	0	0	0	0	0	0	0	0	0	0	0	0	0	0	0	0	0	0	0	0	0	0	0	0	0	0	0	0	0	0	0	0	0	0	0	0	0	0	0	0	0	0	0	0	0	2743.69488214164	142.212395937428	73.1024528693917	18.2616409640817	-5.96028138488861	-5.83639898051263	134.792399380903	99.1818446615464
290.169	0	0	0	0	0	0	0	0	0	0	0	0	0	0	0	0	0	0	0	0	0	0	0	0	0	0	0	0	0	0	0	0	0	0	0	0	0	0	0	0	0	0	0	0	0	0	0	0	0	0	0	0	0	0	0	0	0	0	0	0	0	0	0	0	7682.24503529382	299.501662399363	189.841052753722	207.928063490201	-39.128838397597	-29.6830420500838	74.9920994658141	263.265791964039	202.808876610628
293.397	0	0	0	0	0	0	0	0	0	0	0	0	0	0	0	0	0	0	0	0	0	0	0	0	0	0	0	0	0	0	0	0	0	0	0	0	0	0	0	0	0	0	0	0	0	0	0	0	0	0	0	0	0	0	0	0	0	0	0	0	0	0	0	0	1049.18658810208	237.880333323429	241.280855529146	111.054975093179	55.0065812876501	213.419679561086	164.149970523839	79.197504036058	315.917472278557
296.628	0	0	0	0	0	0	0	0	0	0	0	0	0	0	0	0	0	0	0	0	0	0	0	0	0	0	0	0	0	0	0	0	0	0	0	0	0	0	0	0	0	0	0	0	0	0	0	0	0	0	0	0	0	0	0	0	0	0	0	0	0	0	0	2827.13131900346	245.354582904188	289.303269483382	314.438713005102	51.9883982828877	74.6849806448554	185.978399174627	215.252746854569	146.654076598661	30.9334561618514
299.86	0	0	0	0	0	0	0	0	0	0	0	0	0	0	0	0	0	0	0	0	0	0	0	0	0	0	0	0	0	0	0	0	0	0	0	0	0	0	0	0	0	0	0	0	0	0	0	0	0	0	0	0	0	0	0	0	0	0	0	0	0	0	0	338.013840364513	331.79740929421	368.911380608244	359.428982788172	198.128941529664	256.756457728617	286.927052981031	247.880952537953	256.376528325774	265.909271877491
303.095	0	0	0	0	0	0	0	0	0	0	0	0	0	0	0	0	0	0	0	0	0	0	0	0	0	0	0	0	0	0	0	0	0	0	0	0	0	0	0	0	0	0	0	0	0	0	0	0	0	0	0	0	0	0	0	0	0	0	0	0	0	0	1033.70989959208	218.69181233997	336.808731028268	390.410958195264	257.947252665746	231.953163951119	210.810364207485	212.041187714597	198.858256582524	203.542357753424	189.698001967966
306.331	0	0	0	0	0	0	0	0	0	0	0	0	0	0	0	0	0	0	0	0	0	0	0	0	0	0	0	0	0	0	0	0	0	0	0	0	0	0	0	0	0	0	0	0	0	0	0	0	0	0	0	0	0	0	0	0	0	0	0	0	0	3083.18714826119	164.534066957101	305.998768610537	411.759909501752	364.621949068891	381.782203924846	404.018728127787	317.142221537182	282.436915103692	242.240450945689	404.364986306748	344.622674325581
309.569	0	0	0	0	0	0	0	0	0	0	0	0	0	0	0	0	0	0	0	0	0	0	0	0	0	0	0	0	0	0	0	0	0	0	0	0	0	0	0	0	0	0	0	0	0	0	0	0	0	0	0	0	0	0	0	0	0	0	0	0	0	380.58119717529	203.679160684963	326.287795286629	456.30722268631	400.209946455084	447.191565058568	462.141865772224	460.857318228234	333.408046748499	404.649063839467	314.912124501676	674.206593016003
312.81	0	0	0	0	0	0	0	0	0	0	0	0	0	0	0	0	0	0	0	0	0	0	0	0	0	0	0	0	0	0	0	0	0	0	0	0	0	0	0	0	0	0	0	0	0	0	0	0	0	0	0	0	0	0	0	0	0	0	0	0	1457.57104792916	150.30056119587	195.084606769956	380.397938853952	447.855371853602	421.448336492172	508.094995481387	413.67328013512	354.872138885047	308.764756132763	289.487111983482	295.245312374418	120.576020302986
316.052	0	0	0	0	0	0	0	0	0	0	0	0	0	0	0	0	0	0	0	0	0	0	0	0	0	0	0	0	0	0	0	0	0	0	0	0	0	0	0	0	0	0	0	0	0	0	0	0	0	0	0	0	0	0	0	0	0	0	0	4120.55472812197	215.695841764627	227.651320134435	299.272528259382	388.244855964247	489.394500360821	576.519251400277	575.344592468606	516.746953809406	389.46355548548	418.018693554176	497.032283458832	470.957414446105	434.759286344101
319.296	0	0	0	0	0	0	0	0	0	0	0	0	0	0	0	0	0	0	0	0	0	0	0	0	0	0	0	0	0	0	0	0	0	0	0	0	0	0	0	0	0	0	0	0	0	0	0	0	0	0	0	0	0	0	0	0	0	0	0	678.93997785831	291.88631749021	363.176545451263	435.307631264597	530.360083381493	593.316778532333	652.198845222491	601.808392544028	503.618856666141	501.287557139888	448.073121872527	433.173213398955	557.163589058899	577.422592000336
322.542	0	0	0	0	0	0	0	0	0	0	0	0	0	0	0	0	0	0	0	0	0	0	0	0	0	0	0	0	0	0	0	0	0	0	0	0	0	0	0	0	0	0	0	0	0	0	0	0	0	0	0	0	0	0	0	0	0	0	1927.27629442271	338.849167148143	434.024725801367	505.453675778146	590.879888385031	647.740027186827	748.668206700385	716.076514724736	673.174689227105	628.840989145344	576.772811636026	481.585186024695	456.29257180711	471.560525109131	457.257395367422
325.79	0	0	0	0	0	0	0	0	0	0	0	0	0	0	0	0	0	0	0	0	0	0	0	0	0	0	0	0	0	0	0	0	0	0	0	0	0	0	0	0	0	0	0	0	0	0	0	0	0	0	0	0	0	0	0	0	0	4156.71623415655	358.647765008674	388.459197668741	504.80186883161	581.887981550443	660.071462973674	706.089942335135	785.656896906357	764.628498955834	736.947704792555	611.272743709466	597.744530775669	513.429089771115	461.409594662988	531.737448284918	735.693262081598
329.039	0	0	0	0	0	0	0	0	0	0	0	0	0	0	0	0	0	0	0	0	0	0	0	0	0	0	0	0	0	0	0	0	0	0	0	0	0	0	0	0	0	0	0	0	0	0	0	0	0	0	0	0	0	0	0	0	0	698.528584145411	339.506459144344	435.018548012635	555.131566462895	646.789719168957	672.21902366917	806.180999756138	825.285273787347	811.08440703616	732.482303986316	685.874010042661	555.640158939493	528.230339246846	490.361115317749	717.671214725844	555.183210420778
332.291	0	0	0	0	0	0	0	0	0	0	0	0	0	0	0	0	0	0	0	0	0	0	0	0	0	0	0	0	0	0	0	0	0	0	0	0	0	0	0	0	0	0	0	0	0	0	0	0	0	0	0	0	0	0	0	0	1924.11090126851	213.58093107085	375.041135834408	476.530790709882	627.324144388216	689.162298496922	738.570536371376	822.073983337523	855.481612871446	822.770873638779	747.113139026989	622.226870011211	489.048406766558	607.356298763707	496.59772398843	755.096508781374	841.569064782932
335.544	0	0	0	0	0	0	0	0	0	0	0	0	0	0	0	0	0	0	0	0	0	0	0	0	0	0	0	0	0	0	0	0	0	0	0	0	0	0	0	0	0	0	0	0	0	0	0	0	0	0	0	0	0	0	0	3871.7147523714	191.507856857956	235.191285548802	435.683783489164	560.695202454477	709.563611315846	805.146019069331	843.456584267135	933.275563007735	917.435319681536	846.440580463246	787.204274084709	733.769491361155	632.633675374785	580.292190557164	550.158298052305	702.103753698657	621.115622488044
338.799	0	0	0	0	0	0	0	0	0	0	0	0	0	0	0	0	0	0	0	0	0	0	0	0	0	0	0	0	0	0	0	0	0	0	0	0	0	0	0	0	0	0	0	0	0	0	0	0	0	0	0	0	0	0	0	579.454075964615	113.346098558431	265.62686034182	475.519622104101	633.307118965026	777.263179356077	863.589101658603	952.027589132131	945.269518079899	921.03540752737	856.806888961721	820.135252299316	685.449987405793	715.408394106992	563.214191563399	652.550181976439	764.685351121228	946.277453936615
342.056	0	0	0	0	0	0	0	0	0	0	0	0	0	0	0	0	0	0	0	0	0	0	0	0	0	0	0	0	0	0	0	0	0	0	0	0	0	0	0	0	0	0	0	0	0	0	0	0	0	0	0	0	0	0	1780.82621071448	59.1802781049087	121.044036449036	257.685071515668	485.226355994966	632.904840732679	754.558254455142	929.909871124375	948.582293549724	1004.15222599876	891.308188914434	876.038323075545	818.770051640879	748.434552180515	703.919767493228	572.829971628	579.355628605532	709.165662380906	761.86980890484
345.315	0	0	0	0	0	0	0	0	0	0	0	0	0	0	0	0	0	0	0	0	0	0	0	0	0	0	0	0	0	0	0	0	0	0	0	0	0	0	0	0	0	0	0	0	0	0	0	0	0	0	0	0	0	4054.28753487498	168.746757953911	101.49700493341	119.545443110059	293.434985328496	506.399950531763	643.619150032056	789.340203892132	903.178822120135	934.505871012578	943.814769327858	933.449938005672	875.337566939326	798.999491026841	747.100014690983	669.466051194761	654.54872067567	639.193056425274	836.358371171407	904.936796122844
348.575	0	0	0	0	0	0	0	0	0	0	0	0	0	0	0	0	0	0	0	0	0	0	0	0	0	0	0	0	0	0	0	0	0	0	0	0	0	0	0	0	0	0	0	0	0	0	0	0	0	0	0	0	0	789.652076020932	71.101358282096	101.868320038267	139.147242717725	313.605649575368	510.943797612093	592.604611783958	791.022883545047	894.311417962113	914.714003008089	904.46677526125	890.414172365177	801.20599420966	699.163151598439	607.566255519235	540.35404160795	672.870593574684	587.067483210503	816.993014392876	875.61263924073
351.838	0	0	0	0	0	0	0	0	0	0	0	0	0	0	0	0	0	0	0	0	0	0	0	0	0	0	0	0	0	0	0	0	0	0	0	0	0	0	0	0	0	0	0	0	0	0	0	0	0	0	0	0	2649.89757165142	99.6214786525293	92.754364367384	124.484779823543	193.440783385492	341.970914827418	564.690006120911	681.584500037023	827.128424729844	896.846804946521	885.299473949014	974.148734246006	899.352994643381	848.433172403862	818.920154947432	734.223664600888	725.564025442649	539.710579749938	685.386413596988	753.249912048676	1084.26978183721
355.101	0	0	0	0	0	0	0	0	0	0	0	0	0	0	0	0	0	0	0	0	0	0	0	0	0	0	0	0	0	0	0	0	0	0	0	0	0	0	0	0	0	0	0	0	0	0	0	0	0	0	0	7445.62547089468	336.20682559665	77.6839493901764	105.895258951357	132.578733409751	189.562220672062	354.490086764636	530.164419362788	670.896723845292	824.068085900615	900.564659425291	937.08653485987	927.816485363294	865.158153857792	778.472406225007	688.287207029291	585.56099764862	613.376379616519	587.409477046511	660.692621422217	680.216227785732	1036.67377000296
358.367	0	0	0	0	0	0	0	0	0	0	0	0	0	0	0	0	0	0	0	0	0	0	0	0	0	0	0	0	0	0	0	0	0	0	0	0	0	0	0	0	0	0	0	0	0	0	0	0	0	0	0	2259.95950151745	71.3614885672791	84.0275154392236	127.599401410462	151.185508452558	236.633542319942	362.455506134376	548.843590878791	693.244741962222	813.760897474392	892.077426928363	884.869177960333	870.295074634737	824.93044256563	758.466717916725	739.348434784765	721.030768532841	606.474870833465	549.318031593311	627.108408867665	762.069645175074	792.094661118603
361.634	0	0	0	0	0	0	0	0	0	0	0	0	0	0	0	0	0	0	0	0	0	0	0	0	0	0	0	0	0	0	0	0	0	0	0	0	0	0	0	0	0	0	0	0	0	0	0	0	0	0	13642.7435036057	200.420892015742	84.8480538376682	111.961529314836	150.795395254104	200.64595802451	246.762687911051	434.754550716897	570.29491050173	676.088338116684	784.663761923329	859.709157000667	850.058914293305	835.49768426189	807.252844630693	688.14198416678	705.838638095841	611.497393800217	602.41147959672	712.683388901039	739.811026987728	821.472413768957	887.011350677977
364.903	0	0	0	0	0	0	0	0	0	0	0	0	0	0	0	0	0	0	0	0	0	0	0	0	0	0	0	0	0	0	0	0	0	0	0	0	0	0	0	0	0	0	0	0	0	0	0	0	0	0	1892.60345384207	57.4724614353861	95.6606928580981	133.312270763411	169.652118604652	206.603314817159	258.814322426933	394.235721482692	575.680743849798	654.255979703596	738.640596013972	800.660788628204	771.175467915867	764.400458711436	727.859212754425	745.850154401449	625.818210510374	537.433500258317	541.055091348132	603.773399066281	568.180939209777	746.765578325393	683.224844688942
368.174	0	0	0	0	0	0	0	0	0	0	0	0	0	0	0	0	0	0	0	0	0	0	0	0	0	0	0	0	0	0	0	0	0	0	0	0	0	0	0	0	0	0	0	0	0	0	0	0	0	4743.12002696749	104.027767337191	101.327497085314	116.31250620265	179.279867363252	206.30074754941	246.305631753047	347.14173099025	464.052440381153	626.695432156275	683.319567046035	803.747214303977	830.303326644313	805.196890629992	850.773572712595	759.703866546656	724.444713783592	695.676558539994	665.214127019912	689.218132025513	564.05971787551	742.087261820479	889.171549602762	1151.45343830492
371.446	0	0	0	0	0	0	0	0	0	0	0	0	0	0	0	0	0	0	0	0	0	0	0	0	0	0	0	0	0	0	0	0	0	0	0	0	0	0	0	0	0	0	0	0	0	0	0	0	6212.47005424468	160.413170093939	111.207004719995	88.0725667675848	130.417711718739	184.961409464703	223.29946101933	275.833631864163	322.70912229223	433.496541070453	584.672322449705	650.023417933905	747.504690454277	771.865941949466	779.297406406574	706.037864592503	714.776302338643	677.556682843896	616.392899691161	544.641801616669	593.143883398047	545.002584478602	561.812748189975	528.992576027151	665.212769579007
374.719	0	0	0	0	0	0	0	0	0	0	0	0	0	0	0	0	0	0	0	0	0	0	0	0	0	0	0	0	0	0	0	0	0	0	0	0	0	0	0	0	0	0	0	0	0	0	0	0	440.113631750937	120.037194196068	127.140461798067	135.71530429091	169.27556807277	220.933240395771	251.701224407247	319.585407151939	392.779298216878	515.356757592677	623.214549792068	712.321930649643	749.527609088089	829.121157140992	778.440012084795	752.614751661878	772.911629302522	672.423502183352	672.2493418484	661.586244267864	646.663604713614	678.283952578331	672.728097672713	998.611434550047	1072.18928196656
377.995	0	0	0	0	0	0	0	0	0	0	0	0	0	0	0	0	0	0	0	0	0	0	0	0	0	0	0	0	0	0	0	0	0	0	0	0	0	0	0	0	0	0	0	0	0	0	0	1553.92216569158	109.110220691629	111.546285507487	132.061902657924	164.111167696876	191.170087464004	245.847011731942	280.209385968565	361.237084566111	425.634516890942	543.534038568254	645.021869553587	708.653053763806	770.717490376361	790.299198241267	789.189167687379	739.47792845668	716.152357694367	688.915785227957	674.187919626259	671.404374579386	641.061749692309	718.630120939537	779.843452141073	890.840183728199	1145.55785021312
381.272	0	0	0	0	0	0	0	0	0	0	0	0	0	0	0	0	0	0	0	0	0	0	0	0	0	0	0	0	0	0	0	0	0	0	0	0	0	0	0	0	0	0	0	0	0	0	4380.66703591882	115.831717091961	108.895648721245	142.472225820913	144.166816495228	180.032213221662	222.350554856231	295.840104704448	342.063732577214	399.482113138749	454.200081115335	568.85699148732	698.461593944057	729.907745174794	768.247926421648	758.09565103248	770.835381908521	800.359300720575	738.896925718984	704.943361213203	710.805425055288	730.567349054469	724.813974827311	789.755500939207	864.240353231425	1142.9737623508	1100.66015178654
384.55	0	0	0	0	0	0	0	0	0	0	0	0	0	0	0	0	0	0	0	0	0	0	0	0	0	0	0	0	0	0	0	0	0	0	0	0	0	0	0	0	0	0	0	0	0	0	396.868113668973	77.5142215895586	105.26837453108	131.688737213471	165.184351013741	186.362044966981	259.851479578635	292.290813539073	348.122053239556	423.911191930365	498.311824128527	592.443218727117	677.840802846695	709.423921215553	765.829987638278	761.630071338473	760.756140901229	729.144152205474	735.010406225881	647.015437850617	642.175665995859	689.513461749297	731.99998411176	692.675302002602	895.62077552516	841.810574839469	1081.18517862343
387.83	0	0	0	0	0	0	0	0	0	0	0	0	0	0	0	0	0	0	0	0	0	0	0	0	0	0	0	0	0	0	0	0	0	0	0	0	0	0	0	0	0	0	0	0	0	1318.9259269627	67.9732594300414	74.6246823862023	111.45710457343	134.205547792416	190.42579303507	205.003215873525	255.089823625189	310.621239897052	387.27748587945	456.817482641944	496.720525136471	572.681048278696	670.546564443059	731.526110717541	771.228663406455	745.098217987847	742.209019398931	678.541660290027	706.509621432203	672.169650725534	657.407545969825	628.916435812155	713.163949604189	741.253900910613	817.608456042581	993.210508962221	1014.68494294223
391.112	0	0	0	0	0	0	0	0	0	0	0	0	0	0	0	0	0	0	0	0	0	0	0	0	0	0	0	0	0	0	0	0	0	0	0	0	0	0	0	0	0	0	0	0	2867.52686515907	115.898301772318	88.2316760958066	91.6156791251291	151.886981765765	165.546304930464	201.270055844276	255.175159155375	297.173453917601	348.596488301917	417.153563534089	478.852354550002	544.688875331349	629.784233679308	688.469859749536	741.442013859595	776.104980061989	786.632728342849	733.362573292162	735.030902855492	688.134006584202	667.830003783076	724.936682267576	757.044258539851	738.188191121587	834.665262121145	923.253600532506	1138.64929263862	1214.195699512
394.395	0	0	0	0	0	0	0	0	0	0	0	0	0	0	0	0	0	0	0	0	0	0	0	0	0	0	0	0	0	0	0	0	0	0	0	0	0	0	0	0	0	0	0	0	357.125138579748	39.5644336117002	50.0248222762029	87.4091830856025	140.746542331686	182.312186031111	213.365207024242	272.073727098296	311.519580597311	377.203064227918	433.931448028427	493.193283577151	535.173696732162	630.572490927181	683.510693454977	710.038997293743	731.4514584952	726.104969418515	707.39752251106	683.811927018375	655.707818690046	629.942682622026	652.721947434121	645.549320880664	689.696862310208	735.362144599787	815.961189530212	894.240076805891	967.615743015452
397.679	0	0	0	0	0	0	0	0	0	0	0	0	0	0	0	0	0	0	0	0	0	0	0	0	0	0	0	0	0	0	0	0	0	0	0	0	0	0	0	0	0	0	0	1282.10508236212	70.9644113012814	91.2024525270208	85.3346515123887	136.645992700552	167.047628816151	210.695992368148	247.98352900043	283.747301954336	366.653808577102	451.240989289977	482.373621153055	515.128261797522	566.881338351118	642.80616312528	732.518909762336	752.360216171236	771.644271608241	768.104852920083	739.949382794097	740.958600110538	727.738540675696	672.272266721715	688.2237682336	775.132921064317	878.235191246789	795.700926849505	978.099362564688	1275.42669518139	1301.75949907325
400.965	0	0	0	0	0	0	0	0	0	0	0	0	0	0	0	0	0	0	0	0	0	0	0	0	0	0	0	0	0	0	0	0	0	0	0	0	0	0	0	0	0	0	2935.66220143802	107.397428167682	44.7597870090974	67.6016488245755	93.1703837810751	136.309765452156	178.021572124034	219.418691272155	269.273353075938	320.341265844704	357.697546179749	424.533413026566	489.736614911717	534.333229388806	586.68858543004	651.538276244505	695.639603129067	707.840061505674	745.096973262569	720.266180904256	740.438620813102	705.626718444892	698.324245391835	658.973163480849	657.373322239525	681.94219551688	812.972383036541	898.591023361517	921.13488795442	944.403572636148	1071.08307354096
404.253	0	0	0	0	0	0	0	0	0	0	0	0	0	0	0	0	0	0	0	0	0	0	0	0	0	0	0	0	0	0	0	0	0	0	0	0	0	0	0	0	0	0	401.363563846546	28.7618214474965	44.9319647041068	84.8738500897779	95.5630384223649	126.575083961577	183.733913964504	241.856857485509	279.774240847457	332.605498849226	383.728194446818	436.173894699391	474.494272196682	526.599965103937	575.512768223691	633.657095192956	695.809908131875	712.480492675746	740.805150769479	712.782843756258	695.547700210018	660.726974360117	631.637676261507	688.47151168425	649.775572923176	700.468666223579	741.182820474595	873.932742780617	865.959685023732	1028.95011281725	1118.88221878124
407.542	0	0	0	0	0	0	0	0	0	0	0	0	0	0	0	0	0	0	0	0	0	0	0	0	0	0	0	0	0	0	0	0	0	0	0	0	0	0	0	0	0	1347.58398296425	38.1085625893146	70.5229127122206	69.2157041585873	98.0071310196874	117.158147103366	171.274682425906	225.159608956992	258.967097995575	307.623117156028	374.614196656808	426.75587290181	441.562472106356	513.898605688152	567.881105563254	616.754654087589	665.815917082024	696.514825436476	725.226688137563	710.835983145622	735.14543491602	686.851395784547	685.389934564092	686.949062878598	627.526647846034	657.504824430097	779.463536430136	756.400871845389	898.695415474196	1015.11497010588	1097.95770860253	1025.53933838917
410.832	0	0	0	0	0	0	0	0	0	0	0	0	0	0	0	0	0	0	0	0	0	0	0	0	0	0	0	0	0	0	0	0	0	0	0	0	0	0	0	0	3090.96132840852	77.3620653502759	19.9018058082557	51.2686306519884	61.3748807353676	84.6333850977635	104.387234421741	163.754224764854	223.92796625177	250.784211970007	328.581292334247	358.001731367877	407.911098546508	466.589082973946	509.053362693348	561.150557394229	602.519119479015	654.862093177157	676.497298155408	704.446559453079	681.700747762408	693.372706961488	688.738655873347	670.936754789452	656.653801566043	663.674879077251	626.704811579008	678.95291096008	799.359137931727	808.185316959714	900.553864418041	998.606129406165	1061.28372828865
414.124	0	0	0	0	0	0	0	0	0	0	0	0	0	0	0	0	0	0	0	0	0	0	0	0	0	0	0	0	0	0	0	0	0	0	0	0	0	0	0	0	490.645612548768	80.6015915570439	66.4533717420533	90.8552078428744	108.137940359409	145.586725431357	167.018610091489	222.402350862848	256.037178576347	304.353852953506	370.456130883977	409.49886661194	442.947248440339	500.096868862152	549.161712168536	580.902876738464	651.040091667545	654.250062967264	717.622406643613	733.867893987955	714.964197263485	720.893777510838	712.265668550415	732.04610405446	710.677966159409	701.644852524373	750.896853924896	782.972609493391	912.790942308967	922.764952907329	1108.74029840952	1288.65572415274	1331.45112957885
417.417	0	0	0	0	0	0	0	0	0	0	0	0	0	0	0	0	0	0	0	0	0	0	0	0	0	0	0	0	0	0	0	0	0	0	0	0	0	0	0	1508.33023358735	39.3519516911184	28.1986195808913	60.1891223210511	66.9715476566569	100.408003132344	124.320969385676	159.729726773764	197.918916351822	277.811976684472	311.961429147843	369.985706690134	399.517218664868	440.069994796171	492.404448938311	536.01095104969	584.03701844954	605.390892685547	629.188526833677	675.593414369652	702.868409853824	700.465084964382	657.015766014016	660.55911417358	655.842637278742	638.491442068759	681.561376243072	682.6156957222	743.710513181987	821.630790206209	949.898672326631	1001.98998066256	1006.24992650636	1184.40146923972
420.711	0	0	0	0	0	0	0	0	0	0	0	0	0	0	0	0	0	0	0	0	0	0	0	0	0	0	0	0	0	0	0	0	0	0	0	0	0	0	3253.70324630969	136.604969774547	36.9480790355927	44.2409923596669	56.7915637099267	95.6297442176684	122.14560924487	154.491731179374	169.237056634799	240.992127883725	272.156762372065	332.002797276585	374.368337542689	410.720377586108	470.489242266448	496.245021887116	540.409247302951	585.52628273783	610.721827878019	617.559133294565	676.296177136243	684.703922361988	692.934218199249	688.216030559451	652.129376280322	644.656118016327	661.317839533731	694.302382296921	741.873485939413	745.25768075364	843.949139451863	939.655908250639	1003.844451471	1178.35132039798	1264.74814610343
424.007	0	0	0	0	0	0	0	0	0	0	0	0	0	0	0	0	0	0	0	0	0	0	0	0	0	0	0	0	0	0	0	0	0	0	0	0	0	0	525.670448597839	33.468649026816	29.3920071216723	72.8140459526119	67.6035179871338	106.4926258348	114.664543625522	167.899905319321	202.864143972293	238.293821449419	329.203755682493	334.79631837993	384.81635169258	441.685349647845	476.914992224779	520.921066321946	531.353646521595	564.684247565927	592.753953183482	651.261076650695	667.440391231143	670.601075518096	668.130391469977	652.367055541622	638.495659488761	626.484782630469	625.682371235191	633.236160460064	680.654608931325	822.867876995572	826.198301576812	962.373454438125	933.674464000384	1073.84894398884	1129.99027994775
427.304	0	0	0	0	0	0	0	0	0	0	0	0	0	0	0	0	0	0	0	0	0	0	0	0	0	0	0	0	0	0	0	0	0	0	0	0	0	1864.62002277735	51.928449812372	39.6488313772233	53.6905132277132	51.0584565142791	78.5228861661123	93.3682289682381	133.243159379715	158.542085376899	204.86771227555	252.538513466758	310.840776445295	366.544158598482	393.647594867952	419.421750106715	459.67821244772	499.507157418088	543.902881645531	567.760817379147	580.645027045386	608.945612177713	631.686157313619	640.272825912805	645.489028969458	630.94639322772	622.922892228168	638.091998740333	650.649086483381	700.203284548153	734.470805498108	755.935476204363	875.4383845223	981.276283001902	935.627950615679	998.599669194662	1324.36275475699
430.602	0	0	0	0	0	0	0	0	0	0	0	0	0	0	0	0	0	0	0	0	0	0	0	0	0	0	0	0	0	0	0	0	0	0	0	0	2665.88146569676	131.438166171478	46.4952591821558	41.1007242581685	74.5970078015166	87.3902213703608	112.756769711413	140.782196836961	171.523162567817	202.995902605203	248.324403856789	277.030004413279	337.819505889206	380.037470803093	410.958699728972	445.606423462761	484.805085613762	518.592995688069	540.326774868891	563.396460129964	595.932543620998	610.827159931154	651.093296617038	644.681913829262	664.800897360839	647.056842336869	647.817155109909	651.957401974063	667.732718948331	638.849199826319	772.595986558639	810.016712655074	911.572085911741	970.312473173068	1065.28730019145	1179.61761289555	1280.23971826655
433.902	0	0	0	0	0	0	0	0	0	0	0	0	0	0	0	0	0	0	0	0	0	0	0	0	0	0	0	0	0	0	0	0	0	0	0	0	425.376565251923	23.3913805991402	10.9181967400473	38.0893309574245	41.2864760533703	55.9586269376971	89.1052587341534	100.869912020489	142.364023165741	175.567273080607	206.273752600709	262.936032426456	323.870987889912	352.245907471814	397.809276354698	420.092489052587	464.554488865815	467.217851360166	506.057925041549	532.694188695289	543.034665012445	599.279479453204	586.94294058871	600.866381290608	611.929168867413	586.690377869503	595.719728493376	555.977372458835	579.776524397438	620.122991165434	662.569032466991	724.4453340119	763.866819788283	868.152185468238	952.493269881066	998.510295962557	872.839328853864
437.202	0	0	0	0	0	0	0	0	0	0	0	0	0	0	0	0	0	0	0	0	0	0	0	0	0	0	0	0	0	0	0	0	0	0	0	1194.42476705292	35.5515377178422	28.5648592480564	43.1052575996242	48.7955812861427	81.4698860392829	107.645804193769	119.620727293145	157.229712314409	168.737537343021	208.007678093879	251.938186067002	289.811011210123	351.726740666646	393.362850079924	426.236599586845	462.501254029539	476.356484281767	518.469322111392	528.402826018226	536.025679684098	572.186639872629	610.720129739553	618.386679714897	630.98418162864	615.742591412335	606.124792915015	594.113654372501	607.063015946699	630.5361058045	662.383960293832	710.055231617256	853.557648839712	861.478146169667	929.433034314531	1112.41245591827	1226.22626190863	1139.35566692143
440.505	0	0	0	0	0	0	0	0	0	0	0	0	0	0	0	0	0	0	0	0	0	0	0	0	0	0	0	0	0	0	0	0	0	0	2307.75421099552	98.8271894175111	25.5326592127345	50.7050055234851	63.1212062854828	60.9600963306486	96.7943436082258	108.382374150936	116.205113476135	161.231500769476	172.948181955651	212.959063010799	253.622720862749	318.195168276357	348.38847479548	391.742575896205	419.283387002252	450.119831618245	490.723684387958	509.755897587916	501.916852350642	539.937137884575	564.056478904747	573.117431098928	612.202129098442	614.44402489737	585.603113868611	580.144397286541	591.203229213092	583.860096457152	602.889864737247	669.217130529384	722.459804425079	794.828049159788	854.071875676992	952.803519373056	1055.84834543342	974.050242716781	1196.17593220628
443.808	0	0	0	0	0	0	0	0	0	0	0	0	0	0	0	0	0	0	0	0	0	0	0	0	0	0	0	0	0	0	0	0	0	0	384.920071571309	42.7399552655685	45.4423250560185	51.7443985157129	65.257945722281	69.7849530577942	94.8967574286814	111.795173984529	136.191858267122	154.101577984287	199.49711253324	239.519236892851	278.395984069631	315.492920767984	345.027361815695	404.374852377505	413.886301956024	446.458318589885	462.224686304555	497.719427390887	532.980134145169	525.479724495005	538.814744532931	560.96283312768	591.072598083984	611.522392431736	587.098939852722	573.923069796561	555.517327069735	585.375506201806	583.934431891179	684.157685356751	679.419988237288	806.126004149471	881.475539955047	986.206780952289	981.875410792797	1104.56431632613	1235.56599464059
447.112	0	0	0	0	0	0	0	0	0	0	0	0	0	0	0	0	0	0	0	0	0	0	0	0	0	0	0	0	0	0	0	0	0	1071.58940122484	27.5320415313444	50.9284610240243	34.9997390424089	62.7692978721482	59.3434734163061	83.4717486578186	85.7403766989925	96.1433015233695	147.056782841739	182.759491391624	168.151489712232	231.85276296628	265.270017279048	312.498905673389	352.302354728084	381.419949539044	412.636533417416	436.34712194397	468.866905764773	494.14405871589	506.814073843082	523.635532123101	534.009205342627	543.82386504801	554.221136935999	583.159992167457	565.674449261096	544.289354680942	562.318474743169	547.868399379518	593.911874666587	617.036988607101	678.300845242347	760.142400150599	802.008686338722	929.82881626037	1066.3807657883	953.688849400174	1035.87134920207
450.418	0	0	0	0	0	0	0	0	0	0	0	0	0	0	0	0	0	0	0	0	0	0	0	0	0	0	0	0	0	0	0	0	2541.11565143951	60.1978485576506	8.44681863530185	6.60667757564191	12.1824351801077	25.300518355331	36.6468167825452	48.1099203525349	76.1462571609584	95.3673698812311	117.689327531501	150.82200449832	176.584062423293	204.995345128738	233.71017623223	285.552367996592	327.147289726403	372.211741417464	386.302340561374	422.057933048079	442.198166934157	453.990535505593	461.956373905969	487.621081678126	478.896068435226	512.180371996235	520.897324188957	512.208002552425	505.774936423865	514.148208030706	509.04296396365	509.657554636432	529.360922768231	544.652918308215	617.678193423328	666.077509464104	709.360044239608	807.02478472039	886.105121425402	898.713355937471	808.289555468714
453.725	0	0	0	0	0	0	0	0	0	0	0	0	0	0	0	0	0	0	0	0	0	0	0	0	0	0	0	0	0	0	0	0	430.137944487445	20.7762246338242	37.5610713081531	32.4911353156284	40.2427482043526	55.6349032571862	80.7744390214386	87.493727071578	112.329723404975	134.975831678933	155.558589085337	198.974731933542	207.952899809844	236.226730698363	274.897714194675	320.011335581324	354.31565775035	376.172885860184	402.345112264326	423.955157134884	451.627862597644	459.698102556971	474.074629619886	489.1547304302	501.935592391801	522.854086986551	517.199738476273	541.910437250179	529.811253062599	530.178293950275	516.77814399108	535.238499624369	577.635569962442	587.20105558745	681.312082770798	832.534940922723	454.466705547423	892.623341924254	952.528433527548	984.701475532163	1046.22782545266
457.033	0	0	0	0	0	0	0	0	0	0	0	0	0	0	0	0	0	0	0	0	0	0	0	0	0	0	0	0	0	0	0	1011.34457732114	28.9503347328645	21.0376636302175	27.5689544948116	26.4873003467657	49.6072993547298	64.8969479618354	78.4950080117464	88.7451139468218	110.883422939239	122.572851071358	155.852407282862	177.901423466703	201.133830480848	235.305936221167	264.218029925769	314.660033668612	351.599340632234	374.908245748439	395.745579901732	421.434520124866	443.642219811235	447.62613192705	455.460787619594	476.444526443697	477.859755514257	498.751771637829	508.511364843097	511.960461017411	504.644632422255	500.705180599564	511.048099245145	543.792176085413	545.118631993366	594.162990759236	663.167762091404	744.237437703644	806.227882672017	833.541003111517	836.244984279482	912.124244609018	1073.15204279773
460.342	0	0	0	0	0	0	0	0	0	0	0	0	0	0	0	0	0	0	0	0	0	0	0	0	0	0	0	0	0	0	1922.13572564538	89.4635868532385	32.1303484619837	38.6986140952859	47.0838551365334	64.1048837236536	67.7952707757305	77.2976839579223	92.7869484845326	109.166759275991	122.069924231315	152.77081013569	166.392597855967	203.003732656277	233.821880465451	255.992471642094	297.964620866405	337.027706804799	346.726726341013	398.103864909911	401.210540153676	404.599357748089	427.925831639975	437.200243888837	458.233868236193	457.256346864786	475.597925427072	485.237505836076	498.427859285145	512.810295076649	503.434437391715	490.052328376993	507.461551703488	558.229933493162	565.098006036649	605.283996481849	689.985920645352	770.696426800591	866.76208956682	813.140324461181	988.044171438189	1102.01451303633	0
463.652	0	0	0	0	0	0	0	0	0	0	0	0	0	0	0	0	0	0	0	0	0	0	0	0	0	0	0	0	0	0	276.722832805526	15.7848677747223	13.9534257060378	24.1212070012729	22.5802459853065	47.5682169868708	57.2121782318126	76.5774227936333	70.8426643398627	103.425249319824	122.104147081458	158.336483236689	157.98570458286	177.872444959407	210.702051147319	228.707036770941	257.825930886625	303.666688366279	339.986754366797	369.235218594377	380.514070839117	391.319444368926	403.857363878387	413.73871463091	417.188836871697	447.922824725223	436.963249063034	454.064757742598	460.69002503711	465.763380318904	459.029970485454	464.268123732899	490.342785509741	479.36581467675	494.187085271302	527.423607346427	604.595003536073	667.499947282541	678.922269862187	913.105966547881	817.696980826581	797.674204488193	0
466.964	0	0	0	0	0	0	0	0	0	0	0	0	0	0	0	0	0	0	0	0	0	0	0	0	0	0	0	0	0	787.916061593914	19.7674088338668	26.5562850609277	25.511992611764	24.1801480379124	47.3916519000561	52.8518076288461	53.4465931441379	79.1676419394232	90.6679851179998	114.640250366684	134.373188372641	151.602582345738	164.573266149405	196.419443840636	221.316280772377	251.066249641893	261.964431726798	304.077852529145	327.919779692398	355.461389584852	359.168718213205	387.868617380734	401.391046601473	396.091024484703	414.059054411095	417.414537024592	435.355134219258	428.552379083707	444.34311840035	467.355118019895	450.64782442625	454.020576198123	455.42888843354	480.751531372463	527.393344046644	553.015747564081	592.483950282209	643.503437949043	717.997390814316	831.946336523495	875.598172536806	928.58164555809	0
470.276	0	0	0	0	0	0	0	0	0	0	0	0	0	0	0	0	0	0	0	0	0	0	0	0	0	0	0	0	1511.15424018809	55.8761480173918	21.7162668455794	24.5088357172105	14.8814431616176	41.2487167334222	48.4603055364159	63.8088067683459	69.6685603794882	77.8305943382014	109.887332374601	113.200471517093	135.023798745372	151.702011566297	171.204864763063	193.642922557255	206.014448928958	230.576677424552	264.543571393625	287.053252341137	322.87584537169	343.782169601481	351.374330009765	366.065555988013	391.97116735133	391.65866383397	389.232800053341	411.832933380624	420.076557477011	428.269455245141	437.926031143482	434.105508826954	434.13878456647	442.941079593957	425.496192635237	482.613427819665	497.139893876604	520.702815247716	601.319546662911	737.9588429516	717.47471454996	776.968148376022	838.75495069097	0	0
473.59	0	0	0	0	0	0	0	0	0	0	0	0	0	0	0	0	0	0	0	0	0	0	0	0	0	0	0	0	191.828058664558	13.581552382392	28.9459743617253	18.5230071571296	23.7261677608392	36.8924928364798	42.3591553640269	54.6169980113843	73.8624601488812	86.3605872039995	101.578276809536	114.973689409298	117.565641447794	139.725901855086	173.729227351691	177.557008430302	210.128634153201	234.058686035898	250.962343120569	291.418231187936	309.319425866423	338.401425195996	337.616411335517	343.976232979376	349.968873440527	375.029187775219	383.232513790743	391.259086134972	396.255638276539	404.418691340348	410.9226377387	412.257996857791	408.096075391881	430.777265731817	441.080033310228	463.018842508803	499.613238789319	507.581942650493	581.197911197204	648.732801975596	736.874695316844	748.039288990025	741.913649860754	0	0
476.904	0	0	0	0	0	0	0	0	0	0	0	0	0	0	0	0	0	0	0	0	0	0	0	0	0	0	0	537.238345396629	23.158792985673	26.809312901171	28.5641344396576	35.3040571451645	38.6416823777879	46.9251785971547	68.2224127153005	84.1785206859062	86.9150178310761	85.5984525577996	111.309336774603	111.493158405851	130.957108050767	163.850027329505	186.578052886377	217.977073456946	228.205609178137	243.18784434188	259.747291623109	288.147857804818	322.548595764593	342.396750676164	336.123954579037	355.349979871673	354.938166957918	374.698646882114	391.930315068019	374.679107782882	405.704754729759	418.553426802499	418.516685740998	423.255864805116	424.405089417396	415.425008201922	453.019875863119	467.232299291924	507.654713239536	563.100471684761	646.810506968213	674.237090222433	717.507472640196	802.860292127016	864.396362689576	0	0
480.22	0	0	0	0	0	0	0	0	0	0	0	0	0	0	0	0	0	0	0	0	0	0	0	0	0	0	1189.11705829851	26.4509731524705	3.44534712011508	6.04005550285905	12.3313297396905	15.52983016121	24.6403572699272	31.1032071040819	38.938481870606	46.8963598365959	62.4765807164454	84.8068405226534	80.7224102670649	102.375686964226	126.523939897747	140.732650897476	159.807588464117	175.60648947299	190.936542479543	201.741187955626	242.162845831571	248.28277981671	282.152327380538	287.850700030431	318.813145896384	321.880497603365	339.884441920019	339.491773167491	341.931880658522	356.033198306042	348.794958251389	350.138971402486	363.578150575713	375.702156255318	377.679792324701	374.798371148219	377.797409062249	414.445570366438	407.089877266657	454.893767930245	499.893627768442	566.42754351612	619.809603343193	684.289584892582	0	0	0
483.536	0	0	0	0	0	0	0	0	0	0	0	0	0	0	0	0	0	0	0	0	0	0	0	0	0	0	170.770532661194	7.67330759438447	8.7202525918839	10.9689418936594	17.5526467736462	33.0085686774975	36.5803964971996	41.808684297411	54.5826747678838	71.638139555554	80.3447857649478	95.7947699279915	112.323742184628	120.351005648781	136.094658930489	146.208915772239	157.032325080111	182.517115818579	204.620059125794	228.069375596078	240.950490180346	276.570340413203	281.433920336206	318.971940777907	303.77351203828	315.483115401032	335.835220536491	317.262249592475	348.130912051318	348.016382233403	359.217282776055	367.435843073808	377.438864224073	384.445615551889	381.654938331317	378.874793952883	367.813299253075	428.703262257473	417.283178770984	466.988778775285	526.746238506615	602.502984885871	611.416627932246	726.397199100206	0	0	0
486.853	0	0	0	0	0	0	0	0	0	0	0	0	0	0	0	0	0	0	0	0	0	0	0	0	0	618.371614373917	10.7222401329459	16.4667234083164	25.6003716741528	23.8592186703842	36.4840802152762	31.183033811152	46.8643785378863	56.1948894783291	60.4585894018316	74.2567287100008	80.5835801142473	102.595724886571	122.156499206631	137.989101901311	151.443228732395	151.101269083043	177.005137995822	177.759647974318	199.714137892498	216.616343781974	238.705381867086	259.573628410012	273.311572797912	293.275839218973	308.837478812519	323.428239798545	320.546734240167	330.696635244805	326.070378230123	358.023566359798	353.901453144067	349.215774884712	350.53497381095	367.475423494425	375.873543507275	368.530046726447	400.587153092798	441.606981556694	433.168608816373	468.575877846209	529.605308291666	638.756160232846	670.387998845825	706.61283518832	0	0	0
490.172	0	0	0	0	0	0	0	0	0	0	0	0	0	0	0	0	0	0	0	0	0	0	0	0	1275.70067906653	43.0658859740744	17.3709417580252	16.2023201406518	13.8478292852711	26.1054109385782	30.5203838063292	32.3376220014787	52.9589610946058	49.1759960378559	67.8422629058302	83.5296631791798	95.6401117054451	110.222734329449	109.342438157072	122.196083753196	143.898847927281	150.258180184971	176.692900312435	181.753176111841	204.575536093931	224.301986427698	247.740445449366	248.714319917211	275.866374030536	295.013694538001	299.908505225573	308.717239214611	300.758971493759	311.614912812973	327.637053007948	311.334044877212	332.466519584055	341.779021575935	336.736373971908	353.990296947088	349.033559559877	361.091391971376	378.147668345974	410.455898345976	434.321531742601	479.920130211002	500.087113224024	578.421998569971	622.806850524518	0	0	0	0
493.491	0	0	0	0	0	0	0	0	0	0	0	0	0	0	0	0	0	0	0	0	0	0	0	0	164.889543629194	6.95588073412155	15.6995558026277	19.7709571289906	20.7285063954153	22.5568154599704	29.7646437670665	26.6605589443374	33.6811362313817	52.7106335695531	64.1644136410913	77.4218935630639	84.2025461270957	106.423844559749	103.512781156643	129.457172886848	123.730439741818	153.632664142507	173.04599520117	188.363305915138	192.600463805107	218.899698284877	223.913023124369	235.293444146885	273.377947000375	272.83516807399	289.004713816605	295.564743563138	290.444245600469	286.067466687761	308.432585509417	317.357631351337	296.640128925942	315.807979096271	331.135902154036	331.55290040688	347.739726369468	338.955767429541	365.363312638301	370.28479064432	409.457386407547	460.85119939485	495.170123909744	569.508493315156	593.186266397705	0	0	0	0
496.811	0	0	0	0	0	0	0	0	0	0	0	0	0	0	0	0	0	0	0	0	0	0	0	632.811398873214	3.4783192180236	5.60264040576365	7.23870336498346	11.4385667249521	5.93667192957825	12.9447020154996	18.5071974483241	27.6749624696841	31.3142131070021	37.3436997130772	49.0169771141934	63.6644853208363	70.7257933813551	89.5639918711987	101.833496932327	115.965903160954	120.389468035234	124.075738482951	135.727466356129	165.006693992242	184.39530386923	186.842676290191	201.014749210666	229.760453779746	239.202760463286	252.548263295752	255.201727625653	265.533713528394	262.29249883767	280.259579483643	275.016366973631	291.220926375005	282.862993198312	287.08880996717	301.451062871767	317.650019497823	313.979163297859	321.194390641386	319.087064472633	332.639842854904	341.993301907714	422.842755500418	434.545108682863	484.760960992083	552.534190033334	0	0	0	0
500.132	0	0	0	0	0	0	0	0	0	0	0	0	0	0	0	0	0	0	0	0	0	0	1300.56629413838	36.9473719662301	15.6461106974813	18.8058944209192	11.573434593682	18.6323921003	27.4765443542223	26.8562993297751	28.3618162678037	43.8137234518974	43.4344033742413	53.3176496950852	76.0541917791886	93.2737204125335	89.2136072591819	99.2345423024401	121.415661104438	111.032224173	145.528358337041	157.59976043798	159.9579003635	188.049364990524	191.658388375869	202.601279476598	205.971728200574	228.650302326863	232.247675989412	248.554572760056	249.630002373454	268.621138560589	277.094167641971	277.847836223898	281.867545216914	293.64615287457	286.9892493704	299.209884346741	290.738726336277	313.554906357774	307.881268803434	331.674904744584	317.907889210373	361.751536854896	391.514964211836	401.257636059129	478.582223581473	577.577093893855	0	0	0	0	577.903137073663
503.454	0	0	0	0	0	0	0	0	0	0	0	0	0	0	0	0	0	0	0	0	0	0	181.979039655797	22.2601570174437	21.0942219949212	16.8020939479871	19.5737622490626	25.0160297470414	24.2108382381867	40.0674360735282	49.7885736139736	43.5225238215749	55.4418399580238	68.132973304075	68.9648571289527	85.6348984389025	104.202819833719	102.490336051392	133.019476676916	127.54847260379	136.438600353454	149.96949365219	172.592301145227	166.248155661935	168.771649811024	176.670239334426	210.843700766786	228.974948815467	235.461706223813	241.493180591003	251.287706687848	253.348304675229	262.896880916411	266.004278817486	273.07108584387	269.804089536777	272.969111265258	278.465741810822	293.165443915546	294.291565341169	301.939169103316	312.733915586777	323.103834908651	353.536571688415	375.604072447707	392.95850239452	457.945774662628	520.309494628996	0	0	0	0	748.642569327175
506.777	0	0	0	0	0	0	0	0	0	0	0	0	0	0	0	0	0	0	0	0	0	601.681037422786	10.8507829070897	5.03451002819156	16.9327532055621	17.4538991127889	20.1157608721073	27.2163012026267	24.3610663622716	33.7948446465043	30.1420972554262	47.1721498127357	58.1289531464403	54.5793037688761	72.9516176868817	91.7395278363657	85.0846856971508	104.315447083877	105.671633842527	128.563152320438	125.931052660657	150.37453018382	158.765928725491	162.366873891008	171.047102267851	201.688517068641	212.186519911762	210.887349018735	219.721006018708	239.30526809782	227.000138892952	234.053256365941	243.596699362755	238.770581049142	264.635868159509	242.429547906272	261.007182909828	268.289072212018	278.285857078478	288.892556133	281.546296096791	279.169570984959	304.311823377227	326.88996037544	348.552792270417	368.413556098851	426.586029106893	481.127542652004	0	0	0	0	652.473995469747
510.101	0	0	0	0	0	0	0	0	0	0	0	0	0	0	0	0	0	0	0	0	1282.0315245788	44.5478977695921	6.67517822175032	9.41818810187311	10.5275291439804	11.427168344826	16.7102208300036	22.0401594338769	25.9955052514046	31.1601095718595	29.1349669284949	42.2117612369625	45.5393946100209	66.4597104510647	71.8623610977901	70.5729981670388	105.275769928186	117.956121226196	102.275728964519	115.19044814301	118.855360812418	133.475586287064	142.778467219576	165.966609871464	164.614040667606	166.6177762898	173.311912168611	185.710851044724	207.184094685997	207.40765311455	216.374468816147	225.648391626314	222.776372353146	232.705575639769	236.371344719795	245.186043435567	243.70179751669	240.225904115082	258.372679884887	258.993763726952	258.891407833117	282.788149821404	292.056446469009	302.208565405605	329.573287666619	357.842120850957	409.940085445925	0	0	0	0	477.416414764905	611.553790355835
513.425	0	0	0	0	0	0	0	0	0	0	0	0	0	0	0	0	0	0	0	0	182.075228058783	-12.636760797083	-1.16353342807956	4.18993862963211	6.70021706568112	13.3740860102783	15.525700308995	13.2287297650902	20.2968308102505	23.4231807707296	28.4587498176324	36.5438547529732	45.2629630251605	53.4108663569637	65.590663311659	68.5660642539085	78.4442456889884	83.1863004716205	103.257212069509	109.056121753286	109.271765040541	96.3740418696655	123.050672687472	141.929264348463	146.720508886958	148.35717475697	161.623094453294	175.152990898122	188.952882532975	193.231266819973	183.598595006511	211.379427137041	203.619400222631	199.617426251734	211.894617387699	213.80335202499	227.503576166244	236.506571137324	231.797833939382	249.693243012262	246.017722261722	252.422933130049	239.078947048641	263.742951497746	265.22309439846	324.613890795468	333.313229108073	0	0	0	0	532.309493408253	339.554575664423
516.751	0	0	0	0	0	0	0	0	0	0	0	0	0	0	0	0	0	0	0	633.417854340003	10.4488249617395	9.09553166561915	3.52285315737587	15.9087801973196	18.9097508643255	18.3565758778149	17.7435238352361	22.501001223981	27.9471976999253	35.5941435491729	44.1730097130175	41.2747682917449	38.6606630113808	53.8152934551491	69.3475360201011	74.423625519083	92.0039682827233	90.1511553326559	113.669660025516	103.192427825575	122.602479996493	136.640194372692	125.648638769477	156.300646595466	152.963734370638	155.808149668808	172.794406051081	179.425191984094	185.724129103612	207.342716607045	212.661086626582	200.981720608695	211.348499958476	215.65798380664	213.295962599446	223.546798678897	235.056265295455	237.694886997987	233.516376113224	239.748383053056	247.466788742857	250.462982118819	259.438729032853	307.158969566288	329.579955683961	328.863601944551	397.578241053778	0	0	0	0	403.154050424662	481.714512801732
520.077	0	0	0	0	0	0	0	0	0	0	0	0	0	0	0	0	0	0	1359.92140998273	43.882509661748	10.2456891099599	14.7177124482758	16.7307600784114	13.1993065751838	16.7487235623735	24.4231228884651	31.5309874967229	28.0364980343582	24.1552563944829	39.0640464712614	52.32380707714	43.4600306755725	63.0049016966309	56.4686673492213	73.1049860768769	83.6130058602752	94.7193262702039	113.38432811582	101.012773310498	108.034792110189	131.150863357626	132.42010672561	146.325518434661	147.394297240834	141.32373735369	147.405329676467	170.36206586417	178.271437748177	195.940557010171	211.521622415777	189.544453312491	201.458755029702	199.565292788858	213.927573724946	214.722760496628	202.705967396437	206.911364218073	208.523351148714	246.294073398939	237.04136677546	245.309597798131	251.781956877215	273.157719285227	296.020097353979	299.190439685688	328.737942825236	0	0	0	0	558.196404681327	519.802626447103	580.666622428324
523.403	0	0	0	0	0	0	0	0	0	0	0	0	0	0	0	0	0	0	179.345020025604	1.18401907001972	13.2747949034624	3.79189975113028	3.30838356627074	4.62065251655421	7.69354547623106	19.6916682209002	15.0673992212677	19.2696927326898	26.1404471818044	29.9743016654118	37.4735333430492	39.6914316534184	47.5457759724979	52.0646427054842	77.4771827230757	93.7836852169959	85.394012771009	93.7628646463682	96.1207700230033	105.258287929724	107.760157193713	117.539760115495	120.193748850122	146.822003854155	140.800328350491	153.226683601532	158.610380092978	165.705191888973	170.824701058766	190.224796665098	187.547167503945	196.061807634808	192.837311599868	192.117885222693	200.184057303614	193.826524558797	204.984657088653	214.278101971512	206.316687189255	230.785302013288	231.520378267823	232.081452451681	255.840521918834	275.352037735769	280.034408038167	305.414345091539	0	0	0	0	478.216230332625	425.510400902255	478.893609877403
526.731	0	0	0	0	0	0	0	0	0	0	0	0	0	0	0	0	0	587.063001629688	18.5840755815152	1.93811174726918	4.73798967007214	0.3405258176896	11.6012838677328	5.63458756968952	3.19043251398529	19.0121209781762	22.2331287302276	22.9214391247084	30.2289038426955	36.9806117022116	36.5846984810784	45.3223831067173	48.1783995706503	53.2660573701118	71.0205709811713	63.1990750156766	71.1385298053869	95.9826076740219	88.4858722955638	100.578161710675	98.1539982859311	114.457053808242	126.811880530521	121.142001815193	124.895570543147	141.537215784122	139.367587947718	151.253522243264	165.459455723746	156.642509590531	162.364343255474	181.341558146951	176.37660778281	179.90708736284	171.094960422822	202.173819444267	172.140632639704	193.83629826358	209.679692205328	220.681860104195	218.885131122185	207.019291469128	222.232532159047	251.567411516705	253.028450648546	294.609991477251	0	0	0	0	408.521707411333	321.302877619789	355.224448169134
530.059	0	0	0	0	0	0	0	0	0	0	0	0	0	0	0	0	1281.14833014673	24.5132037002201	0.396834423311208	8.75766262560106	17.2106268711244	10.7299415205434	2.04841194263515	18.212183107351	22.439651979545	22.8385255071878	20.8717950244142	26.6755036783417	30.8450394028463	24.5793589694484	42.5975453062112	48.8210887170565	52.2687028048585	60.8840271835623	70.7268910257399	72.0398539502021	74.2389917694541	83.5976367416759	98.9581428373383	91.693943109191	117.002776371016	111.881041106076	113.634425723671	120.116055789067	126.80553938227	150.172461745995	141.589479628306	155.522849674466	144.887658010632	172.920832225133	172.29534037047	176.772055101608	167.656635766003	169.21240563078	182.315446961076	174.954331134768	186.929742201819	198.263100259891	188.553749769704	205.603249138119	198.392967633928	208.116110056808	211.247146104423	235.890344965342	246.717954802613	0	0	0	0	485.188722994635	385.14032418178	481.676415539652	328.655731175788
533.388	0	0	0	0	0	0	0	0	0	0	0	0	0	0	0	0	378.935762288996	6.58661488939518	16.9322597187094	6.77970585365218	22.0275758098866	19.6062913718621	15.0745087236765	31.9060030165711	26.0660402567081	26.9459387488596	27.2386954101238	28.6429574096004	36.909728254349	43.9755819114589	53.2794950701407	46.1715392871701	62.0358409681881	60.0495087413278	66.3710067471885	59.5937820716103	89.2531571725813	91.5423020572686	94.2413977695846	89.5052051759485	98.8845568207926	127.180147021431	127.831999606943	123.789427763165	113.85035890996	130.265988351794	144.768153938373	163.608373402272	160.73425873495	158.55532169216	172.383539630583	164.587039864991	161.687024732497	174.323934562145	164.060271195144	170.526750535878	183.752771753411	158.831162602603	193.704978775037	198.423395917523	195.218561712339	209.225504073597	215.425964881311	267.24393928055	263.456284686079	0	0	0	0	399.898033266729	457.484941713411	377.869326414865	434.589413832355
536.717	0	0	0	0	0	0	0	0	0	0	0	0	0	0	0	566.637985259482	6.04653410191893	13.6211933237503	-13.8160033957604	-8.29463631291677	11.3945223863121	-0.666380703856111	9.2971931268618	3.93970919029604	15.3389089204691	10.3881022257613	20.129002116105	19.3997874642913	19.6993676504011	27.6284057332631	37.5463012642182	40.3407914901295	43.9181355082762	49.1338066816488	45.0297875200269	61.1661946406907	64.9687225627951	68.5130473388408	80.3618920911727	98.2747288131699	79.8544963851941	86.4553742770535	101.51526501396	82.506808137305	120.490730898955	117.668589387942	118.828425042957	128.217635245006	133.487376367464	143.543821067474	126.573371900505	144.766345225965	144.125517077331	148.947781915431	149.951175491997	155.16108082578	168.784374500191	155.71697846778	157.695583200081	163.695187246854	180.25261017961	184.027585607346	191.138965718521	213.619706707119	211.425589959893	0	0	0	0	351.05100929896	243.799183345577	341.286947825256	340.19712713212
540.048	0	0	0	0	0	0	0	0	0	0	0	0	0	0	1214.85739684006	38.6159948748226	6.1561162932689	12.1506919271687	9.21409031710753	-6.12664471316738	5.78819697894832	13.5252730984343	18.2935461512835	11.4503905695536	11.4393838069853	19.3144833386953	19.4306744401304	16.337224004627	19.3619153321855	25.1940453537733	39.9532401973918	46.7274684796167	37.06812810778	50.4775270975489	62.3023177243514	69.4287730818482	64.4268625051692	87.545968015967	86.4740068084432	84.123421039229	82.5288672006579	92.7230156276466	92.5334474255003	113.079907838801	107.528197297513	114.539050305915	113.566562268792	116.861663707807	135.238847260889	144.610849417942	138.718535572233	140.248772732456	149.546394168994	146.650798215999	141.15941046861	159.872988469292	152.396795332867	159.064217207693	157.799795027438	188.307174677321	164.896219235161	182.332725280385	180.913619131184	198.705352809972	0	0	0	0	370.916066047802	349.211784327586	311.451058210661	321.217616376923	269.241852624254
543.378	0	0	0	0	0	0	0	0	0	0	0	0	0	0	138.00928345153	-19.6655214322461	-16.5473197567586	-23.0697430182433	-8.1675302099779	4.3041779213809	-19.5306961299783	-11.376304841258	-5.11389602379012	8.41089972825215	3.47378526834511	8.27348882350713	8.26089260830105	17.9581437300319	22.3584557724703	22.7400958360876	19.8823510852208	37.8948339404243	19.7818005150136	32.1986865690362	37.1011349562452	53.7541705763343	51.607407523365	68.5099517446786	54.682532016053	84.7026496097072	70.4761850561485	69.3606931799045	70.1561840768122	85.0648183476673	91.6460528308532	99.2721310320885	96.0792831099086	113.050046849405	120.382917910127	115.91246772266	119.768093211063	124.27210372634	129.26973245686	127.51577499869	124.680506027165	133.041902524049	126.344785310498	140.989225489622	144.371120771658	144.489799567829	151.792609124842	164.706175107966	159.198506263315	161.195866768401	0	0	0	0	288.581436234111	292.779202516733	279.277931631641	242.361214667255	158.419086572015
546.71	0	0	0	0	0	0	0	0	0	0	0	0	0	530.505636637344	15.8818699249852	7.58170045424624	10.4181100403162	16.4500161980208	-7.45388883567663	-0.393418107529747	17.1828492952689	8.7318041625069	9.44648564381525	11.8210103315312	28.6525465656434	20.622133558506	26.3300358765965	24.8111207594954	31.989852584465	26.829382436004	34.154326346207	39.6844956473749	47.8406375448483	52.7476403257477	62.2392254179283	59.6077994244872	64.9652278297066	79.7752275007025	82.935934299631	83.6641014202391	96.4529310657999	91.0460579507007	95.5776596917748	97.4960056955396	98.5933964828158	105.086756035514	110.266037254505	112.207507325409	122.564765274317	136.772928065529	147.279165263136	129.260509128255	129.318401166376	141.450901509799	149.803918458048	148.604501866288	144.451704710298	152.415212750586	146.280564662012	160.444761335975	146.088394895317	165.708872484935	173.223452997467	209.094845243947	0	0	0	0	293.563274555673	272.786956377529	325.627476900951	329.194251877667	463.947846614002
550.042	0	0	0	0	0	0	0	0	0	0	0	0	1122.1779593659	10.4533129488244	17.429550345551	0.938469228566713	23.1627002498813	5.64381692168597	14.1134600358748	19.0627159342521	17.9710289812241	17.1602195783711	17.1146390064653	20.1212676961662	21.6739389775207	23.170615998753	21.3730716646042	33.0015115885328	33.7534471079972	42.5999502383601	47.3432031623087	49.3988389932353	44.6747698561514	50.7498742368685	54.5760705923537	53.7019352967615	69.9095972771397	68.3795528404471	63.6375821453387	79.2119599956796	85.4663639919262	98.6111248675641	108.796819497885	81.7495288918392	92.4723425157609	92.4272071854116	112.283023660321	116.903854084187	120.538599966733	111.299578627185	119.680769773002	127.083813638685	133.547025226923	130.387928396072	141.585732566082	132.755105045746	138.821752991681	125.703797678385	160.723849718555	145.035016589208	163.042760990735	163.019688680458	178.791029305844	0	0	0	0	375.836551952235	357.322700071977	251.087707856128	318.86193356912	306.504790108078	340.022065846734
553.374	0	0	0	0	0	0	0	0	0	0	0	0	122.465682608598	-11.9545155211128	4.44509869898723	-2.84181991933043	-5.41527845028328	-3.89533626369511	-13.6308486169663	-14.2129650907195	1.86914520397988	-3.83424384912254	8.81599633912051	3.30308524280844	2.0074742151605	15.6177432599307	15.4419302728886	18.9865534498218	16.6607350513722	18.4574967812013	29.5913010997026	26.6692910517165	38.4900483397706	39.8561901513633	38.1241692478024	51.9335563091203	39.206618405063	51.3295487049727	65.675007686349	58.0281077894849	47.0132670487526	64.6727757734843	63.4651657220065	79.0301049481605	87.888116776995	82.3996417534261	83.9842552409294	88.2947445617634	91.9423715785211	101.994400131805	96.0712772280037	96.4648378113021	113.048878082805	103.357043695121	116.337289477209	106.072773470344	121.429522352374	117.855165373391	117.02695128888	131.008780076313	141.38267135514	125.284345168857	147.795208963924	0	0	0	0	220.160054234526	196.556135216871	188.929503866011	187.428475264112	208.542962926284	202.7946706089
556.707	0	0	0	0	0	0	0	0	0	0	0	453.946806788679	-18.3627035111044	-18.5834741755258	2.92142668445228	-15.9388346631353	-5.82355581493186	-6.87044058424936	4.09864710750248	-4.69654031997102	2.96422997530907	7.61213277931939	9.35605234984973	-1.90239200279367	-3.7319210272717	12.3528297402414	6.64343141402364	21.3180999268169	21.6600848958417	29.9002764832971	33.6151178617028	28.529108276103	18.3817915483625	29.3016736849342	40.222750069026	50.6652167708355	54.6301576128819	68.7735249844179	59.2216003153629	65.4591159293609	52.9700612609509	56.6277663157473	60.6559887244857	88.6890705579227	71.7921128218457	76.1620817493887	82.2235182408021	81.8581626599293	89.2330382091031	89.3721453039676	100.468689953198	93.5724045230575	95.5460891509299	93.7931505610381	111.252537418009	107.984170086975	106.160686051068	113.750084652785	114.184241031861	116.519088644851	114.56060205503	136.379763097018	132.431047855736	0	0	0	0	206.653199785052	191.569756742115	234.83005488118	176.485211681291	170.801575442407	20.944549308232
560.041	0	0	0	0	0	0	0	0	0	0	983.126091814673	-10.752025379603	-10.7851840265805	-7.21642109893372	-31.4491437447661	-13.1416112313426	-14.7807777077685	-13.275346846733	-9.82800445310881	0.412780957983706	-16.9869061882142	-7.60345122932565	-5.43200460491179	9.24972162554649	13.9256852218153	14.5747562015962	19.0318894014309	20.1419242154399	12.3998821740914	22.9788916777976	30.7529354510679	29.7645666847039	30.1771304617952	28.3571880853358	33.0337858027209	48.7981595982058	49.5419551716067	49.1002535938106	52.1598282622305	58.6103641422719	61.7725447895946	69.9136451024037	58.2189342492305	58.2773102910993	72.6126341988349	73.0791225921719	70.7903054400085	88.3999352683429	85.9053035639562	101.42112028703	83.1431795253649	92.6098043917398	92.9553627939696	98.9036886608706	100.330004688719	90.8971296428903	102.890071946536	106.411290032092	92.4326081134578	102.115279031083	124.567339137476	112.257833737078	0	0	0	0	247.615369547166	157.515596608151	211.572455411427	179.968067282334	168.631015372741	165.409145177792	21.0028622443495
563.375	0	0	0	0	0	0	0	0	0	0	111.037051106758	-4.53082476919229	-0.540441379970232	8.2750835021397	10.3557028767666	4.68903453203538	8.99655379569485	19.3396098186557	2.0527549412792	2.75685574553263	13.7142639070458	6.58781042167467	-6.66300791468644	16.3750836833634	12.4761918824689	14.1749685624181	11.8479384361089	20.0447465781383	24.649434802255	28.3580887268223	28.7361489813018	33.4663801719662	32.3568727701633	36.0179300189967	42.685613965496	37.2488808610113	51.2789436342618	53.4923091169009	59.6640357567393	48.1207133779394	62.7204105023911	59.2840731773236	58.0731436777203	84.5588674413068	72.8450975516994	79.2806065148305	84.1165268920826	86.0796948854353	76.8099101670943	93.9080753122573	102.653608260539	87.6633451795593	98.2011186909366	97.5729706447667	103.506803982712	106.993296007207	103.54806616692	97.5939268712683	109.338896915559	113.970238789975	115.505067329588	132.366192906936	0	0	0	0	198.409713302054	258.19335886251	201.473900958325	217.526046151598	178.854440778649	212.661459623081	155.845913664926
566.709	0	0	0	0	0	0	0	0	0	405.975040593753	-6.00493276274914	-3.46800059829672	2.20675553092575	-21.0123042968622	4.99771788350343	5.27944463639616	21.0167940462674	3.05038275186842	7.92872037939715	2.81482276459522	3.39168769743858	5.28271469521348	16.2871823334936	10.8167468485632	15.2092800462902	15.7868275433238	22.7881875209499	19.1940684587524	21.5140431612098	31.2132887481824	29.1856783381351	33.47829222354	37.9942870778164	36.896128222507	32.4613084268438	38.1432343715657	46.3341853455419	55.5664177494529	57.9144252355431	59.3599658160898	51.276136149505	76.3970742657217	73.4000438142998	56.0463731790217	66.6361532498175	69.6429742190355	76.872911218512	77.109818336636	82.4971398253748	80.9234168958493	84.7428216231959	94.6677078660434	92.790651806718	96.8718830921613	90.7084442451626	102.336646566429	95.9417367764925	81.5137341233965	107.277392071295	106.551996702821	115.859965253816	125.040868653366	0	0	0	0	151.588473906488	179.830504420613	269.244558857143	211.975738429083	140.576684710184	139.527307804056	367.072546554521
570.044	0	0	0	0	0	0	0	0	986.186174134771	4.43783148193649	-7.92595684968947	-5.85080572326996	9.49598228681533	17.6127715313042	20.8298860092251	9.22844016340858	9.7355366246463	23.9457788225265	-2.96914776293044	0.00463911084423825	14.9170460087484	7.87020205899177	6.8674197621764	6.76289681363033	11.0716079812152	20.6753122440015	29.139629056436	18.6408792654761	22.6866713634716	20.124050770783	35.7290251390784	24.973223685475	40.7313803344495	38.4123614050547	38.5013614810424	52.066106159291	51.9359066694526	48.9635926105316	53.6485214401436	68.0493359395533	73.5185477966835	63.0440543513821	49.1207872064358	78.0498312984061	48.0616722946245	84.2630230561555	67.8700488055112	72.0212355830853	84.4062581304068	90.5948564712354	84.9001703380444	69.0577321012983	83.4927753618391	93.5491806119611	102.378643059778	84.8794675449581	103.278531386358	105.424087804034	94.6461867678204	112.200080670739	118.801340232075	0	0	0	0	225.583581478059	180.572748390372	199.249465215074	165.843548406919	206.073157659332	218.366071135653	171.311871764797	178.985559488361
573.38	0	0	0	0	0	0	0	0	116.750861343491	10.2151866695978	1.84240213015948	10.0031188251616	6.44951023608506E-4	-8.59274730716296	0.00107094041985266	7.81597220466135	2.79940200342168	-2.23308683656265	17.0650188028447	6.11946759316309	-1.92363259351758	-1.44015686598612	11.6237481987197	9.3480078220794	9.58703140915809	15.6719991637505	10.1507565340283	19.9476824770496	28.6570391757856	20.2427879233233	32.7732665775667	24.0562623576473	24.6545752705046	32.0529131505369	41.2107467407855	50.2062030812334	43.1181913915557	59.9387709581397	59.519941534227	54.4043361359844	48.5471446951136	70.2099433053275	63.4517647983218	65.1603899795432	62.4639494935623	57.2495945005733	61.9454701086386	85.7408711823507	78.5344023371421	64.8970928396001	74.2795572021676	84.6887918494719	91.7029314734463	75.764400804536	81.4793731597146	93.1305620423715	85.6800985019357	87.3832214589651	95.2410783740612	110.729355340733	106.67816850839	0	0	0	0	177.473195469828	126.359210495062	159.948580253397	192.978661715757	199.726537807699	161.835430727001	115.816678820422	77.1918434321797
576.716	0	0	0	0	0	0	0	376.265017800123	-17.2075120499089	-1.27396537820743	-36.7362185525444	-29.3761452903838	-4.48543653732226	10.1858992910747	-20.4428287624525	-11.7171478784792	-4.18643790504811	-9.80030261574158	-18.7417398354907	7.34275330596568	3.08055692875473	-7.18766993190241	-2.83168521201573	16.1218128175871	15.5197361698521	11.6844796055206	4.31893506657957	18.0388343445727	16.7978702449976	15.7184547296183	17.8207647552665	28.8141664077844	31.9970081645148	29.8030167415052	23.8317356954999	35.491391777909	22.171239750787	43.548260788867	44.5622939495932	43.9623621291758	52.6991540033664	46.086024624155	40.9431753746429	47.2491979230604	51.2147074022097	64.2542171463598	52.2015485593727	58.4743881627191	68.0657333600567	77.4448676693379	66.2406301451529	55.3244277438839	71.9304963781353	69.6179974064441	86.0507242916516	63.017421549102	86.1854420471236	70.6070326811443	76.1296874758828	84.8855545871027	92.9070965490549	0	0	0	0	103.768556981036	148.577550738175	135.862429481551	161.621388713661	148.756107054395	141.586133841971	204.324826333949	47.5866603664099
580.052	0	0	0	0	0	0	820.008125710513	12.9186783716273	24.9981801498528	4.43339022649326	12.1673843701878	30.9345290612728	7.80143149553916	8.52234266309813	1.52353464551031	8.23615101692776	12.0439541904247	6.63772591643973	23.6963472447795	19.0299737447419	11.8332462349076	26.7773738118971	12.4643377829069	16.8605194679	14.6492258383887	17.6282796429924	22.8564555829469	25.6968183090862	27.0616168759148	28.5917108720872	37.358848933004	28.6276692659646	30.2610951393411	38.3361196857584	40.5708330253688	39.9002689451513	35.6331260487191	51.9816473338043	33.9850148173055	47.7177065820276	49.679533857694	63.308805058837	55.9787943357194	72.4487144604332	67.1743082248965	55.2472857722347	61.1353387935048	65.8847153306861	58.2663511967603	79.9355000878841	66.3891354007347	64.6400702119296	70.6152341075296	77.1355209524246	75.2513379800623	85.3133670481625	84.3325813458681	75.8783959764488	99.7091463548433	109.112884172675	0	0	0	0	215.019966703738	149.366234453441	166.485443593464	181.366741291896	203.76877096018	131.044012596569	186.298825796568	205.680059109078	193.476020807052
583.389	0	0	0	0	0	0	110.449964633106	-2.69353118767273	5.19943661342174	2.50949049794784	-7.84131376258447	6.95921062531273	17.6792495299036	-27.9853398292938	14.1067445961683	1.4408855989661	7.7941728834893	-3.07256113589896	8.80973393006371	-4.41376784654721	8.32636235967716	10.974326263071	19.4611620724196	14.2189243831241	12.2317613352683	19.5377528182221	13.3496705899113	13.5792647312535	14.8525403761229	21.714380958528	18.0360264067785	37.0601261557563	36.0648750767145	33.0665248449367	33.2233374300502	33.4284825772665	34.3691445747162	44.7535386751672	41.5212678042731	48.0384244649978	59.1087852904492	62.405788754774	45.1598294017402	39.7995011017129	51.1027207262069	52.3437247141092	64.1729209888059	64.7212514559538	74.8520963286951	68.867911921496	58.3265646360817	59.5775809299962	66.9359376425215	60.3934581240337	73.1556285938025	67.8514530680148	62.1501857869464	84.5936372933827	77.4171979560826	74.7229520726518	0	0	0	0	139.44471047458	121.681008983684	128.480897406293	140.98848484293	120.013170560463	135.956308466017	54.865532630543	214.546236285351	191.707232855116
586.726	0	0	0	0	0	294.773630867807	6.94495829872134	-0.666634594237705	8.42068991297593	-16.8322443115078	17.9640814233778	2.86737472528229	-10.4216587869058	12.0617490598757	1.48952691338701	-18.1156562267964	4.5607283635452	10.4548663651623	18.744877862736	-1.99566942362266	6.39217157607303	2.81181748921461	0.301269178843983	6.64880843804044	14.6764923772332	8.67552388346616	15.1443639487536	10.1587201383776	19.6138921329763	16.3830400563001	21.4898582505442	20.8789975825692	15.0500392217398	21.4798301754008	21.1874677799722	28.017334561341	53.9061975388003	45.9720657695283	31.4291237103839	43.7422221726592	38.0025345302787	52.413864211406	27.7249255951734	56.931212007124	45.5894679503202	51.0690533590798	36.5999567335842	46.2943939023217	53.7909102320074	56.5927372881796	55.6144646122791	64.7583695411536	68.4117885681317	62.7725958318591	68.8924005321626	57.7109300492337	73.1682959358902	68.064746774548	72.0614112101758	81.9726209086529	0	0	0	0	97.8409713406767	111.854494465037	109.007782961112	127.795108487221	121.622884762702	141.028400116048	171.651881843817	73.613364128197	21.4902712256704
590.063	0	0	0	0	744.408029567846	19.442891760393	1.39521285386087	-2.01531364769617	-4.546211959273	5.6313299400075	6.0123967383734	9.22425031904512	-1.09843025829951	-3.15914568203067	8.53099239614503	10.0563527049823	17.3769066080897	-5.68483937437481	13.3822472438822	14.4050794202837	4.15169259916374	18.7012551090457	10.7745419658399	16.3924006350678	17.0150955228281	18.7682542123628	14.9878616973677	19.2148415361436	19.339530953209	22.447417908821	16.2976633243948	27.5071336147355	25.67534971566	23.7180248713215	28.5568838381021	36.0685742381388	33.6185720199256	31.6813323113022	27.8175778618414	40.6315893991222	40.0346612781792	40.836862346349	45.3579589827334	37.6539732065656	40.2998157008416	50.9547668316072	63.3726509595763	47.9438729005963	57.8893365709006	44.9738216663907	40.8662466558844	54.0352147089412	70.9068919652713	55.1354651709007	54.6966832128679	68.8384618902255	60.9941218614326	58.6634996066372	63.3877471037252	0	0	0	0	130.925349473009	89.0265598317565	99.1091073363081	91.6063246550726	122.153757556963	106.197497924587	144.5620567462	99.8061844661102	84.458665037529	68.4236745778343
593.4	0	0	0	0	140.007005102164	28.4154526732127	59.1597761080758	25.7992785361617	31.5455325713254	39.2317848805334	1.2149461825736	18.6726356876415	34.5370665104234	44.1778743825733	20.7852729629725	29.0527473336964	21.7479604181958	25.2130114553377	5.91976470131962	23.0618240914926	19.8392179582611	24.6193026840684	16.1849341712776	31.1774297582199	25.6750781133716	19.9056556449895	24.9686113618771	19.7648132022853	24.8275164768018	28.1542152278399	30.0602760515879	43.9622547514201	38.175669171063	39.8685641855438	51.5958642045609	45.124350751626	45.974939617337	43.5522137883861	49.3787551606601	61.2869211147945	52.7012037468024	58.0648745452568	54.2085572104599	65.9346755863077	70.3647842086536	73.9085567627252	60.7890108365614	55.663250497777	55.8288881925431	77.1915829832881	68.097727026991	56.9143313197838	68.8763086666434	69.9775309497223	90.3965952062178	66.5471923630626	80.0811726115283	77.5104786225471	84.3165793198405	0	0	0	0	137.313466742838	88.8681484980817	139.446973238284	147.476302825515	196.723076330422	218.388752502571	219.166027878994	186.21392228079	291.031227097349	361.084480479008
596.738	0	0	0	312.337635493359	16.855678762969	32.6102515889444	16.4848258969147	6.91619276169403	23.414514127811	21.8961589773361	48.8821950818185	32.0628198519104	26.6451823705542	-4.87656093514514	29.9509263706335	12.3228289958668	23.0768964505743	8.55229932997717	15.0631353872509	14.0162135923917	15.1428265238623	2.17865619547009	29.4639046113123	8.01681412291284	12.0230775341109	15.0744206149273	22.1578170116746	22.8720809355839	20.6039924735483	25.164056176568	30.5991867034651	25.888287778805	30.1568416026008	31.0693389462669	33.449654635859	34.6051043061262	27.3466899049319	33.2376711993554	16.070443832212	29.8460552168737	27.9900473333731	50.3762403731692	63.3084071688792	40.8309441513871	49.4271071558812	43.7111257202697	52.1160546216186	60.6105673739356	51.9053404149406	49.0291445461706	51.830659772451	55.0294907556157	49.4185777245572	50.0856775922223	47.0606788042215	62.123151569591	65.0766095656368	56.943576998856	73.7459260057033	0	0	0	0	106.202458212129	120.011478845055	89.1645590220419	97.804461367601	138.317286579296	178.363444213089	86.79039264111	102.765774672176	81.4856359073755	111.393598671296
600.076	0	0	879.496276323294	13.028836698754	3.10916138318197	-18.0825081066431	-12.3639721703246	-6.30326421482408	-14.9237681893875	-20.9187844823436	-9.42284153714729	-0.602184743460189	-2.87256821770292	4.95506507388875	16.2311429655697	-5.49557120938671	15.7824043936214	10.9521793792808	-10.0486914680668	15.4812685508011	5.5265845985136	2.20954154167531	11.888152985841	2.62387399281122	8.22324082538155	11.4875388581692	12.5789646101323	9.07693044844911	8.26684042757765	11.3129211098864	8.25295007354304	21.3527186870083	28.08353539858	24.4502489444102	9.21243376673943	14.3707772832405	27.4169724255742	28.9062276130752	30.8260405922142	46.2261343459673	41.8143844320765	30.7372843133832	41.9894960326338	24.9376409626578	40.4144284203951	54.4912471789787	34.3555252556753	35.5515606199105	39.8729732921974	45.7360423113756	36.6657411257149	47.6222672129603	49.2743288340617	43.1873010103665	60.1394020857661	51.0097540541484	45.3545378779585	57.4382234060211	0	0	0	0	137.021105475493	56.9338181673821	67.1722240779006	78.1852905548313	75.3398004793509	80.7459652605955	75.2620597729646	173.018375231807	122.58881783353	154.354405166465	48.833887959727
603.415	0	0	161.985854420031	30.3069927225087	13.3244075429334	25.0271566702364	17.6024644195255	35.3566096467051	40.3772522973125	19.1075029131871	32.9142577224602	64.3648035969107	22.0387894435995	23.2763800100516	40.6762960613569	14.1309107042378	19.2761691165142	20.2575138442445	47.9919786604354	12.6486194098039	32.5739250566452	19.3174774317828	9.71830869391492	11.7008306410569	12.8336034725707	23.1342764283892	18.8888549451661	18.6480989468317	16.6501979495323	12.6693529804509	23.9788218537123	28.4066970043114	24.1702239969854	34.7017091105745	42.2099439618542	43.7686252482908	32.0249371693252	50.5302970951682	37.4979703092737	38.9670650412816	46.9213783009794	48.4261036042673	56.08022886035	59.4613922339359	44.797263148444	40.2380275028109	53.6304117971364	55.7743329172064	52.1516680279367	33.9556617026545	62.1201047172769	58.6625876547553	58.4900569700765	55.6819352478144	57.886630438111	58.114309367225	65.8990361387889	71.2303939841498	0	0	0	0	104.593912097883	91.2189964118821	112.491906640263	99.2326001537988	118.77769949937	153.333571685178	168.319375622811	145.831619922307	181.476674235585	200.157143628669	148.085060011281
606.753	0	324.222013206619	-19.1933601178468	-41.022467023913	-21.214226151287	-22.8147745905442	16.9201521270985	-36.1465589335331	-15.0818935012401	-7.2659311753817	-27.9218780009934	-14.0067270023746	-6.97215774568202	-2.22064966616165	-9.556457547534	-10.6121639731795	-8.19521378989862	-6.92728270073373	-9.30633098781503E-4	-5.4649943105545	-17.1127962353309	5.5857427949475	-0.659666611472262	6.16218091971997	-0.265673350579193	1.94852469834216	3.34729978728656	12.8767685688402	9.5926319241179	12.4849017222567	5.05237331318867	21.2914007673014	24.8697810730609	13.3297108722997	14.1164590437491	7.74725773961947	23.6546914644192	18.494127102087	24.3496811818701	27.1813429710224	17.5404039231147	6.9699975455239	32.27688886603	25.9048997157541	41.5073546082193	27.8565598539643	26.5837484106442	33.7375871201833	38.7350612671706	40.2857669941723	43.7440125533203	34.1648280677864	37.4193694044351	46.3182102562538	42.1533595721538	43.8579205939965	42.1293329427193	40.8102683301878	0	0	0	0	49.9360778747266	54.9676154414608	47.2789136780458	42.4396348877182	68.0637580277871	90.2331029020398	121.0751573707	77.9072959975093	80.5813544787262	52.8670188208034	22.7890554697603
610.092	708.828521441845	22.3617196629599	-9.62994918528853	29.6177882103431	29.1524266144608	-19.8295850066646	8.11014770349201	-31.2656142263435	0.00896007509620816	17.8827484658774	12.0893129398719	-9.16944462319802	2.91368250014641	8.35960183167897	18.0231167578153	-6.08046347429934	6.78452510119325	13.8857823036616	-13.7270057511381	-9.30748881148278	5.9982038649631	7.84207220051115	7.8194279679436	5.29143709096371	7.52618323218011	6.78733989766564	15.6416128080113	6.01762374505974	9.80224437346022	18.4513521363315	19.034417584704	10.8219342672951	15.9834042382244	23.1477195624697	26.6873186778645	30.7342954549675	9.48388590514118	28.9777641975144	16.8732108303958	23.4207933214255	40.3738112110815	38.9358935788856	35.2782031995542	27.0444669717696	38.5349010346954	37.5635472897295	45.7762215875705	35.0899815990902	20.8324038553677	52.6126086644399	35.3287530742583	19.3696348859299	36.9325831166522	45.5536879418495	58.4926524074017	47.1905664037858	52.7259935327284	0	0	0	0	109.264266829399	47.3526259201842	68.5169563593067	86.3291105796051	89.4856745028619	50.3261565368254	100.270111355244	121.411984293429	103.567857142394	91.1568973131873	106.147886601172	179.476603532166
613.431	104.906225268237	-17.701108661355	31.4624874569055	-19.7532406598032	-10.2290335187332	54.8294433969741	7.35899097065633	11.3523300984369	20.6018640472708	44.976359917986	17.1574057349401	12.8165066739726	19.7932240069989	-0.555838200946162	21.7533737219697	15.71092801728	14.9844305202692	10.6417514133394	20.3323906383222	20.73413926826	11.9681796194866	13.4257862240563	19.8534651149622	11.4511903914878	7.24734466786659	15.2333061649463	18.9603472824271	13.0681747792902	19.3716741596393	23.5018268948619	12.1573404999158	15.2271404310212	35.1101696618469	15.3022240716151	18.9385713740326	36.1834571682492	30.1195902283914	34.4666288686079	28.6822756098515	44.4892994761081	36.7230832698181	34.6236815109089	57.752610967824	42.6341876990144	44.2982618612233	29.818231182898	49.1314878397695	46.9164869844058	45.7466069530054	41.9071258405166	47.7621552178636	49.0726529055361	50.4563458658245	47.8710009925096	49.8457398115103	56.094153313083	62.1062684739229	0	0	0	0	89.9276174879923	69.974248473786	45.2705180951818	86.2164398065521	77.6476915676638	71.7414156873463	68.8845878461748	134.161494575716	147.963232391027	109.702463920031	67.0245153823195	110.592266092455
616.77	-27.8134866773303	-25.4922085357534	-51.4302748044973	-42.5020352197171	-43.9030651103212	-51.0068764891603	-0.749571005944541	-0.711230361166338	-7.66344784486622	-17.4481960423566	-10.3153367217041	1.85873892804546	3.5460667380144	-23.7073904972578	-4.85722625678377	-11.3044730715159	3.92342496537519	9.85206411027373	-23.7691899047479	-0.410857468590982	-14.1510127250749	3.0263559602141	-0.662078160973284	0.895593374034277	-5.98902117377559	2.21958022866871	8.15600295223624	4.48268853672835	2.71378432201466	1.72996777855777	0.509237506034585	10.1237692822701	5.83224207833672	7.26623590079075	7.16423602651397	15.4065594745685	21.2852431510723	14.839887014305	2.55050912361878	15.9430520330742	28.3485812626513	16.1617376263501	14.738012530932	16.5866767366723	33.5270209150038	22.4473120513964	7.65805572679883	28.8789771955662	20.7746542614056	31.7271874269993	22.2122421329931	25.3523921144977	35.920944458888	28.9566332155956	40.3277574869634	30.5733951725474	23.9663713241616	0	0	0	0	30.8467408818951	27.6867291148172	53.2360515164684	40.0261241978522	57.2270155006684	54.6013819639407	28.3591089137073	40.5656042441494	20.9868136720919	69.2240722454636	-19.8631118362669	-7.77193177667951
620.109	43.9920834482024	-4.69000567226604	70.9102304622841	26.6797969491875	33.3865677110906	25.6512642563269	-6.41006041749558	48.7178828116656	52.2981721542126	15.6843116294926	43.6171893524798	48.6843255577638	-13.8043801720449	14.5812341690375	22.4989474301945	30.3586468881463	12.07125716764	-8.67443808712271	31.9916820666837	19.0231187285179	19.4163534939309	16.2908264467262	9.7464560182477	17.2144026627924	13.3983009863603	14.4911687364999	13.6421867352797	20.9360386183432	22.4153085431352	15.0694044671465	24.9835026888427	21.4244733327325	17.5391319051262	21.9406972410206	22.4322706967688	28.6290750864331	32.5220228842959	26.3696137874488	43.8464148318888	22.9662828936732	25.4069429789034	49.0274774548969	33.5391676727891	51.4384993617708	45.469052321896	32.0092012732299	43.3617155819863	40.9842631339953	45.6569798683585	42.9317181017718	47.8380093208453	47.5116364662197	59.6536371662509	51.9525479818804	51.9121616441092	43.6068579194911	0	0	0	0	119.355609932005	64.9428576070309	58.4022443750837	71.9068626424694	81.8319493830049	72.2304230821366	146.546006785686	120.919093336674	146.498787590686	87.4131476429349	124.035737840126	59.1969684369423	-61.7915269795638
