Sample - Blank	600	595	590	585	580	575	570	565	560	555	550	545	540	535	530	525	520	515	510	505	500	495	490	485	480	475	470	465	460	455	450	445	440	435	430	425	420	415	410	405	400	395	390	385	380	375	370	365	360	355	350	345	340	335	330	325	320	315	310	305	300	295	290	285	280	275	270	265	260	255	250	245	240
nm																																																																									
213.328	0	0	0	0	0	0	0	0	0	0	0	0	0	0	0	0	0	0	0	0	0	0	0	0	0	0	0	0	0	0	0	0	0	0	0	0	0	0	0	0	0	0	0	0	0	0	0	0	0	0	0	0	0	0	0	0	0	0	0	0	0	0	0	0	0	0	0	0	0	0	0	0	0
216.504	0	0	0	0	0	0	0	0	0	0	0	0	0	0	0	0	0	0	0	0	0	0	0	0	0	0	0	0	0	0	0	0	0	0	0	0	0	0	0	0	0	0	0	0	0	0	0	0	0	0	0	0	0	0	0	0	0	0	0	0	0	0	0	0	0	0	0	0	0	0	0	0	0
219.682	0	0	0	0	0	0	0	0	0	0	0	0	0	0	0	0	0	0	0	0	0	0	0	0	0	0	0	0	0	0	0	0	0	0	0	0	0	0	0	0	0	0	0	0	0	0	0	0	0	0	0	0	0	0	0	0	0	0	0	0	0	0	0	0	0	0	0	0	0	0	0	0	0
222.862	0	0	0	0	0	0	0	0	0	0	0	0	0	0	0	0	0	0	0	0	0	0	0	0	0	0	0	0	0	0	0	0	0	0	0	0	0	0	0	0	0	0	0	0	0	0	0	0	0	0	0	0	0	0	0	0	0	0	0	0	0	0	0	0	0	0	0	0	0	0	0	0	0
226.045	0	0	0	0	0	0	0	0	0	0	0	0	0	0	0	0	0	0	0	0	0	0	0	0	0	0	0	0	0	0	0	0	0	0	0	0	0	0	0	0	0	0	0	0	0	0	0	0	0	0	0	0	0	0	0	0	0	0	0	0	0	0	0	0	0	0	0	0	0	0	0	0	0
229.23	0	0	0	0	0	0	0	0	0	0	0	0	0	0	0	0	0	0	0	0	0	0	0	0	0	0	0	0	0	0	0	0	0	0	0	0	0	0	0	0	0	0	0	0	0	0	0	0	0	0	0	0	0	0	0	0	0	0	0	0	0	0	0	0	0	0	0	0	0	0	0	0	0
232.417	0	0	0	0	0	0	0	0	0	0	0	0	0	0	0	0	0	0	0	0	0	0	0	0	0	0	0	0	0	0	0	0	0	0	0	0	0	0	0	0	0	0	0	0	0	0	0	0	0	0	0	0	0	0	0	0	0	0	0	0	0	0	0	0	0	0	0	0	0	0	0	0	0
235.607	0	0	0	0	0	0	0	0	0	0	0	0	0	0	0	0	0	0	0	0	0	0	0	0	0	0	0	0	0	0	0	0	0	0	0	0	0	0	0	0	0	0	0	0	0	0	0	0	0	0	0	0	0	0	0	0	0	0	0	0	0	0	0	0	0	0	0	0	0	0	0	0	0
238.799	0	0	0	0	0	0	0	0	0	0	0	0	0	0	0	0	0	0	0	0	0	0	0	0	0	0	0	0	0	0	0	0	0	0	0	0	0	0	0	0	0	0	0	0	0	0	0	0	0	0	0	0	0	0	0	0	0	0	0	0	0	0	0	0	0	0	0	0	0	0	0	0	0
241.993	0	0	0	0	0	0	0	0	0	0	0	0	0	0	0	0	0	0	0	0	0	0	0	0	0	0	0	0	0	0	0	0	0	0	0	0	0	0	0	0	0	0	0	0	0	0	0	0	0	0	0	0	0	0	0	0	0	0	0	0	0	0	0	0	0	0	0	0	0	0	0	0	0
245.19	0	0	0	0	0	0	0	0	0	0	0	0	0	0	0	0	0	0	0	0	0	0	0	0	0	0	0	0	0	0	0	0	0	0	0	0	0	0	0	0	0	0	0	0	0	0	0	0	0	0	0	0	0	0	0	0	0	0	0	0	0	0	0	0	0	0	0	0	0	0	0	0	0
248.388	0	0	0	0	0	0	0	0	0	0	0	0	0	0	0	0	0	0	0	0	0	0	0	0	0	0	0	0	0	0	0	0	0	0	0	0	0	0	0	0	0	0	0	0	0	0	0	0	0	0	0	0	0	0	0	0	0	0	0	0	0	0	0	0	0	0	0	0	0	0	0	0	0
251.589	0	0	0	0	0	0	0	0	0	0	0	0	0	0	0	0	0	0	0	0	0	0	0	0	0	0	0	0	0	0	0	0	0	0	0	0	0	0	0	0	0	0	0	0	0	0	0	0	0	0	0	0	0	0	0	0	0	0	0	0	0	0	0	0	0	0	0	0	0	0	0	0	2091.76904701061
254.793	0	0	0	0	0	0	0	0	0	0	0	0	0	0	0	0	0	0	0	0	0	0	0	0	0	0	0	0	0	0	0	0	0	0	0	0	0	0	0	0	0	0	0	0	0	0	0	0	0	0	0	0	0	0	0	0	0	0	0	0	0	0	0	0	0	0	0	0	0	0	0	0	38.6552277491585
257.998	0	0	0	0	0	0	0	0	0	0	0	0	0	0	0	0	0	0	0	0	0	0	0	0	0	0	0	0	0	0	0	0	0	0	0	0	0	0	0	0	0	0	0	0	0	0	0	0	0	0	0	0	0	0	0	0	0	0	0	0	0	0	0	0	0	0	0	0	0	0	0	983.638475674817	216.845449959738
261.205	0	0	0	0	0	0	0	0	0	0	0	0	0	0	0	0	0	0	0	0	0	0	0	0	0	0	0	0	0	0	0	0	0	0	0	0	0	0	0	0	0	0	0	0	0	0	0	0	0	0	0	0	0	0	0	0	0	0	0	0	0	0	0	0	0	0	0	0	0	0	5056.63241383509	214.877830798183	-165.837378942101
264.415	0	0	0	0	0	0	0	0	0	0	0	0	0	0	0	0	0	0	0	0	0	0	0	0	0	0	0	0	0	0	0	0	0	0	0	0	0	0	0	0	0	0	0	0	0	0	0	0	0	0	0	0	0	0	0	0	0	0	0	0	0	0	0	0	0	0	0	0	0	0	256.49201458874	89.3926821064375	-365.18463167796
267.627	0	0	0	0	0	0	0	0	0	0	0	0	0	0	0	0	0	0	0	0	0	0	0	0	0	0	0	0	0	0	0	0	0	0	0	0	0	0	0	0	0	0	0	0	0	0	0	0	0	0	0	0	0	0	0	0	0	0	0	0	0	0	0	0	0	0	0	0	0	2052.59551944453	71.6049194452295	-60.6077160331948	-518.927643396126
270.841	0	0	0	0	0	0	0	0	0	0	0	0	0	0	0	0	0	0	0	0	0	0	0	0	0	0	0	0	0	0	0	0	0	0	0	0	0	0	0	0	0	0	0	0	0	0	0	0	0	0	0	0	0	0	0	0	0	0	0	0	0	0	0	0	0	0	0	0	7475.85214848064	162.3540075528	-5.1304129128079	-371.611084071642	-410.201788605178
274.057	0	0	0	0	0	0	0	0	0	0	0	0	0	0	0	0	0	0	0	0	0	0	0	0	0	0	0	0	0	0	0	0	0	0	0	0	0	0	0	0	0	0	0	0	0	0	0	0	0	0	0	0	0	0	0	0	0	0	0	0	0	0	0	0	0	0	0	0	601.836540642833	12.7059323523468	-7.70904493465079	-504.895351957687	75.2284862073212
277.275	0	0	0	0	0	0	0	0	0	0	0	0	0	0	0	0	0	0	0	0	0	0	0	0	0	0	0	0	0	0	0	0	0	0	0	0	0	0	0	0	0	0	0	0	0	0	0	0	0	0	0	0	0	0	0	0	0	0	0	0	0	0	0	0	0	0	0	3186.68128035203	46.2192426078252	0.274234492984406	-361.514996055926	-215.011884984999	-322.629217734977
280.496	0	0	0	0	0	0	0	0	0	0	0	0	0	0	0	0	0	0	0	0	0	0	0	0	0	0	0	0	0	0	0	0	0	0	0	0	0	0	0	0	0	0	0	0	0	0	0	0	0	0	0	0	0	0	0	0	0	0	0	0	0	0	0	0	0	0	8195.49837549309	190.930300727145	105.529440669045	11.1844479247904	-220.555426819628	-114.004675032988	172.038932980234
283.718	0	0	0	0	0	0	0	0	0	0	0	0	0	0	0	0	0	0	0	0	0	0	0	0	0	0	0	0	0	0	0	0	0	0	0	0	0	0	0	0	0	0	0	0	0	0	0	0	0	0	0	0	0	0	0	0	0	0	0	0	0	0	0	0	0	0	990.160266768253	158.280240799148	87.9600463553815	-162.669879881828	-183.604400182181	142.849073269048	85.2088249342026
286.942	0	0	0	0	0	0	0	0	0	0	0	0	0	0	0	0	0	0	0	0	0	0	0	0	0	0	0	0	0	0	0	0	0	0	0	0	0	0	0	0	0	0	0	0	0	0	0	0	0	0	0	0	0	0	0	0	0	0	0	0	0	0	0	0	0	3562.9374778773	277.749914706787	203.679900606399	103.895663623121	-208.514235839626	56.0961136083395	61.2267406422976	-157.50393069433
290.169	0	0	0	0	0	0	0	0	0	0	0	0	0	0	0	0	0	0	0	0	0	0	0	0	0	0	0	0	0	0	0	0	0	0	0	0	0	0	0	0	0	0	0	0	0	0	0	0	0	0	0	0	0	0	0	0	0	0	0	0	0	0	0	0	7721.61877676676	390.521987993574	313.48079755445	304.894694056748	-53.6984705439811	-78.6830031103136	23.4579482583286	-62.9445608307993	139.351249145554
293.397	0	0	0	0	0	0	0	0	0	0	0	0	0	0	0	0	0	0	0	0	0	0	0	0	0	0	0	0	0	0	0	0	0	0	0	0	0	0	0	0	0	0	0	0	0	0	0	0	0	0	0	0	0	0	0	0	0	0	0	0	0	0	0	0	1283.87234824441	412.763410388452	453.340542155564	316.492753018023	99.2573662552977	250.132761011105	234.074430389573	223.48572076473	164.711657673349
296.628	0	0	0	0	0	0	0	0	0	0	0	0	0	0	0	0	0	0	0	0	0	0	0	0	0	0	0	0	0	0	0	0	0	0	0	0	0	0	0	0	0	0	0	0	0	0	0	0	0	0	0	0	0	0	0	0	0	0	0	0	0	0	0	3685.38456723889	388.317192354877	545.629602369138	516.703957019942	299.507833832676	289.728424053644	352.060289133777	258.237616972098	223.576082990085	92.757761516453
299.86	0	0	0	0	0	0	0	0	0	0	0	0	0	0	0	0	0	0	0	0	0	0	0	0	0	0	0	0	0	0	0	0	0	0	0	0	0	0	0	0	0	0	0	0	0	0	0	0	0	0	0	0	0	0	0	0	0	0	0	0	0	0	0	432.493675641971	417.447052910502	566.40704809446	560.075624434306	363.69354272554	374.012311078136	204.897807296273	102.342506664296	148.481626394731	179.929184268866
303.095	0	0	0	0	0	0	0	0	0	0	0	0	0	0	0	0	0	0	0	0	0	0	0	0	0	0	0	0	0	0	0	0	0	0	0	0	0	0	0	0	0	0	0	0	0	0	0	0	0	0	0	0	0	0	0	0	0	0	0	0	0	0	1597.41072309113	316.85468960222	553.829043096284	657.698971697301	624.601351864078	568.250981169415	518.437320545344	521.946977139486	471.722092130329	248.282347085919	330.619735660749
306.331	0	0	0	0	0	0	0	0	0	0	0	0	0	0	0	0	0	0	0	0	0	0	0	0	0	0	0	0	0	0	0	0	0	0	0	0	0	0	0	0	0	0	0	0	0	0	0	0	0	0	0	0	0	0	0	0	0	0	0	0	0	6714.84832035562	224.948565043061	346.16480079188	543.199563153847	616.638294171981	612.024106253372	660.201161249753	467.783723007067	424.982404999335	295.575292245344	188.039155617694	413.448309675354
309.569	0	0	0	0	0	0	0	0	0	0	0	0	0	0	0	0	0	0	0	0	0	0	0	0	0	0	0	0	0	0	0	0	0	0	0	0	0	0	0	0	0	0	0	0	0	0	0	0	0	0	0	0	0	0	0	0	0	0	0	0	0	787.337152247801	200.980111171389	350.891849922576	595.390782070347	674.996023000909	653.542375084909	665.011712813405	548.004276981926	458.787794659772	428.5040806057	266.118797730212	308.744228801956
312.81	0	0	0	0	0	0	0	0	0	0	0	0	0	0	0	0	0	0	0	0	0	0	0	0	0	0	0	0	0	0	0	0	0	0	0	0	0	0	0	0	0	0	0	0	0	0	0	0	0	0	0	0	0	0	0	0	0	0	0	0	3194.85063319083	140.469432528289	217.542062253749	428.83697499139	604.522449045332	699.159046010624	754.870345562752	670.078265187844	598.598643937559	513.332205135984	387.335364732767	394.168089484709	334.959268861651
316.052	0	0	0	0	0	0	0	0	0	0	0	0	0	0	0	0	0	0	0	0	0	0	0	0	0	0	0	0	0	0	0	0	0	0	0	0	0	0	0	0	0	0	0	0	0	0	0	0	0	0	0	0	0	0	0	0	0	0	0	4608.62119575022	195.478613710356	146.487517339515	275.658730976097	400.806789098095	549.410918159884	666.778318761087	792.250483228761	702.083357486229	557.515945074521	495.349337184807	434.616839461234	470.485239308313	380.769292810704
319.296	0	0	0	0	0	0	0	0	0	0	0	0	0	0	0	0	0	0	0	0	0	0	0	0	0	0	0	0	0	0	0	0	0	0	0	0	0	0	0	0	0	0	0	0	0	0	0	0	0	0	0	0	0	0	0	0	0	0	0	618.594145498947	177.017411899547	206.202937533374	317.099754506785	476.442966435273	611.894554311844	789.385790957341	843.511781113164	808.83873121193	624.742317702632	613.557534275486	570.778398299857	514.086678528237	684.824170452399
322.542	0	0	0	0	0	0	0	0	0	0	0	0	0	0	0	0	0	0	0	0	0	0	0	0	0	0	0	0	0	0	0	0	0	0	0	0	0	0	0	0	0	0	0	0	0	0	0	0	0	0	0	0	0	0	0	0	0	0	298.789990106819	118.998868969907	160.592378331975	240.93214702328	311.091661837256	467.27925291361	625.284011048755	730.928340319801	765.182968876837	655.183389679072	639.050917334268	405.628844017968	382.051276788452	505.600152452446	479.181951859901
325.79	0	0	0	0	0	0	0	0	0	0	0	0	0	0	0	0	0	0	0	0	0	0	0	0	0	0	0	0	0	0	0	0	0	0	0	0	0	0	0	0	0	0	0	0	0	0	0	0	0	0	0	0	0	0	0	0	0	-20226.2472264464	152.051164710896	169.819150747336	213.43445996536	261.222368707088	361.203550168106	517.433927088922	712.864382431703	824.051926393684	786.847184890898	752.645163838218	641.261845763038	587.75335744479	593.0999844587	610.807041503076	639.518582799351
329.039	0	0	0	0	0	0	0	0	0	0	0	0	0	0	0	0	0	0	0	0	0	0	0	0	0	0	0	0	0	0	0	0	0	0	0	0	0	0	0	0	0	0	0	0	0	0	0	0	0	0	0	0	0	0	0	0	0	-3406.77648731401	104.423816181192	157.689610807086	228.627810247058	282.846101848653	384.664284332417	557.498651729034	698.889077455644	754.337418946505	773.235691336045	759.602962736943	542.790702777764	500.105513942596	389.397064041173	445.821542586395	565.133426177134
332.291	0	0	0	0	0	0	0	0	0	0	0	0	0	0	0	0	0	0	0	0	0	0	0	0	0	0	0	0	0	0	0	0	0	0	0	0	0	0	0	0	0	0	0	0	0	0	0	0	0	0	0	0	0	0	0	0	-5456.27427416085	25.4746302217932	165.443074475703	186.479609068751	286.212412394428	350.366700803797	429.925330129034	635.06090369414	783.590941897358	834.124263800826	743.580132916729	748.048100363997	659.794103439683	620.421221615129	560.890524017123	581.084019311915	614.413623728528
335.544	0	0	0	0	0	0	0	0	0	0	0	0	0	0	0	0	0	0	0	0	0	0	0	0	0	0	0	0	0	0	0	0	0	0	0	0	0	0	0	0	0	0	0	0	0	0	0	0	0	0	0	0	0	0	0	4679.6265316382	-213.306615069194	46.6242576586279	158.294364784419	253.414331715231	336.640272848921	364.452070197318	482.142208951647	634.528353783642	725.102882010256	783.94758971596	786.427967614821	640.117196861363	663.382667199962	499.968531074557	470.880972897446	639.801746332411	688.636991071439
338.799	0	0	0	0	0	0	0	0	0	0	0	0	0	0	0	0	0	0	0	0	0	0	0	0	0	0	0	0	0	0	0	0	0	0	0	0	0	0	0	0	0	0	0	0	0	0	0	0	0	0	0	0	0	0	0	762.941496132808	-19.3666985468293	95.2280730153588	199.432309523411	261.218109048072	344.448691640805	377.517872785944	529.598013982295	649.809517571812	722.490756086681	754.632189895843	753.751780346734	685.36069223479	634.112647316666	429.418308156143	480.044334260373	700.437898514704	512.413318164175
342.056	0	0	0	0	0	0	0	0	0	0	0	0	0	0	0	0	0	0	0	0	0	0	0	0	0	0	0	0	0	0	0	0	0	0	0	0	0	0	0	0	0	0	0	0	0	0	0	0	0	0	0	0	0	0	2226.72258920765	88.394340462897	67.5804116268686	126.63142089742	255.044212790386	299.019297926037	404.067738553176	467.176664172207	568.214199595599	679.54598138792	720.877895269282	731.245839177983	776.653627514905	708.17698505598	659.3178927036	636.952324778106	571.761980457366	486.75495135404	727.042667795591
345.315	0	0	0	0	0	0	0	0	0	0	0	0	0	0	0	0	0	0	0	0	0	0	0	0	0	0	0	0	0	0	0	0	0	0	0	0	0	0	0	0	0	0	0	0	0	0	0	0	0	0	0	0	0	4608.71933686988	209.823956871478	86.760328741277	86.9191465046625	162.34020362078	270.291991207239	346.356958950903	410.130109842755	512.629252811546	596.814774227681	668.226745556929	759.159241179726	729.272404142008	646.655945301947	699.07543798657	609.593291943045	547.067391671818	560.948390225397	597.365218840463	669.575368129741
348.575	0	0	0	0	0	0	0	0	0	0	0	0	0	0	0	0	0	0	0	0	0	0	0	0	0	0	0	0	0	0	0	0	0	0	0	0	0	0	0	0	0	0	0	0	0	0	0	0	0	0	0	0	0	868.368769291741	108.975265938025	136.053429931528	170.570193057849	228.608889405812	336.416586066111	417.165192926255	486.001108715076	565.564316653908	618.863545091224	734.929923626679	753.379322266429	787.776213781631	787.429019853266	708.674242130319	736.395891030272	692.79213539447	550.700627335602	728.916281344071	687.699312736831
351.838	0	0	0	0	0	0	0	0	0	0	0	0	0	0	0	0	0	0	0	0	0	0	0	0	0	0	0	0	0	0	0	0	0	0	0	0	0	0	0	0	0	0	0	0	0	0	0	0	0	0	0	0	2263.89118609772	88.8352372420737	94.3826098285252	136.037328627395	154.133216849631	259.789956644813	328.532734440182	436.511662292072	509.250034197458	576.499816047453	661.216308647769	719.762355103346	729.902570944833	742.96799677265	663.516010750224	556.345290316308	617.338233454275	638.511063212957	662.236657407955	627.209058480787	874.202157516393
355.101	0	0	0	0	0	0	0	0	0	0	0	0	0	0	0	0	0	0	0	0	0	0	0	0	0	0	0	0	0	0	0	0	0	0	0	0	0	0	0	0	0	0	0	0	0	0	0	0	0	0	0	4485.27960997695	250.002395361346	105.678241504995	130.338479706177	177.291696758399	227.499404443045	327.636366239112	389.778774358173	498.812429251406	578.79606838208	633.105236733335	678.209191578163	720.358558241343	759.014845404568	749.273555743015	725.991496823734	686.430912867191	726.511453194001	664.093537026961	687.810793093083	832.37929928167	837.485596992565
358.367	0	0	0	0	0	0	0	0	0	0	0	0	0	0	0	0	0	0	0	0	0	0	0	0	0	0	0	0	0	0	0	0	0	0	0	0	0	0	0	0	0	0	0	0	0	0	0	0	0	0	0	897.587824327753	113.495717645399	139.885553383081	189.057311775481	226.093232476596	278.811609978376	364.693285257012	475.999670962869	541.751303819378	627.453325554484	670.475043412132	724.426828613917	788.808726459003	775.524317310071	727.290545255683	744.565591472304	796.936468270334	677.072786261233	733.971531878074	855.404094725556	804.463276499038	1031.65657205465
361.634	0	0	0	0	0	0	0	0	0	0	0	0	0	0	0	0	0	0	0	0	0	0	0	0	0	0	0	0	0	0	0	0	0	0	0	0	0	0	0	0	0	0	0	0	0	0	0	0	0	0	2301.83355548864	93.7796214100725	104.176684252554	149.943980540427	197.179757520874	266.178206756231	317.575553102939	395.112914989937	462.757186677351	591.494708739624	633.744921876414	653.584135760044	689.016406649919	673.354688736494	742.422960202232	733.703707320378	692.591719017603	655.238582737037	656.711786158406	618.879564535785	637.633215232067	743.563877345757	705.47227290922
364.903	0	0	0	0	0	0	0	0	0	0	0	0	0	0	0	0	0	0	0	0	0	0	0	0	0	0	0	0	0	0	0	0	0	0	0	0	0	0	0	0	0	0	0	0	0	0	0	0	0	0	258.49551360704	94.4549870883345	142.626243653902	182.789185834372	256.173131386925	305.028953690603	367.538900039233	424.832165868085	547.674813096316	620.825154691153	661.330528841926	680.315747829854	702.118544084354	775.185853274972	754.543763757447	740.994634943408	746.643821471588	719.04799925781	743.502884692964	843.750980387623	873.840311316547	713.309822023817	949.182306110064
368.174	0	0	0	0	0	0	0	0	0	0	0	0	0	0	0	0	0	0	0	0	0	0	0	0	0	0	0	0	0	0	0	0	0	0	0	0	0	0	0	0	0	0	0	0	0	0	0	0	0	938.28767248446	80.3022189165636	134.655663425704	169.690717559361	209.057017654206	273.476932014446	347.948497654398	403.062334866137	523.60502373944	596.585736521693	665.775019172061	707.859646713041	727.360871728044	752.849306624195	763.644383623408	761.124306747535	771.260729806618	697.996738802379	735.247660209815	698.291348870712	761.417472605158	750.074329789447	879.53767957134	869.110112717622
371.446	0	0	0	0	0	0	0	0	0	0	0	0	0	0	0	0	0	0	0	0	0	0	0	0	0	0	0	0	0	0	0	0	0	0	0	0	0	0	0	0	0	0	0	0	0	0	0	0	2432.26965649992	101.134304595917	111.841271783111	145.52467240531	204.101067248402	260.959838939738	358.985604465922	392.21242253782	474.333150423404	567.742802415003	632.960628174221	680.170276804392	746.182991025914	801.337360613531	760.00765856397	778.116333545867	771.69573152081	816.579758438787	740.323619214158	782.578935245248	813.932751683119	833.79777578065	927.267578457391	1014.09522225864	1093.35119513475
374.719	0	0	0	0	0	0	0	0	0	0	0	0	0	0	0	0	0	0	0	0	0	0	0	0	0	0	0	0	0	0	0	0	0	0	0	0	0	0	0	0	0	0	0	0	0	0	0	0	319.634471829563	84.0706089634454	104.017806407237	161.57304987332	234.285671052059	300.380338843446	370.944055936837	448.9112404527	526.29967842446	603.611973399225	651.642851158303	751.692590337376	780.531763610788	788.331530498238	813.831003240166	798.760133994834	801.887039629555	752.27320417672	777.145062742527	766.749959593426	791.300570587605	714.471566581534	846.932506378439	842.653104651601	1062.24616931438
377.995	0	0	0	0	0	0	0	0	0	0	0	0	0	0	0	0	0	0	0	0	0	0	0	0	0	0	0	0	0	0	0	0	0	0	0	0	0	0	0	0	0	0	0	0	0	0	0	1096.31452786281	73.575708150407	104.840793216247	174.357317559154	205.044731226728	297.198504063212	357.947617759603	443.64949629156	523.016797805126	586.631511287515	681.008788550227	748.498463606325	776.401983891342	818.758924493833	827.436813899798	832.349161225276	796.186942398316	795.520726058692	806.079110203664	809.731024308285	808.384352223402	916.222472518667	955.217572596284	998.200863483031	1160.89307449827	1085.72330990259
381.272	0	0	0	0	0	0	0	0	0	0	0	0	0	0	0	0	0	0	0	0	0	0	0	0	0	0	0	0	0	0	0	0	0	0	0	0	0	0	0	0	0	0	0	0	0	0	2403.04057777702	108.862106216581	111.332152388523	160.690116438394	190.576135115497	265.744474812339	319.295759342914	418.051281975543	487.773000177228	574.541279302306	678.767237670157	729.086876540986	822.227485357517	867.687250301803	844.077090738881	855.439903737026	880.794319844571	898.365455956428	838.19049779555	830.0519521645	873.344105754216	961.454823612546	905.545283853948	1103.1229175258	1145.11214241976	1321.31501053699	1489.32083095893
384.55	0	0	0	0	0	0	0	0	0	0	0	0	0	0	0	0	0	0	0	0	0	0	0	0	0	0	0	0	0	0	0	0	0	0	0	0	0	0	0	0	0	0	0	0	0	0	310.70542856586	87.5503628373425	124.280884579768	158.312203447508	226.73014094894	292.371613407002	355.9984111024	439.536065365286	535.174098397799	617.809411615767	698.409449841357	790.087050783597	823.699455740235	904.66409817348	914.367730031687	904.838531043581	872.801410144069	877.589353159415	877.147927201531	859.223331075075	821.077069603176	876.515372780613	976.739133090172	967.819716549042	1138.62456772012	1284.58542599284	1380.52572352916
387.83	0	0	0	0	0	0	0	0	0	0	0	0	0	0	0	0	0	0	0	0	0	0	0	0	0	0	0	0	0	0	0	0	0	0	0	0	0	0	0	0	0	0	0	0	0	1090.64807276107	96.4720625030078	116.081255871026	164.462295856333	200.346130434535	258.300396670214	345.387060127916	428.207701867538	495.313694603789	576.410735787709	680.272197157776	761.77111157322	821.708657693741	903.653382553837	917.860566771118	945.284645542225	915.842016213195	905.184429749321	922.988693380003	928.197395723353	934.690532970785	953.06426242152	957.141389326337	1096.31040390862	1199.73073547206	1261.03717834063	1522.87498289669	1738.21719877289
391.112	0	0	0	0	0	0	0	0	0	0	0	0	0	0	0	0	0	0	0	0	0	0	0	0	0	0	0	0	0	0	0	0	0	0	0	0	0	0	0	0	0	0	0	0	2563.14499948014	93.69999103797	57.2882913292302	100.777306348468	153.064486126475	211.751615430828	262.719509560645	349.470196887375	451.765366212777	512.105531495245	576.013822263016	692.992506015975	762.200453226537	812.740474072785	901.400894114571	957.163951402018	924.321729583649	922.383334303227	912.682245895202	880.551378114008	891.847231617737	834.300315961978	853.624677918105	894.041657976181	928.646602639501	1032.98380350203	1104.50686087891	1411.54067181782	1538.13576803122
394.395	0	0	0	0	0	0	0	0	0	0	0	0	0	0	0	0	0	0	0	0	0	0	0	0	0	0	0	0	0	0	0	0	0	0	0	0	0	0	0	0	0	0	0	0	383.612342113019	75.0621521458298	126.369630870952	137.651740321703	193.850510386327	286.701323758629	337.143281756931	408.331903734958	487.726468448443	569.453293715182	667.708281662731	751.480446376605	823.858611648767	872.210002175319	940.104096635712	961.012690093581	981.623752963648	954.367138402418	935.530337642264	965.742312249092	905.401618343454	911.434533451111	954.696116164928	1038.87422454552	1083.53782248318	1249.45570075646	1507.85925750465	1507.15567985551	1660.12385206549
397.679	0	0	0	0	0	0	0	0	0	0	0	0	0	0	0	0	0	0	0	0	0	0	0	0	0	0	0	0	0	0	0	0	0	0	0	0	0	0	0	0	0	0	0	1191.16456982557	52.8753805827174	92.1411287096002	119.854586428599	167.82186672513	241.548707706183	306.381806586878	374.339698979553	446.143286798143	522.502447963803	626.353927842602	689.105214781103	752.894651409309	854.630280514755	896.611594757177	962.236823082379	977.624842283206	993.381897111133	964.625624052569	981.409785704415	925.554588031766	912.883263413931	867.616549442669	954.620342727116	1048.31776585763	1100.87652249552	1208.3257443993	1362.70697262053	1438.94389216315	1614.97752453311
400.965	0	0	0	0	0	0	0	0	0	0	0	0	0	0	0	0	0	0	0	0	0	0	0	0	0	0	0	0	0	0	0	0	0	0	0	0	0	0	0	0	0	0	2704.23937446845	113.670360763324	79.8621480492928	99.2776492079968	135.115160991701	179.040712489675	269.865128947915	331.564258136851	409.507085058144	474.600216949171	575.676059144932	633.042051912447	731.087002043772	807.397490009341	875.402012731672	925.281800152622	963.942441137538	1011.50723849439	1007.53237607597	985.985928199113	968.834310040322	964.823179669984	958.009630146235	964.250281895307	990.443510305537	1023.78460540077	1126.29325132265	1240.26693057614	1432.62703811892	1489.55858680926	1791.05168954908
404.253	0	0	0	0	0	0	0	0	0	0	0	0	0	0	0	0	0	0	0	0	0	0	0	0	0	0	0	0	0	0	0	0	0	0	0	0	0	0	0	0	0	0	388.350847686004	62.8421743489693	104.703695562821	134.933908296099	172.599134963471	232.329261266315	302.467778576579	389.50774177165	450.049043926572	517.652731792789	608.068871937103	710.139288190002	777.345471808665	832.010985970985	911.984140394423	950.677675016486	1019.48256271468	1055.83500591934	1054.23469995702	1011.23829624898	984.023013381924	997.125859689214	980.18249948297	981.57362929068	1054.16336880966	1076.17262629631	1185.99342770189	1370.48564579629	1553.32941829807	1833.74278182066	1799.11007821075
407.542	0	0	0	0	0	0	0	0	0	0	0	0	0	0	0	0	0	0	0	0	0	0	0	0	0	0	0	0	0	0	0	0	0	0	0	0	0	0	0	0	0	1219.67337230191	68.6870141121974	56.3481061068334	91.2655877370946	124.72613431996	183.763073416611	252.358417280753	309.955707833962	408.941747786891	477.067718533735	539.283274450648	630.640921899987	720.344813472968	759.182025429577	833.678103667129	912.847110781429	956.052408734428	997.835726656748	1015.76214823644	1034.22910892256	990.973820432859	978.001851968265	975.988359682517	981.032731322393	973.451756658564	1000.54024286453	1062.91773891587	1246.70496585863	1324.30605957723	1399.59030115231	1495.88154314131	1573.77766454719
410.832	0	0	0	0	0	0	0	0	0	0	0	0	0	0	0	0	0	0	0	0	0	0	0	0	0	0	0	0	0	0	0	0	0	0	0	0	0	0	0	0	2704.85625465102	132.781739188488	84.7686402482629	111.157692307884	141.840082637527	183.084794493081	239.098649729093	301.95112207147	376.332372497031	496.279086940412	531.800559602527	607.11238188863	689.801260386812	744.590471568329	817.952950682802	874.849396812516	953.305457390071	978.884344078805	1048.45764253813	1046.21019947356	1062.72468187448	1013.32585012149	983.957058929483	1006.88152148301	978.335392280524	1036.66929998229	1100.04664950668	1194.19405210935	1341.49094729849	1458.38459082325	1746.58237889832	1799.51004352162	1976.93257459591
414.124	0	0	0	0	0	0	0	0	0	0	0	0	0	0	0	0	0	0	0	0	0	0	0	0	0	0	0	0	0	0	0	0	0	0	0	0	0	0	0	0	406.168775783818	36.3325205827251	60.3542201117611	86.492684002481	132.28191722551	187.441784059218	221.835478534597	302.671975203184	381.310847049688	455.157590602757	534.016044099967	589.330085877482	679.038470668755	760.625893420096	801.887155003127	859.547217048117	922.517082085003	958.28904524496	1023.77980270655	1044.60345649766	1032.7734901365	1001.24593456916	936.826845941104	930.854270708154	961.280141432498	935.471175067167	1028.75567388369	1075.16783818401	1223.25022625991	1225.68438998224	1391.76020814321	1653.33115097317	1714.71828693546
417.417	0	0	0	0	0	0	0	0	0	0	0	0	0	0	0	0	0	0	0	0	0	0	0	0	0	0	0	0	0	0	0	0	0	0	0	0	0	0	0	1228.76695596478	57.6439452316693	70.5822858800691	98.1622389728451	110.014885296572	168.543443513714	204.60158326325	268.94338622122	348.483316582912	411.654188691818	501.512714756222	575.87913767908	644.277078217725	722.026760619139	773.519763623862	851.885610636627	884.206664959631	945.314806102778	976.441623363905	1028.98194504348	1030.09086009483	1042.20376807768	992.912469852247	972.378799376035	979.291507396059	974.485801954357	1021.33318122494	1039.40905772063	1137.17474641848	1303.13792803453	1454.22029562856	1594.67067401988	1689.5880134235	1901.27692597375
420.711	0	0	0	0	0	0	0	0	0	0	0	0	0	0	0	0	0	0	0	0	0	0	0	0	0	0	0	0	0	0	0	0	0	0	0	0	0	0	2334.92585487461	108.113873952362	55.747700174612	63.535258926453	121.08691145528	130.270995420148	187.860761366611	231.518399459274	298.541028332201	372.406746445577	447.580908910533	512.1432924974	605.088474358971	651.702610604776	712.526341734076	788.762557682069	839.80530532436	889.136760204063	920.74448774542	966.023122325278	1019.44080001805	1046.12241410648	1026.40644811926	988.404433767091	972.851141116842	978.787770953198	975.922949721879	980.040762365226	1063.27900867176	1213.49296295406	1278.31444068059	1435.01273234354	1608.77782898066	1628.78809847525	1900.40134049177
424.007	0	0	0	0	0	0	0	0	0	0	0	0	0	0	0	0	0	0	0	0	0	0	0	0	0	0	0	0	0	0	0	0	0	0	0	0	0	0	425.344540503321	47.4053224980403	70.978947572908	84.4138039408345	112.457347081818	152.692461543496	206.356976778455	263.12960666305	314.380666689311	387.460985687191	454.013195675899	554.333414228713	611.915642641569	683.049002958594	722.069398656821	768.115119113196	831.418099843122	876.572858792443	929.002247302317	967.538051687564	994.995330216131	1016.19927338392	1005.85667626385	979.695659233603	942.380907106148	976.790812281395	962.089102112284	1002.34247947342	1055.81865428967	1193.73668312783	1288.55893336917	1452.68922463932	1568.01919458339	1706.31296414847	1672.58944011792
427.304	0	0	0	0	0	0	0	0	0	0	0	0	0	0	0	0	0	0	0	0	0	0	0	0	0	0	0	0	0	0	0	0	0	0	0	0	0	1033.92578383768	50.5905294556399	49.3994274557516	81.3193738431512	110.720614025677	126.737467124375	165.611506036737	228.232060418303	257.168220240972	323.291755797343	414.411326948854	488.685956293618	554.343377000096	615.489900192703	669.415287170206	743.930549719964	793.456117316895	857.694088310639	894.43118652828	917.658288425572	942.583860570719	985.933233021818	1010.53114950686	987.801590671047	955.438465167308	946.867256262865	974.260985401672	956.516625730842	988.247983412865	1063.01848468358	1141.32734237441	1302.86133520852	1435.67887940296	1594.93556589288	1702.1299883655	1916.71773874987
430.602	0	0	0	0	0	0	0	0	0	0	0	0	0	0	0	0	0	0	0	0	0	0	0	0	0	0	0	0	0	0	0	0	0	0	0	0	1979.85399474933	282.331450034377	34.2919588976339	51.4969372513902	74.9908568327281	94.6313123690716	138.440177961924	167.125738688017	217.316639909674	292.357254641196	347.059888383633	421.859587093388	480.127450348019	561.279750396708	637.464852402754	697.308865429186	736.788260900146	789.648653544047	833.518024742486	851.131600842425	900.321500463959	962.571613400461	960.897244351493	978.233279726388	958.913308220565	943.571513309419	933.700860290879	923.005212832688	927.27813047631	975.527367331784	1072.55079396457	1149.01396172142	1313.09407839896	1435.479966522	1459.87413836113	1589.78443231659	1796.07951290735
433.902	0	0	0	0	0	0	0	0	0	0	0	0	0	0	0	0	0	0	0	0	0	0	0	0	0	0	0	0	0	0	0	0	0	0	0	0	363.545924893824	55.0742604015767	72.3528303785291	89.4496325366351	117.140438976333	152.549139129737	186.650806583584	237.08625177234	272.448072296399	318.092641320886	382.137312276978	456.845460982206	558.905336247561	607.070082687623	668.699443109142	718.85847693302	766.826088940642	808.388339152826	858.840362473528	884.34340819275	921.267600428442	930.531910820343	983.665200160155	980.743963955586	1000.08533522287	944.805721278777	959.893752536027	961.612945712782	961.691880423782	1016.65951240387	1130.25942313564	1270.74522908196	1456.81534098517	1601.27759978377	1696.12014324447	1772.48788918128	1902.19004281214
437.202	0	0	0	0	0	0	0	0	0	0	0	0	0	0	0	0	0	0	0	0	0	0	0	0	0	0	0	0	0	0	0	0	0	0	0	974.966479980638	31.2999702473781	45.4138501822717	68.8666134863716	89.9143373968723	113.923811054714	141.046398476896	169.925522493234	238.446179919782	270.131715180623	318.285478798668	379.350120221031	489.075291282478	542.017674309765	600.264893499604	660.893907626068	713.099864974578	739.734457587466	802.039051012129	842.324977528571	864.482052829465	914.380815673208	912.378104952837	965.519071612631	939.634191435051	947.117709453065	916.185624398132	905.884369663563	922.162416031264	957.19671951244	984.697522622152	1045.57125850232	1206.6104111779	1320.32843248012	1412.02815328667	1557.73518264649	1786.66248484529	1808.67708690704
440.505	0	0	0	0	0	0	0	0	0	0	0	0	0	0	0	0	0	0	0	0	0	0	0	0	0	0	0	0	0	0	0	0	0	0	1746.18359733868	82.8229489972591	45.06552527091	70.2920421582646	65.7278695189218	109.15662661892	124.652622753392	171.318029560318	196.225293860249	246.819997369605	292.856824168281	346.592357005428	407.389836167339	473.915200138818	559.860762721831	611.724919743725	665.302623559959	715.93810772775	755.516464845904	790.727996730319	838.941372857206	861.985431464727	873.594361732151	908.71648012099	934.714572709671	905.069962031879	911.049841897866	904.504755337589	888.923258928438	918.976011378709	946.548918257993	1012.12084009389	1062.42218088572	1226.03913676898	1364.02502093658	1471.75477446227	1549.37270131695	1664.37151033996	1624.05740434732
443.808	0	0	0	0	0	0	0	0	0	0	0	0	0	0	0	0	0	0	0	0	0	0	0	0	0	0	0	0	0	0	0	0	0	0	318.80674311309	31.0212206611083	55.5997197881613	64.34750938391	89.4609756420342	101.076916548271	139.822073013509	193.279424140383	217.062509325811	275.091676542093	309.385890601549	358.864670924228	409.26859754534	481.871530066594	566.979230263401	632.472897763358	657.10088978177	713.9946718365	748.375979339999	778.43885608481	828.45813661345	845.105025568259	883.489854715154	897.293196600747	912.017657295897	929.698206067978	907.352153723206	890.425128546738	872.458572222664	916.769405179023	943.095175270165	996.897297492957	1103.67719997573	1224.0567162452	1281.73641591203	1482.41829518408	1628.58109888146	1730.72473346448	1800.35863446094
447.112	0	0	0	0	0	0	0	0	0	0	0	0	0	0	0	0	0	0	0	0	0	0	0	0	0	0	0	0	0	0	0	0	0	762.177111250348	28.0185338761446	42.7734442401901	55.0727806129504	86.987447376033	93.8926042292792	121.184091579678	163.133091998853	181.112529111996	237.140248258823	266.307168626744	315.083310510211	365.210957843065	419.810386429834	496.345308181982	565.301530984609	620.873494889256	655.324678705963	708.049433919522	743.555902605475	770.718270542496	776.535975803595	809.526993620162	848.044591791841	872.350018036208	876.223304390345	909.26852220693	883.840170826069	863.741269967185	849.249732365753	868.107384650617	902.582373289047	985.892272552991	1054.59534435816	1187.49512533433	1318.75040511419	1391.41870121038	1506.62467466257	1567.63508486565	1482.11739135882
450.418	0	0	0	0	0	0	0	0	0	0	0	0	0	0	0	0	0	0	0	0	0	0	0	0	0	0	0	0	0	0	0	0	1581.0003548051	70.6794901868212	45.4013438329474	47.8851665866628	62.2613957237339	81.5165321014088	105.59568272788	120.82377134947	169.251881091455	213.247427602098	252.589841099875	282.843146869099	345.926892045205	365.416055474475	426.185181853604	472.640639321821	557.158900565189	623.346318962262	652.08602619301	677.358167091963	725.540595625838	755.212604955448	788.480434803857	794.331199559901	811.002690161279	841.398422359311	856.590380086972	853.671982187143	842.999860595314	849.926084268848	820.659421750057	898.925033004552	877.799464930426	942.790172662052	1065.60960022157	1212.43146956908	1261.6755535568	1410.83955998443	1525.30107144265	1406.59988583798	1650.80308992478
453.725	0	0	0	0	0	0	0	0	0	0	0	0	0	0	0	0	0	0	0	0	0	0	0	0	0	0	0	0	0	0	0	0	279.706742021939	28.842769457984	28.1177078828347	45.0888960508252	62.1952930459355	91.630796871277	119.078663864844	130.398332833508	156.252216124243	194.246125816711	241.199647276319	277.984204755927	321.452891752142	372.980687207309	424.679897630866	503.460511342307	567.354615172855	602.107262354159	647.035203954129	674.765090703265	704.61078892033	745.782738075127	742.634614648186	776.83415614496	788.495539992147	810.73760017131	814.273749868637	809.505321263662	833.402567010035	811.675612278871	819.848892513718	824.932008353454	862.100988616504	930.288895074396	1012.20195841913	1109.32220679277	1258.6833482555	1376.70468470629	1439.81470542315	1591.2040505208	1606.19125492744
457.033	0	0	0	0	0	0	0	0	0	0	0	0	0	0	0	0	0	0	0	0	0	0	0	0	0	0	0	0	0	0	0	661.927517658597	37.9364718200728	42.2208532781421	56.7097917455715	66.075965738647	109.121838195954	122.296130757505	134.595015993522	162.108587482268	225.220112830853	248.01120410766	282.90035448018	305.184814422421	343.263549672271	398.554093805793	435.350008716096	507.620121828715	571.999737634996	610.25578235759	654.20993069725	659.851345653369	698.227268568682	729.800195366168	750.804846895418	763.405160265396	798.26570957446	800.508157281647	813.964795782564	795.080875953134	812.165869411592	803.127125213715	803.783888221904	849.910559901508	877.149221193808	950.892069442383	1044.74145339487	1193.2666611301	1317.6606443141	1460.89344317048	1462.7037851012	1636.7244009587	1564.31642196533
460.342	0	0	0	0	0	0	0	0	0	0	0	0	0	0	0	0	0	0	0	0	0	0	0	0	0	0	0	0	0	0	1259.27259143756	73.6582645429491	30.4078820237604	50.669859204133	75.3589824260056	88.5009178416772	102.333968849218	132.094647818318	144.049986088504	180.540217517236	213.548287322661	225.64628150392	291.279293462786	320.60116606301	354.179868227106	417.888615145542	431.216065359918	514.71669948434	559.154834543413	597.247777776967	626.854817698664	678.702525103642	686.936039227186	706.527130976854	724.55035296045	749.234318965356	760.98628490062	778.375467797595	797.091473626152	797.142262613691	821.283770802382	787.418873996019	806.333796980091	819.861743924152	894.788490429735	932.310067858007	1015.73871771862	1145.00814435965	1255.53228157745	1506.60248776716	1498.51215367819	1558.32805525103	0
463.652	0	0	0	0	0	0	0	0	0	0	0	0	0	0	0	0	0	0	0	0	0	0	0	0	0	0	0	0	0	0	214.403591317366	36.8821085896997	41.2788209542122	55.1356230651706	57.979507368608	80.0480495972217	102.682946973205	125.042043486681	155.303743680971	178.544946346477	222.161565953927	244.954254009397	259.011511196592	336.518219975946	343.860631673908	384.645077371237	444.162309331705	487.195914254002	550.186426555548	576.059265849628	612.19607082456	649.895907109217	661.308384204284	675.49702614425	697.919502626172	703.417890057338	731.894006624064	734.040111368208	746.680060751322	738.581381016484	751.787170140995	766.732273459727	727.390267930842	761.141231416042	804.339058373867	888.574363459567	980.600261397869	1120.04323734233	1247.84634022446	1281.49779409405	1440.66779432255	1478.99818351395	0
466.964	0	0	0	0	0	0	0	0	0	0	0	0	0	0	0	0	0	0	0	0	0	0	0	0	0	0	0	0	0	535.46732887108	24.6356610645404	35.469978206973	42.3479894611524	59.4494367414958	63.3951614689996	91.327082630547	109.546814383895	132.892691180994	167.793536441634	187.133468983525	223.584665647289	273.071542334173	292.448289302048	340.071613060845	361.395744842298	404.147260779095	442.54324741533	487.789906820108	530.304864311392	568.101568385938	603.92808648802	613.828715543744	641.460556044088	669.975538563379	681.010052498953	692.888229986015	704.041829940859	726.526898061583	746.266010464368	760.153141338289	728.844951751807	732.48574013405	751.776351868997	774.340635655711	833.096977959902	868.301454035507	970.564412797055	1146.71699971911	1219.02515693392	1355.45810763823	1394.05646344645	1641.25611300735	0
470.276	0	0	0	0	0	0	0	0	0	0	0	0	0	0	0	0	0	0	0	0	0	0	0	0	0	0	0	0	979.770991556425	33.8723495398933	10.1061990658805	23.8662034123204	35.4610471676657	51.6578602296214	71.7495765722271	83.295126072495	116.083511834807	129.57480954659	143.019838574024	190.425135075264	206.346024378429	248.20195312369	277.957544620647	304.593012572889	335.671340407729	373.370696156946	403.083635269974	456.576020828667	500.476078377988	550.673810818046	580.805379267361	589.359064922305	628.449449059934	626.688779950149	640.029333681582	662.944925045138	663.589660838048	685.00608227061	674.255844759036	684.593177933225	708.905989593351	691.834872860615	694.324268956044	738.282514731433	777.419396129899	821.664423035971	947.322307472049	1030.06215832236	1184.59998994031	1179.58096170241	1217.63361534993	0	0
473.59	0	0	0	0	0	0	0	0	0	0	0	0	0	0	0	0	0	0	0	0	0	0	0	0	0	0	0	0	150.525494659419	28.6811247600319	34.3947555657954	53.9664169141676	61.2880115823307	77.7113173882565	94.9869423244299	112.044018335775	142.632202294036	152.625008149425	182.349789043131	208.314941205734	244.486906914912	295.057435963717	318.530976543763	337.272263998908	366.81506267938	409.085493891232	444.760627075502	469.734567967151	530.65856974906	564.753806532348	579.928196739897	592.324700992016	613.920114146753	635.05388202449	650.932905471481	652.925984120736	661.625973814889	665.900276811268	719.22996670622	691.696536432172	699.052133294095	707.290826642729	707.567176687776	741.898028300131	788.258199903075	868.89805953076	964.797308901438	1151.2381731327	1218.92979396453	1298.36074192759	1410.6993377552	0	0
476.904	0	0	0	0	0	0	0	0	0	0	0	0	0	0	0	0	0	0	0	0	0	0	0	0	0	0	0	377.990555821234	29.8448136487217	28.3402571749124	36.7763667370768	47.5859217246025	63.6031163392836	76.1040203818957	90.0602451530207	124.531973153093	136.602236375291	164.077029652924	173.841364997888	203.014209094889	244.682661018615	264.481118373918	286.062738852169	342.748087288587	352.355909647506	392.468802498717	415.060990122208	467.273765565567	501.627861280882	532.273889836455	560.559767438099	577.380825022013	582.812809251195	591.262283672392	607.946654018586	633.78286496539	629.076065864398	653.269696849115	638.584371450813	662.933614556077	672.729449114105	700.490950241507	676.422133858907	717.376506210208	746.64700869	814.933107941232	936.208960305166	1059.11097780464	1210.0793892947	1213.50818759188	1326.99653212756	0	0
480.22	0	0	0	0	0	0	0	0	0	0	0	0	0	0	0	0	0	0	0	0	0	0	0	0	0	0	799.002549894337	43.7381477977122	31.2889773711428	33.7693960849292	53.205150973141	62.9878705446543	77.52161044348	89.9739568901421	109.509889009692	134.165046342522	163.655566214131	170.281343172251	208.256785887473	243.955914405572	264.132777753375	292.560345521507	299.735116672732	336.521507110495	377.458949181227	368.20425812459	417.292735703377	461.460551431751	503.391161001784	516.281588966938	554.814112895546	563.959715260877	577.569476834204	604.290889254887	595.48913759794	615.399012657688	608.391955774495	625.825853630731	640.981056202545	632.771248044392	636.852841396058	654.892136214572	663.785240149072	687.536522079806	737.873000009986	834.193990167298	926.68714078583	1012.8211016836	1114.85393718189	1234.86457797518	0	0	0
483.536	0	0	0	0	0	0	0	0	0	0	0	0	0	0	0	0	0	0	0	0	0	0	0	0	0	0	125.673225462411	22.0802548540187	26.7421545477738	26.5893511120966	34.2153360226058	59.282177248242	72.3939814866156	73.4043345117848	93.5998966486089	114.717777878127	136.903234181875	156.594644206682	180.485447185287	214.997059287584	228.937170703463	262.682970842229	297.096441973425	310.273912323865	342.017484513121	371.188524942347	397.487339401262	432.916017900016	466.302873109875	502.440968670413	515.154118256884	534.407653796052	539.318140319716	556.254618986625	549.98678577787	580.937395457613	579.032945582766	595.430825467351	597.896789827126	614.041014195543	622.193913999849	632.274299259392	639.769269481773	694.822685356055	714.827445476964	769.644022767793	894.997146625767	1022.6610495722	1066.58898473111	1088.80692721877	0	0	0
486.853	0	0	0	0	0	0	0	0	0	0	0	0	0	0	0	0	0	0	0	0	0	0	0	0	0	388.645086332273	19.0846302332754	24.0051247608848	27.5393518592138	40.9132240346319	50.9129711557326	57.959511975992	73.791572574607	98.7828097037057	109.443683903106	135.696683019771	142.065214315285	170.770201354459	186.249617997456	217.950626392626	237.907254381094	274.987618898726	288.457427995143	320.46809158645	337.928509014115	376.458082289471	396.562062987946	423.290652884402	475.485218814103	493.305391957474	489.340012886129	512.460761400189	521.063794821108	536.768731892955	533.098723594469	544.258459167045	566.011164550418	574.65199335886	582.455010019627	573.013291070228	597.829577734975	595.70195193855	624.003224105316	647.245162493269	684.096575711175	751.82220044598	886.617260054211	978.206131047862	1042.52589736315	1138.75660190378	0	0	0
490.172	0	0	0	0	0	0	0	0	0	0	0	0	0	0	0	0	0	0	0	0	0	0	0	0	848.027370684652	34.7228818797565	31.9452712152239	27.1969373082574	35.4886537011553	46.1352875068681	50.8827589542008	59.7186071478524	80.8472538112797	91.3616423612001	109.286822934815	127.292273573635	158.546577823497	169.933212508061	203.834562276959	230.138042706698	236.643545483289	267.086634228805	295.647348650085	313.484627400188	344.942387241325	363.737067072722	380.806104460373	420.918739936633	441.083810359066	482.494167438597	487.893878193949	494.890672890237	513.237182217223	517.904499187967	536.936949228376	537.173938150929	520.893755975859	537.625486866335	580.356713294702	585.803104094687	584.432393478792	588.74383404036	615.954116875364	641.637500148711	668.595580705398	732.081718029021	843.783818214522	960.742436849039	1080.74605051159	0	0	0	0
493.491	0	0	0	0	0	0	0	0	0	0	0	0	0	0	0	0	0	0	0	0	0	0	0	0	122.26411302572	25.5578291078019	15.0023229157791	25.3597798736427	33.4797051486596	44.1242146763876	52.9119560814769	57.0863422643864	70.7395023052578	99.3213303019491	112.666285871071	139.888145999924	151.143864678623	154.391202968877	185.674648848578	204.336717369966	222.307597867005	245.129527434713	271.051537257754	287.791150935729	305.493941091306	339.80716354528	362.908566549951	390.200163155111	422.28929192074	445.806861480693	457.226425102929	454.965530302409	484.524149245875	490.08413245258	489.098944350665	497.734053947577	506.625925704128	522.727207296536	533.664259772581	534.899171490491	556.415458193663	554.87527289104	583.306725225719	619.978619832853	656.188464267782	746.066595742064	819.752692835926	892.341754601438	1035.35514794257	0	0	0	0
496.811	0	0	0	0	0	0	0	0	0	0	0	0	0	0	0	0	0	0	0	0	0	0	0	455.701166197719	23.512168067472	19.7770402935099	32.7282258446611	33.0069524481053	37.717469314205	41.7872781627657	49.6384862707981	67.264375864995	88.0528631801214	104.712357332293	126.255798317238	138.383262429321	162.659744514123	189.714911101652	206.083296907748	220.564019178401	237.000802314049	255.161353401785	282.071165605258	295.916665901209	324.934582154076	343.618832290412	368.075598686701	391.036670463348	411.426127711019	443.439756236526	451.52971735171	456.855857444225	466.109533403873	482.577975381419	496.423050215348	490.83724357668	508.147369386036	506.972109644595	529.183136544706	528.204473014158	557.800788186963	531.138416304054	562.602128081684	604.081798374456	645.320450732282	703.414460553486	802.837933855407	872.998778925416	955.993516006867	0	0	0	0
500.132	0	0	0	0	0	0	0	0	0	0	0	0	0	0	0	0	0	0	0	0	0	0	913.46660098141	27.2511110875841	10.6425419642578	21.3372439140614	22.8324845457457	28.2922177228086	39.1983306593856	50.5413681606496	67.5933392078992	74.6701853783915	80.1425365639333	103.233562793954	109.130004720853	147.338231066891	145.876637910132	176.889557839654	194.249659741801	218.137008194776	228.966866338968	260.246341698841	267.05642477627	282.193238932513	305.855556429645	315.000747030247	339.615874073029	386.782207657043	395.739221832124	412.807868210257	436.671293810719	435.166896464543	444.596318552574	448.767978264119	457.173299986642	479.945880291564	466.601368552294	488.435102710729	491.643507927038	490.907229854409	511.382972489727	513.39325861072	524.695592069613	574.420956092698	638.074961780958	659.586041403934	786.177653029207	841.739795191036	0	0	0	0	1091.39773515569
503.454	0	0	0	0	0	0	0	0	0	0	0	0	0	0	0	0	0	0	0	0	0	0	158.770212524948	33.5879533032549	30.0747063786243	22.6102793352588	33.9468235530198	27.1402501719564	50.1618186333956	58.7444418916074	67.4414909011709	69.4721855714571	95.9700615753654	118.262463268485	117.712560668288	144.030166550337	164.070669999881	173.837209066159	192.484196337378	212.300130048528	251.548967481632	250.647616391044	261.092427101984	283.883967944649	318.816476320427	311.986829061383	353.647886306082	365.729605475481	374.964033917932	413.146437172506	406.18660807992	418.897003733967	435.56544356552	428.51145002143	439.788810686598	447.320269674862	462.695820329491	460.428157161487	472.836782865215	495.549274616037	484.430355753841	508.196938276768	537.431678564439	551.207400715114	589.177795319188	642.631073477842	717.439225686218	880.455235344862	0	0	0	0	909.588807060871
506.777	0	0	0	0	0	0	0	0	0	0	0	0	0	0	0	0	0	0	0	0	0	412.284324521843	-9.38359500091692	-1.58985762975036	4.09680054048002	15.3724297679805	30.0557202630795	34.5297819251014	33.4095693808976	48.8556732595865	55.6239281108783	59.5790740467336	83.2131114654005	99.3883532131514	105.148748362719	126.675693143841	151.488841537943	142.867278772998	174.077383808267	180.464765014411	195.804097226314	214.680030244107	237.909487021083	248.952219589662	277.151801489125	284.360454022731	299.621195603311	334.79688316885	353.878775738486	364.550108685376	372.837954650429	365.050095393968	395.441419599971	391.993419804891	419.958094793321	422.053821822812	398.375042408344	429.246961070332	428.005325749243	451.273431120472	440.298643553434	460.025663676105	477.829441109256	499.645922566574	545.08292518575	586.262042235296	634.608185929797	753.747960716158	0	0	0	0	1094.8714334517
510.101	0	0	0	0	0	0	0	0	0	0	0	0	0	0	0	0	0	0	0	0	842.025106333837	21.4531227754003	13.8761155130683	14.0378743675853	15.262602234716	32.975304837517	32.1169284886681	34.620232277689	42.0144807900504	49.6352187371858	65.7883926710955	69.7322804034812	94.7487359624963	102.346038795232	120.237886641152	135.615385852964	155.529889501825	167.266380050773	160.726834908613	204.363042373506	208.54330829255	203.680045298628	243.049159377501	255.719140903245	258.697845640274	290.941194996665	294.970292306608	325.008533218772	347.461980765831	368.377560707183	374.18836550729	366.640327990042	385.029946709549	385.569443881956	385.082067130538	391.095804243435	397.038864683412	428.327447030464	434.431058331133	416.352840544036	432.26338095084	433.68362788021	471.753163357902	482.608623067003	534.184524865175	593.747615086838	677.9390740679	0	0	0	0	1023.3568521099	796.442413454087
513.425	0	0	0	0	0	0	0	0	0	0	0	0	0	0	0	0	0	0	0	0	122.128084576847	-2.67457034775101	0.85366484173979	7.53449483383016	16.9340645348564	14.992802554286	34.5011730688982	44.0389586883153	44.8549936992309	47.578689900842	61.3165005287274	74.6536778657167	64.4938153921039	84.7201127325505	110.000312303067	131.350114682206	136.037574529852	142.767449799686	183.332387561158	173.066664630611	190.515158677029	208.221711086882	228.232684531139	246.264772573615	254.82555167411	263.342004591255	281.677932095314	298.040135111335	324.43489892737	332.968329250872	342.725067785051	348.102748858598	334.696371961262	344.450583287571	365.513783258458	369.982285482274	369.943298140215	380.806006143536	384.498037801631	400.588621267842	410.094121504667	428.509425020532	428.685741150839	472.052947706841	503.591445085954	542.87943237271	622.9077018508	0	0	0	0	732.588440026066	716.237307307058
516.751	0	0	0	0	0	0	0	0	0	0	0	0	0	0	0	0	0	0	0	447.195092311662	16.4944025532441	1.65039682544943	9.66212229262474	12.3840077992961	27.3093462552751	21.6972662639013	24.6962267070128	28.7117456057355	46.5544763771227	58.4458965152431	75.5338055919463	80.1048480960932	88.8392686011224	104.286250973685	106.821962850981	137.443491741864	136.299564772511	163.06312636784	173.812065889796	187.405240715138	194.449133362149	210.945906862489	220.088589182966	226.723399828494	241.921445487248	264.195887325775	276.932581628978	288.967903958665	320.977116563132	330.820850396256	338.650833354395	342.705005540167	340.6720686999	351.918191491418	351.234814446255	362.925597269582	357.05963220266	369.822706262267	371.639629723602	391.845289503878	382.903616042153	405.342721981801	416.202409814936	421.956687667179	504.08317894975	505.03704234687	585.050357866977	0	0	0	0	674.881141055837	704.384995890493
520.077	0	0	0	0	0	0	0	0	0	0	0	0	0	0	0	0	0	0	940.878327278926	36.7348064664195	17.8622324527823	13.2796267332111	33.3547788241763	32.3965408221462	36.5862814359267	34.6113081067586	47.5680055144742	56.3075618631843	57.8235110081679	66.5114441594376	74.4304689705326	89.9870390961188	98.4173277582668	116.081003257958	126.136728570057	132.269455919285	165.0634256815	171.327375283335	172.98648391306	180.60127648064	223.464010580825	220.390737124876	238.248729149844	253.794920696573	266.663939068665	256.11268105782	269.928537475719	297.912203201298	322.641444803608	314.565565056085	343.522719624739	334.530123805829	343.142022550706	352.629984321673	352.106697314614	360.488299098536	373.66699058931	360.183702051159	380.273081440177	394.669422478234	410.506857126073	423.76329590705	422.900887745613	455.418459034133	492.441459596392	573.828730975956	0	0	0	0	915.842503145156	785.494511259185	988.987095076802
523.403	0	0	0	0	0	0	0	0	0	0	0	0	0	0	0	0	0	0	151.307875097464	-12.0812725076438	9.55061843822099	7.86282926858103	11.9958246038791	12.6727962503379	16.5705839887903	21.5419810972854	34.7426010614529	40.2902584105065	52.7072657112403	59.8243672952457	63.574196461486	79.4495501641101	92.0986365643334	97.1424222893451	117.902724012208	120.751319650112	132.652321139897	151.641365354715	172.610584456531	176.621128746798	172.577302172573	186.13898090902	205.146516923274	211.73547686224	215.013252239444	240.559292338555	250.606242400384	281.320819853686	283.268633535078	302.68254110383	296.704402683397	317.970442191932	310.661166751146	319.410563419683	325.267536521961	333.742269093841	345.436508609749	337.660519400238	341.062237985266	368.217917827044	380.554297040449	383.849163950808	413.768565458889	429.973225423335	479.569894458624	499.089569840638	0	0	0	0	691.418109337295	775.433182705315	786.157356622166
526.731	0	0	0	0	0	0	0	0	0	0	0	0	0	0	0	0	0	321.535650934216	1.19308492174097	3.08254811704907	19.2497040444669	7.4390277015063	30.5546753640351	21.0690970015608	25.4353305739036	40.4019214298357	38.8385057029253	48.847591967959	53.7298117452929	59.1490457892916	60.0968779484971	74.2859914286067	83.8135527182268	107.620930754139	118.918220747233	115.279950526904	139.780329166885	152.598837051558	153.05918552615	172.895234777886	183.000145130364	197.532122784763	203.504583019615	208.989889770828	215.084166941921	223.83483905246	230.981591990428	261.891905395233	277.778557566331	287.833326110822	305.360005055374	293.70193263385	300.385584787013	301.115802433468	312.675235120652	306.224183234007	330.118291557152	337.428401407272	326.159955617193	339.911384721458	354.553229734173	378.384122598178	379.932307271998	411.88002505862	436.549608475579	478.552502858659	0	0	0	0	675.900499452516	662.027098576566	612.555125650193
530.059	0	0	0	0	0	0	0	0	0	0	0	0	0	0	0	0	-11.0924109803782	20.2606705997516	7.09671673520159	19.7011498933688	20.7101791378778	14.6707124069439	18.3552028025619	16.5216451433528	23.8143718962602	21.8166077458226	31.1709825391997	47.1010662568686	58.7216554371461	68.9493399588647	71.1272324916087	76.791159546337	76.450356395876	94.4886210062217	107.202303082448	122.94748163563	139.315785891123	133.815528319938	159.540971739641	154.269015498224	172.132382737155	188.715023838403	185.187811206534	208.147154381201	208.214310237752	215.288909224292	221.875421820096	246.646171426494	272.664636625068	264.815735945167	255.114963022376	280.053435295389	285.639595686626	294.312306295827	300.686630567098	286.495214670684	299.757930055365	311.883632260809	326.434275492584	312.262831404565	346.263666994179	343.17957480976	371.680084817267	384.596426839004	420.011092461835	0	0	0	0	701.767146162361	672.47439165375	625.530281506725	687.10521774135
533.388	0	0	0	0	0	0	0	0	0	0	0	0	0	0	0	0	16.5958320834	9.42132455472669	17.664105080611	14.6456912808124	6.71901669545933	17.5269003006364	23.4161535797301	21.3143796112871	35.7632061629614	38.7449904802231	41.6302845562091	51.0583848165548	55.5187382377768	54.670513081815	70.0481917052093	78.8113390977393	92.7361280001111	97.1171742629428	103.966403430957	127.584339656262	138.069438937446	136.077810756595	154.28660831827	177.395049819479	179.815293760953	172.860248273705	184.822372867911	191.40963684438	200.914810138258	207.100509320435	215.471506913023	238.04518690617	246.304973638585	249.608050910803	262.346699036417	267.198106080092	273.311955657318	273.87251755559	275.094280634297	290.228208123048	289.241677750148	301.53562166293	299.661279378922	296.344621342694	327.631157822333	329.268575336712	349.664659926758	362.647165554467	405.320502775537	0	0	0	0	576.620757133249	594.732812998108	637.740230055273	621.606791306342
536.717	0	0	0	0	0	0	0	0	0	0	0	0	0	0	0	100.237544913004	18.9516978317718	17.2841520242999	16.9278406489241	25.9713282848722	30.5216965140539	23.2025768126508	22.0123479742013	35.186358478102	30.1107209053192	31.1103557852622	44.1166272339146	44.9049279346612	61.4751230831777	67.1774741222396	69.3156480919475	79.9645190305365	86.9991600920475	93.573525082249	117.622518978071	118.11172280204	129.659912804064	139.007046693936	154.317702279166	142.658411696278	167.815974446391	179.850884500172	178.764303873915	191.830821749293	199.578044684816	199.009475838869	200.101057485683	210.406825871322	243.197143470809	251.017884778866	239.509580397833	243.320556131426	245.915024520694	268.104159370013	266.446757588923	266.498983616316	286.890762108777	281.698117966852	290.839920588386	298.375412972011	288.409470589822	315.763608947499	332.537919914217	370.921093881753	405.158313240416	0	0	0	0	618.54738043008	632.012515659821	598.322468155705	682.514627915376
540.048	0	0	0	0	0	0	0	0	0	0	0	0	0	0	477.340781262341	-15.1156749078411	-12.69865259766	7.0869140399359	18.761876633652	19.4932854346159	17.6536082747459	16.4696793814321	19.706454698684	17.1958536874851	21.8375913854785	31.8098147478456	23.1747189982201	39.37066892289	52.0353001799054	58.1288312997784	70.8577997718628	82.9593282465195	89.7864252784852	88.5498360772509	97.7013240815112	113.223071540669	116.094860467799	141.444086462967	135.368938918622	153.532379362656	158.513725716893	159.757307108306	172.004866495423	177.424953944206	176.202787309077	178.604308755414	194.155250109699	217.349837241243	212.022998145982	230.184254920786	233.546422126446	244.652404040251	236.577592545912	240.375253359711	240.866107267033	260.156052516165	257.560789221823	270.350163520519	255.459294081531	288.945551842395	278.145248937683	310.411741348407	303.286782204158	331.450837229058	0	0	0	0	658.122093006331	524.932833476336	551.523554515844	503.841976548931	465.635441626049
543.378	0	0	0	0	0	0	0	0	0	0	0	0	0	0	85.3939157469931	14.9176876422032	25.413812550481	29.363555754686	29.7730861175106	19.8704382875335	34.1551980275913	9.56965377537845	40.768752096509	40.1901660865623	45.0197653744228	38.1968835635619	53.6822353781345	49.0766219574734	49.6112420108009	66.4390250950455	71.0534370462553	84.0280486750484	87.4115035577827	103.453536628254	104.313357893442	112.43225246848	127.977491084709	134.001100639371	141.914866204759	138.478415465435	172.965674950324	175.39228447349	171.617109228004	187.396367736024	194.031047389658	184.121410603169	194.168019438882	210.275617765977	226.028909647811	218.11265577256	239.443434164657	233.669878019967	239.478451256274	244.730161683006	248.359020559618	254.769537647381	254.394570454062	257.58393325333	286.462526033683	277.747087380506	280.215443018545	303.193508090676	318.027815299845	347.45450514262	0	0	0	0	606.106497773424	587.625532653125	667.892662541688	661.596511221028	601.386831950207
546.71	0	0	0	0	0	0	0	0	0	0	0	0	0	337.644122334767	-9.39224373376135	-2.83412520416948	-11.7520650625723	-11.649075849776	8.25135368440087	0.394837768455692	8.56087683680074	7.27853980381675	11.5358575369741	14.748887248458	14.2832078735694	31.7243203479504	32.2836728420858	47.4149581178233	46.468545888733	61.0186668191616	54.768274436554	62.9496179604185	71.3240113995677	76.555853235741	91.9119429695085	99.141367844736	112.312570718912	117.581258953431	119.714828646112	135.285849366027	132.435272317689	130.077998405369	144.000997833756	165.918212712938	162.276973803666	171.864814494994	172.759039922522	186.114296950551	201.197935189586	212.173603292223	218.31164909616	214.957020991215	229.054963484019	206.908433766422	215.206512128529	225.939773361583	240.297335632518	236.461333735204	241.818631412418	258.387189676302	268.305811709751	289.112779526253	284.190957058678	318.958024106809	0	0	0	0	456.301209099625	432.477014241415	472.306979045397	434.411006609202	521.2084594362
550.042	0	0	0	0	0	0	0	0	0	0	0	0	729.325485121789	28.6686934759768	8.48632440989749	17.9967420350458	-4.53623657027087	4.3110553192387	-2.94504208906022	19.3923349105009	5.21414215380624	11.1255847173786	22.2234471133069	30.6878406078974	41.2095944422691	30.0058372952136	38.014567056374	52.8221368196405	52.072786943484	52.9073736465598	57.7424586495542	62.3468746166879	87.6072503929856	91.3846918869508	90.058827448972	113.011884921368	118.311422993466	111.504879100051	128.093745647133	132.062357683411	148.845694516701	146.830911816928	146.773359503728	142.749991344331	162.069766057234	172.031645070845	170.890246124753	178.990205048218	188.683993049394	205.685422945302	205.144763373817	218.33832927314	211.863920122071	220.052382593961	217.226956369071	225.041342332156	228.230448874753	230.12871541143	230.413073318447	228.200305033341	243.754845661872	271.795222833246	281.05692487819	0	0	0	0	565.060374262321	432.821018976201	499.278824615523	583.020911448055	500.177248981092	555.740504957277
553.374	0	0	0	0	0	0	0	0	0	0	0	0	101.796355162391	13.4741684400117	2.98490348067252	-6.602668767184	-7.22484234561405	7.30576815581483	14.4044347118151	12.6022248331533	19.6705843068961	15.2409516730791	4.81017273337729	17.1655195251233	22.0044532161511	35.0259795264282	37.6108284875378	39.5725089114259	56.1183907788633	57.5527820351642	51.8131676796679	71.8250940489978	62.2766442015812	73.9696090525835	83.0552183557162	92.6137902901729	95.3946066992325	105.831349889262	120.805416630406	124.648817981846	128.820408612202	125.458733955105	141.329494842561	154.636147202855	147.035524721116	153.874219752308	179.10458264778	177.84046057313	182.168777537769	190.936890865751	176.525580322783	193.055395955222	190.947592755954	204.79253649608	204.178988475945	210.153192102794	211.318935340141	222.746128434974	233.423623873356	242.30585247332	222.954430235589	255.206956908836	283.167202488319	0	0	0	0	430.218003517036	430.752326349134	401.21981746694	475.281466994492	420.186665287966	362.63852932569
556.707	0	0	0	0	0	0	0	0	0	0	0	320.372264048604	23.6748077035986	4.1364314816879	16.7158804132518	10.2910602089447	16.5464011810768	36.3036404525635	12.621300380241	22.6831164053416	18.4160775693296	25.7866344482296	31.6034935041525	34.1137141372265	34.5128656036073	38.5680897051258	45.81519603112	45.1502498973754	50.9775750013084	56.7553798604909	64.7578071909878	85.6297443097658	82.4495427205634	95.725168395277	98.1907972067548	102.710697104451	111.289158049241	114.102284903119	115.323461261497	137.950496588806	142.657943413445	132.859070575567	128.552945190993	169.353590772716	150.406345732188	147.154200436396	169.754818496621	167.305249637084	179.125942553667	169.815991013628	190.551646854017	200.821893937709	192.063060343801	198.921756447611	205.579436392429	217.603046887598	200.092296089957	218.546400049953	223.256644279243	223.405825389533	240.840916163159	253.790423715019	230.704902246208	0	0	0	0	406.920207045078	362.941435438526	494.878845176423	540.724819707537	552.594759452044	418.259979969307
560.041	0	0	0	0	0	0	0	0	0	0	669.22377462637	23.1344422284688	-14.5436141140083	1.02521332534033	17.6864891562395	18.2263773382535	25.9203183294594	4.25244121509034	30.6279689020864	0.777192336917643	10.6665793052773	12.3672906059888	24.9390005875549	24.326303943475	31.7407356898	30.0561638834721	43.4809320049432	41.822232764968	49.589706712672	56.0800971948463	53.7013143563	64.3322420693051	80.2826100770348	63.1259696679317	76.136697830641	87.9587579120332	107.075711107097	103.152396960742	103.566272541804	108.021890870515	121.488044394042	130.522549407699	130.724476571078	135.896768602617	153.985939717914	146.363723554256	143.234377459411	156.076989132769	161.905900482553	165.522062704109	168.234317550879	168.784356609477	163.823956037826	178.763298253438	198.216607950999	185.758828584652	183.821366392979	181.878985833844	200.534325809316	224.858574770533	207.492098483327	213.026719952305	0	0	0	0	413.991663749806	393.141493472594	352.691000717644	432.44688112128	430.082783776903	390.035339134237	454.002510855731
563.375	0	0	0	0	0	0	0	0	0	0	80.9774226524547	-1.6963038274488	-3.20270776761132	27.2967659982084	5.40266470171771	0.468360588694356	-8.96952188629859	5.55417387276313	27.9056709385246	19.5963883886068	21.4353347336042	29.7081366790849	11.7603181609365	30.6651611717092	33.5899612557643	40.6539942844889	42.598741504191	47.6948482824882	47.4453303288599	42.1992471787675	58.0803978184513	60.441510179643	66.0914941870454	92.9006360932648	85.3055672437307	91.5569691377397	102.727351532051	97.183153437422	89.3102588104454	116.540465270236	122.268288638138	110.034228036042	123.735999773738	123.450906073767	133.05495365688	133.475488720415	141.707105020561	146.725742455408	139.82648248707	154.415161297994	156.306305220406	164.912006131696	175.081015295959	166.872001453261	161.883210414064	182.183571738227	176.567356713784	202.862943510941	189.594985783704	206.278614150898	217.353943184883	212.541409121898	0	0	0	0	403.527566469052	348.630146803121	372.132445097117	373.372286688475	380.223675923827	415.16709349069	393.560208139678
566.709	0	0	0	0	0	0	0	0	0	304.674415822729	-11.3837635920022	6.32857239453158	-25.8012682042689	9.97237610434873	4.03603386559762	-12.8706156467917	-1.37975143427129	12.5959620134669	-3.37982850687731	4.37284596208467	8.99063452671469	3.45116099810909	14.0758241801696	15.690089951836	20.470647756357	28.8215616403385	28.1028441659322	35.9933090807225	34.202684624543	41.6837080271285	43.797645176113	55.6912811077843	57.8486701709752	60.3611887533914	64.016105015987	72.3298925678301	82.7329311773808	77.0069775013958	85.3461202735765	82.3080788503731	94.176761253598	101.883266193943	96.9547359888064	115.38957353098	114.012905004613	112.036883021351	130.679491335322	117.168025517623	139.957609889163	150.361811321808	123.65644844308	146.694416480252	162.503081495623	156.871187450891	160.698720614217	151.13128848395	160.185651075352	166.682320454302	175.654317677553	166.356003528647	180.814543037773	190.204688113144	0	0	0	0	270.718580800184	285.723982206309	345.78723889305	360.978357384955	438.350644122153	275.909348428648	214.735823092111
570.044	0	0	0	0	0	0	0	0	619.456629262872	18.9825039487967	39.6275340208321	28.0484824097375	8.33642373182412	5.32104004671832	5.59396454446207	16.9342642689642	16.1903335768608	3.95667999056168	5.48712994115812	28.309939444363	32.4010373675375	16.7484227456857	20.8263745184379	18.1890199280418	30.809811376783	39.1899497274188	37.9407640114509	38.6115439358489	44.3794574116769	50.2071068936464	52.9376805763427	60.7923750141868	45.9748915984369	72.2137160113292	67.4833390239569	85.8349719908341	84.6878309748651	88.7973355090442	97.3070455380897	100.108247373768	99.4754450318894	103.869156182346	117.263006926571	100.545959047396	115.836694759167	123.324206511124	123.485629544986	139.417624390365	139.445934115162	147.930892089238	145.50495964278	137.286076879526	152.282654855785	153.331777205179	152.380504797255	159.665249523996	166.949147270654	175.085282218338	193.201099018272	185.313469804978	196.185364322741	0	0	0	0	329.87631339761	316.910692570047	321.858495016606	357.558475246154	318.33399040851	404.588606712468	302.199756538971	368.543287633883
573.38	0	0	0	0	0	0	0	0	124.912851831368	30.5745469815352	30.6771702193127	36.4524514054428	16.2274221334985	31.5731188582899	34.7583321476714	22.8851034358115	40.0342703506201	31.1112852400163	19.9649469147179	15.8700207792599	16.8630550027843	33.312690938629	31.0099146214132	39.4380908683989	36.6827806731971	37.5754628501262	37.971318751687	42.9364703631583	41.9288249081265	54.1613122732495	56.9049688011393	54.7866263170724	64.0277306320742	73.9087732714797	84.5625296244632	90.3957540664463	87.1583661774925	87.4687621686079	93.4151450330535	104.039411352063	109.690406546861	99.6376033041466	114.473776013105	126.484028468128	125.716378012204	118.217191389502	131.769607835073	138.470569227938	146.697217331569	145.207635133293	152.871840011507	152.815953509697	151.783165940917	149.954553991478	154.495833554817	165.294866707657	164.054843547743	174.792091396017	171.36914912888	189.004791209678	179.789304713592	0	0	0	0	317.617847463676	295.136596993601	300.555658231837	343.200275758363	414.374875660556	341.633234242982	367.610559814995	344.308588134393
576.716	0	0	0	0	0	0	0	265.752254458765	25.082116297712	31.8046647108286	0.00897768997740467	24.6540031757412	12.3014573058773	20.8228057616264	4.09383921364092	24.7872240568409	18.1276867153997	15.9656297319292	28.4665577410277	21.5252426310542	20.2965509249434	30.0419014238199	23.1233749031377	23.6175243333645	31.2017885656138	39.3646094017241	48.6543684061642	40.8340153792538	44.5704347095009	40.299600122849	46.3724586953569	52.0335819785582	64.2259828762291	50.020528063373	65.0088849307934	81.2595123848281	82.1378429424311	77.3381091888663	82.240512633331	90.6060140764625	101.07994784554	97.599628745418	109.392012663546	96.4832892953735	111.126738559801	109.69282645959	110.821317517681	122.572143722548	129.70266209663	141.335822416423	128.497220840903	123.247499435361	135.265360694534	135.039325804435	151.58172996356	153.857444340708	151.049649546124	163.249098918008	165.418544655989	171.928980570586	185.193380662203	0	0	0	0	245.518731196015	281.484110416451	306.404233625368	271.611705871622	341.602597863862	322.653638089538	281.491239406558	460.815493990798
580.052	0	0	0	0	0	0	511.321825742364	-3.41370892642422	1.95362793385211	-6.33355526261161	3.66209084207245	-5.83208410284407	-2.79467334725001	5.86043981429183	-3.51627050443725	-14.4923831923714	5.53015334130339	23.7880353555158	13.466988965944	1.60948982210861	15.5855976022228	15.9811448757982	8.35846315135799	25.1362117898598	10.498613482405	18.6370583989134	25.7617350206464	26.9209113691986	32.2937916122141	37.8276009188583	47.2896011290016	48.5398914916115	52.5689336099666	60.5706963833499	62.7542083842286	67.4737935580022	54.1976489566111	60.0972076534534	56.7744987448549	84.5321590238151	78.3602132089196	79.5094776569166	78.4835810825712	91.139272820175	90.905728524656	99.8061077491873	97.2734114359758	102.330488135784	105.283576892632	115.22373310583	124.167310626725	123.025592797691	115.689227674003	125.634756130187	113.969385012316	121.830401986011	127.383382237493	136.128207419488	148.559907950818	142.592525216549	0	0	0	0	280.156943409693	178.490903885111	251.791648737838	236.169430505224	297.631181603698	284.941505192313	209.042290963675	249.549560733654	195.173642912939
583.389	0	0	0	0	0	0	52.9319953307103	-11.4685564630686	-14.980989682133	-4.41004345030519	-3.60791552145534	-5.78981765005851	4.37242902383939	8.44012838916234	-6.48082895134724	25.3693498360776	17.384378189758	5.23457303451891	-3.82125261246382	12.7998014983195	-0.386258889379119	23.5713601182919	23.0671507255106	20.2047647390857	20.5697202613608	16.8821505230247	36.3176014215899	30.1981630145242	31.515340759948	37.309752687389	43.5306072100445	29.0421362901726	42.1764285704005	42.49846173275	44.6162836509396	46.4206083198541	64.6093939681439	63.5829703722534	74.9224114413541	59.1547320852462	81.8358671023057	86.5677009888523	62.3309158739237	71.5173435255132	100.118849281011	78.9158498135347	89.9207887355996	85.7282614230984	103.487526847272	104.723403334142	94.4528138800252	96.5007901497245	102.904853946105	115.501097666369	121.432087812998	124.441527019006	112.472694296545	114.490701185683	132.678976022702	137.066313397125	0	0	0	0	192.567093406327	203.754523743395	184.858088671683	220.611549523966	237.617831133396	236.245570221532	245.457534788166	127.910962482232	253.045212636839
586.726	0	0	0	0	0	186.923751794945	-19.3571410816631	-11.3845168945888	-12.2640602828642	-24.9010691345705	16.1992517350387	6.88703023656073	-4.94528826076859	-7.80586365210903	-15.4081805410337	4.74665442372768	2.72144135597327	-9.57162979341298	-2.52062002233132	-7.55318689531312	17.2191790252599	9.06601461458374	14.0399019262825	8.23496316748905	7.05617771216688	31.936541509578	20.1050124118463	25.519313639108	25.8011723541439	28.3346878710477	28.0360710715117	33.2437703317671	38.5901999986185	45.5636008195413	47.0138754990167	50.9488640566505	47.002308755989	56.121855318466	56.9033651621776	65.5748096372946	52.0299076068266	50.4686095267838	61.2053116059721	59.2999117265368	66.7933630204843	68.7137860486783	75.4769102202763	88.9553093186082	96.8038155056078	101.325105099132	106.427101857124	95.2601002635623	100.503142194785	96.4185426441474	98.9326985325323	103.280552619501	109.455084793502	102.681354168731	112.38124616139	115.790654377649	0	0	0	0	163.9921495275	172.218228455008	159.536725767625	203.5536518402	252.095459061929	188.592288149193	101.951919892262	175.517406614839	133.035438063103
590.063	0	0	0	0	461.412944157606	33.7253733239679	55.5209478587006	43.5600141557587	29.8116257824617	59.9576841007902	38.4610925171434	32.8529830590844	30.2026005688381	22.0305359934875	42.5627547188714	40.5655934939937	38.3391206079289	31.3717010769524	14.1600061566702	29.5129940795368	33.0868786377852	31.2637589705068	27.3178251762222	37.542637873686	33.4249219577329	32.7374910926473	38.1215742697579	40.2627166214903	38.2519973101832	44.9345108388926	38.8526927505206	49.0055461767072	55.8561472721911	60.4762915718905	53.2432953076091	63.949140359704	75.5473369122272	74.7177146399741	75.3402432334915	69.0689941022871	83.0820841714093	104.289425650755	98.129801056649	90.7014568772808	85.0475914964002	97.1239861706045	96.4372995321401	96.1042536350239	111.506483992867	108.826718127675	103.648660616671	110.017186141861	108.143218009692	112.561865614131	114.089299024651	113.682091420036	119.486697814133	112.106313996538	134.654868833663	0	0	0	0	240.713839316468	169.862306596798	194.692445729139	228.16948396195	257.284653951049	259.132004525667	283.057223509717	310.772280654321	230.298168189605	259.624937659568
593.4	0	0	0	0	58.5241345599036	-12.3438625799196	2.10577521206056	2.6912390271861	18.3548221275445	1.88986175386407	1.82517730846988	-24.4787098152808	8.29336070180047	-10.0641033772588	-16.1896586274344	4.82088432267945	-8.7738425005184	11.8712992146262	-4.69533841854173	13.3079560980415	15.9615413075646	5.65323413016193	2.1182848591897	5.28223559083481	18.6872842394299	18.3905039801307	18.2780992201134	25.8982453466971	27.5371003802521	31.7678106690719	33.0376327093116	40.8564760389833	30.0574838420042	37.2443769867684	55.3646801990307	52.6472905352643	39.9726858976077	44.2693907330908	67.6550776878238	65.4537050631217	69.1745715174096	55.6872850176986	62.821227171818	63.2024400913472	61.9698353676702	80.4537359204115	70.9613004857594	93.8809055834709	77.0867394938507	86.0517460486949	78.2528215002123	90.417288622709	80.2011628073403	96.7084617383931	97.7870838690306	95.2973913200727	86.1497668457653	110.306779026088	105.28007175955	0	0	0	0	173.85093516924	142.911399602887	120.783686108039	158.442684183185	179.324065056073	190.3161100393	192.920586457429	216.944304050342	180.863526814184	202.509545889239
596.738	0	0	0	201.632803349974	41.2054233044044	29.5408806692579	51.4273640848882	46.2138152066699	25.3495747709217	48.8637238906453	24.1221151396102	37.9650268822579	30.5247931867593	18.3471979462598	42.2667979224164	29.9623096656558	39.4645009651205	34.0833390954028	32.6600749598757	30.7913874483862	35.2101713454958	33.9753306089591	31.8859305747508	40.6311926840953	25.2826427896258	38.6068156297913	32.5163751875993	32.3611039430885	32.6593034488579	39.9005284479172	48.8166562304406	43.9945304374391	54.0885969634631	51.1865499104347	64.1396356511966	49.5184687205981	55.4454823952328	87.3099478669115	79.6087692626588	79.6473681457116	87.8411139068842	96.7605662145797	80.1655689104711	89.5352972830867	81.9090634690836	83.4573684999998	92.5992289801911	90.0886432688935	101.840199761042	82.7089059425109	106.3756810099	104.811951416769	107.26186739492	109.463087157289	107.001705572273	121.064037401311	117.704343726474	107.458263013658	131.79284063334	0	0	0	0	140.060294922141	177.236683359908	186.636755405979	207.364683090573	236.014705758018	234.617495428166	270.744331633157	241.45445331179	306.620244836167	354.979049853477
600.076	0	0	251.776991760381	20.2213203293516	0.0086303472171075	7.49450279880587	-13.7705063267339	-17.5288016116995	-3.38566895406392	-4.56683375021805	-19.4559112256356	7.22392395320484	4.56359286413251	2.19488381219188	15.1902882586126	24.4230115433868	22.8803165905435	-1.37454934747357	7.40167292896691	13.7460825156265	13.3411049154686	13.8929335673261	27.5541768569679	15.284683596872	9.78385593788521	14.2499300111231	24.6198645689647	26.2429088674037	27.0477306506565	33.6450536065417	34.6100693266102	32.1320969410489	30.1113303048636	31.7432211102628	52.4555371278531	39.1135785070164	47.6170170437131	54.3799411673549	55.7753701286509	44.5825146994925	63.2237609639064	69.8010878395972	68.1037028965046	67.04963057081	70.7254812203256	63.2033395746031	63.7447426005648	79.9948759025669	78.077927899602	68.1441420865145	77.2124009478879	81.6184229433803	78.4540041946693	87.2375313877752	88.6263721098938	89.2227791481267	95.3582921958251	94.0310675808959	0	0	0	0	198.389907384876	140.621761755084	143.403736161996	171.802158923683	168.181971614488	191.802991160648	171.882616808169	184.828824580656	186.409644331041	186.780185993671	290.562801509291
603.415	0	0	9.60659070985337	14.678390020598	-32.7948578782392	9.04560842882114	17.539884721988	-9.89187765866032	-12.2902938955757	3.95501840590939	-0.640775927402328	-7.28430282368749	4.04933824179774	-15.9902072543894	16.3766785605866	-19.6057662142929	2.39909219896076	12.8391820313808	14.5014262547368	12.6007657920217	16.2290346134569	28.4366297891363	13.2371418198934	19.7698114776828	18.6656874846248	27.5338006056494	19.7291200026079	28.9053052879525	27.4475620857408	29.9442487810263	31.3793070963783	39.8058169311358	52.8140361953268	39.4401317711136	44.9205389444074	41.368790405951	46.3293664722228	58.6847522176113	44.8400794533038	57.1290983346052	56.6060592931145	46.7816635733087	70.4704561565921	56.2795053810005	44.5794334865956	54.1636015035532	57.7550821909376	75.0497277386805	62.3405174181017	78.3828851174285	84.2220261650568	75.455326813172	86.1570682237979	71.32183916185	78.671975024695	84.1889617749084	91.4189766802338	90.218439864655	0	0	0	0	131.781344043139	111.740839830135	131.096738571928	136.171213917844	179.533558210256	168.236851483154	208.671941330538	147.452753760531	156.265596135301	213.967041721996	144.52379825417
606.753	0	197.200790322866	12.2013182287867	-17.1688000937059	12.5302557463417	6.79714991761134	-6.59427187708758	9.18244522447892	-18.4971397208848	3.28175716556108	-8.2408830566603	27.9920848918076	7.50948021258015	35.9918520147667	20.6262633568751	26.704058635324	19.26795152466	5.51795600803042	-1.81038157914682	26.9504985988793	24.2087910905626	5.4752239857855	21.0512126615427	18.6466394514863	20.3187787233615	7.68226466935081	21.5582093256711	27.931859231249	26.2862885226395	31.2832445855145	28.703425060517	33.027816145756	19.9707399570661	42.1363328350166	44.3979271265777	33.4321630828248	59.5725922811421	41.379141912486	47.8096614383136	38.9543558639229	66.28489449498	43.8065016328947	63.4092006198163	66.6880207930842	50.8135075387421	60.6905001524499	63.8211201745661	55.5647041119188	72.2873898499828	65.7490299110618	55.5084770742012	75.3527152348538	81.3651429001483	80.4329100539989	79.1848644880433	71.5816722570904	92.3323895452383	76.6735301618587	0	0	0	0	106.174758599248	125.007684495213	117.911282028034	132.818743081221	169.997327927675	174.114669703029	140.813034860303	190.060205469251	215.957392160882	168.894419274428	93.9851910551744
610.092	361.441303951217	35.3320242551112	10.4732928017568	34.4379512045953	10.2040720510858	-4.55387798952307	22.0454755915986	17.0175104837694	39.8237048313474	20.5148108987352	29.2739947383516	5.49258556947806	34.3115711517073	23.3090256390502	4.77707536689997	8.08761308329405	-10.1531495364905	35.9867968021097	21.2273852088565	16.4714902334233	9.94180154637428	22.3048140240077	16.5863181039449	15.786243501937	11.5299432134485	21.1843602839265	16.2627058956198	24.1385983348292	26.5266222800376	33.2687885899245	42.4033748666376	30.6367617603774	32.7534254010963	39.6588508024497	38.1204446080329	44.8251223776142	44.8950202627711	55.7806112382051	63.3180840829459	54.7573567557815	51.3618333962284	64.160548003273	45.0646408305633	68.6422230179611	66.2686985881134	74.9742375782316	69.9623965648805	78.2844582999908	77.2409585445482	70.0218510664496	76.1195581315671	71.3903285006745	74.1688780311787	85.7339377468387	65.3120877831142	86.2590124045417	73.2693388766996	0	0	0	0	195.05472584386	126.678618163959	113.416122896604	132.443480214566	140.655953123275	110.315937919598	192.253345579804	204.472135241467	164.548989158357	182.601522608831	312.523059543343	196.360302392573
613.431	72.1988822358953	-15.7967322696974	-0.876988130988636	-2.45684729784737	18.8120274932748	-0.739564192177999	6.60549167060188	35.4399974389746	21.9203355300683	-4.62618944591171	-4.43365072818282	44.4979319256566	12.2076737377449	-2.22665321036901	23.2705348287447	13.1245538591137	34.7510976215614	26.2729419510472	16.2992088449165	10.9647529184218	13.9037113163706	6.28557824241886	20.1333890010311	25.4106261751994	30.2645264492179	20.6771776663497	21.6054958355711	29.3905591282297	29.67053039244	28.1750253610408	27.9848666960666	24.5368614826105	30.8061517153952	37.6612216487261	44.7915196704048	36.0651181483906	54.6136054702323	52.4698426934822	42.5214073308174	46.2734177385781	58.4554768812176	66.7978042678022	62.7763042862591	49.413606991602	60.7565559515038	56.6353141149531	63.0284054766968	71.6150309519958	65.1247239299249	71.1896183550501	69.3140069748183	70.1123485188927	69.6258442722709	85.3230129237432	79.9350638057718	81.9643299878733	95.5398898243504	0	0	0	0	129.309963325205	93.1661191770884	104.957721175386	135.356903975991	178.403406423272	166.639957251437	161.293755378682	171.238936846317	180.569720896628	163.278070316145	217.655449937934	227.486795063785
616.77	-28.7512684662026	-28.2770919094265	-7.09254886026795	0.831081426859504	-11.9357197162962	9.22783093655791	-3.72569833978017	-18.6745177544431	-12.5117956966355	20.1025838305915	-14.1795682609364	-30.3068296494452	11.188915097922	-8.44802881997747	3.23725425204874	5.11669425762096	4.40544355353406	7.94457787884138	6.7060519082588	3.84732183935091	6.43895277812474	15.0595969471062	10.5346331111229	7.69995063203517	16.8459833051172	11.9541787234445	12.8687364790904	17.6727472697045	24.7368166089136	19.4170336608767	14.847378169293	29.3691241296399	31.9010687053977	20.4220944864921	40.25268383116	26.4655462509818	31.8148605756117	36.8000774014184	46.0432703254819	58.5941590781584	41.541784778713	54.7689939431731	52.6660393502903	64.5064345191498	49.2393255384165	53.5662744374254	54.7322811237771	59.3339194359954	56.4631103646518	56.0020991148563	55.4574401420739	65.0845446161284	52.6278677914713	49.9647963245621	55.3014861823934	59.0447458606334	65.3099304418263	0	0	0	0	94.9961121532255	102.409749416345	119.679503969977	117.348841678221	94.2584086259018	116.412207163396	82.3603160787982	69.6433043519015	143.623576801867	161.370490533523	229.599297754154	294.501288134891
620.109	13.3930380477413	17.4092348705465	37.0345159033893	50.0899141017635	4.90905485580745	-26.5481480599491	15.5769287063615	15.91608083364	1.70439533202884	23.8979285726727	8.74161210441756	34.2337322373302	25.359349512986	27.0154769485085	11.911249727151	-3.15066820829919	23.4898856478106	19.5560510801597	12.6318466958529	22.1105240313777	23.3193367957151	25.0050342081877	20.6642619150564	19.3195857742617	25.741789321891	24.9103567955774	27.5159216264838	19.0939443311517	30.8721696303018	24.1543661623359	42.1660223627854	41.9827449400853	51.5370507063871	32.8271394309266	44.3301371165573	32.9597802636986	42.083975110523	63.46810107932	73.5916046281629	55.8563225410811	72.4578197271309	53.3217741605383	73.3932520948399	83.3701312078441	52.5160773103352	62.7089506302559	64.246629827188	65.5792303241306	63.1461307592541	62.6352907276442	73.9466946819114	74.8509266224219	70.2787384702055	78.215867399344	64.9833940412799	76.6601345237947	0	0	0	0	178.765699070798	111.61345674317	80.2868650773812	115.460834944956	142.07421619639	135.451652139323	136.398107808539	161.58441971313	156.242220477486	184.81126237073	201.161845273396	110.947408276691	132.206903384685
