Sample - Blank	600	595	590	585	580	575	570	565	560	555	550	545	540	535	530	525	520	515	510	505	500	495	490	485	480	475	470	465	460	455	450	445	440	435	430	425	420	415	410	405	400	395	390	385	380	375	370	365	360	355	350	345	340	335	330	325	320	315	310	305	300	295	290	285	280	275	270	265	260	255	250	245	240
nm																																																																									
213.328	0	0	0	0	0	0	0	0	0	0	0	0	0	0	0	0	0	0	0	0	0	0	0	0	0	0	0	0	0	0	0	0	0	0	0	0	0	0	0	0	0	0	0	0	0	0	0	0	0	0	0	0	0	0	0	0	0	0	0	0	0	0	0	0	0	0	0	0	0	0	0	0	0
216.504	0	0	0	0	0	0	0	0	0	0	0	0	0	0	0	0	0	0	0	0	0	0	0	0	0	0	0	0	0	0	0	0	0	0	0	0	0	0	0	0	0	0	0	0	0	0	0	0	0	0	0	0	0	0	0	0	0	0	0	0	0	0	0	0	0	0	0	0	0	0	0	0	0
219.682	0	0	0	0	0	0	0	0	0	0	0	0	0	0	0	0	0	0	0	0	0	0	0	0	0	0	0	0	0	0	0	0	0	0	0	0	0	0	0	0	0	0	0	0	0	0	0	0	0	0	0	0	0	0	0	0	0	0	0	0	0	0	0	0	0	0	0	0	0	0	0	0	0
222.862	0	0	0	0	0	0	0	0	0	0	0	0	0	0	0	0	0	0	0	0	0	0	0	0	0	0	0	0	0	0	0	0	0	0	0	0	0	0	0	0	0	0	0	0	0	0	0	0	0	0	0	0	0	0	0	0	0	0	0	0	0	0	0	0	0	0	0	0	0	0	0	0	0
226.045	0	0	0	0	0	0	0	0	0	0	0	0	0	0	0	0	0	0	0	0	0	0	0	0	0	0	0	0	0	0	0	0	0	0	0	0	0	0	0	0	0	0	0	0	0	0	0	0	0	0	0	0	0	0	0	0	0	0	0	0	0	0	0	0	0	0	0	0	0	0	0	0	0
229.23	0	0	0	0	0	0	0	0	0	0	0	0	0	0	0	0	0	0	0	0	0	0	0	0	0	0	0	0	0	0	0	0	0	0	0	0	0	0	0	0	0	0	0	0	0	0	0	0	0	0	0	0	0	0	0	0	0	0	0	0	0	0	0	0	0	0	0	0	0	0	0	0	0
232.417	0	0	0	0	0	0	0	0	0	0	0	0	0	0	0	0	0	0	0	0	0	0	0	0	0	0	0	0	0	0	0	0	0	0	0	0	0	0	0	0	0	0	0	0	0	0	0	0	0	0	0	0	0	0	0	0	0	0	0	0	0	0	0	0	0	0	0	0	0	0	0	0	0
235.607	0	0	0	0	0	0	0	0	0	0	0	0	0	0	0	0	0	0	0	0	0	0	0	0	0	0	0	0	0	0	0	0	0	0	0	0	0	0	0	0	0	0	0	0	0	0	0	0	0	0	0	0	0	0	0	0	0	0	0	0	0	0	0	0	0	0	0	0	0	0	0	0	0
238.799	0	0	0	0	0	0	0	0	0	0	0	0	0	0	0	0	0	0	0	0	0	0	0	0	0	0	0	0	0	0	0	0	0	0	0	0	0	0	0	0	0	0	0	0	0	0	0	0	0	0	0	0	0	0	0	0	0	0	0	0	0	0	0	0	0	0	0	0	0	0	0	0	0
241.993	0	0	0	0	0	0	0	0	0	0	0	0	0	0	0	0	0	0	0	0	0	0	0	0	0	0	0	0	0	0	0	0	0	0	0	0	0	0	0	0	0	0	0	0	0	0	0	0	0	0	0	0	0	0	0	0	0	0	0	0	0	0	0	0	0	0	0	0	0	0	0	0	0
245.19	0	0	0	0	0	0	0	0	0	0	0	0	0	0	0	0	0	0	0	0	0	0	0	0	0	0	0	0	0	0	0	0	0	0	0	0	0	0	0	0	0	0	0	0	0	0	0	0	0	0	0	0	0	0	0	0	0	0	0	0	0	0	0	0	0	0	0	0	0	0	0	0	0
248.388	0	0	0	0	0	0	0	0	0	0	0	0	0	0	0	0	0	0	0	0	0	0	0	0	0	0	0	0	0	0	0	0	0	0	0	0	0	0	0	0	0	0	0	0	0	0	0	0	0	0	0	0	0	0	0	0	0	0	0	0	0	0	0	0	0	0	0	0	0	0	0	0	0
251.589	0	0	0	0	0	0	0	0	0	0	0	0	0	0	0	0	0	0	0	0	0	0	0	0	0	0	0	0	0	0	0	0	0	0	0	0	0	0	0	0	0	0	0	0	0	0	0	0	0	0	0	0	0	0	0	0	0	0	0	0	0	0	0	0	0	0	0	0	0	0	0	0	1402.52961539812
254.793	0	0	0	0	0	0	0	0	0	0	0	0	0	0	0	0	0	0	0	0	0	0	0	0	0	0	0	0	0	0	0	0	0	0	0	0	0	0	0	0	0	0	0	0	0	0	0	0	0	0	0	0	0	0	0	0	0	0	0	0	0	0	0	0	0	0	0	0	0	0	0	0	-63.8539924524853
257.998	0	0	0	0	0	0	0	0	0	0	0	0	0	0	0	0	0	0	0	0	0	0	0	0	0	0	0	0	0	0	0	0	0	0	0	0	0	0	0	0	0	0	0	0	0	0	0	0	0	0	0	0	0	0	0	0	0	0	0	0	0	0	0	0	0	0	0	0	0	0	0	688.94955046119	249.848087123717
261.205	0	0	0	0	0	0	0	0	0	0	0	0	0	0	0	0	0	0	0	0	0	0	0	0	0	0	0	0	0	0	0	0	0	0	0	0	0	0	0	0	0	0	0	0	0	0	0	0	0	0	0	0	0	0	0	0	0	0	0	0	0	0	0	0	0	0	0	0	0	0	3500.10958400432	103.130842841104	-136.934433788498
264.415	0	0	0	0	0	0	0	0	0	0	0	0	0	0	0	0	0	0	0	0	0	0	0	0	0	0	0	0	0	0	0	0	0	0	0	0	0	0	0	0	0	0	0	0	0	0	0	0	0	0	0	0	0	0	0	0	0	0	0	0	0	0	0	0	0	0	0	0	0	0	167.50411670631	83.6912501699146	-277.384417602024
267.627	0	0	0	0	0	0	0	0	0	0	0	0	0	0	0	0	0	0	0	0	0	0	0	0	0	0	0	0	0	0	0	0	0	0	0	0	0	0	0	0	0	0	0	0	0	0	0	0	0	0	0	0	0	0	0	0	0	0	0	0	0	0	0	0	0	0	0	0	0	1288.76936461309	-32.2565034417277	-134.229661047873	-699.476875540653
270.841	0	0	0	0	0	0	0	0	0	0	0	0	0	0	0	0	0	0	0	0	0	0	0	0	0	0	0	0	0	0	0	0	0	0	0	0	0	0	0	0	0	0	0	0	0	0	0	0	0	0	0	0	0	0	0	0	0	0	0	0	0	0	0	0	0	0	0	0	5306.40200461098	192.792389115685	-7.46822408877894	-319.639971621079	-314.465102674589
274.057	0	0	0	0	0	0	0	0	0	0	0	0	0	0	0	0	0	0	0	0	0	0	0	0	0	0	0	0	0	0	0	0	0	0	0	0	0	0	0	0	0	0	0	0	0	0	0	0	0	0	0	0	0	0	0	0	0	0	0	0	0	0	0	0	0	0	0	0	416.830692946455	2.29759377479029	-110.567850902647	-295.491169621153	63.3408973123049
277.275	0	0	0	0	0	0	0	0	0	0	0	0	0	0	0	0	0	0	0	0	0	0	0	0	0	0	0	0	0	0	0	0	0	0	0	0	0	0	0	0	0	0	0	0	0	0	0	0	0	0	0	0	0	0	0	0	0	0	0	0	0	0	0	0	0	0	0	2347.30897201934	57.006776388335	28.9948366774718	-387.644157545828	-276.215789748372	-137.582564023967
280.496	0	0	0	0	0	0	0	0	0	0	0	0	0	0	0	0	0	0	0	0	0	0	0	0	0	0	0	0	0	0	0	0	0	0	0	0	0	0	0	0	0	0	0	0	0	0	0	0	0	0	0	0	0	0	0	0	0	0	0	0	0	0	0	0	0	0	6096.68554252628	208.149738892997	110.143375205552	-9.522308840358	-182.809987334952	-165.828239102915	78.9147292863504
283.718	0	0	0	0	0	0	0	0	0	0	0	0	0	0	0	0	0	0	0	0	0	0	0	0	0	0	0	0	0	0	0	0	0	0	0	0	0	0	0	0	0	0	0	0	0	0	0	0	0	0	0	0	0	0	0	0	0	0	0	0	0	0	0	0	0	0	787.494850142796	116.781880696775	64.8331879902056	-108.244028822045	-149.961724693159	28.6014184529506	-53.7103313484167
286.942	0	0	0	0	0	0	0	0	0	0	0	0	0	0	0	0	0	0	0	0	0	0	0	0	0	0	0	0	0	0	0	0	0	0	0	0	0	0	0	0	0	0	0	0	0	0	0	0	0	0	0	0	0	0	0	0	0	0	0	0	0	0	0	0	0	2619.39265868341	286.675313316371	226.849419738132	129.631750331781	-113.998934398397	68.1188041284628	80.7613449474	-24.0526290492355
290.169	0	0	0	0	0	0	0	0	0	0	0	0	0	0	0	0	0	0	0	0	0	0	0	0	0	0	0	0	0	0	0	0	0	0	0	0	0	0	0	0	0	0	0	0	0	0	0	0	0	0	0	0	0	0	0	0	0	0	0	0	0	0	0	0	5517.60598489252	408.026779961205	315.888529297682	285.954104284884	-11.0651231248045	-12.4943558477044	-10.0351805980782	-89.026628171055	112.375762063258
293.397	0	0	0	0	0	0	0	0	0	0	0	0	0	0	0	0	0	0	0	0	0	0	0	0	0	0	0	0	0	0	0	0	0	0	0	0	0	0	0	0	0	0	0	0	0	0	0	0	0	0	0	0	0	0	0	0	0	0	0	0	0	0	0	0	1004.01401098343	418.018426620871	458.175586784601	390.676560879958	209.357012768944	277.669979557498	256.587045717128	288.572793065155	233.798343633247
296.628	0	0	0	0	0	0	0	0	0	0	0	0	0	0	0	0	0	0	0	0	0	0	0	0	0	0	0	0	0	0	0	0	0	0	0	0	0	0	0	0	0	0	0	0	0	0	0	0	0	0	0	0	0	0	0	0	0	0	0	0	0	0	0	2673.75970628082	330.57794666579	496.516124641099	514.799689816064	311.893090432037	243.083751081404	241.336341940121	125.212167227615	16.5359558982809	22.5717818776098
299.86	0	0	0	0	0	0	0	0	0	0	0	0	0	0	0	0	0	0	0	0	0	0	0	0	0	0	0	0	0	0	0	0	0	0	0	0	0	0	0	0	0	0	0	0	0	0	0	0	0	0	0	0	0	0	0	0	0	0	0	0	0	0	0	344.326025560094	397.116486281616	592.590628088717	648.197446193278	365.950521366442	421.555370834602	247.721257207947	112.494247677293	79.0082989395022	166.319859790433
303.095	0	0	0	0	0	0	0	0	0	0	0	0	0	0	0	0	0	0	0	0	0	0	0	0	0	0	0	0	0	0	0	0	0	0	0	0	0	0	0	0	0	0	0	0	0	0	0	0	0	0	0	0	0	0	0	0	0	0	0	0	0	0	1046.24403987424	311.060071578262	506.417869668413	723.907062330413	704.352889649017	619.543632616347	505.458251471814	455.598929218268	396.334479536742	203.081478552937	219.300573638003
306.331	0	0	0	0	0	0	0	0	0	0	0	0	0	0	0	0	0	0	0	0	0	0	0	0	0	0	0	0	0	0	0	0	0	0	0	0	0	0	0	0	0	0	0	0	0	0	0	0	0	0	0	0	0	0	0	0	0	0	0	0	0	2935.61597109113	157.60298649383	319.017294318096	520.132771117536	646.811179041205	633.619518742536	659.422190062921	495.248577892785	392.37538110514	313.882437013426	252.36979193101	197.004888662912
309.569	0	0	0	0	0	0	0	0	0	0	0	0	0	0	0	0	0	0	0	0	0	0	0	0	0	0	0	0	0	0	0	0	0	0	0	0	0	0	0	0	0	0	0	0	0	0	0	0	0	0	0	0	0	0	0	0	0	0	0	0	0	352.563963106863	169.765563610243	339.904534906019	548.08412656222	657.935519581386	725.539448538425	713.680121025098	622.793434192972	508.043784061111	414.978485980697	249.947844741317	229.11175176817
312.81	0	0	0	0	0	0	0	0	0	0	0	0	0	0	0	0	0	0	0	0	0	0	0	0	0	0	0	0	0	0	0	0	0	0	0	0	0	0	0	0	0	0	0	0	0	0	0	0	0	0	0	0	0	0	0	0	0	0	0	0	1319.90554787487	114.083685523544	205.59983876398	392.334986634627	594.833570537077	692.180568203165	761.687012304479	709.154752494347	596.696078131496	514.874465889261	330.304221262758	338.659619838248	335.691280017529
316.052	0	0	0	0	0	0	0	0	0	0	0	0	0	0	0	0	0	0	0	0	0	0	0	0	0	0	0	0	0	0	0	0	0	0	0	0	0	0	0	0	0	0	0	0	0	0	0	0	0	0	0	0	0	0	0	0	0	0	0	3286.75043535544	134.925573377788	139.057459997921	256.364859088649	419.839624279151	534.279429079219	746.532786889096	825.595610456521	741.257143431349	620.138807081198	485.973059653598	468.38143384478	402.691478462194	499.752437843482
319.296	0	0	0	0	0	0	0	0	0	0	0	0	0	0	0	0	0	0	0	0	0	0	0	0	0	0	0	0	0	0	0	0	0	0	0	0	0	0	0	0	0	0	0	0	0	0	0	0	0	0	0	0	0	0	0	0	0	0	0	471.743994779396	153.543609522096	228.26585768348	303.659240701218	463.355046020288	611.864421075429	810.844044299104	811.679559799843	782.830563476788	589.84608797806	555.581815079501	614.990468254342	471.978061597484	505.755807502499
322.542	0	0	0	0	0	0	0	0	0	0	0	0	0	0	0	0	0	0	0	0	0	0	0	0	0	0	0	0	0	0	0	0	0	0	0	0	0	0	0	0	0	0	0	0	0	0	0	0	0	0	0	0	0	0	0	0	0	0	-177.678384798418	142.864732828143	207.605630572006	267.003030616081	376.390589315844	513.402765800746	694.015822499036	769.560398475715	830.649971397393	715.647640257461	595.638700366576	518.335900773463	477.282308077381	539.233983343993	481.725738573575
325.79	0	0	0	0	0	0	0	0	0	0	0	0	0	0	0	0	0	0	0	0	0	0	0	0	0	0	0	0	0	0	0	0	0	0	0	0	0	0	0	0	0	0	0	0	0	0	0	0	0	0	0	0	0	0	0	0	0	-21472.2631341467	157.105281401685	186.763500638249	254.465753063529	322.224843229328	421.679841502525	591.223973690568	716.355003213685	851.168071635982	789.492208627658	768.167768176517	623.418887943355	567.002744648274	581.747355863609	593.866771587716	580.983282185036
329.039	0	0	0	0	0	0	0	0	0	0	0	0	0	0	0	0	0	0	0	0	0	0	0	0	0	0	0	0	0	0	0	0	0	0	0	0	0	0	0	0	0	0	0	0	0	0	0	0	0	0	0	0	0	0	0	0	0	-3546.1444631057	128.624279699471	209.32030774225	274.132181606452	354.682243770616	439.752856370968	583.528014859515	746.264189683114	806.818684334937	762.912534718403	745.426374295737	589.469284202156	429.993877090699	464.316427871921	457.445487850857	708.003547702756
332.291	0	0	0	0	0	0	0	0	0	0	0	0	0	0	0	0	0	0	0	0	0	0	0	0	0	0	0	0	0	0	0	0	0	0	0	0	0	0	0	0	0	0	0	0	0	0	0	0	0	0	0	0	0	0	0	0	-6072.91817067969	30.7104958372177	182.396721039856	232.333574119456	346.05589634096	417.521883453007	455.091782170289	661.327800710486	748.598965558287	841.875748283466	800.661654419463	764.717008988646	691.679435614081	705.851897130061	558.447837751277	676.666017801457	737.741074256902
335.544	0	0	0	0	0	0	0	0	0	0	0	0	0	0	0	0	0	0	0	0	0	0	0	0	0	0	0	0	0	0	0	0	0	0	0	0	0	0	0	0	0	0	0	0	0	0	0	0	0	0	0	0	0	0	0	3058.84388679814	-280.852573656851	60.5890100846597	190.412942890164	260.040256261886	373.500709496083	423.886221466447	524.025048046432	662.443499054226	729.396306176821	801.323218233112	783.317891756461	642.198011658096	615.338706607772	474.707287703156	419.228373258849	633.476898284329	643.038555306296
338.799	0	0	0	0	0	0	0	0	0	0	0	0	0	0	0	0	0	0	0	0	0	0	0	0	0	0	0	0	0	0	0	0	0	0	0	0	0	0	0	0	0	0	0	0	0	0	0	0	0	0	0	0	0	0	0	481.385113964276	-22.051278714768	93.6322867772852	228.594289936016	288.410528069731	416.760689053168	458.886388910104	568.285819917129	679.743630690366	761.483079157647	768.910182681633	761.753351615955	724.561685274809	558.156348615741	552.301679736427	430.969975634317	620.331512809595	669.125125784399
342.056	0	0	0	0	0	0	0	0	0	0	0	0	0	0	0	0	0	0	0	0	0	0	0	0	0	0	0	0	0	0	0	0	0	0	0	0	0	0	0	0	0	0	0	0	0	0	0	0	0	0	0	0	0	0	1518.11120191159	48.5569214700909	31.1994818618649	106.959266877981	246.94963678469	310.611627258323	420.640905092905	493.360836658458	601.24429579308	662.794675347439	713.851708955131	745.194257998954	700.976412692677	656.333479125185	596.359817806901	518.273043544802	499.418048311083	458.246449623689	650.921550517396
345.315	0	0	0	0	0	0	0	0	0	0	0	0	0	0	0	0	0	0	0	0	0	0	0	0	0	0	0	0	0	0	0	0	0	0	0	0	0	0	0	0	0	0	0	0	0	0	0	0	0	0	0	0	0	3270.20290249038	138.566201606146	64.5280938763921	57.5155417128934	158.441996256216	270.833081896088	361.831003927464	434.744222128323	544.35811680138	607.492640513757	701.834407976482	728.060728913683	705.424943841519	666.248037887427	675.455908879956	611.507538657152	571.221672583566	548.299737088107	705.697022525008	554.534533456598
348.575	0	0	0	0	0	0	0	0	0	0	0	0	0	0	0	0	0	0	0	0	0	0	0	0	0	0	0	0	0	0	0	0	0	0	0	0	0	0	0	0	0	0	0	0	0	0	0	0	0	0	0	0	0	610.718393791178	60.7056977681178	90.3555900273383	104.926347191284	177.779527906415	300.558507196478	385.004565211304	471.492145999074	564.877517415379	622.976715676131	683.746278608017	707.856770949739	696.443799722874	667.096102954351	687.69592500069	656.13546222312	658.022940381712	573.974142637423	677.002902239743	763.275803555502
351.838	0	0	0	0	0	0	0	0	0	0	0	0	0	0	0	0	0	0	0	0	0	0	0	0	0	0	0	0	0	0	0	0	0	0	0	0	0	0	0	0	0	0	0	0	0	0	0	0	0	0	0	0	1757.66349790267	70.0224846783912	67.5363781253222	110.559959051584	111.600928077513	216.738567913653	323.809588868857	399.989037692058	498.87404550384	579.702561478774	628.998866543036	697.129549829786	707.060464388972	720.784908982521	688.574323339187	592.486892747864	623.061831587841	553.211512911307	678.496122988561	651.830160768767	568.14081532835
355.101	0	0	0	0	0	0	0	0	0	0	0	0	0	0	0	0	0	0	0	0	0	0	0	0	0	0	0	0	0	0	0	0	0	0	0	0	0	0	0	0	0	0	0	0	0	0	0	0	0	0	0	4639.02859765563	195.904249156302	78.4826625942552	111.384408901955	110.263642036793	158.232478833456	244.843359944338	327.816082293295	429.696491878555	547.91370027992	611.698639467933	654.092471162155	703.240816016315	704.589134271127	677.522326124439	653.765099916716	635.11138790613	683.481733831735	612.136479697714	585.869252221318	796.663440162918	818.994198219324
358.367	0	0	0	0	0	0	0	0	0	0	0	0	0	0	0	0	0	0	0	0	0	0	0	0	0	0	0	0	0	0	0	0	0	0	0	0	0	0	0	0	0	0	0	0	0	0	0	0	0	0	0	778.551885297259	77.0221370715461	87.9773960566539	127.205379220798	158.787531383662	186.963589671289	275.315391562611	379.077089547667	440.788033487747	527.725606805799	606.245482700804	656.68250824604	689.760130099002	685.084578454476	689.414751712547	648.504388836033	684.813236740257	512.702557522881	589.006301989884	695.896177489798	696.461769602431	841.80641750128
361.634	0	0	0	0	0	0	0	0	0	0	0	0	0	0	0	0	0	0	0	0	0	0	0	0	0	0	0	0	0	0	0	0	0	0	0	0	0	0	0	0	0	0	0	0	0	0	0	0	0	0	2228.45820122592	107.898689884977	89.2744197002054	106.461895927956	153.982940747387	181.796383268277	211.360527246459	307.524400338583	390.623729262767	511.717021796821	586.852749118528	612.026942248178	630.061506092739	673.199245755961	693.623242394518	680.570743387447	671.875118100159	690.02349777003	637.661120012982	672.733011734741	541.01055849377	670.921822909302	795.505495710651
364.903	0	0	0	0	0	0	0	0	0	0	0	0	0	0	0	0	0	0	0	0	0	0	0	0	0	0	0	0	0	0	0	0	0	0	0	0	0	0	0	0	0	0	0	0	0	0	0	0	0	0	215.011743775535	64.9699957430596	81.8347726892026	121.10944026242	157.630611433768	205.573012447833	241.141657350925	311.322526699792	450.59947392529	508.254351796082	567.969649958004	623.389313298055	646.553670885277	650.466526151223	679.428276205594	676.437270980447	598.690389921868	579.95714793407	597.596385578326	586.818894588174	677.610123803706	699.169888528295	801.308146323347
368.174	0	0	0	0	0	0	0	0	0	0	0	0	0	0	0	0	0	0	0	0	0	0	0	0	0	0	0	0	0	0	0	0	0	0	0	0	0	0	0	0	0	0	0	0	0	0	0	0	0	793.986745969886	66.0853239301949	78.909330703618	91.1466318478545	127.077855564263	187.818154674622	232.293367996873	275.069551647725	357.65057129922	455.066836978939	516.177584259852	577.748331450045	627.981398463591	628.087246160184	648.944195013005	652.133301817193	674.411707694122	588.53033992005	617.490325527121	630.638531751053	652.542713669168	622.923637780491	684.423241761361	792.422449704431
371.446	0	0	0	0	0	0	0	0	0	0	0	0	0	0	0	0	0	0	0	0	0	0	0	0	0	0	0	0	0	0	0	0	0	0	0	0	0	0	0	0	0	0	0	0	0	0	0	0	1665.75652886026	72.4811450176974	63.560398721701	101.382702848039	136.952390542509	169.719877253811	227.14059805275	256.462103713286	330.831231298769	398.198224751222	492.943667270641	548.257129280047	600.39931255577	633.819296908478	649.691407173809	657.78716412679	623.590992350478	690.808167386308	616.372206970173	659.111200844136	626.240295969986	693.977865094741	783.890355899044	752.623750551159	1107.0610949005
374.719	0	0	0	0	0	0	0	0	0	0	0	0	0	0	0	0	0	0	0	0	0	0	0	0	0	0	0	0	0	0	0	0	0	0	0	0	0	0	0	0	0	0	0	0	0	0	0	0	160.464680055659	49.2322615522948	80.1614648106708	114.440900837844	138.311004515207	192.51025928214	225.393481833797	284.611740585948	352.744510805864	409.65417764641	496.953598252214	571.326013844599	613.87761121826	633.42603186927	653.525002638233	652.920378054995	667.483969454049	647.469076268525	639.199228612624	587.318429428984	603.900561843874	556.766067038098	673.489020351246	761.179786971259	745.83935651775
377.995	0	0	0	0	0	0	0	0	0	0	0	0	0	0	0	0	0	0	0	0	0	0	0	0	0	0	0	0	0	0	0	0	0	0	0	0	0	0	0	0	0	0	0	0	0	0	0	664.0690629396	59.8432599163355	74.7087087083656	121.61419592695	153.427150445662	186.592729288703	254.968637195527	291.072500216703	351.712479398368	394.226718467991	457.10685412941	574.982523867848	603.563300356209	674.916474123091	668.726413541404	701.351612610654	648.107313411837	722.550734540594	689.053208643871	644.248170652279	710.374808774259	765.773159661851	702.974978817996	853.977917915479	962.356192812158	929.713238396051
381.272	0	0	0	0	0	0	0	0	0	0	0	0	0	0	0	0	0	0	0	0	0	0	0	0	0	0	0	0	0	0	0	0	0	0	0	0	0	0	0	0	0	0	0	0	0	0	1687.75984706213	57.8815605914839	65.8033447392092	95.4575946926219	120.309716376982	173.699237095525	183.780641508521	252.189765304515	317.557975875246	364.700826535939	444.647732512557	510.69718614433	596.400194245034	599.001582514528	625.306180216981	681.125785845513	699.928409324488	705.041039745355	674.159787891241	679.037958383658	720.402046914323	733.64004454166	686.144986452501	726.616965149948	918.705035387844	842.29200644917	1019.6568171211
384.55	0	0	0	0	0	0	0	0	0	0	0	0	0	0	0	0	0	0	0	0	0	0	0	0	0	0	0	0	0	0	0	0	0	0	0	0	0	0	0	0	0	0	0	0	0	0	214.595394995248	36.6704403717515	70.3780587623119	94.1242917112155	126.57953476711	172.903940116213	234.7515194678	282.745966434703	337.771767492364	397.003079034018	470.10445990137	510.136751519117	554.797413595473	648.473094105087	676.618848034645	695.354172021834	680.367764160059	678.226773370679	660.008702564002	634.768052600966	620.177767622358	707.62598284021	787.795976497167	720.956164367742	903.772183647423	968.180654577816	922.988012496138
387.83	0	0	0	0	0	0	0	0	0	0	0	0	0	0	0	0	0	0	0	0	0	0	0	0	0	0	0	0	0	0	0	0	0	0	0	0	0	0	0	0	0	0	0	0	0	730.926263307833	51.7375403818365	67.0053409929098	104.772746243116	129.014604716519	173.666307822677	217.782675282181	268.245480150321	304.799414180845	375.291079266316	440.426652122746	488.806139499894	554.468261962338	608.512572359204	646.440394030596	694.244980480793	694.533479572149	696.261479857801	697.213893542207	681.823818305913	682.447341802358	723.139139313492	650.562984370978	764.420620190191	902.966088594424	972.76323281473	1040.5129947047	1169.4355840303
391.112	0	0	0	0	0	0	0	0	0	0	0	0	0	0	0	0	0	0	0	0	0	0	0	0	0	0	0	0	0	0	0	0	0	0	0	0	0	0	0	0	0	0	0	0	1786.02893552354	56.0814407085101	44.9201639246609	62.7635042426061	75.9843998646424	132.087485542286	184.531583098184	232.108434841835	272.39829134536	334.545456624962	395.922857530163	449.780066742268	522.168544900092	551.495057963317	630.155055687202	678.732625728614	681.584498579811	698.128529307283	683.664993739301	694.460785594227	711.00682625025	657.91947529762	691.979866687891	700.522947203672	758.231910090155	758.770763912004	847.214179858184	1041.14858419094	1012.7425388881
394.395	0	0	0	0	0	0	0	0	0	0	0	0	0	0	0	0	0	0	0	0	0	0	0	0	0	0	0	0	0	0	0	0	0	0	0	0	0	0	0	0	0	0	0	0	252.814708111792	47.6606413300543	76.5971001364668	91.6069964289508	140.917437197521	188.99818417119	222.717001375104	273.141546125302	324.908474410488	379.3991754334	439.593397712397	497.379458307152	565.658969059127	599.287670519943	656.561264282961	668.096821262143	715.238846453598	714.602198228322	709.248133268224	735.133889489559	706.918468361066	717.74889077516	761.246099447552	804.084689567637	906.919792115687	907.824433766644	1149.23779818217	1075.21582998554	1194.88157166509
397.679	0	0	0	0	0	0	0	0	0	0	0	0	0	0	0	0	0	0	0	0	0	0	0	0	0	0	0	0	0	0	0	0	0	0	0	0	0	0	0	0	0	0	0	842.435358838229	36.0418305364764	60.9004577280178	73.9294548479337	99.7620518541575	145.394831798097	193.762396901918	240.081905268192	281.896517119109	339.242271808252	406.749249118156	460.103516133586	514.126804982297	531.952953179134	603.502633162263	664.657386168265	682.803043261764	719.665669117781	707.739176603181	709.860174706794	695.973264504195	734.022806342195	648.625608830349	708.530954665135	747.45807674879	804.526763258503	828.657706250297	942.189935228719	1182.12409624442	1262.84831627585
400.965	0	0	0	0	0	0	0	0	0	0	0	0	0	0	0	0	0	0	0	0	0	0	0	0	0	0	0	0	0	0	0	0	0	0	0	0	0	0	0	0	0	0	1904.90028029927	65.5459827931182	60.3501108058259	61.4164226066137	87.282931347975	116.349566456734	178.661815833253	203.758886710613	272.396913813138	325.224895519612	362.567650080571	410.285245370689	478.368366390851	518.949304382759	576.477515049388	633.994742120736	661.267394909821	690.288068354988	721.927585812596	705.198175818974	710.720830606667	734.211247607298	725.888194436086	721.719463273974	702.515034082598	767.263152684643	864.671016203314	952.509368124219	1034.73198626105	1136.88435071184	1377.79320143026
404.253	0	0	0	0	0	0	0	0	0	0	0	0	0	0	0	0	0	0	0	0	0	0	0	0	0	0	0	0	0	0	0	0	0	0	0	0	0	0	0	0	0	0	286.905692793767	48.0069732866532	74.3825787534675	85.596868183982	97.635491004136	158.61224413072	207.469379607933	263.216657091194	283.201702256568	351.052018721291	397.815293308782	468.07223378417	503.012903341134	557.766408464239	588.33859826996	648.756973055735	683.191227757607	729.159338521801	748.167411798142	776.008867319419	731.790441542643	723.443077866922	748.729152495643	760.646164287722	793.017411242101	836.108895724144	907.454553094374	1069.83858890097	1233.64140827511	1385.42468455129	1586.46894279234
407.542	0	0	0	0	0	0	0	0	0	0	0	0	0	0	0	0	0	0	0	0	0	0	0	0	0	0	0	0	0	0	0	0	0	0	0	0	0	0	0	0	0	876.603819872863	33.5702130163845	32.1157198936586	47.9859021551415	68.1474651092382	112.285390743354	144.460256189644	186.475638688825	273.130575197841	302.882233132906	333.854642262033	393.191853105476	465.223967094557	482.476171885103	531.497094038956	602.296545516014	600.229100750188	681.501821301961	707.490916111468	727.929950460675	722.663483997943	710.171794771995	700.331548318773	747.7670613879	722.891306065425	764.952208288921	859.518553569486	907.285758189192	997.116678029863	1000.59947672284	1277.19299005157	1135.5792144032
410.832	0	0	0	0	0	0	0	0	0	0	0	0	0	0	0	0	0	0	0	0	0	0	0	0	0	0	0	0	0	0	0	0	0	0	0	0	0	0	0	0	1829.76619680885	75.9501799888518	46.2208487908937	72.813211811353	84.750373633683	109.826098137621	125.0226358298	180.538437642975	232.595175016203	281.339218452383	340.256978641457	363.746705703982	432.115281970418	465.090481931218	527.418547831296	574.516876865051	579.718573057374	628.058549334951	662.206086383087	690.020172500756	722.099977862689	722.971283832899	710.539781082688	743.605165194417	710.116775559939	763.01741734678	784.320279417501	841.626809901374	920.039900336518	1047.64450199671	1163.18457925132	1280.66011731653	1276.93745511109
414.124	0	0	0	0	0	0	0	0	0	0	0	0	0	0	0	0	0	0	0	0	0	0	0	0	0	0	0	0	0	0	0	0	0	0	0	0	0	0	0	0	299.878279864439	2.11453348298963	25.7244332442777	50.4266334384121	74.2354304174359	118.741997742503	128.69428000854	168.679834353215	229.196297868383	287.863715771329	331.298381178132	369.237794192409	428.436808026231	479.511293072259	502.37187256534	563.383251062992	573.151395049507	632.805153207257	684.90534774664	679.164332461464	692.228370427732	717.060482234667	689.753712846314	695.443950461277	722.585597729036	687.180611175253	753.085120275224	797.166345544853	893.92097545439	938.880565202066	1054.33085433192	1134.96145921056	1156.687611467
417.417	0	0	0	0	0	0	0	0	0	0	0	0	0	0	0	0	0	0	0	0	0	0	0	0	0	0	0	0	0	0	0	0	0	0	0	0	0	0	0	862.660070345971	26.9879034081411	43.4677625376461	59.1850948524126	62.1379144781283	106.530361344296	112.905277007629	157.740838393742	204.434321702985	252.023255369269	302.785243008464	353.403111914556	410.930429861351	441.050041545113	492.659230546106	522.95751731299	570.169643148564	604.290044724807	641.561610980234	686.011091707457	690.464195105759	701.438301712936	688.531129003394	683.233197116102	679.537102598936	689.701607800955	741.296498945274	747.880260047635	833.842614752357	937.570568134979	1005.92950573426	1144.7100444484	1106.20673922551	1419.8671878136
420.711	0	0	0	0	0	0	0	0	0	0	0	0	0	0	0	0	0	0	0	0	0	0	0	0	0	0	0	0	0	0	0	0	0	0	0	0	0	0	1657.58560055133	71.1443397630151	32.8139909982099	39.406843478633	57.3350050764709	91.350774355494	113.577783335619	136.921555505938	183.678806337096	210.031338808653	268.518003071519	312.950039039892	364.140264738454	399.504581839524	442.246144465974	502.397794966654	534.624889822194	569.129361978762	593.146614433909	628.601548374298	675.303459795079	702.353230910712	702.203622826464	699.594381331569	680.664505380157	677.792601956422	702.610759073563	729.600699025743	793.754936059049	907.67246797609	951.278899739688	1015.32071822653	1204.2383393067	1364.82001171213	1398.62431494022
424.007	0	0	0	0	0	0	0	0	0	0	0	0	0	0	0	0	0	0	0	0	0	0	0	0	0	0	0	0	0	0	0	0	0	0	0	0	0	0	298.288617851519	30.7711050728596	37.4327499476309	41.7939367227104	61.9571271637775	89.2028122755044	115.099551834679	150.068904310944	196.636882166521	231.145550714849	284.252457860238	331.617675121188	375.577000739524	426.70511296563	448.629808391127	495.453558916984	539.71787612577	548.966304833451	603.317304931748	626.23066049035	664.930935365053	684.529131802636	698.715102833807	668.539303814002	671.488568202273	694.933003980551	701.625564525205	734.433344681217	777.142343464972	903.008742763063	944.601664692709	1101.62070347266	1069.77856416985	1266.42252450882	1188.58085037674
427.304	0	0	0	0	0	0	0	0	0	0	0	0	0	0	0	0	0	0	0	0	0	0	0	0	0	0	0	0	0	0	0	0	0	0	0	0	0	692.578764058461	23.9070157320643	22.409968241689	33.1438886690299	53.8993355561723	64.6827491990212	80.4756038164566	123.000165657002	131.859709243133	174.568292781804	227.082101130768	277.075746206642	329.145970775754	375.131204561389	406.939929602139	455.62484601479	489.863186428606	516.839489039224	555.846705258953	576.550760197832	589.328586490077	645.557485960421	641.803884360068	640.940826651447	643.983357958378	673.723530001545	665.602234423939	632.414810632185	688.366367354258	741.323776198382	798.741846500306	925.237717828826	1014.09128770596	1102.0976895938	1181.88297955662	1312.56727779579
430.602	0	0	0	0	0	0	0	0	0	0	0	0	0	0	0	0	0	0	0	0	0	0	0	0	0	0	0	0	0	0	0	0	0	0	0	0	1356.22974927172	59.8067352004974	9.83343311626808	17.8553197086164	27.8719352720653	46.89557160264	59.0628774556883	81.9700106645594	115.906597576995	161.998735272593	195.21881346649	241.634384740697	294.352789611817	337.02125087383	367.888368031148	413.551287330867	444.444789020058	493.296345198303	510.897057685752	538.717067881799	579.833266194519	596.118897375984	615.892521618868	626.757000013846	653.121247806128	632.828325078718	619.855441937021	646.645506814953	661.000053269966	675.112123626102	794.252041174221	804.065089044252	892.365843412317	961.894454628099	970.900315149261	962.830724894877	1071.99519852173
433.902	0	0	0	0	0	0	0	0	0	0	0	0	0	0	0	0	0	0	0	0	0	0	0	0	0	0	0	0	0	0	0	0	0	0	0	0	259.973825092106	15.0096033918952	31.7035175220266	46.6296040773548	82.6280066759918	87.6743955092951	96.6096624380127	136.342815305687	149.930598300867	171.478895708931	216.487739297106	255.644416904676	320.522932301424	351.626319905644	390.699096895187	438.187382627989	462.952159825615	517.302535876461	527.540439750175	551.610655854407	582.478073224634	597.518978066115	644.535412244033	645.383305025349	645.318973449548	631.214764607412	657.62854971523	657.112825976556	687.695438455981	733.543122516741	791.356371439184	889.510096042854	987.22274787695	1050.86407240756	1175.55442021538	1226.95843360368	1204.71746740157
437.202	0	0	0	0	0	0	0	0	0	0	0	0	0	0	0	0	0	0	0	0	0	0	0	0	0	0	0	0	0	0	0	0	0	0	0	772.63752896723	13.5693324309713	23.7479357381346	38.0648013222902	36.486512658539	60.3609737243727	83.8549027243409	82.4301801264388	124.501274831053	145.649721658522	185.36538841004	219.478693407204	275.80571683994	334.954908446457	366.771239831103	401.610140261707	422.66284778364	459.630945112648	499.740094100075	533.13321390391	543.326594070632	577.464738337724	575.727436411861	611.263973535505	630.38749770134	624.969978032466	636.629416423863	634.37533069969	649.708313428429	660.818748338075	679.144919860756	744.185841894403	871.149778303927	959.03374245519	950.120481616967	1097.76244429179	1200.06010162173	1227.84706289462
440.505	0	0	0	0	0	0	0	0	0	0	0	0	0	0	0	0	0	0	0	0	0	0	0	0	0	0	0	0	0	0	0	0	0	0	1600.63450451475	94.3817518362552	16.5543599466267	34.9983445150268	36.491572991695	76.5058665696554	71.6648958789408	91.6847720276236	113.596358442565	140.303142442011	166.67804465302	186.221534695855	235.111063129546	270.637352407802	332.981439089296	368.419321519167	403.95816840936	442.117415064931	479.045161239833	497.738840316218	521.216014971796	554.27938133823	559.960518547593	597.345758383405	627.763508528378	609.811727300079	614.597107498198	619.060278894257	613.155666310281	629.518536086538	656.940337635449	688.24094713224	761.979439465594	880.749371299964	999.671557211655	1083.54950662264	1106.01260277633	1124.45404691003	1331.25959659661
443.808	0	0	0	0	0	0	0	0	0	0	0	0	0	0	0	0	0	0	0	0	0	0	0	0	0	0	0	0	0	0	0	0	0	0	409.235309501829	13.7488155199038	35.3886339860703	37.8109233764125	43.4885004675482	55.2131511730845	75.1785871697263	111.760876168486	117.667330942012	156.218933065006	180.503563534183	196.744366481923	237.056883457364	295.359853948186	336.357933690605	375.982116011211	401.762136632024	433.545030639129	461.329444719163	485.596619832897	520.716830208622	553.011616820866	547.574769409396	570.719270394562	582.789399589364	612.924331116018	605.653021426158	600.033444624907	619.229036258505	632.569378896975	646.442562992226	703.0573409754	744.386478997557	869.65092962658	927.53327555971	1034.45660890438	1159.87398986308	1159.2308361656	1208.98296135055
447.112	0	0	0	0	0	0	0	0	0	0	0	0	0	0	0	0	0	0	0	0	0	0	0	0	0	0	0	0	0	0	0	0	0	947.439176409309	45.7669113363024	33.5447692233606	37.7043673250779	41.884570326814	56.3951669656776	73.0413171886183	92.7864931385599	104.227469051829	131.397903293673	147.110148792383	178.415841519033	208.647163884565	249.169352998923	303.563944998496	333.460277607175	379.439380724923	414.032354322884	434.085271255127	478.338126317732	487.679191929834	516.362165021065	521.742636245013	544.343968056544	570.444058755359	561.168112380113	610.739025134781	615.66889068953	590.235633090176	589.693046075728	630.096439171768	650.452206213417	689.834657612203	723.096939607687	860.2769935995	993.005819791185	1102.11632402448	1076.83253037775	1114.92741013626	1277.02665600351
450.418	0	0	0	0	0	0	0	0	0	0	0	0	0	0	0	0	0	0	0	0	0	0	0	0	0	0	0	0	0	0	0	0	1485.29411584208	101.826160891415	6.19095678792576	1.87960936208303	16.0075825432157	32.2812666000181	38.7550099628186	46.6214924723439	68.1641593024547	94.6927665341874	116.489951303665	133.332619733689	170.748770468474	182.896144811002	229.513530908193	274.778026815716	338.552987769137	348.500675794468	355.701566045309	398.83326964473	433.089653766386	458.159026517982	472.817055884382	495.574544814795	492.98786705871	516.188384283233	541.30809284069	534.281460791644	541.639446926219	542.270818983997	545.500915914681	567.384313636936	600.523353713859	647.877568336983	697.71605326025	764.391792114082	793.626449153631	866.948935843793	990.472889701804	865.779234162842	995.721098115168
453.725	0	0	0	0	0	0	0	0	0	0	0	0	0	0	0	0	0	0	0	0	0	0	0	0	0	0	0	0	0	0	0	0	305.522421839553	18.7269471087006	19.679069809834	21.1258242025495	25.3267222359344	45.15887710568	59.1399580041112	69.4861894950436	83.0320068922199	107.889735002817	143.478915840348	149.510440399826	169.359325489653	205.710534680436	243.067547461604	294.351070958713	336.9965386855	372.430616773313	399.949715356181	418.33962633242	430.901993796531	456.949471575319	477.442472607775	508.09791843159	503.468699315559	526.769690863968	528.732160643607	531.23138210194	549.142913174122	532.001024637231	541.583532591322	581.169671779913	589.638703278658	646.539113978188	696.704974423428	774.169193068289	930.629877164585	979.379137842915	959.942077366635	1105.22225529784	1067.46813232546
457.033	0	0	0	0	0	0	0	0	0	0	0	0	0	0	0	0	0	0	0	0	0	0	0	0	0	0	0	0	0	0	0	559.165914747718	27.4154401493637	22.7437631492115	33.7735717096931	33.7702417898669	44.0288942140126	68.36935370872	71.6643072335941	83.6175207349195	127.114863473705	145.254370127559	173.637340314365	186.832338963057	207.060851448556	235.567215630071	255.642304727074	296.322549946719	349.776814025046	367.316809388098	395.456809944036	428.724980543337	462.376488967672	464.648937040297	481.240578039456	487.495593856153	503.199596686312	518.737411898896	554.70991108585	550.119332135922	532.363563848802	568.279161971559	561.210022278526	583.202148835319	611.089514878694	658.457008522982	743.573278616411	853.840760441313	939.568782397285	1007.79363907871	1090.55290028302	1140.47929180192	1309.76436137792
460.342	0	0	0	0	0	0	0	0	0	0	0	0	0	0	0	0	0	0	0	0	0	0	0	0	0	0	0	0	0	0	937.727263379278	38.4857642273223	14.5293215356322	32.8331934816501	18.9198957086755	39.7197647663538	42.1678395800922	55.9116354832114	62.0388255567147	75.8274914595649	112.690312345993	113.621064967679	149.458869075321	184.697374622914	193.222734857706	228.368999357402	255.607059087904	283.534051478363	314.630378896202	357.675055424639	394.837264792297	391.812366311413	421.079678921713	445.728471513246	458.560526929142	464.749571600309	475.42739250898	482.105916137367	510.064988330813	524.645463774005	529.940049076177	531.483001345771	535.719804448064	553.106337532771	606.843534553669	654.514225708463	715.862898600632	804.027975683669	860.518407363172	952.568889717086	983.859252048167	993.337352417047	0
463.652	0	0	0	0	0	0	0	0	0	0	0	0	0	0	0	0	0	0	0	0	0	0	0	0	0	0	0	0	0	0	157.095484530263	20.8877338520101	6.27778714218909	20.8612701065584	47.4707650045731	41.5093506280901	51.6724576882421	63.0375105800096	67.2379782916381	87.7893652678334	117.689429482265	135.332840540491	160.782370805082	182.025931805	200.09916369786	226.31396617627	263.642579521849	286.293342853462	328.769266755694	356.512691483234	367.422660296376	393.914847443719	414.223685598402	423.188938132858	438.556393403993	435.48893728899	470.50809526844	476.098899232437	486.881217626184	491.866141232474	506.95811099795	509.745838358432	490.889290657838	511.977184419926	545.319476841547	617.910515974434	692.31834545039	783.403464835154	877.434890090836	915.10665442318	980.994140578592	1037.90531132809	0
466.964	0	0	0	0	0	0	0	0	0	0	0	0	0	0	0	0	0	0	0	0	0	0	0	0	0	0	0	0	0	381.073417188339	15.075094190055	16.5424789718532	10.9703313585752	21.5612338020962	24.8260572665846	42.2946141434463	58.4086753449145	68.770176438851	84.5967246461839	105.493463894578	106.064987192175	137.583484153987	158.571429937096	171.565617134939	200.948435245304	216.83750671487	246.355184871794	300.039234760404	311.281277510212	345.877150521154	359.994232018852	387.685972391672	392.071660098719	413.326942513272	430.381299651696	433.453570078161	447.114394081324	451.534398013563	486.381274167848	483.734461479577	476.449895479076	494.048178048736	495.696625865481	506.777077208053	570.674836454184	572.961115494505	662.480965693446	756.102351035116	815.9713784713	883.142953680799	931.717861141068	1069.6844593568	0
470.276	0	0	0	0	0	0	0	0	0	0	0	0	0	0	0	0	0	0	0	0	0	0	0	0	0	0	0	0	733.115898717153	28.2845825846232	3.02388466797208	10.5152083646971	18.5243268459297	32.2047737372112	35.5846057079852	53.8963087760581	51.6317937374808	71.7546560733476	75.2480747849103	94.6200025783893	111.002581806149	134.201475781266	149.118910096671	171.333371858905	196.290906132338	214.88369575386	235.749364898831	266.065918253919	296.786958284748	337.544583912907	355.899621043077	356.872130856078	394.006433437681	393.911208506138	412.633500965157	426.575953493992	439.330554809185	433.770334731143	437.749040059829	453.947830467583	470.345793882844	466.778903278161	465.485329910377	495.019507282683	545.123298697727	578.05446285895	670.705159059772	729.052881395587	795.244440858712	899.108187886459	837.714224968614	0	0
473.59	0	0	0	0	0	0	0	0	0	0	0	0	0	0	0	0	0	0	0	0	0	0	0	0	0	0	0	0	103.15846411321	16.1421782782129	8.84297461230818	29.1048520732836	39.6245649103825	35.1178295038698	55.6081066253413	54.6192107852228	70.8078339580207	74.2358503072049	110.016339698295	110.241859432914	147.82432673502	155.368174219998	166.776409437014	194.060537602531	200.128124367798	243.798780253831	258.996398457779	272.211162043818	319.804158882296	334.537332994488	350.351501165014	353.889840830529	371.553741268426	398.504431397387	405.763989415681	410.530151631942	422.449561837831	423.410838932153	450.96962415484	452.30080482094	454.823023159453	460.756695547494	477.158282678349	502.159487664357	563.306042629953	578.424484940066	651.247103756543	748.087966915175	814.587337469416	862.140709025425	1062.32811237262	0	0
476.904	0	0	0	0	0	0	0	0	0	0	0	0	0	0	0	0	0	0	0	0	0	0	0	0	0	0	0	274.325717469153	14.127271473334	11.6085743733888	10.4170314097745	23.6348787266546	30.6436960090556	30.1494070528668	39.1249212978283	57.9005425709831	63.002558458242	69.9745063300998	88.440563182523	100.178653761133	129.862202802077	128.142776248155	148.24819283955	179.054169793219	203.435696159069	214.897965828517	232.38509196459	263.328516455248	283.945411793581	311.5242660741	318.882771610454	347.396423268489	363.92477458155	372.399523296789	372.196391012293	385.740915024323	406.914751584163	388.219123646252	421.13867238396	415.761251429296	435.466024395137	446.856728437513	450.399036278016	473.883558839619	511.469077031147	529.91603275326	610.445635727388	699.098809298485	803.097204776605	764.221724533545	848.174110646582	0	0
480.22	0	0	0	0	0	0	0	0	0	0	0	0	0	0	0	0	0	0	0	0	0	0	0	0	0	0	576.051246929615	24.1968592788045	19.540002977637	22.3154419376893	32.0229560306394	30.0476603717657	35.1306217018459	51.9721540409496	58.5171572532585	67.9043783681815	93.1768396893324	106.310645371728	126.821557490889	138.755180614228	153.146588625161	155.115462717202	182.811450940331	187.424683830627	223.378917122724	222.74197886729	241.622546191694	281.82387321818	314.032829213424	323.766527092314	339.042047175352	347.052957452607	351.061701909804	374.077181752916	382.09192985068	378.570241457273	387.955991336874	411.427944652318	424.104605195127	424.414192294864	423.309326852193	438.230035127628	451.591519864208	462.689622928047	502.43058720164	581.635908771334	637.60550172431	725.04195711498	834.37170642657	877.832429348582	0	0	0
483.536	0	0	0	0	0	0	0	0	0	0	0	0	0	0	0	0	0	0	0	0	0	0	0	0	0	0	92.2516282773775	18.6610307231374	16.2405925696352	19.3481919271794	20.3788915227171	38.6138438641143	39.1168670334251	42.3940316775221	44.4161291984922	72.1582694448874	96.204040139907	93.2022301240769	99.3441648329941	108.971239500474	136.463286764147	160.996290329548	157.252128132129	182.319476179846	210.626842322596	216.968159825141	237.56704594907	265.639196044988	270.91944878916	309.821119994722	332.042891061034	324.142625623358	338.440138640608	348.912454117997	364.066830178873	386.341828328399	367.544571938764	378.221684626625	389.706372285297	401.667036142588	410.933835534699	434.602518425564	435.768966811852	463.447178897643	514.310127597185	523.862475278447	644.576314721601	721.206291980132	791.188559141492	787.993496081576	0	0	0
486.853	0	0	0	0	0	0	0	0	0	0	0	0	0	0	0	0	0	0	0	0	0	0	0	0	0	283.457190614662	15.7765485241699	11.18575216886	12.4913480629455	21.6505891928932	23.6072579433346	32.2392371592424	36.7479000700494	42.6624568973239	58.2060784115467	69.1245791999544	74.1089450702802	88.9344768325896	107.464019204783	133.105973208931	127.206192465357	163.718826048421	167.077414559239	175.650426241078	186.753865800408	210.897198516417	227.588275410906	249.907949415656	282.840328754615	300.638972755606	304.635816888166	315.921069261123	319.428473782393	331.954201919649	337.362567616127	333.979058843486	378.062177178835	361.412161820561	368.955382044045	372.996034396503	400.480013655818	390.146311823926	407.776723026788	457.331574799199	457.121176398339	530.203141656445	583.399773351308	646.490541656213	703.988561307569	779.805564396595	0	0	0
490.172	0	0	0	0	0	0	0	0	0	0	0	0	0	0	0	0	0	0	0	0	0	0	0	0	582.651075212912	16.8710460196514	15.4345565974762	12.8588381260322	15.803190929413	20.3782182597719	26.0247070651723	32.3627574586857	45.0967402944942	41.6328480435935	51.0579595541477	66.422655261783	80.317850260002	84.4841033039122	102.591365940584	126.584300718322	123.308963781702	137.14876781623	164.421622342107	174.062020241077	181.892763593588	205.840605657608	218.704939719432	239.95782831992	260.425025880447	298.669179133044	297.71274422333	294.389041986243	311.429138602044	326.14649837283	327.144519011346	350.340814767395	325.122437473824	353.442856268419	359.677632412039	368.28310499035	373.09278107953	406.706291145776	403.522643901664	437.70043709299	454.434285385992	506.409392992252	567.401498910774	628.949632130728	704.286271207639	0	0	0	0
493.491	0	0	0	0	0	0	0	0	0	0	0	0	0	0	0	0	0	0	0	0	0	0	0	0	81.9511523291165	6.86851376732056	6.96864078742117	12.0237385100586	15.2886146448957	26.3537644652611	16.9283181893821	28.7654657162606	29.7995461427762	43.6576516684584	49.2045123836914	79.1129381172676	79.8971168301039	79.2617744363334	110.323325730009	102.447570024034	112.122704914635	126.200640913114	137.159771290579	148.364058510234	179.397593349272	200.515677195505	212.616848395073	221.75136320969	257.404260346114	274.012513160314	279.879931824604	298.047399724534	297.365536343738	310.593147532056	313.142739853649	314.155604124581	322.751676870743	340.915004955685	333.959672908294	360.086862422255	360.207596308922	354.231539120951	389.47882296525	410.838433203458	452.599682596318	490.673871602338	529.898509117107	594.874400974518	661.187522192938	0	0	0	0
496.811	0	0	0	0	0	0	0	0	0	0	0	0	0	0	0	0	0	0	0	0	0	0	0	297.463993315761	13.114483706421	10.1949749144327	19.9399282823249	19.6635824857688	23.4209517446444	24.9950836967431	39.4339566736607	37.3989612578482	67.256191597308	55.021088638274	59.224487582192	72.863268837605	91.0832206640839	105.535257406257	122.775244459452	116.870893615688	154.618090810061	153.725263731345	182.479342431616	187.144673305679	201.571224885629	200.496322082064	223.51997543568	236.398723985481	261.446758475641	268.243251960405	277.332288409054	285.948721650421	304.123337219581	306.180877174874	323.231748816114	322.073168543841	324.586856727773	326.319815692848	346.693470347221	340.721172024577	367.060035974975	368.400333570623	394.05398269189	412.702401777335	440.741536299977	517.83687920696	555.660205089671	672.072105906443	710.392703990266	0	0	0	0
500.132	0	0	0	0	0	0	0	0	0	0	0	0	0	0	0	0	0	0	0	0	0	0	621.531436848379	22.3666838660327	15.3526162479749	14.6313904111345	10.2650689912018	17.0656163466406	24.5646780833241	30.0402534167708	21.345275350745	45.5527943495988	44.4347064046304	55.6287000312266	54.8073843496751	95.7902281874623	84.5949460114626	87.6703838664209	103.72378471591	122.182129048778	138.1654818187	157.70167887687	144.1750802972	171.539122980553	174.76420147874	190.241009268521	203.145714869041	226.965671589662	232.4855022356	249.882413123646	262.272573590804	273.134545413032	276.216944391743	285.739432035042	293.491875819801	308.889354016468	318.455001543922	311.827637921095	328.324354920059	334.244176810278	355.567629828708	360.414787739556	357.674766236777	398.526069921482	433.540589975262	464.255485157962	559.132945748366	592.969948330982	0	0	0	0	776.542629490585
503.454	0	0	0	0	0	0	0	0	0	0	0	0	0	0	0	0	0	0	0	0	0	0	90.3608262276117	5.32407826896565	14.1702937044343	8.10007197573494	19.2837587420016	12.0387885461769	24.1019453018439	26.0319765624921	41.9421547541382	30.6711693890006	45.9188701534622	52.5910808307238	73.6429497194507	65.5407774888711	85.0687481322575	88.6786566997706	105.676887303282	119.976979610213	133.201432853962	137.386561320301	151.965456483937	159.433810887905	163.987533044543	182.654104402625	203.190285752761	207.683041645132	223.310171644662	248.21922898581	249.34636556931	248.631940974976	266.07770180643	269.233308548403	276.799184289468	282.962358281008	287.210819369233	284.629642158973	294.785299676498	308.623591315441	316.876295620235	318.769247369153	342.486487943192	379.491467145753	378.682610262105	449.147368664147	504.56884367489	575.764578541045	0	0	0	0	622.718105319763
506.777	0	0	0	0	0	0	0	0	0	0	0	0	0	0	0	0	0	0	0	0	0	294.766595249398	1.74267481200092	3.14238252152714	5.55337325976268	6.69087168123558	13.9998574648219	21.057073124807	23.6111968341198	30.5834448157343	37.7456444759045	34.7071572307158	48.7036512991757	65.5517328333793	69.1644533954461	84.6404749524627	92.9740837323129	88.3240122810724	106.795205125614	105.982587088202	117.088159933225	120.167421187989	124.549071899605	151.527327939433	167.504124228724	171.542504087531	181.91547350842	203.430552733224	214.868972646206	237.518528561318	241.556145429179	229.201364526463	242.307595319737	264.467992350102	259.021406586245	276.765205976975	266.924841856179	293.971844169599	278.648057239347	294.596711902485	298.422329928099	309.912002117352	348.403836748353	353.877235240015	398.716325779011	413.146853237268	467.607820702447	546.340853954458	0	0	0	0	725.213315189976
510.101	0	0	0	0	0	0	0	0	0	0	0	0	0	0	0	0	0	0	0	0	630.24937818529	10.5828502815863	10.1177931864773	7.78829570107439	5.24888875369152	13.0299913614739	14.0547362055731	17.5374785092582	17.7094749203161	27.448357707903	36.8884664199262	35.8040721761459	56.6470105724137	54.16445703112	63.0048439845561	73.6822673970511	78.472888074941	80.47140844707	93.2685889199855	114.660688547579	120.047137775304	119.19440390289	136.371086189724	149.241417268826	153.036348731205	177.323428724159	186.568251819779	195.662585928923	206.369738488496	216.338500411798	232.973303025363	239.630268617467	241.221049635605	238.103896792327	244.533677554668	246.197444885218	269.692761068871	271.105507238374	265.908559427913	286.38866016151	301.103714647536	281.725222469827	312.679630679017	326.152312050936	349.334042390487	385.060806435831	466.537214705363	0	0	0	0	685.744357275878	583.432997143315
513.425	0	0	0	0	0	0	0	0	0	0	0	0	0	0	0	0	0	0	0	0	96.6297047301986	-0.668565893960109	9.24736795757504	1.81289488786837	10.2622282714997	6.19129590151078	21.7795286009368	22.2446011325148	19.9082190511324	22.7852455460823	28.3941046781576	37.52473379539	45.0689147041732	36.5718009984718	68.6938508304	64.8006894295841	74.8948876965156	82.4869294514327	91.9994735039135	102.132790555728	121.839463457064	137.838020095853	124.823296408687	148.018295113786	156.093981826304	159.772186415591	182.457807015543	176.025767851233	192.150806961882	201.68127960494	199.820371797398	211.940040900227	225.828164000185	220.229198835643	233.470583435655	239.159882633909	236.222070190701	238.390481510681	259.812009013922	260.786273904449	277.117129958937	279.181275725133	297.397903156575	322.555947929844	357.008684915279	390.395253707647	436.185045827938	0	0	0	0	555.258414312673	569.82396184271
516.751	0	0	0	0	0	0	0	0	0	0	0	0	0	0	0	0	0	0	0	286.838208225269	10.0408173562433	5.69641944063215	5.5645272188457	11.8428428351867	19.083583715977	8.44072318453124	12.0247225771494	9.83009794423917	26.3655544319383	39.3567770065436	41.4604055939342	42.2322455379623	49.665560611762	61.5821513403803	68.7295738125583	78.7058383415655	67.6858536172171	98.4459448241995	108.323947576824	113.442929421151	113.779537338323	114.857389249283	123.85834532799	143.594299959486	143.197996879488	159.856306057277	166.870157871061	174.686345799631	198.643031465743	197.586267792793	216.389841417966	220.60989980937	220.556769825612	237.011426407492	233.513970561554	247.471869130791	238.110823514478	247.861144499405	243.919511894963	277.055098925996	280.048423344609	262.225250537444	281.651975079556	300.298960887033	342.459056390716	367.624615172585	432.142936128953	0	0	0	0	565.076094349962	584.25920298795
520.077	0	0	0	0	0	0	0	0	0	0	0	0	0	0	0	0	0	0	639.647168380302	12.3481449952215	0.364421040151878	11.2470564738967	19.0569664576637	11.7675020375096	19.3924463671819	9.01594121669702	24.4682365656748	30.9637030969685	33.2470192441667	35.9512484070835	51.1066158408301	47.963666700028	55.0971159128047	61.6835314979499	66.9292198998063	74.3624809444956	90.6557007575528	97.3723123134545	101.235478279064	103.739060969834	131.969758315799	125.222189884294	140.087061409804	142.663946331383	155.732065770649	144.897359650886	160.4226926537	176.065921088308	196.943032625995	187.334947896877	202.631561865552	210.550611568175	222.47576267687	224.520848521515	230.840160668023	225.41747402558	231.457487547829	242.521898307035	258.851417149331	262.666978405577	269.114583553687	272.900926500246	298.238659736378	296.61862087283	326.187681829583	395.161906964447	0	0	0	0	635.571982598106	535.348699527249	692.620841233523
523.403	0	0	0	0	0	0	0	0	0	0	0	0	0	0	0	0	0	0	102.779660750118	-7.39755974279898	4.40479581578145	-3.78186880546789	10.1959065031439	8.34909474657206	14.1025918990424	9.74475088669571	15.3949622092056	22.9008567668545	22.7601972276782	33.3125460609101	36.4061032881828	39.4273283920489	54.0263395361761	61.2377299699116	58.302637391164	68.9648674116341	77.3560990590081	87.9451048669989	92.7751664467686	96.0606541387206	97.7828260757985	118.63865701302	124.792918774085	125.472772575229	133.788698106948	151.558998493084	152.400630087964	179.091995456183	170.256730868254	182.106219500039	189.572633757291	200.601959703228	186.92301128906	205.405827080185	207.525630130118	218.838687175504	227.890198402047	221.982822617702	216.140694054225	244.894372721126	246.163903834022	256.114107203679	267.339984902525	302.616731221976	312.835100634888	370.900437743322	0	0	0	0	535.771717496017	521.079883502311	519.71509057162
526.731	0	0	0	0	0	0	0	0	0	0	0	0	0	0	0	0	0	224.318253043875	-4.03390044429728	4.2319964011584	13.4293064621016	-4.07824004372328	22.2438273961641	11.4555829254722	10.0263958628376	26.7311842382904	22.340363458038	25.5400356386587	24.5952306710027	30.8327103222736	39.2097187714406	41.0106520922163	47.9150245096602	53.1842029213823	80.3897492320418	55.8486766029856	77.0952892703468	78.9954499623479	87.188384676138	102.987691826928	106.830633562437	113.073960919875	112.548379823839	124.708869959906	134.760851905728	129.784209934291	127.669637473681	154.63142460005	159.461594607195	167.549149164447	182.186858793871	177.217198563401	195.288326595628	184.176057234466	189.907205612709	193.094078933111	211.830968892054	203.827885091371	217.722350042497	225.429839998045	227.326741994694	241.845123066553	259.789509613346	262.057493444615	289.303770287527	339.196614410489	0	0	0	0	455.152357526205	417.340700378953	408.308944552181
530.059	0	0	0	0	0	0	0	0	0	0	0	0	0	0	0	0	-251.26981201471	16.1174680268738	-12.6834025093947	-7.56848936330733	2.4990506630183	4.0060174036712	-2.04577537384442	8.11984833860492	4.81790162381919	4.30465941721599	5.76795812603006	21.4884745473957	26.2491611395458	28.8212426860309	32.0213071570275	37.38070223344	36.31313383173	53.4825835754918	48.4062258323845	66.4934331652584	54.9917227090174	79.7362382660573	73.2777108344001	74.6082488153817	73.7323630757409	104.614386099528	96.7695720621646	112.526899751652	101.615545036209	120.791224155715	124.186180768631	139.5195132258	148.391221237793	155.29459099606	154.152394005814	163.659305901056	165.151238408544	170.253126019986	182.150121219238	184.784245259314	181.186827945287	186.639069940159	198.511957579394	190.468690708837	201.105930055951	215.872945674716	228.639923538864	252.682382341683	257.202376486833	0	0	0	0	518.79594722173	410.090640123672	494.152057022859	418.94222206296
533.388	0	0	0	0	0	0	0	0	0	0	0	0	0	0	0	0	-5.80042960472295	11.4674924599344	5.49403533632369	12.7475609904412	2.12277933977596	15.8862051482908	15.3210690181478	7.5284886311337	14.3047601192827	21.5712367865577	24.5508534910754	23.798172940602	31.8139078086237	32.8570887924874	42.236644391087	41.9588608147427	46.7270774208371	63.6820582566454	65.2964365831114	72.200523760305	77.8512121970076	69.5350021945003	102.737583342735	106.839155191638	105.200058606181	98.5146053961144	110.349374512815	110.575634858564	135.874987086137	120.2759182688	131.654888183041	130.233883603395	155.728132923752	154.457519866403	164.375814630917	173.811791542385	171.778626093683	177.68190573645	169.950719055754	181.419695335568	175.972356710929	193.083386830977	203.198769009118	211.088842628075	207.670279514327	213.930554243761	243.151508975652	238.496763907533	293.417376553596	0	0	0	0	445.325110727328	413.887482168117	441.994425546605	521.557996996196
536.717	0	0	0	0	0	0	0	0	0	0	0	0	0	0	0	42.7331175871622	15.9129311647424	23.8346230283859	5.12253474592347	0.00219912334014026	24.8240336989959	13.9332845360056	13.9046873685726	23.430720730818	15.2906527687699	15.8393153130082	15.0910623381249	33.4295202000296	33.930158248005	28.2543876135616	34.2633601833638	48.4220586985994	45.4403603931731	49.677486418518	54.0683759706322	62.0225380783774	71.1250216133734	83.8318920268097	91.5270472847126	75.8091097587634	91.289588924047	122.57286337815	95.5010013710198	119.014270870478	116.6289826066	118.561405263545	116.677868793626	134.976367606675	147.40013988683	151.761857358207	151.225222458344	163.353040937619	157.216652960377	174.386574135438	170.060393064191	169.021979167005	168.577589935216	184.774786455192	202.383162432126	185.55611024321	179.500492034601	221.445823847791	229.944947830461	242.715544452581	281.051427683308	0	0	0	0	414.718942052551	454.008327465257	337.298165708941	443.67359924893
540.048	0	0	0	0	0	0	0	0	0	0	0	0	0	0	461.493168914059	2.22538933520579	0.845114744690579	0.412047806419737	8.37107420705436	25.1866803850454	27.3701918972987	12.4594727939344	19.7099093418256	16.3845586088083	16.2680749978597	26.0862906184754	14.8867575194849	23.7440422581935	29.9860552159065	34.3946013576889	42.5233754267027	43.4490738260714	45.2901489913712	66.5733539368497	65.5921857146874	65.0342132188022	66.449510622906	71.0797553024083	58.1170812849903	87.6888345640078	97.0166221789784	113.951281294964	101.209001525389	109.672673362006	118.106201955936	110.298653435175	124.980445422444	126.919430824959	126.064831667873	141.695122412175	146.983835143965	151.914658720642	153.535251651909	152.959985063641	152.296011354281	168.483306865586	183.685243222548	181.920857405303	163.3989542906	198.268049266644	210.305901130322	205.698913329006	218.71834385852	231.551294100498	0	0	0	0	541.036989584054	431.383237555298	445.949665742067	350.23208169292	391.159459596008
543.378	0	0	0	0	0	0	0	0	0	0	0	0	0	0	74.6638527223127	-6.97470531837282	13.3644923608138	11.0604222998081	8.99840820330204	0.781174189912216	7.34239662319781	-8.59131378127393	11.9945596630653	11.0501078032468	11.1242448147303	18.6157062516296	25.479304659672	21.6082810410496	25.3641143193991	26.5382606511716	37.3216499666924	43.9970037093135	26.8803500777149	45.1529560011538	53.0264281394017	48.4570356196666	64.926192003791	72.4558394652775	81.5949337249654	81.293805376555	73.6251691199667	85.4237066012728	107.87282598532	98.1069904676293	106.062596743268	106.841485833638	114.165396579569	119.028380768334	134.024173676759	136.095117985666	136.104220828566	145.806669794287	146.172180222521	138.14021135065	155.515918599471	156.125323277325	148.429362795803	158.263934034388	178.337934974062	172.050288931523	174.61108949056	205.055469478113	200.324334351685	216.047704567264	0	0	0	0	358.689628492817	323.827820126451	353.934291557184	375.218180513044	494.903150679104
546.71	0	0	0	0	0	0	0	0	0	0	0	0	0	245.043393886689	1.4847986893981	6.59832923347024	-6.32946161962683	-0.868747502369698	-2.05771784814284	12.6118318624405	22.688593636435	12.5198896533374	9.1126997143732	11.1873994741487	17.7979249588724	15.940303040494	23.5065928027126	25.0194771778847	23.8829193728515	36.5041515251788	32.1701435917694	37.3680060845953	43.8251788587	41.187458247245	42.6741844487634	62.6504441432444	70.8257614160431	67.3703640261768	78.3464092931602	84.1463282387086	83.4967366761977	73.1351465827767	88.3453078488372	111.616894610772	99.2334882116035	99.0049887697694	94.7046286858249	118.264407955914	115.209468892235	133.224968882113	145.559569640674	144.679273178789	141.501396251008	136.637988218379	142.758676600196	149.835418582439	156.04543701149	165.91754526692	160.953505584191	169.75515678843	172.882778302184	199.200496426825	210.178175065002	239.140501924785	0	0	0	0	364.713824428144	287.518181048367	319.4676675284	364.333747148148	310.219089213657
550.042	0	0	0	0	0	0	0	0	0	0	0	0	522.248429773743	1.07910511804376	-20.321662855734	0.00763816625950723	-6.34053358060396	3.4488787171266	-19.4636068807883	1.58064199766115	-10.442229459312	-4.19066052275734	14.3147735268793	11.7704480993711	18.3431646870684	19.3569654519557	14.8101244190552	25.2497382212921	26.0908077950924	28.5341907537304	26.1387262801507	32.5645633045768	30.5741623858712	44.3355782382034	46.6765346900289	54.6576727422987	50.1856474425694	55.7181316175607	59.1748807746644	73.2875588547853	71.8142920753703	78.4176043052521	78.0990295264529	75.1649879778376	93.782012579134	97.7718779848509	97.5826267232883	105.435924332605	121.705979256321	117.789887362089	118.918478711575	131.697712271482	138.003291620031	138.103368410076	131.994584331545	128.387828703443	143.842549189304	133.470181129927	150.151728578897	158.933185397705	145.414494228726	171.662085911804	166.888188027405	0	0	0	0	363.602634567628	265.427608874754	297.316099025218	414.636728047087	209.144517090081	245.941087587178
553.374	0	0	0	0	0	0	0	0	0	0	0	0	95.3868341979054	7.250805771639	4.44076862994134	-3.77556208961114	-9.91940486807603	4.29518142076857	12.7477705700186	12.9763150906342	15.2180793828814	13.883464528555	7.26322017713463	10.0702722730152	15.263495750397	22.627550994231	15.3508140837271	24.1382604504286	26.9523666867532	31.3367285926059	20.1549333849674	42.6856333806162	38.7018554817011	34.450416415888	41.0885133731736	61.6239024544593	56.5486214678832	50.0304005771838	53.5714538020543	55.5073800853465	81.4734517727168	71.5431528933888	72.3387167713501	93.9214807589024	84.1966479018661	97.0156510373234	99.1560954973193	110.752865261553	113.214420734873	113.455887921449	107.038311579496	119.439896993023	123.082224276078	134.136030630591	129.665150915642	136.418777558054	129.664452304356	151.831341194709	144.699634207813	165.223789418432	162.644530155001	165.806092277994	188.557728998677	0	0	0	0	290.933423485625	282.436123972885	238.903498625961	342.285249470005	276.656526550388	197.958151919124
556.707	0	0	0	0	0	0	0	0	0	0	0	377.666339395988	10.7656519362207	4.13751918375403	19.1050007297974	0.927270920561065	-1.79594092097708	12.3806880661671	-0.858350561621443	6.24870439105424	2.57968248556749	4.81886383083804	12.6460722275491	12.7131573551845	11.4298478898787	19.8000468044674	20.6096748638932	20.3741610399798	31.494464605338	19.2534696134561	29.569641234998	34.4653951791705	33.1496942706951	45.9258373982024	55.3079147337143	52.2344712352686	48.6656295676779	64.3611745630006	56.8380259550693	62.1827561169558	68.7651589233928	67.0975551639302	81.8552193830794	82.1339901622326	91.1253970901116	87.7614786778513	91.8104480003667	92.0773044508233	104.261521281706	101.963450053759	109.935168812499	116.395485780323	112.389704460797	124.130955190999	118.585734367721	128.352777280104	138.727762510928	133.546582577209	135.2826189723	140.458250919499	162.967631301118	154.611738588586	140.951193960114	0	0	0	0	270.835896724268	284.062720593485	326.633638916171	345.664945186682	298.22453683857	285.933601505659
560.041	0	0	0	0	0	0	0	0	0	0	1494.76377950328	16.8810557171664	-17.7483348528278	16.9402339275241	-3.42399693466663	-1.3946677269572	15.1768856433102	1.27128019280636	4.91143691521943	-11.3163441806308	2.57626800709373	8.94848166603589	12.6253118345118	5.66725738167245	8.18399890080028	13.7745509664676	20.5768841833234	19.2026835268577	18.0878004550537	28.1596609413854	23.7141889032138	30.8579885063972	41.0355217645954	20.6651327360533	30.4089563142951	36.9657001352262	47.9669354075957	66.0644339384844	54.1009878883794	55.7473710674352	69.7744598681318	63.4220194503723	71.7539922154797	78.7547986360481	84.7608438102286	80.8553123428554	82.1778518148158	91.6637696914848	92.7765972430539	98.3688907389945	111.187337196059	98.3761255272399	104.341290758957	111.895816916693	111.938074862772	109.278323684942	117.057492574682	136.604010646343	123.323421107252	122.607869076443	129.023386862723	153.634224098589	0	0	0	0	288.400322196419	266.423331417235	206.43242803726	244.278858338422	221.165097282576	227.288420234771	317.691779099975
563.375	0	0	0	0	0	0	0	0	0	0	297.475280050847	16.3931721204224	33.9856399996086	19.0284931237799	22.5773880131639	16.8487923771403	3.57394687339387	2.98862387374659	41.7864520277261	31.3093164794703	19.9414466667642	30.749852804257	12.9708704894508	24.3988755997342	24.6258959048853	25.635131383467	27.6761699672361	26.2987339835268	24.3668687699227	36.6315414446269	37.5676363128245	46.8110360547113	36.4706884866518	63.4740336941199	55.1240306000777	68.4717012153359	80.6216359259233	69.8930887757916	60.5778571540188	69.0299251902074	77.0083609166218	76.5783715828652	79.0316423046482	78.6866006946418	81.5882747548833	90.0036159323879	92.2712848723054	93.7031877345943	88.7061588530038	110.855988980621	107.329742216628	109.726608418895	103.578948261675	111.710579522687	115.98935330321	116.151848800711	129.003216245326	136.747872945212	127.791847505044	143.883021293479	146.928829917833	157.600210559736	0	0	0	0	315.394749791676	259.282269211968	297.831713969198	301.834746007223	315.186429689176	306.647313462958	318.740616847727
566.709	0	0	0	0	0	0	0	0	0	215.93996166231	-4.19908667658907	-9.75134006679753	-27.9596497308222	-31.3744123303111	-4.4863283045213	-8.10779413098383	-16.3878506768758	4.77301669112012	-3.78717474305318	-11.1407225900312	-4.87738750723	-9.83690885847492	3.05930094907166	-8.54778322891513	2.78880406010552	16.2999306694483	23.0393890784811	20.9041476240668	9.46455928835699	20.3893917434882	26.7739031702753	16.3908226754401	33.1434676956462	35.1258326276981	38.524014508846	35.8563391280157	43.8181640447385	36.543159994912	42.3857105761775	53.9461868288748	53.1517512101569	61.3564117223503	56.4237777393687	66.9523883396702	62.7788374656266	65.2724470051267	70.2499738385476	66.4019558966485	89.232195829324	89.0932986258755	77.8509150599377	87.1131685823052	98.022240755075	99.244843548826	110.366730298655	88.8310023477754	104.084785060952	99.5384098528098	99.316220984328	107.644300383677	110.446162248109	128.748769122705	0	0	0	0	195.448958289761	207.978774397591	230.075022494055	203.511184061745	257.018810092983	210.384285397055	116.409560399603
570.044	0	0	0	0	0	0	0	0	470.965472516343	2.49109968724572	7.90779295184196	23.9129995925622	-4.4551290354042	-12.7582475046215	-3.54581479651684	6.27961272956326	1.84679771881356	-8.83841138778711	-5.4943509580381	25.0413512059611	9.90899722281298	21.391544639026	-7.79027420119145	7.54636988736556	3.59776714625561	14.2590971253008	18.9288585620795	21.0762370325225	21.6064206239004	17.8974043632029	26.0040726096055	19.0095468782097	17.5769302517985	29.7991740259775	30.8858810160247	44.7475639987538	45.4785959890655	49.5254006364892	51.5872325995442	41.2836655578718	33.4597859409773	51.9410391039278	54.5944502326287	47.7134037586975	70.9239184910189	70.888765101902	65.0900567778812	84.4676919470439	79.5036855198388	83.6374040233233	95.3613215216444	66.3042192144154	87.1597289409438	88.0289093176145	94.3057500946809	105.202901918617	110.248248827758	100.799652658159	100.91196809446	106.868438699163	122.354000677822	0	0	0	0	213.592637726382	208.059207637508	184.255189702376	183.712709283811	163.559919366596	277.088890623191	202.886061947445	247.641159493248
573.38	0	0	0	0	0	0	0	0	48.8197649313401	16.514467414765	-8.56379691794119	7.05464008339179	-6.72179892755657	21.3862663075794	27.0115950609061	11.676902104394	16.7406108104901	18.6586652501195	0.409914208931699	10.9738632936175	-6.51898774323488	11.4780434721572	15.0397815916973	16.3254765492132	21.4461525565461	18.7419312640214	13.9084623966503	22.7391901229078	18.680945327486	25.6958857395387	27.863783534668	18.6027836571926	26.2582285121577	35.6026093988406	49.5502755281569	30.4323391898406	41.5401870734883	47.9639567637034	52.2420098204855	58.8147900380609	57.7733585257634	44.0493785100097	72.6797542416409	60.9411988948263	76.2528998306694	73.1694269642508	61.2822961242733	84.9882283940128	92.1174404169441	73.6324621390983	86.0013989459642	97.9051227997602	85.4237572554972	94.8574953405412	92.5369040512927	96.3114921723537	97.9537202828872	99.3963137827829	112.039232984329	108.977980107796	118.577386635287	0	0	0	0	204.359133550474	170.250404223662	200.061092093235	193.61830498807	257.571733350643	163.676054259822	209.576558050531	267.770820385295
576.716	0	0	0	0	0	0	0	199.81395486332	16.4842603594643	12.0868240034841	17.705160505282	19.3462164849478	23.4832479259597	18.1347402069342	11.1942247218561	16.5023334276427	19.9590245437518	18.6195583920516	18.6878161183843	17.0324985312875	18.7577561578862	22.9168370555538	13.4439160195285	20.7878017764581	17.0347073074882	20.0945420159395	23.9752083033668	24.3960115959981	24.9259937407628	18.78476467263	29.0226271690747	31.2910838502866	44.8149556912316	32.1021983605289	43.9231831148008	57.0299340188197	51.5086758220276	47.8783675853089	51.1200504278804	48.8068468022464	74.8626587841875	70.4358788937751	64.5598639597082	80.889599184768	68.3214777296086	60.1567105219753	72.5746305554243	78.2482324896703	91.3557403710944	91.5181797824163	90.8191983461176	80.025248228012	80.1827177155488	100.396745978235	82.4074497937618	103.509464914528	99.4062245367982	122.17393831536	109.758260804329	112.758931895929	127.812381988009	0	0	0	0	205.456324366593	193.393642901579	232.153958221266	203.398747367156	246.305217066442	250.094234760734	252.705119088631	293.310097605206
580.052	0	0	0	0	0	0	410.385316836059	10.1546235258679	-21.6285027054557	-5.72559530520164	-8.49880842144382	0.57791787417212	-8.33694694467527	-14.3006850453776	1.51823698338737	-19.2981282161711	-6.00620648721588	-6.17257158525725	9.66725955577583	-0.813794896181961	-1.64292609010557E-4	10.3152012972044	0.301752325263941	9.76379344816634	8.48055385050491	15.1425137399975	11.0531995697595	12.1138092709379	16.5063779771484	22.0750273669762	24.5038167606359	32.9445741913218	29.0718487083609	27.2476136821501	43.337221329884	36.9638545111159	27.0456678250128	27.164403258894	32.7432068210046	58.7002314498619	47.0550226730754	39.9885191300056	46.1968158933673	44.2377308813596	47.4882955722043	71.6590636981586	58.7002548403523	59.2750842599749	64.6137088433191	70.34790225865	77.7570138659717	63.6072003039396	74.3208982858164	73.4121006032618	72.8497405209607	76.6221827760245	96.833602388965	77.7822062833861	88.8949152116966	102.355964224192	0	0	0	0	191.77707353205	131.598393097347	173.159791648356	150.629161688046	203.362561117376	201.649953361731	120.335613478531	121.498648410006	132.767837770844
583.389	0	0	0	0	0	0	29.2085545707443	-17.4926063088151	-42.8946623816058	-46.3006244267491	-6.02145072463291	-31.1904965276277	-26.445526416377	-17.3393456178112	-29.0699353079281	-1.44280427637432	1.35804791617939	-1.75235296843481	-30.1342778352591	-8.39889373001016	-7.16551430078326	-7.41337938504534	-11.7144218105467	-3.05564286685743	-0.734533283327733	5.22477604395561	20.0355417166377	10.5100422523001	12.1913483001107	12.3374785246493	20.2519677453025	3.41865018322129	9.58483505106576	15.3403129659876	10.5782026702457	12.2305132633292	26.1772937051139	25.7150917513227	33.4674196585668	24.222201026569	32.3578259161623	37.8142742463848	22.5334990407863	40.5183855487074	48.058019966185	36.2857597928347	50.2363363931799	50.799937774216	47.9757451039181	48.7619279090453	55.2419000201404	48.9989057190849	58.3468323497168	57.3327393274582	64.1400003767307	72.9382011415834	57.098699883971	60.1607902636764	69.8816576200409	61.3540614309854	0	0	0	0	120.792152238508	119.302871593038	109.312898768029	121.528676737926	138.608117090126	108.425143707339	119.264914252585	58.9275837138289	117.020986332038
586.726	0	0	0	0	0	329.327538028947	-10.3642875114474	-24.7096770316029	-0.643779333611159	-5.04195290072752	-15.5425636913527	10.3049335488415	-16.9618720981294	-31.3025303793997	-32.8485273309123	-8.55977603504343	8.61546648719977	-8.25688242603195	4.53738263089454	-1.19741702871346	-1.49808352462722	6.64910205366753	7.9454207090365	1.6376716867359	-0.98588445389838	4.51405184833702	5.21385994332741	11.1030529227957	14.42854945738	14.8205347103551	15.8436449927065	21.7999877283341	26.2331392363694	25.91228290063	18.6227696144712	19.1181210664556	33.597704646816	29.4948143751072	35.5966254434411	29.4380794498563	19.4243322223862	39.3668059655434	40.7173310179772	30.9262521455133	34.9775804972012	25.224035437167	41.9661460634824	51.0324460321754	48.8238268807836	63.3971870218856	71.9935009933134	57.6021063489877	61.5427047677882	54.7017712672097	70.8700784480236	62.8197598207727	76.9741642418742	67.3372511729461	68.3682454862404	77.1390229140536	0	0	0	0	105.617362750547	118.482599239862	122.965081210369	129.888362239169	121.697223881306	113.727683174404	47.4996695619727	156.849518643049	94.4027645411154
590.063	0	0	0	0	880.578854150213	50.9424308247452	26.3561703313469	6.72005162974123	0.00697672427570111	12.5276649561609	7.20977015100063	16.1309509225492	13.7333951788526	8.38313125292964	24.9824570592476	15.2616404877351	19.6155767118267	3.05682835453231	2.49112548496196	3.58529445453613	7.89527181969049	8.44351916076771	16.8918085993426	19.0333913082337	16.7203644878571	19.745674250412	23.994867496223	14.4765839260134	16.1534142595325	19.4401414634889	24.9436724273804	20.5730261689162	26.0572354429059	24.8086612099507	20.8192143995237	30.4403069655114	42.3104448872263	32.9826534506147	43.4611077631769	46.1310895285822	35.260827634555	46.4938122637384	51.1713743381037	52.7379185815292	58.7933128189878	68.4206767604143	51.8324607213167	58.0038307514826	65.0637292048553	59.2321526341227	50.7620631583589	63.9934640483755	68.7201178747137	66.3843559567492	65.9551835105716	73.9035836983099	74.0948871840185	66.2821227108173	79.3061333219012	0	0	0	0	175.44864558402	114.106889398649	132.909704618961	153.312605651473	141.733119073595	177.471829522692	171.861813126162	219.823585289844	98.7367269896656	164.071198798762
593.4	0	0	0	0	242.602463183527	-10.1620403216885	12.6198784304892	0.670858663007824	17.0294555116377	23.2726966597486	26.679128874277	-4.68071630043049	13.3155393693789	-8.99481371981403	-0.50362086793222	11.5537027202196	4.13279678338901	-0.451279638539473	-0.474878100936018	20.5416943768082	15.9645111869823	15.2815165655665	0.292132638964843	15.3274182901094	8.97550703257629	14.2237533250434	5.07985795094358	14.63257800736	15.8238738110205	19.45456910207	11.0369593021295	30.2872615230705	28.125875451316	27.8484233488568	24.7022001916703	40.3237278546709	32.1753506384121	26.5430282462141	34.4189652207522	42.6324129720257	46.2677789096934	50.6958845179402	31.318975810463	43.8732468672887	42.3068572296342	47.2373811338392	56.8770416343712	63.7048901397307	56.1661228084142	58.68519482832	45.5286886730618	67.8235532152889	45.0287447304237	68.8247611739926	61.7352597025308	64.0655676066434	67.5177576903812	73.7190915270714	86.066843367728	0	0	0	0	129.097157862222	107.775522207755	111.8090435097	122.226133900886	132.869502188338	159.622384080668	167.674254894366	182.263287761289	175.383232850355	206.432878329455
596.738	0	0	0	468.647433998669	57.9290609222299	50.2072570772889	44.964329082199	67.5827921468388	16.6631379167311	57.1153359819969	39.5072157074964	48.5643270829839	50.8614877883873	42.0800010215227	44.2219580740536	21.5860142788519	38.4801618368913	34.0645381503985	35.203817245394	30.7555182117993	18.9577695765841	35.8270470689366	32.2294145956114	26.4030713945187	29.4507630249777	28.7306287885671	26.2052863657458	25.5116682816009	26.7352187656252	29.191670501906	39.115406189269	35.637700950818	49.3028026058232	45.3862454949085	48.4437963555811	32.8946703611788	40.5964844432781	59.0933229744561	72.1026367444333	61.195376633472	58.2917555999846	69.3204991417684	64.2177898508781	62.5148945559662	62.7921073687499	62.9663593693507	69.9975463344653	64.5388047566002	69.0964565245643	54.2750852893657	73.1924224110913	75.0980163249808	83.6019856861512	74.6577875057028	78.2408920952082	85.981109929321	88.3582306690141	80.4983005303812	89.0448020598889	0	0	0	0	123.875980895978	150.651461650306	145.36588563076	197.205785952386	254.74367355289	220.66430355798	278.630854903364	226.266207470749	302.045870830498	495.315792850286
600.076	0	0	310.497730695938	26.7038152891563	-8.51075649959401	11.2398407359082	-23.1795253554726	-28.7049318746338	-2.70614830876771	3.8944258283725	-10.0297856119271	-3.60109117940106	-25.8104199703538	0.00313059052956024	1.56570949366907	5.97136501878283	15.7116338562193	-5.91755358776146	14.7914612047957	7.48638748797367	11.3864631548386	-2.58005284466166	21.8043920512113	5.7628727788688	-1.84313207757113	1.41771825802934	8.34075837309888	14.0761873736418	12.6950212077435	19.8886393694818	20.8395166749368	17.6841808648623	15.9322725563196	21.0970405314923	22.0528039332538	11.1368477016037	25.9190255229223	40.1896326703575	19.0137190779969	12.7976813118793	35.2588677398699	41.2813473951166	42.3720527200138	28.238236011801	33.3636798312776	32.4258527193806	32.6152326558279	39.0528063763537	39.0905494472306	46.1586168067715	41.9353320596655	46.3182652654523	37.7891391605419	54.4203872149607	65.8723164056995	67.1069204037897	59.1165447148734	53.9910903144918	0	0	0	0	149.712355745249	90.5948621921789	87.2728425165476	140.265847600642	126.291460704783	140.508147552517	85.0639247101619	115.994756362446	122.055873185484	108.690472058993	72.3463969935996
603.415	0	0	25.9908861992754	14.6781838801871	-10.9205088980724	18.8762134550534	21.1765306141552	-2.12540640021048	17.0277373460035	13.1452495913704	15.1582391543919	9.07562799884972	12.7197117522798	0.593216354023945	4.73557039089389	-4.53285163830925	10.0699122555412	13.2933200836383	28.5225073994281	17.1979547787712	14.6462102961879	15.5430809858446	22.3058105579499	24.110582693824	19.2086771244564	12.6631324128162	19.9295234696751	16.6414660185856	17.8821567448201	24.6459874169084	23.5097795374494	30.4401543629795	33.7387032329742	39.3284652058388	29.2197804526793	40.0665934152266	36.1820838277936	22.820203583031	29.453275082867	28.8393546907769	29.6200512396362	33.9070236087334	42.7126302358615	39.0124570054673	30.9057238769429	39.6717875767206	43.7290219282089	44.3314884832967	54.1128714933701	49.9484040111516	61.6012107725685	56.4474790494782	80.5640843634457	53.1004216225406	64.5944693733856	60.6639829876876	69.308636731122	63.8605612664971	0	0	0	0	76.3723900256006	86.2081110300097	106.184046406939	91.5464662421104	120.147981910252	144.889413817288	142.814469054502	158.587475244979	208.576212966431	219.148304004981	214.974493687111
606.753	0	143.405408465868	-26.96257570355	-54.7614967181504	-20.3263949998088	-23.4773971083628	-30.7454724637497	-18.3876186626921	-47.1812845558599	-48.0206863143153	-26.5950233222763	-20.0179477089476	-20.8709950819797	-7.21784024057685	-4.22080201564091	-12.5709380495015	-11.0621277246117	-13.7885697803677	-25.1060064897349	-7.5681712945899	5.15909982183425	-19.3204156869519	-2.59687836180982	-16.3165836436168	-5.34715984822166	-3.59628502892671	7.54782411970858	7.02670545374496	2.10734309232931	9.00420760643441	6.26224206270577	4.51040892356491E-4	-9.83169845078111	8.08543669168306	15.2861085819677	6.10977654301494	17.7965903058689	9.98683535453865	12.8092815823575	5.32630074350327	4.75135529383384	16.2259345521804	22.3045666077987	33.4723732019775	20.8964271805504	17.8197919787455	18.3473231813266	24.242401970002	36.6895973282337	34.8348026204802	12.4198317047902	31.9995338104809	28.2030694198026	28.389603970687	34.050750937514	35.6735940569575	36.253296553265	34.2781357441955	0	0	0	0	57.9911797823081	63.2763334363134	42.569773738605	56.536870224382	71.9013999039305	37.9092654795631	50.8004184627772	99.5581842355727	104.567421335078	-28.1386121919737	-0.00266391791445629
610.092	335.433063614304	44.5938565336825	-14.820340125798	5.72947813157545	-14.1108258426502	-15.1868516954463	18.3558603521338	-0.706475570003236	20.5960657624434	25.7744210727688	3.18361106473742	0.61197863419634	11.6337101323174	21.6206244173975	-10.5799927482304	-3.52414428177303	-19.305358922456	5.07978744237734	3.5682797882264	2.9537574798671	5.57177604398813	23.4518165482546	7.48163857940806	3.21211619892095	4.29072352585164	10.5735427373105	7.11653986482496	15.5014966750347	17.630611854293	10.7100749609858	14.3371319910617	25.3611074799684	21.2416435252201	22.6952001481911	19.1637315945333	30.6115284897721	15.1558494074219	27.8145322006404	34.9483989477995	31.285104086703	36.932577560377	41.8533685982866	16.9476538010873	36.040721919021	37.5490487770727	44.3507223905282	38.3418802806279	45.1959186170609	38.9990007113551	32.1320336015479	48.5753739745045	45.7601098965944	41.5290437274858	50.7045225987675	43.2948268326679	52.3679326532602	44.4371895414599	0	0	0	0	117.432024681622	56.7923312148537	89.2517782678483	99.4483271267251	101.640892739336	47.7398699892795	96.7722066398265	131.763860358784	114.34370979339	48.2244946716813	211.824429553874	-11.5697788424743
613.431	66.4146340146442	-32.4758432517297	23.5196876251327	-5.73365388943929	35.2402539343594	36.4087261532452	2.20031133429339	41.0973989823355	20.5179805359403	12.4898378505045	-2.54461713988379	22.53577173698	14.518559023871	33.8145611613521	40.6774627753517	24.1905152187002	27.9562437120593	24.8704296820526	7.47921458189747	7.99940378235489	11.1293862801905	7.42961476941866	22.7311733946615	23.3415159038878	14.4536575249465	15.1179959322337	12.2396946180211	21.6397843243175	27.115910781293	20.763010343512	25.6147823177797	19.8275768445685	24.3710201172507	17.4860176432343	38.6057803657998	24.1436014324681	33.6342949838569	40.0426473134487	34.91204775313	38.1035538360969	49.1797745341757	46.829437455807	46.8771482348208	30.351589371058	51.0105142977173	44.2970236019251	48.2486543073446	43.5813427638076	49.3160254986307	43.6127561846301	40.0248723622527	51.3347003260944	61.1827794305397	63.3711151791457	52.6758345527728	57.3969215900056	62.1994960222371	0	0	0	0	95.646876089586	79.8618533142159	82.4396955599175	98.10452270122	122.867379221591	121.568858583577	143.336358194293	147.197375122293	176.87726755692	154.959716645348	239.784577615436	373.944960371119
616.77	-1.00087148811282	-7.5592790774736	23.86667166644	-11.6233799825628	4.76586903921502	-10.0031785821685	0.745354273358683	-18.6834245175812	22.2241101115083	3.35408354997503	-7.72788121734785	-15.4556206610436	17.0809550003556	2.24703805598852	0.536447234970753	7.65896083618004	10.7517886144021	4.67064231935453	2.23252658872856	6.83012321078245	2.8227064777065	3.76998107077016	6.25779161799856	-5.03335976684663	23.3722724814474	4.86752902814224	6.31124819550179	11.7791831678613	6.25197965092223	7.44767398315926	6.10775654907142	15.3636488851392	20.873562386937	26.2700182550951	11.6442750582185	21.227959653385	21.505583272138	19.9797097404453	24.5764346135185	18.1698737684724	19.3124028527747	40.8347683248157	21.1873215991214	41.1738517944023	27.412856895919	26.5139030091014	22.7534543890589	33.4785928754637	31.8666690211913	33.189515077916	41.8397538977367	49.3726917903647	29.8557349747656	34.8654707245206	33.6794338274319	39.1601497811815	43.6629546139788	0	0	0	0	55.2769424093365	68.1359365544255	85.208723142193	67.3788495546774	97.0038893895381	112.360352315085	46.2560601620002	59.6402416297122	109.324960007223	131.736172370951	211.804792585956	70.4066526451816
620.109	-30.487568765151	59.0601429225838	4.34425318477745	29.6291339017632	-24.4375900635396	24.5903878350976	11.896731788304	20.3370910156164	9.38695966874443	-13.1600615081061	16.6165250066217	9.86722849743051	8.69687392461026	26.300555006842	3.95643129869403	-3.14633861099669	6.61504989926627	15.5189770112252	12.6228215300595	24.7034950247307	4.96126726609578	-4.18121852830107	6.89008959832791	14.2012521363046	14.704584041994	17.372287673122	15.5465633818256	6.80154132599191	20.2176285016529	13.6128975309371	25.0799398465019	25.0881345329789	27.6586591543161	32.3296134588555	47.7776892045976	22.9034389677022	25.1923973278122	35.0608715940435	24.003936803573	30.9141216271857	32.1761425963401	24.6348364292644	35.0826787285934	41.4044426661327	30.3338982219461	37.3902615954033	36.1399678705854	36.9124486120102	49.398468076398	47.8265761050991	49.5806198069254	45.5618071793275	43.3276365948435	60.9961401758458	50.932248722937	34.2473203763399	0	0	0	0	112.824996426911	57.605712427032	51.543357908537	82.959995560801	65.4059468441584	86.2900427162102	71.9070498440344	92.1422086843793	195.189284775756	148.53746173695	188.178166507272	45.7967179852458	173.209039304419
