Sample - Blank	600	595	590	585	580	575	570	565	560	555	550	545	540	535	530	525	520	515	510	505	500	495	490	485	480	475	470	465	460	455	450	445	440	435	430	425	420	415	410	405	400	395	390	385	380	375	370	365	360	355	350	345	340	335	330	325	320	315	310	305	300	295	290	285	280	275	270	265	260	255	250	245	240
nm																																																																									
213.328	0	0	0	0	0	0	0	0	0	0	0	0	0	0	0	0	0	0	0	0	0	0	0	0	0	0	0	0	0	0	0	0	0	0	0	0	0	0	0	0	0	0	0	0	0	0	0	0	0	0	0	0	0	0	0	0	0	0	0	0	0	0	0	0	0	0	0	0	0	0	0	0	0
216.504	0	0	0	0	0	0	0	0	0	0	0	0	0	0	0	0	0	0	0	0	0	0	0	0	0	0	0	0	0	0	0	0	0	0	0	0	0	0	0	0	0	0	0	0	0	0	0	0	0	0	0	0	0	0	0	0	0	0	0	0	0	0	0	0	0	0	0	0	0	0	0	0	0
219.682	0	0	0	0	0	0	0	0	0	0	0	0	0	0	0	0	0	0	0	0	0	0	0	0	0	0	0	0	0	0	0	0	0	0	0	0	0	0	0	0	0	0	0	0	0	0	0	0	0	0	0	0	0	0	0	0	0	0	0	0	0	0	0	0	0	0	0	0	0	0	0	0	0
222.862	0	0	0	0	0	0	0	0	0	0	0	0	0	0	0	0	0	0	0	0	0	0	0	0	0	0	0	0	0	0	0	0	0	0	0	0	0	0	0	0	0	0	0	0	0	0	0	0	0	0	0	0	0	0	0	0	0	0	0	0	0	0	0	0	0	0	0	0	0	0	0	0	0
226.045	0	0	0	0	0	0	0	0	0	0	0	0	0	0	0	0	0	0	0	0	0	0	0	0	0	0	0	0	0	0	0	0	0	0	0	0	0	0	0	0	0	0	0	0	0	0	0	0	0	0	0	0	0	0	0	0	0	0	0	0	0	0	0	0	0	0	0	0	0	0	0	0	0
229.23	0	0	0	0	0	0	0	0	0	0	0	0	0	0	0	0	0	0	0	0	0	0	0	0	0	0	0	0	0	0	0	0	0	0	0	0	0	0	0	0	0	0	0	0	0	0	0	0	0	0	0	0	0	0	0	0	0	0	0	0	0	0	0	0	0	0	0	0	0	0	0	0	0
232.417	0	0	0	0	0	0	0	0	0	0	0	0	0	0	0	0	0	0	0	0	0	0	0	0	0	0	0	0	0	0	0	0	0	0	0	0	0	0	0	0	0	0	0	0	0	0	0	0	0	0	0	0	0	0	0	0	0	0	0	0	0	0	0	0	0	0	0	0	0	0	0	0	0
235.607	0	0	0	0	0	0	0	0	0	0	0	0	0	0	0	0	0	0	0	0	0	0	0	0	0	0	0	0	0	0	0	0	0	0	0	0	0	0	0	0	0	0	0	0	0	0	0	0	0	0	0	0	0	0	0	0	0	0	0	0	0	0	0	0	0	0	0	0	0	0	0	0	0
238.799	0	0	0	0	0	0	0	0	0	0	0	0	0	0	0	0	0	0	0	0	0	0	0	0	0	0	0	0	0	0	0	0	0	0	0	0	0	0	0	0	0	0	0	0	0	0	0	0	0	0	0	0	0	0	0	0	0	0	0	0	0	0	0	0	0	0	0	0	0	0	0	0	0
241.993	0	0	0	0	0	0	0	0	0	0	0	0	0	0	0	0	0	0	0	0	0	0	0	0	0	0	0	0	0	0	0	0	0	0	0	0	0	0	0	0	0	0	0	0	0	0	0	0	0	0	0	0	0	0	0	0	0	0	0	0	0	0	0	0	0	0	0	0	0	0	0	0	0
245.19	0	0	0	0	0	0	0	0	0	0	0	0	0	0	0	0	0	0	0	0	0	0	0	0	0	0	0	0	0	0	0	0	0	0	0	0	0	0	0	0	0	0	0	0	0	0	0	0	0	0	0	0	0	0	0	0	0	0	0	0	0	0	0	0	0	0	0	0	0	0	0	0	0
248.388	0	0	0	0	0	0	0	0	0	0	0	0	0	0	0	0	0	0	0	0	0	0	0	0	0	0	0	0	0	0	0	0	0	0	0	0	0	0	0	0	0	0	0	0	0	0	0	0	0	0	0	0	0	0	0	0	0	0	0	0	0	0	0	0	0	0	0	0	0	0	0	0	0
251.589	0	0	0	0	0	0	0	0	0	0	0	0	0	0	0	0	0	0	0	0	0	0	0	0	0	0	0	0	0	0	0	0	0	0	0	0	0	0	0	0	0	0	0	0	0	0	0	0	0	0	0	0	0	0	0	0	0	0	0	0	0	0	0	0	0	0	0	0	0	0	0	0	1352.76379614122
254.793	0	0	0	0	0	0	0	0	0	0	0	0	0	0	0	0	0	0	0	0	0	0	0	0	0	0	0	0	0	0	0	0	0	0	0	0	0	0	0	0	0	0	0	0	0	0	0	0	0	0	0	0	0	0	0	0	0	0	0	0	0	0	0	0	0	0	0	0	0	0	0	0	-79.8080886507401
257.998	0	0	0	0	0	0	0	0	0	0	0	0	0	0	0	0	0	0	0	0	0	0	0	0	0	0	0	0	0	0	0	0	0	0	0	0	0	0	0	0	0	0	0	0	0	0	0	0	0	0	0	0	0	0	0	0	0	0	0	0	0	0	0	0	0	0	0	0	0	0	0	618.481584051782	113.805670222671
261.205	0	0	0	0	0	0	0	0	0	0	0	0	0	0	0	0	0	0	0	0	0	0	0	0	0	0	0	0	0	0	0	0	0	0	0	0	0	0	0	0	0	0	0	0	0	0	0	0	0	0	0	0	0	0	0	0	0	0	0	0	0	0	0	0	0	0	0	0	0	0	3708.36301075225	103.70949103953	-143.180815889295
264.415	0	0	0	0	0	0	0	0	0	0	0	0	0	0	0	0	0	0	0	0	0	0	0	0	0	0	0	0	0	0	0	0	0	0	0	0	0	0	0	0	0	0	0	0	0	0	0	0	0	0	0	0	0	0	0	0	0	0	0	0	0	0	0	0	0	0	0	0	0	0	88.672608306639	-3.34076938920059	-547.261190012658
267.627	0	0	0	0	0	0	0	0	0	0	0	0	0	0	0	0	0	0	0	0	0	0	0	0	0	0	0	0	0	0	0	0	0	0	0	0	0	0	0	0	0	0	0	0	0	0	0	0	0	0	0	0	0	0	0	0	0	0	0	0	0	0	0	0	0	0	0	0	0	1383.10938191439	42.6146161422812	-230.7890952367	-637.626329467928
270.841	0	0	0	0	0	0	0	0	0	0	0	0	0	0	0	0	0	0	0	0	0	0	0	0	0	0	0	0	0	0	0	0	0	0	0	0	0	0	0	0	0	0	0	0	0	0	0	0	0	0	0	0	0	0	0	0	0	0	0	0	0	0	0	0	0	0	0	0	5301.31965472808	85.6488084733089	-83.3960604932584	-425.155861529184	-409.179919486708
274.057	0	0	0	0	0	0	0	0	0	0	0	0	0	0	0	0	0	0	0	0	0	0	0	0	0	0	0	0	0	0	0	0	0	0	0	0	0	0	0	0	0	0	0	0	0	0	0	0	0	0	0	0	0	0	0	0	0	0	0	0	0	0	0	0	0	0	0	0	375.609251077387	-57.5253059648562	-72.4200773972279	-515.068912895353	-172.363133207843
277.275	0	0	0	0	0	0	0	0	0	0	0	0	0	0	0	0	0	0	0	0	0	0	0	0	0	0	0	0	0	0	0	0	0	0	0	0	0	0	0	0	0	0	0	0	0	0	0	0	0	0	0	0	0	0	0	0	0	0	0	0	0	0	0	0	0	0	0	2299.12606486717	59.8135158688107	55.303368246557	-390.126107385902	-289.989172303427	-242.451062189052
280.496	0	0	0	0	0	0	0	0	0	0	0	0	0	0	0	0	0	0	0	0	0	0	0	0	0	0	0	0	0	0	0	0	0	0	0	0	0	0	0	0	0	0	0	0	0	0	0	0	0	0	0	0	0	0	0	0	0	0	0	0	0	0	0	0	0	0	6077.32500935508	248.63863149724	157.174379648182	17.8924807678048	-178.810001054593	-101.799545317779	119.189524655758
283.718	0	0	0	0	0	0	0	0	0	0	0	0	0	0	0	0	0	0	0	0	0	0	0	0	0	0	0	0	0	0	0	0	0	0	0	0	0	0	0	0	0	0	0	0	0	0	0	0	0	0	0	0	0	0	0	0	0	0	0	0	0	0	0	0	0	0	794.865297634455	132.765048952613	114.137024875191	-167.35655249637	-184.683750904449	86.2480561112993	93.2874618578839
286.942	0	0	0	0	0	0	0	0	0	0	0	0	0	0	0	0	0	0	0	0	0	0	0	0	0	0	0	0	0	0	0	0	0	0	0	0	0	0	0	0	0	0	0	0	0	0	0	0	0	0	0	0	0	0	0	0	0	0	0	0	0	0	0	0	0	2659.17160841421	227.609588534522	221.490604478243	67.8301821754438	-166.718661982309	70.538603006953	-0.023700342453076	-111.315601274619
290.169	0	0	0	0	0	0	0	0	0	0	0	0	0	0	0	0	0	0	0	0	0	0	0	0	0	0	0	0	0	0	0	0	0	0	0	0	0	0	0	0	0	0	0	0	0	0	0	0	0	0	0	0	0	0	0	0	0	0	0	0	0	0	0	0	5678.67728420824	334.065903524521	351.955777998598	262.546659714113	-10.5881821898284	8.72284204017681	66.4013218633731	161.885098027771	324.897078204548
293.397	0	0	0	0	0	0	0	0	0	0	0	0	0	0	0	0	0	0	0	0	0	0	0	0	0	0	0	0	0	0	0	0	0	0	0	0	0	0	0	0	0	0	0	0	0	0	0	0	0	0	0	0	0	0	0	0	0	0	0	0	0	0	0	0	1010.35146698693	364.154596663937	407.105714449999	316.519495196939	135.763158409181	189.882843607566	145.190158837754	111.33204844497	175.070622164989
296.628	0	0	0	0	0	0	0	0	0	0	0	0	0	0	0	0	0	0	0	0	0	0	0	0	0	0	0	0	0	0	0	0	0	0	0	0	0	0	0	0	0	0	0	0	0	0	0	0	0	0	0	0	0	0	0	0	0	0	0	0	0	0	0	2764.11842049306	338.509520228654	509.575627047906	549.767473609977	298.64187505357	315.068055733231	346.345252211511	268.904383644877	252.701370051122	77.1171710599613
299.86	0	0	0	0	0	0	0	0	0	0	0	0	0	0	0	0	0	0	0	0	0	0	0	0	0	0	0	0	0	0	0	0	0	0	0	0	0	0	0	0	0	0	0	0	0	0	0	0	0	0	0	0	0	0	0	0	0	0	0	0	0	0	0	369.137292239541	397.352183012272	583.497018790427	551.912925676888	353.11075865333	419.050397977066	291.770376447417	157.016970310811	191.818357112245	375.068760995957
303.095	0	0	0	0	0	0	0	0	0	0	0	0	0	0	0	0	0	0	0	0	0	0	0	0	0	0	0	0	0	0	0	0	0	0	0	0	0	0	0	0	0	0	0	0	0	0	0	0	0	0	0	0	0	0	0	0	0	0	0	0	0	0	1103.12887125213	296.278295716351	483.660154150267	644.154045143455	612.208752812665	563.833511224301	564.588196626167	440.624050131014	337.242920729356	286.534960042144	513.016783912373
306.331	0	0	0	0	0	0	0	0	0	0	0	0	0	0	0	0	0	0	0	0	0	0	0	0	0	0	0	0	0	0	0	0	0	0	0	0	0	0	0	0	0	0	0	0	0	0	0	0	0	0	0	0	0	0	0	0	0	0	0	0	0	3164.29608388181	170.998167021595	301.246648415766	500.926258764298	599.599063328292	656.76567705653	527.72703165269	408.469958492465	422.088852365122	264.066490003573	273.505657345579	382.601447278578
309.569	0	0	0	0	0	0	0	0	0	0	0	0	0	0	0	0	0	0	0	0	0	0	0	0	0	0	0	0	0	0	0	0	0	0	0	0	0	0	0	0	0	0	0	0	0	0	0	0	0	0	0	0	0	0	0	0	0	0	0	0	0	372.671386340569	162.011208037859	324.540050450696	515.162559357764	592.060005317019	654.112977958267	704.059825519706	536.382606081304	412.214470561934	333.67109808475	138.82397056187	234.798113410591
312.81	0	0	0	0	0	0	0	0	0	0	0	0	0	0	0	0	0	0	0	0	0	0	0	0	0	0	0	0	0	0	0	0	0	0	0	0	0	0	0	0	0	0	0	0	0	0	0	0	0	0	0	0	0	0	0	0	0	0	0	0	1487.26299642207	130.673746010355	206.514169318881	383.105541954957	558.28721274313	631.992899276081	715.214121764132	615.826213041748	553.942240934535	467.599892258277	460.819646231925	440.777777070314	250.779724140468
316.052	0	0	0	0	0	0	0	0	0	0	0	0	0	0	0	0	0	0	0	0	0	0	0	0	0	0	0	0	0	0	0	0	0	0	0	0	0	0	0	0	0	0	0	0	0	0	0	0	0	0	0	0	0	0	0	0	0	0	0	5125.06252276967	144.180000643599	146.969599799001	240.708727929251	393.76096303442	511.752860949195	711.092569222141	721.849579491271	710.771351934188	584.7357658118	486.002569239757	400.619022855413	377.968457442601	405.635965851935
319.296	0	0	0	0	0	0	0	0	0	0	0	0	0	0	0	0	0	0	0	0	0	0	0	0	0	0	0	0	0	0	0	0	0	0	0	0	0	0	0	0	0	0	0	0	0	0	0	0	0	0	0	0	0	0	0	0	0	0	0	632.485125360004	172.914378463601	240.129155896564	338.483834958836	483.309048815896	618.196865419222	741.923021760237	804.640771079086	721.91526725901	572.826332127469	528.791752219158	625.911346025852	416.658859198788	555.32783154195
322.542	0	0	0	0	0	0	0	0	0	0	0	0	0	0	0	0	0	0	0	0	0	0	0	0	0	0	0	0	0	0	0	0	0	0	0	0	0	0	0	0	0	0	0	0	0	0	0	0	0	0	0	0	0	0	0	0	0	0	704.385639232275	200.545282581754	222.297516913006	300.662874389046	371.32340850206	508.640731555301	658.696644967703	753.452272002505	757.97746349229	643.737740664897	554.233363895277	518.383432189744	443.616792617307	392.795192809661	479.522820451796
325.79	0	0	0	0	0	0	0	0	0	0	0	0	0	0	0	0	0	0	0	0	0	0	0	0	0	0	0	0	0	0	0	0	0	0	0	0	0	0	0	0	0	0	0	0	0	0	0	0	0	0	0	0	0	0	0	0	0	-19693.567127921	207.201717636855	226.389846907985	268.142504516198	387.25498995322	433.072341196977	600.944969979709	700.707984084538	790.01560846166	749.079026758821	715.658494948667	605.747906025125	545.0996342236	506.024780987606	600.748565527576	637.178445812112
329.039	0	0	0	0	0	0	0	0	0	0	0	0	0	0	0	0	0	0	0	0	0	0	0	0	0	0	0	0	0	0	0	0	0	0	0	0	0	0	0	0	0	0	0	0	0	0	0	0	0	0	0	0	0	0	0	0	0	-3422.83813838805	178.997587776924	254.922406568204	319.526312540182	374.294321620399	483.652055048732	620.698327590888	754.499868759216	777.072362823438	722.707774333983	754.046493582139	607.667489508561	521.4881568199	455.876080083364	517.402877420443	800.150245167184
332.291	0	0	0	0	0	0	0	0	0	0	0	0	0	0	0	0	0	0	0	0	0	0	0	0	0	0	0	0	0	0	0	0	0	0	0	0	0	0	0	0	0	0	0	0	0	0	0	0	0	0	0	0	0	0	0	0	-5825.15672736085	47.1191285467964	207.788624999456	258.700760606777	366.022883901233	428.227759500328	465.646894639856	661.823999621177	715.613496852496	802.673771784012	702.536628379844	728.853862145899	597.106135186935	566.648594954259	507.555131944532	745.620976840819	598.295632448299
335.544	0	0	0	0	0	0	0	0	0	0	0	0	0	0	0	0	0	0	0	0	0	0	0	0	0	0	0	0	0	0	0	0	0	0	0	0	0	0	0	0	0	0	0	0	0	0	0	0	0	0	0	0	0	0	0	3529.74264090389	-225.335664201915	90.7843381969826	251.50081115135	321.833128425469	437.732536796208	489.097308403985	616.82685261794	704.718403282873	747.818332971588	809.00959143902	785.551360454287	647.403873759697	679.308649178945	665.042353864018	613.026243102134	687.935287977724	800.664110512307
338.799	0	0	0	0	0	0	0	0	0	0	0	0	0	0	0	0	0	0	0	0	0	0	0	0	0	0	0	0	0	0	0	0	0	0	0	0	0	0	0	0	0	0	0	0	0	0	0	0	0	0	0	0	0	0	0	550.734437683835	1.51366717512137	120.866288400503	262.761466745022	320.95075430785	431.954764608712	498.085349782105	591.723182353369	700.118452027686	778.381650511629	787.758741287801	718.394037069101	686.65206161724	690.69923616662	591.579372009535	508.678890182975	645.516112834475	587.774563771205
342.056	0	0	0	0	0	0	0	0	0	0	0	0	0	0	0	0	0	0	0	0	0	0	0	0	0	0	0	0	0	0	0	0	0	0	0	0	0	0	0	0	0	0	0	0	0	0	0	0	0	0	0	0	0	0	1564.04138968057	59.003877975096	57.6756763793347	115.706287488372	284.547286441985	361.182495034377	445.107841465976	568.471037757179	621.32083205588	718.459592348185	769.965426050635	741.130143114619	737.631545017081	631.965588122619	586.244749766743	568.12606999191	545.192820320092	555.597376374211	764.199834170084
345.315	0	0	0	0	0	0	0	0	0	0	0	0	0	0	0	0	0	0	0	0	0	0	0	0	0	0	0	0	0	0	0	0	0	0	0	0	0	0	0	0	0	0	0	0	0	0	0	0	0	0	0	0	0	3178.81766700911	153.09414223776	69.6934203718922	72.8477840620078	162.904623874443	296.42478530549	383.119680191196	457.769247379852	571.490594527009	642.429526798974	710.33174390994	762.356144528871	706.878751112831	657.114339987135	624.120932518385	567.41379090922	573.262256227409	561.812909632661	632.210310055318	773.131077854767
348.575	0	0	0	0	0	0	0	0	0	0	0	0	0	0	0	0	0	0	0	0	0	0	0	0	0	0	0	0	0	0	0	0	0	0	0	0	0	0	0	0	0	0	0	0	0	0	0	0	0	0	0	0	0	563.759638056725	61.2428047490879	88.9665104618607	117.0785883164	180.524411353734	318.39922559104	391.809427821485	491.093616288453	595.138731824256	644.607060326655	721.422077600723	676.73634848075	685.326617289705	655.399859760835	680.151409963622	637.549333661266	556.787126853775	482.884109226806	613.623765670874	482.560805100829
351.838	0	0	0	0	0	0	0	0	0	0	0	0	0	0	0	0	0	0	0	0	0	0	0	0	0	0	0	0	0	0	0	0	0	0	0	0	0	0	0	0	0	0	0	0	0	0	0	0	0	0	0	0	1615.4298933323	64.3022397682175	80.6553491979315	107.931834609682	117.163858828997	229.06043314825	334.1360708393	437.350985748836	554.75404240193	650.787413776318	652.083586031031	722.904600610588	740.441203831386	693.849061973908	658.772572396987	656.744274711063	615.974540992698	535.800373357376	550.416433656032	847.205197075944	812.740558933358
355.101	0	0	0	0	0	0	0	0	0	0	0	0	0	0	0	0	0	0	0	0	0	0	0	0	0	0	0	0	0	0	0	0	0	0	0	0	0	0	0	0	0	0	0	0	0	0	0	0	0	0	0	3057.2165030809	176.882111843787	50.7377346195915	86.6130553417881	110.598651567545	161.295169174351	252.756648315263	365.670831501585	451.016275856723	538.012889883629	637.189044929212	691.616328462333	700.117534734871	726.010575154662	670.8710357453	657.411512036676	651.908686251987	643.165086042741	607.759039581882	523.396596641243	789.385145735777	776.128316174485
358.367	0	0	0	0	0	0	0	0	0	0	0	0	0	0	0	0	0	0	0	0	0	0	0	0	0	0	0	0	0	0	0	0	0	0	0	0	0	0	0	0	0	0	0	0	0	0	0	0	0	0	0	637.672575976381	75.6017574758271	91.0630642424221	135.818145356819	154.942092894437	191.895486139707	272.996144047454	401.650069456392	491.352845985599	594.933919561739	640.955917119717	685.824499533597	707.577937874799	731.45849843004	693.727732958895	715.911205336656	629.392543165403	609.677354996876	630.56630774617	776.254694049562	688.433254148609	987.878194775368
361.634	0	0	0	0	0	0	0	0	0	0	0	0	0	0	0	0	0	0	0	0	0	0	0	0	0	0	0	0	0	0	0	0	0	0	0	0	0	0	0	0	0	0	0	0	0	0	0	0	0	0	1600.91244017521	68.2672371515527	86.2519597672262	99.0626872967538	148.107471065272	192.852038715871	224.080552081704	303.911248119415	398.508177279492	517.252975943796	591.926099933592	640.132725716557	666.128647831257	665.585931584304	690.220289021913	671.715507454759	654.515435374556	684.897296592908	641.11948624286	602.174176959008	600.944434853914	716.914758989398	931.672390192678
364.903	0	0	0	0	0	0	0	0	0	0	0	0	0	0	0	0	0	0	0	0	0	0	0	0	0	0	0	0	0	0	0	0	0	0	0	0	0	0	0	0	0	0	0	0	0	0	0	0	0	0	169.558892997312	68.3681341742836	91.3517216035493	131.690905306139	172.728642186031	199.572625677622	261.237160218974	309.099009969025	460.803074145426	522.079158544035	561.068727321822	634.501901642286	669.140575793566	716.737752855085	685.238673277419	666.466865528526	649.33838048929	643.309365700041	620.606484250415	619.984977091042	700.947110499782	808.03991958649	682.356454566842
368.174	0	0	0	0	0	0	0	0	0	0	0	0	0	0	0	0	0	0	0	0	0	0	0	0	0	0	0	0	0	0	0	0	0	0	0	0	0	0	0	0	0	0	0	0	0	0	0	0	0	654.948454444716	55.1540005504467	84.7669775712543	105.883091131611	129.048954950042	166.473591901302	226.753238265247	254.39581739587	370.006509550595	455.726536171115	538.154183725187	589.208265819182	620.713924189307	652.319653759644	656.083151907407	657.760828951421	658.376315032201	576.831559848826	619.374673090076	626.690402897278	592.75923672844	665.97666564987	672.182074266277	971.252340908293
371.446	0	0	0	0	0	0	0	0	0	0	0	0	0	0	0	0	0	0	0	0	0	0	0	0	0	0	0	0	0	0	0	0	0	0	0	0	0	0	0	0	0	0	0	0	0	0	0	0	1730.76593585885	69.532423726184	81.6959771701345	95.9197888213367	119.99315332443	173.423342570641	236.761703644298	270.510778873401	317.920267542523	399.570603794074	498.671235014518	542.579382272405	626.315974297993	667.457494893315	678.142848230135	666.288906693522	678.123452139373	681.952527166362	663.998467469923	664.138098485454	638.336554329181	707.265962399975	758.708329719352	856.608129109583	1122.96376355496
374.719	0	0	0	0	0	0	0	0	0	0	0	0	0	0	0	0	0	0	0	0	0	0	0	0	0	0	0	0	0	0	0	0	0	0	0	0	0	0	0	0	0	0	0	0	0	0	0	0	190.169287827334	61.8976218587106	70.5858762474266	108.986707394226	149.854192915549	199.917631856667	240.274160853984	281.282865253312	333.177399482438	450.379550728742	509.618917062089	593.82910014353	637.716447874439	668.761424665038	691.916452545357	694.471426810208	683.062933368075	660.523425843592	667.218619219732	663.333945706661	617.662878072566	663.994757057434	899.980372854189	803.455532751958	907.508388656386
377.995	0	0	0	0	0	0	0	0	0	0	0	0	0	0	0	0	0	0	0	0	0	0	0	0	0	0	0	0	0	0	0	0	0	0	0	0	0	0	0	0	0	0	0	0	0	0	0	755.367241130133	64.2272396295607	75.1328458285388	122.969048729973	128.362976270343	206.632492462078	241.383696996926	277.570902577388	356.398331851133	403.111564853505	480.723119924137	562.4057533554	631.175996460516	671.777429841886	683.916966568559	719.035105603894	660.424847025734	695.577018845627	721.619851866193	722.341291160722	709.730150196936	807.661570799959	754.687731497751	773.492129812958	963.187691121879	1155.90205261545
381.272	0	0	0	0	0	0	0	0	0	0	0	0	0	0	0	0	0	0	0	0	0	0	0	0	0	0	0	0	0	0	0	0	0	0	0	0	0	0	0	0	0	0	0	0	0	0	1670.48208149683	56.3652127656687	61.051154003704	113.579305639054	112.069172026655	181.809554554298	204.970350694451	252.356666281284	303.097787279861	361.458181597946	421.295912104902	494.028308952875	593.620129570473	625.598891654431	648.767629141047	704.783309949664	714.287622494997	713.234026869175	701.854759604493	630.761145439153	737.067820779811	681.670688068002	632.798104963358	737.360372488082	1071.25780188494	1061.49693094209	1176.40370049461
384.55	0	0	0	0	0	0	0	0	0	0	0	0	0	0	0	0	0	0	0	0	0	0	0	0	0	0	0	0	0	0	0	0	0	0	0	0	0	0	0	0	0	0	0	0	0	0	215.410652610886	25.1485419053716	70.5809382888254	87.0302547490538	133.761514844174	156.430701853641	223.05220422869	263.473676189484	346.021556753718	384.922236930307	425.698912215193	485.724111323691	563.558408026034	626.559113027541	665.036064451491	680.031264005022	676.23376092451	664.249139395495	665.10424273481	643.088508517676	595.454809973769	719.559779177001	667.201773754673	749.749983763646	861.604466163523	889.042680998393	1139.99931837801
387.83	0	0	0	0	0	0	0	0	0	0	0	0	0	0	0	0	0	0	0	0	0	0	0	0	0	0	0	0	0	0	0	0	0	0	0	0	0	0	0	0	0	0	0	0	0	748.267486719319	53.0272577052553	73.0468366905901	96.3505953782447	119.814578156467	176.310126469681	209.918415762854	267.871564555296	311.327402541667	366.349057376627	446.811321420932	501.629330393393	559.008911538287	608.163519632731	628.21868406436	681.971071421459	717.283510734801	702.589620900919	713.474740618423	672.318898495787	714.078777705347	733.506995294498	719.737278497655	790.749562185315	865.107073545848	995.254136210756	1070.23533917758	1155.05453314954
391.112	0	0	0	0	0	0	0	0	0	0	0	0	0	0	0	0	0	0	0	0	0	0	0	0	0	0	0	0	0	0	0	0	0	0	0	0	0	0	0	0	0	0	0	0	1874.77827779803	56.5555194307646	36.9951608491369	49.9280794383699	69.6532904329516	130.473062345047	164.492218114743	209.54478666708	267.946383686478	328.687709218196	380.993093089695	420.444763035116	486.496115531599	544.33890267012	598.318204530518	645.587328025179	672.081065873631	662.666589122975	690.353556671433	683.710995872073	660.761968340645	650.649582916095	616.865575330654	674.650031245115	698.89203363828	745.023307772487	819.570333159071	990.365865022461	1050.13359495321
394.395	0	0	0	0	0	0	0	0	0	0	0	0	0	0	0	0	0	0	0	0	0	0	0	0	0	0	0	0	0	0	0	0	0	0	0	0	0	0	0	0	0	0	0	0	264.188486510592	40.0392416299712	66.5957147089246	88.7817277569631	115.467498246447	177.812289601639	213.337497943581	259.443654362794	303.52320611079	373.413489955217	426.787987224671	482.396681741336	539.03612115236	579.209096427372	641.413766252633	641.62787772969	685.543821822021	717.791330513892	681.289609317933	711.509228727623	654.348764685923	732.085061905105	725.561181677081	794.781047718144	817.34199241249	881.274712294424	1070.06829741876	1097.00090828182	1171.95891439106
397.679	0	0	0	0	0	0	0	0	0	0	0	0	0	0	0	0	0	0	0	0	0	0	0	0	0	0	0	0	0	0	0	0	0	0	0	0	0	0	0	0	0	0	0	891.953184886892	29.3174838299458	61.7593187278477	61.1038579997361	93.2848696258008	136.057696813801	202.861260169742	211.464446650357	281.698640034631	310.238534377722	366.766859975227	430.491172022246	472.45368412079	525.623359816695	587.944216172837	654.079702836262	664.80334479217	681.160795029426	708.853823461818	680.714985181165	676.860411343288	646.020923304778	638.788444418265	691.442619306204	716.045503441833	773.292859830804	905.421709648371	1062.97732593169	995.424199379101	1079.61963497919
400.965	0	0	0	0	0	0	0	0	0	0	0	0	0	0	0	0	0	0	0	0	0	0	0	0	0	0	0	0	0	0	0	0	0	0	0	0	0	0	0	0	0	0	2243.12806581716	65.8401645307683	46.2760205235653	52.9429530250424	75.421476352156	112.923438820178	158.154815304967	189.759951946954	236.95993898907	294.895746666222	361.367721880699	384.810179164938	440.693342829413	508.193214255198	564.42371329975	601.539214411712	628.309411661731	685.297685863846	702.389636410279	697.50011152266	699.57658486121	688.334853179004	686.358261741575	710.584891149145	680.386713453133	811.621501813124	802.103375906456	930.535630548556	952.673477219661	1065.52417990602	1306.56032237094
404.253	0	0	0	0	0	0	0	0	0	0	0	0	0	0	0	0	0	0	0	0	0	0	0	0	0	0	0	0	0	0	0	0	0	0	0	0	0	0	0	0	0	0	285.137814723384	31.0476255423854	62.4714273537627	69.5385996828758	86.2976485184184	142.367938348679	185.473963987533	236.719101351128	277.101897753968	316.420786098248	379.372596242581	438.935270787214	475.689769116111	521.775110508356	552.348512735455	618.366657810973	643.969175119718	668.516479841073	698.139465306128	718.574349889359	714.510845749184	699.541468074152	694.909573738652	674.903962638535	767.374815877513	735.564894404493	841.226937088081	909.048537513317	1148.55839168355	1286.7229814022	1168.98102114889
407.542	0	0	0	0	0	0	0	0	0	0	0	0	0	0	0	0	0	0	0	0	0	0	0	0	0	0	0	0	0	0	0	0	0	0	0	0	0	0	0	0	0	900.826126932542	31.6622545069803	40.3143683633787	60.0547139447823	73.683164389492	103.241441825521	144.701485321203	183.337797694274	257.839274317197	305.593412262621	339.269306336463	394.40053289222	444.875792433005	476.239661307981	520.982294154136	568.309393429657	596.075884341184	650.230853718685	682.987735881075	716.501011522966	696.648289027223	693.040671188171	705.39470660664	752.940811054328	715.326344535791	685.037564744065	805.091700460914	874.488744679281	935.324561215584	992.048955142541	1114.75546046599	1254.2378689315
410.832	0	0	0	0	0	0	0	0	0	0	0	0	0	0	0	0	0	0	0	0	0	0	0	0	0	0	0	0	0	0	0	0	0	0	0	0	0	0	0	0	1875.23182905875	70.0412819841117	29.0399922801002	55.2766392028149	62.6835629213955	97.1745775129195	110.615272277958	161.365657720308	200.481014901112	267.540273454695	300.88691662743	346.287289050689	400.515770825953	449.776188376402	500.314063710601	534.353708185924	583.151536295503	617.42099401224	651.788422032518	677.663333255627	686.767809572434	710.479835143689	691.212236601765	722.203225916866	662.684217809153	738.441344426871	764.543459256399	763.878025653224	898.258797906285	915.358436121267	1127.51477687659	1105.71217839705	1182.5864811518
414.124	0	0	0	0	0	0	0	0	0	0	0	0	0	0	0	0	0	0	0	0	0	0	0	0	0	0	0	0	0	0	0	0	0	0	0	0	0	0	0	0	290.802474196532	22.1480133820344	29.4052342937128	56.0599119510326	87.4401024050051	113.288263360224	135.399085758966	182.640794945645	216.902569850485	301.824607443191	324.845394225007	364.081494057595	429.31370305567	472.891055238971	501.71349797329	531.476881472339	560.539884918063	643.19752160451	654.274757557124	693.309298468293	692.716740997257	709.732051567862	707.629500917072	683.826535387446	718.745407948155	686.989354678556	735.45507887813	803.053553956305	994.132152539694	931.993488110633	1115.62190311294	1145.57706254777	1220.45878966726
417.417	0	0	0	0	0	0	0	0	0	0	0	0	0	0	0	0	0	0	0	0	0	0	0	0	0	0	0	0	0	0	0	0	0	0	0	0	0	0	0	877.651549178247	46.7714862345313	40.6140966616778	64.0608291270468	66.9713387826666	99.4702534037054	122.013196239252	159.664101829679	216.855524601116	245.43331097198	290.447245693824	343.499768468074	389.572424999093	438.117219431735	466.95758095515	526.31529529014	544.71755579439	616.33285347813	621.821593731055	655.928608380026	674.43523524613	695.17538135815	676.320427315463	688.02198946238	689.280058098818	658.206803169416	706.23794725616	730.56663379467	799.78017844385	927.61588434274	990.879561195979	1080.44296581626	1067.65804767846	1295.56534387576
420.711	0	0	0	0	0	0	0	0	0	0	0	0	0	0	0	0	0	0	0	0	0	0	0	0	0	0	0	0	0	0	0	0	0	0	0	0	0	0	1701.96927228052	74.4611090515242	37.5072603403032	54.693142023033	56.770795368402	83.7829883448359	104.871049807686	139.808422749487	173.361716467471	215.583222494871	273.446247947078	328.345185508881	360.919321213945	397.427135197228	441.856946316707	491.671305991992	533.734171008213	559.742282437822	583.176973391815	606.232617900935	651.934659145216	698.209223389573	687.348483222735	690.752238228098	689.253643761978	678.070161562699	729.333958355109	678.722795055234	762.610783350246	838.733936872383	905.508121002711	1043.26998797272	1139.1933705776	1282.94178665024	1526.9824135781
424.007	0	0	0	0	0	0	0	0	0	0	0	0	0	0	0	0	0	0	0	0	0	0	0	0	0	0	0	0	0	0	0	0	0	0	0	0	0	0	289.776803575073	24.4040033478685	32.080073482736	37.8036202414944	46.2581989144276	81.7342363416777	101.885540243216	135.869238907235	169.107176227803	217.008208779767	264.074215245938	311.447354412188	363.826251790273	395.068430228555	438.978971735043	488.242084956586	526.362652708694	536.945986806498	583.231922804731	584.569327107752	617.383459952266	653.253287727376	651.896849727966	655.794396327582	620.78776454787	665.998591457647	643.554144796806	702.728781557372	735.880172577265	854.309969874931	926.642159422422	965.411900991966	1035.80398031859	1069.30297159659	1095.37273581869
427.304	0	0	0	0	0	0	0	0	0	0	0	0	0	0	0	0	0	0	0	0	0	0	0	0	0	0	0	0	0	0	0	0	0	0	0	0	0	733.742486640004	15.8193328818151	14.5605443766591	29.0988655009797	50.7898063152934	61.1770174538796	83.3239575007559	111.409110744875	148.791291879465	156.734779592009	217.987164777806	279.609725090999	323.801987548248	349.127266617389	394.763068642404	445.509629100983	490.396555596799	522.516188033478	547.31976463797	579.274384819536	583.395989198091	603.211612450994	637.596507910913	651.82213732603	624.059888347562	635.565128662744	650.392845556136	634.282345494341	643.33564354983	742.552940172128	771.758881713265	868.484603322093	939.708541328821	1084.02019698454	1119.09649484548	1133.65286115627
430.602	0	0	0	0	0	0	0	0	0	0	0	0	0	0	0	0	0	0	0	0	0	0	0	0	0	0	0	0	0	0	0	0	0	0	0	0	1344.7303651656	59.1143890977663	5.82489500046519	12.4307067734833	36.8173043291724	43.8141301395709	64.0683992900372	93.0896100538794	116.168594418111	154.026452938232	205.875678126726	233.955091622786	292.70273386534	336.534744421817	385.563997608611	399.386725790265	435.598284609859	475.951417335398	495.929502216172	535.426224450655	545.797406494088	591.680806190755	610.65910386966	619.847895991341	638.263542095501	644.487499800477	612.124035714148	618.887619986615	662.229490165495	669.620291746116	728.422374344814	815.175513918033	871.925353534071	957.190257095052	1010.10854486883	1136.43731107261	1044.01880458944
433.902	0	0	0	0	0	0	0	0	0	0	0	0	0	0	0	0	0	0	0	0	0	0	0	0	0	0	0	0	0	0	0	0	0	0	0	0	247.652046793451	23.1641142101498	45.4114167613304	60.1738115254803	69.4913612262342	79.1830192959275	106.771073520236	134.989144231641	154.367694811574	183.555755236537	214.79813161733	265.734766650841	326.894132490051	357.830415000343	395.691405494324	442.192024457014	472.376946210367	503.429573191163	534.315477742932	546.756651776732	582.075098376405	588.493927786947	636.464525715105	636.29449509912	664.277220847322	641.108211608041	670.29328792262	659.87426957785	682.782151567877	713.322215293006	775.34517655762	884.345226421437	976.58932109568	1090.60501035244	1187.81632661004	1199.90742795439	1377.1574178725
437.202	0	0	0	0	0	0	0	0	0	0	0	0	0	0	0	0	0	0	0	0	0	0	0	0	0	0	0	0	0	0	0	0	0	0	0	625.275577912879	31.1474108878569	35.7814740961612	40.2315125781599	52.2833523431894	71.2588104014928	76.172578305391	91.8209936644225	128.8326091002	155.189352147615	179.694903502488	218.768711219427	263.916005031341	331.820667890557	377.435110786404	392.222585634389	428.412864417321	455.945240698052	495.456700113903	507.623352120095	549.105521611782	561.112098711298	591.830680430939	609.016940823818	644.733227159013	635.506703765226	620.478673760926	622.185065396669	626.959013328643	677.437772415709	683.386914540972	789.114903673684	881.33710368655	998.259585393912	1015.37997332176	1107.55188841397	1215.86431368283	1423.16178568629
440.505	0	0	0	0	0	0	0	0	0	0	0	0	0	0	0	0	0	0	0	0	0	0	0	0	0	0	0	0	0	0	0	0	0	0	1213.57177904296	48.000342399236	16.5176957500013	38.5590065249793	37.9288796650057	55.903319639029	54.626074738629	95.7172843357922	119.406958497729	136.521321330907	151.4451431454	180.259258295556	223.19070205565	277.884355301821	344.081279524301	354.58846257793	389.742067104306	428.495619499865	473.932633280912	479.182380160768	515.69230770094	528.628847745276	547.361007839971	575.349489231196	601.841901454302	610.512106247397	596.289069694504	614.658926924399	612.391967949793	630.655722584868	647.156544720221	675.484217110581	733.313633307041	861.407385543359	945.80435963019	1027.52445846787	1046.15894320426	1088.75317190172	1129.96718317801
443.808	0	0	0	0	0	0	0	0	0	0	0	0	0	0	0	0	0	0	0	0	0	0	0	0	0	0	0	0	0	0	0	0	0	0	210.803135442524	9.21993691638134	28.3481581601628	32.3643361918369	46.6859623614026	50.7219824301764	74.1058856857956	96.5461710783926	107.997549270097	136.731842182744	186.308911905081	188.987278896453	224.660893992007	287.400968837321	322.038033363212	379.394803884452	394.045202921519	422.721988686803	451.863298126219	503.448732297764	528.868231617082	527.979669468403	526.763321122448	575.413957699266	583.056207438024	609.53937922487	591.432682450867	595.65348285869	605.403488156277	623.484630309315	653.732166545064	682.454579958223	768.924769266896	849.422390684039	931.107815691961	1049.41799356038	1105.14295890763	1270.25197410254	1167.0647721769
447.112	0	0	0	0	0	0	0	0	0	0	0	0	0	0	0	0	0	0	0	0	0	0	0	0	0	0	0	0	0	0	0	0	0	553.5334803257	25.3528392157045	25.5702125391687	32.3603761652976	34.8976206297586	47.2998453517034	64.113943387067	86.2877165720883	110.106885959269	119.048603035511	154.316835434716	170.871996487515	207.917065836053	246.123198385344	284.677169770518	326.713990133382	361.354921379425	399.278426110379	428.639368363974	444.393268228226	491.384075228912	494.178302736784	522.665757865811	529.381311855294	551.634133365013	553.545290196346	574.979617874259	571.922978570373	568.71464106756	585.797810161822	609.430722810849	620.48534596289	702.747576658254	736.720370475719	825.268853225875	900.473516940606	1001.40926523213	1030.60144957866	1099.51965146247	1037.98469324226
450.418	0	0	0	0	0	0	0	0	0	0	0	0	0	0	0	0	0	0	0	0	0	0	0	0	0	0	0	0	0	0	0	0	1100.65132346498	45.3321587094842	13.6085136128725	11.5340968124273	27.0822958675265	29.1417946915911	57.1095449199644	47.0390833144872	71.7426044013105	99.364649944483	130.594590373638	144.258497836029	169.849826225495	192.699203637885	241.935044243124	270.622555175026	335.903240791767	356.673994543087	379.396743621446	404.117255610803	444.731293482687	459.792960071473	471.022907615306	492.44541271213	503.336463559105	510.461241720921	542.263496879573	541.788865422031	542.102857259975	543.626249699668	562.799291103423	572.516218088383	576.243559515905	634.14443307872	750.649460368324	809.973456708604	871.817681493099	946.971310111879	969.168133199295	885.41548183716	961.659251379322
453.725	0	0	0	0	0	0	0	0	0	0	0	0	0	0	0	0	0	0	0	0	0	0	0	0	0	0	0	0	0	0	0	0	199.141787637338	20.3308496161827	16.8726845853562	29.4344741294321	43.7554529550795	49.8293882677423	59.5007204742219	70.6623597601029	95.0482256953174	105.455141853204	139.507373500854	162.4954722494	171.728995398914	212.417634065549	240.696097682648	292.072524225416	322.223258128438	372.215138444208	384.609540841093	403.264675336329	424.853280054515	450.858736127327	469.497607000986	496.402617576633	503.073273819173	534.364290197692	527.560161700378	544.130007702311	550.788648171178	535.753234967367	533.324294824021	563.379093225017	609.656523736497	674.115354546537	711.830275129947	782.71983608423	979.613563900565	954.943590997071	1092.74206155687	1147.60377427066	1078.66647654534
457.033	0	0	0	0	0	0	0	0	0	0	0	0	0	0	0	0	0	0	0	0	0	0	0	0	0	0	0	0	0	0	0	475.095037151678	33.5739983621986	30.5833220824034	42.9586217020781	41.434239445165	55.3184702713971	71.4890170707912	84.0459300230004	102.799519826637	121.196013571167	146.615841648435	178.833642332224	196.41381370507	207.211638529069	225.415785506453	265.909192717376	314.766456837226	348.705334252508	372.802762967601	409.707907872758	417.726497228194	449.606493297675	470.30979407699	476.862371899667	489.950161229188	505.426309503346	528.317871657575	536.810927290376	535.25371511953	543.389890800716	561.286102502787	575.803822291085	560.547991132058	637.639223487944	669.028317978941	765.813128289066	837.520580657244	920.702610239283	1014.78354185674	1077.95877845181	1098.48954335122	1336.91694047707
460.342	0	0	0	0	0	0	0	0	0	0	0	0	0	0	0	0	0	0	0	0	0	0	0	0	0	0	0	0	0	0	899.00131958896	40.8027029110399	23.0563065103926	40.3289713506534	36.286611826295	47.3517757634835	43.3935237087407	66.4222520042714	77.0674960600878	96.7103112415804	104.889574281898	145.343286782266	142.122759877324	169.099915716977	203.05863212487	221.013910045868	251.194591785111	283.648589081132	336.078422076738	375.959561124168	382.807756991637	408.408522497578	417.332221971814	434.290156304337	453.883136494756	461.953279354811	487.584817404098	489.160104928092	501.215644806603	515.909277409942	510.826479674838	516.092657856964	532.320122176306	551.24584297179	583.583284267413	617.760116643373	709.327541452004	750.064945906035	841.494556070608	1054.95669354083	1031.30931263234	1010.61176391767	0
463.652	0	0	0	0	0	0	0	0	0	0	0	0	0	0	0	0	0	0	0	0	0	0	0	0	0	0	0	0	0	0	147.253974340982	15.130288018065	8.11021912471911	6.45301018323369	24.7624980332832	28.6243834488658	48.7430106568053	52.62188394092	68.2697606829367	89.3278184609153	116.372010620866	123.076752059466	140.849682699686	178.956433716472	172.963562334537	210.849656264207	250.410785195023	276.359488220067	314.842224743096	330.465846769982	360.330219936808	375.14948596917	401.563035376836	423.625475589061	441.404543715236	445.679810540984	462.10691782014	448.409610886505	485.648881243231	476.019823402456	485.356534447797	471.553170152629	482.65823623364	519.852769630552	526.183607806961	604.460079317604	673.771677540348	774.318507738731	880.944265250633	881.826072225855	976.173323891269	886.030911669072	0
466.964	0	0	0	0	0	0	0	0	0	0	0	0	0	0	0	0	0	0	0	0	0	0	0	0	0	0	0	0	0	380.917676268672	12.7585085753117	15.4925310471173	11.004816998467	32.2512500438922	17.6008669410182	41.6025924052596	55.5005039372236	63.6162979950857	88.6396676352133	93.0708847853262	109.592972309993	133.0937550656	153.015427329415	180.116565803412	204.894967553418	220.08080787993	243.761966422961	271.495247248161	307.79201032602	327.388715432109	356.377760896189	383.59370332109	379.503537796972	405.385827614413	430.618432123526	418.94231304917	429.281969107516	463.639286273036	464.329994772607	468.376894636337	476.35015141479	475.352104701913	487.988875892429	496.654829725612	540.908153818952	585.123890885563	683.878590309983	778.716294888586	783.772661976774	884.966330133814	980.028634479134	1137.50589516426	0
470.276	0	0	0	0	0	0	0	0	0	0	0	0	0	0	0	0	0	0	0	0	0	0	0	0	0	0	0	0	712.577939371437	24.3761583185776	1.17664321261396	17.9110345863701	17.3927455070198	25.626758964367	37.0192695468176	39.1151980544237	54.359255988318	72.3493843677138	71.9398079314254	99.3188542265715	110.444603805044	140.910482013371	151.969999472266	171.582407562039	201.448233862369	202.947776000852	235.757592112538	272.799338862338	292.410080858158	331.107837338372	363.038896918122	350.823379651292	383.730237947267	392.604628383095	402.60170991791	420.490097284383	431.654811968196	433.598369106742	423.20396993691	426.782869464821	457.05301348262	465.617778035747	480.176147263676	502.222454740262	520.096864202283	610.656182609064	635.608881570084	708.756290594648	833.712953282048	857.457204018877	799.129012624781	0	0
473.59	0	0	0	0	0	0	0	0	0	0	0	0	0	0	0	0	0	0	0	0	0	0	0	0	0	0	0	0	102.568697890968	20.0366029075501	15.8722313394341	31.3800357043696	38.2271350262999	42.6912713269585	54.0927086455158	66.7375187175642	77.5945460630601	79.6204707065404	108.401390659406	120.95967466319	129.646131899721	153.103245038081	174.006876843376	189.113495006311	208.420312377976	244.975372685491	258.482698069926	274.613999131182	320.465659896159	337.385460029712	354.6424970298	367.168603533862	383.437502133397	395.041986751561	405.118710133114	413.936927743329	423.228099637343	438.543883161694	464.527935300578	441.232093058147	457.554170841424	470.825584486689	481.739034312005	513.226270437759	547.478708050992	566.561466180872	675.718434764535	735.040626909068	791.388512734391	901.323378776354	1022.9040142933	0	0
476.904	0	0	0	0	0	0	0	0	0	0	0	0	0	0	0	0	0	0	0	0	0	0	0	0	0	0	0	273.733565218762	13.3238781972879	11.9960824071314	19.9696333040453	19.7968300551267	30.7108102561229	32.2984600314518	59.0751099246077	61.6445452373532	59.1933830009886	82.7754362617381	93.3878983021785	93.9383982736688	127.508748919762	138.364478745546	154.415498384291	178.350705988376	187.970856707306	222.803613689228	231.261780219633	263.987994849128	275.246009679504	320.928953209117	328.683623251167	342.519154184236	371.940760779807	371.374730324133	386.701853761798	393.221812893387	397.420556735276	421.666243348348	410.39971549438	434.764609484586	428.359396078621	437.263400052551	447.346608973444	483.898454100363	508.605128220908	562.194694117718	599.631096224772	727.18755936675	855.914642428729	844.562727168338	912.917180413362	0	0
480.22	0	0	0	0	0	0	0	0	0	0	0	0	0	0	0	0	0	0	0	0	0	0	0	0	0	0	580.388386640841	19.8324448706975	13.7363349148136	13.8554925285535	24.4663524519808	36.5923449178541	36.9407877280815	43.4233153414978	47.6641697536291	55.1103128708545	77.0729670024294	82.9223489198997	101.682262480318	135.042994939537	139.17549642394	150.388362397573	165.489147199414	180.245424738047	198.417224183497	218.614199726234	241.957738870068	270.798962626737	301.697534723927	307.621282317171	323.169025413278	333.778805866809	351.193311208301	363.555161575661	351.518419964364	368.714498042298	381.605880659372	400.57878693224	402.100786373592	408.259765618731	421.249268727885	427.529935402095	414.352258687745	447.572991479222	504.075385447286	557.798831424253	613.692122498912	710.087807040391	794.821087479647	805.854243431033	0	0	0
483.536	0	0	0	0	0	0	0	0	0	0	0	0	0	0	0	0	0	0	0	0	0	0	0	0	0	0	102.927545947545	13.6281026948234	13.65115045136	19.546259509138	15.5591788835826	27.1578239131791	29.2511041386962	38.8798376362878	41.4205453985638	60.1616588693118	85.5592709907178	83.066374896482	99.0061463622346	110.833938016533	109.194005361235	144.451352353751	157.762884663734	157.783801953849	202.66604629121	208.974494296111	223.504344167209	257.102296411571	267.706259898186	318.622091614073	324.192686301457	319.789785162004	329.298729944428	345.389087935156	349.875104676866	356.682313244622	362.986100326774	371.407063089406	391.644508104468	409.913349784872	408.08138636744	407.308272931518	430.579390328451	454.432643468059	506.95718600536	518.076448751035	615.532998034705	718.19284807907	727.11331707278	739.023654468815	0	0	0
486.853	0	0	0	0	0	0	0	0	0	0	0	0	0	0	0	0	0	0	0	0	0	0	0	0	0	277.253743689842	10.6538614709296	6.31959338604062	4.54213596777603	20.6886775537698	15.5417839865474	20.5402401822285	40.3301768314257	35.5599433567046	51.4017460079438	60.1122533129585	67.1992227179259	82.6615516821252	88.7325504986202	112.84682208966	115.68514059252	155.761125983563	152.288164965579	163.83756447551	186.550642678585	207.02723174607	229.332929044305	243.651327332196	277.041781935218	282.584356139527	297.256130006672	303.345932243456	305.112138220977	333.044870136447	331.569979899437	336.338201458129	357.084231552593	351.625572816788	350.050203270352	363.875706469564	383.455202151151	386.977841703108	400.837783082643	442.624547627964	431.695941350682	529.212577459532	554.131301425192	647.183345030791	668.720991848946	762.189067819746	0	0	0
490.172	0	0	0	0	0	0	0	0	0	0	0	0	0	0	0	0	0	0	0	0	0	0	0	0	614.359055627481	30.8814325949182	12.3508552972645	13.6701425674896	22.0087133321308	20.1897467477137	27.7136329411988	39.7158342828492	36.9702561181723	54.9018259815244	43.9347881722917	65.1053650179418	82.0829429808376	90.1168824574149	119.74417171694	119.297136026739	127.906287321722	140.593683399625	167.283285789121	179.211739472051	181.355820743898	206.667249220623	224.764998003718	237.404373445341	261.832615957889	292.386997863149	303.503922699459	296.028391444441	322.404181031897	327.779448063512	338.540667666881	350.380874278837	334.483594122174	352.043588239364	358.171238883123	383.051331644557	397.700896105929	398.150683790617	412.534969019744	415.259344071029	467.278462920392	488.266984958082	555.500813420222	602.316097582537	718.503904543493	0	0	0	0
493.491	0	0	0	0	0	0	0	0	0	0	0	0	0	0	0	0	0	0	0	0	0	0	0	0	83.8473402802747	11.7540817487218	11.2814857708728	12.8313461787549	15.4611513447013	24.032608925688	24.6517383750273	26.1824814487778	38.9564527992183	58.4101607403572	62.9911371085338	74.7869582447419	76.0289745444536	83.977644043512	95.845851535451	107.833993701192	133.579499623672	131.775581309958	151.313887697379	163.28249767409	169.795690090631	196.025094735266	214.048833794862	236.165053274407	252.11775175726	265.943142036789	297.135679739189	281.017161836311	302.85668533237	310.551879570803	308.989429929925	329.17906251148	322.776307745627	329.733335512433	351.219345533993	345.368222087098	358.245390734029	362.907571004699	373.226379624285	406.968618401171	436.68871768357	495.693627154808	541.264627707088	638.664081635412	695.639450567892	0	0	0	0
496.811	0	0	0	0	0	0	0	0	0	0	0	0	0	0	0	0	0	0	0	0	0	0	0	362.519085657704	19.5390256673682	8.8717894117365	18.7143389163657	19.8235628068025	23.4368262026458	24.4183151427908	23.2525785653557	43.7177658389479	46.2884751158703	48.2224357972663	63.2951311391642	76.8536583107414	99.2963039824824	99.240670865187	115.571674323779	131.436051858484	135.036732705992	143.944735513238	173.361232957143	161.599078017973	191.073617412033	196.602216141242	204.232684503516	235.868346916336	250.065073603972	278.905069624559	281.364368710118	278.537153315293	304.191877787438	304.76988675838	311.791276917961	309.66453088339	318.418603703058	318.662844593798	349.537922349655	343.281157814703	352.41198033239	374.031394912402	359.327796729464	402.665789110821	445.116035924604	500.466397225149	548.752237499499	618.474900945108	661.860512044741	0	0	0	0
500.132	0	0	0	0	0	0	0	0	0	0	0	0	0	0	0	0	0	0	0	0	0	0	786.678744897006	25.0253467561264	1.23619542477332	14.1988083080523	15.4032610200001	18.1988238133751	20.3482688305844	30.629497311429	34.8859072355775	39.1527027788625	38.6728094576001	53.9257626993865	66.8177626955038	90.8148459776617	85.6283927978707	97.1913024191097	92.8825327539934	119.133310293214	138.374562011138	159.385325611874	143.655268985077	160.337307789471	178.596863070541	185.150975054995	207.165648118289	218.641262384908	235.873945757285	251.230553935329	272.443711467325	270.919155788971	272.154891589691	292.511655804352	300.87766389181	300.88462330422	303.866037129732	302.496688385378	315.659944816927	337.136553872064	336.88900790592	357.187396951854	354.793897049744	381.77715869689	430.039897017646	477.41194119031	514.641764964433	592.430247121888	0	0	0	0	854.220793391254
503.454	0	0	0	0	0	0	0	0	0	0	0	0	0	0	0	0	0	0	0	0	0	0	104.641846602266	-6.91821053384666	7.81963807886971	-1.97425750967528	10.9664351432912	12.0352945386782	19.6165335410883	28.9131217978819	27.1023439843689	28.6253743490624	40.513908341008	47.9375169287617	61.6535565857547	62.0944456344232	72.025680404702	89.852909279788	99.2084754510765	103.737003531341	116.364964005078	123.45635797051	142.220439487935	157.702079459369	165.897348706822	180.537154542858	188.099981331076	199.723918029624	228.656141525253	238.985103365987	234.646815537455	241.008016259829	258.310288979251	253.699798665575	277.410451529342	272.967528048381	287.221386150456	272.767259199525	291.503500842395	306.639962660779	296.155502991151	316.280209447347	339.618171777387	359.190074053769	375.146530606164	430.536478893092	487.6603778686	570.210311228587	0	0	0	0	642.521431788621
506.777	0	0	0	0	0	0	0	0	0	0	0	0	0	0	0	0	0	0	0	0	0	300.234378644116	-0.305732962465427	-1.07828779965853	6.26454743276728	5.1827882801874	4.59086922797202	20.7356327400656	20.2965978408056	18.6923476470723	31.9423114865133	39.3759950832536	41.9541591257042	48.4424408716351	57.5960969192931	74.2373974529926	84.3642858452357	81.0475496001922	95.6013468249784	88.5768788059446	122.630783809447	125.244211362129	133.749567840642	152.351709229598	158.432286503002	161.681355124307	177.943741085093	201.1848596926	203.411927034951	229.227633121267	245.11735586567	229.124807782849	240.975579784792	250.747714646271	264.266729064997	262.595968579255	255.686067381753	284.845168656092	280.945339504276	286.872298287966	288.193812826699	310.813714338527	327.581081415412	337.98660252081	380.989268137067	403.315370588175	451.630788349858	534.881486676947	0	0	0	0	532.751313387417
510.101	0	0	0	0	0	0	0	0	0	0	0	0	0	0	0	0	0	0	0	0	606.146164430613	27.1401684747728	17.3540281365284	12.1862177201723	13.1082424881611	14.9634880945413	21.1851228603727	16.749239581987	21.798123867054	20.91319402991	31.3666465313698	34.0459101747884	62.9559125290393	60.6091588266544	57.2288578283608	77.147313041616	86.7432589916307	87.9388670896065	99.9530669942761	121.224918169078	124.469453925117	115.932890075885	146.776348696078	151.311522843588	158.498116119761	180.084796317425	185.981433220142	200.095207677681	216.877257837332	213.901346670981	227.255763025598	237.205747106088	246.462247970606	249.055347143242	236.397007171047	263.701508053759	263.994750345012	268.890446049687	258.435919630838	272.055101120156	286.789059070394	289.239074353518	315.079333466984	336.58126701418	351.300813959646	407.441531335104	453.949386729828	0	0	0	0	698.284083237746	513.131507086344
513.425	0	0	0	0	0	0	0	0	0	0	0	0	0	0	0	0	0	0	0	0	89.9486975009316	2.97155257728812	4.62277512292591	2.57694173019344	5.48221682366803	8.54726628404842	16.4353458662651	30.5427784677104	20.0768453003038	27.6454084546018	29.5832315008674	31.3580269996609	30.769422806586	43.0044200124542	60.9153868026118	66.6065875713108	73.2988119486454	73.8448655706624	100.598306480191	91.7002267589265	103.27428720395	118.723608850602	112.995639983499	136.20641240848	154.925631250623	160.795634962982	166.310052168776	181.253322195417	204.308291754214	203.088024853679	198.066932355948	222.439570902931	213.207646013147	227.181602681309	239.433918698607	231.891597796922	229.86062312824	261.112818883524	248.750301812078	264.742981869472	269.706520283564	277.053118335469	292.864290519469	330.224521515893	354.083137904094	376.692884086842	433.118553082959	0	0	0	0	552.181157627791	520.062389391536
516.751	0	0	0	0	0	0	0	0	0	0	0	0	0	0	0	0	0	0	0	298.567598453686	2.15158517260908	4.01867092624597	14.3596484920024	18.4062687859577	20.5297586513848	16.894655660951	18.6451461870154	13.150327034733	24.4747904963282	30.8493285933945	46.0882030176458	47.6545372338769	47.4813326091264	61.9958028625335	65.7329029096348	71.5684134255782	72.7427408057245	99.6079790887611	94.529010723142	105.98195338543	119.680718890213	122.029289332319	130.135140833515	147.898700683956	143.207583042333	157.730921419092	171.305651247565	177.171098703649	199.044011204429	204.622915197111	216.56375330127	217.863468117894	227.167663359986	218.657374772881	237.629145514569	237.817445149436	234.401456122418	255.352333752279	242.189124747172	261.140636656744	277.501966639183	265.666076358156	283.580254743071	287.07641273053	339.482861125122	354.331712275517	416.771072075647	0	0	0	0	521.137804893899	519.896798426053
520.077	0	0	0	0	0	0	0	0	0	0	0	0	0	0	0	0	0	0	630.315081831035	8.49945154218969	7.6566503958119	6.47911053076502	12.2203800752476	12.563491839364	13.4977343621518	5.50101060011782	14.2810118894945	25.3208008101191	30.2012871474383	32.5033661782319	33.2175825402633	40.8557021089728	55.5094108291002	55.8614642081603	56.6137314567145	63.0053805553213	77.0147414629188	87.0203170542113	89.1844938772919	93.3511777111643	110.684329347525	121.15502382061	126.605041485791	134.682598430526	135.596517974172	145.936210444233	144.625898119407	172.313063663689	197.923854166096	182.685703192668	204.705468961764	203.673412020415	220.294637426503	215.377058803614	219.381198458801	222.017102797357	223.686079191823	235.607860865345	247.797104270106	252.647826817067	248.83645837319	261.153155452958	281.472549383147	291.713021513518	337.156673030759	356.087697925551	0	0	0	0	571.975311206336	490.601587684963	517.798155580397
523.403	0	0	0	0	0	0	0	0	0	0	0	0	0	0	0	0	0	0	89.3456940799578	3.88936202714053	15.0584731656613	-2.41192478952144	12.3016029090069	9.683629743962	7.91028286331377	7.97770085709601	19.5034976422422	23.7052924257133	25.8651131375778	27.5057536070756	36.7181767675931	44.9673436000079	52.1060406517318	49.0857288261138	46.7533978682756	62.2875051147507	88.7347128256621	81.6800153866947	92.4752475979456	101.435752172154	103.795882766755	128.127444324896	124.859184392535	112.495300896702	141.270600046752	151.726111354797	160.083127285022	170.120829256747	166.238944390316	186.045339184846	182.347025249724	192.547264261798	187.648724578666	201.347674123066	212.543430049305	220.995895875615	227.200886576857	212.988582353295	225.707552190719	239.936110489528	246.314649764503	252.694208518843	270.521221596768	292.911151299642	321.578947395773	375.018991305368	0	0	0	0	545.171328194613	528.190328846122	407.116105678594
526.731	0	0	0	0	0	0	0	0	0	0	0	0	0	0	0	0	0	216.268951193776	0.38674745135999	-5.77372965847965	17.4323368664576	3.04989089400277	12.1719155059938	10.1194646522209	9.28875635975553	16.6653301689797	16.658691170027	19.5944843432146	25.4141635421271	29.6900871372801	33.3186276251394	28.3865477594753	45.4366553917628	56.8306204748289	61.7085566949287	57.481724205193	63.5178978814954	68.6684183704726	82.6550008598418	84.2781811574329	101.54420265838	103.336422507202	114.879484192983	117.670200695495	121.145339366116	136.622512807732	135.230413239177	150.570191639005	162.077729403582	165.966295692975	170.568005835276	179.272315914259	193.880492487866	183.379019569674	184.274773980676	203.639875109133	213.593940019899	203.541244837151	221.54594706252	219.799677151061	220.95520759732	240.348005059121	244.227235252643	279.284128740934	275.648859919124	321.663382591542	0	0	0	0	446.992700741385	346.46271130373	335.5025665121
530.059	0	0	0	0	0	0	0	0	0	0	0	0	0	0	0	0	-218.62784377303	14.4603968333705	-7.94268620275444	2.64930298568872	1.42847579353209	5.6773428088874	4.37106035421214	5.48935357870634	6.25063482564236	7.75753550096284	1.16895362678994	30.0153134787201	27.6888390690118	28.0738380089585	36.8448313931217	36.8173832315904	39.2767541298901	57.9403580580188	56.9381747609095	65.4975143740908	70.6161596995405	72.4793383028801	80.0197585206403	84.9530747585898	90.2499242771132	89.1094660421629	101.62883154671	106.852515512	120.682270284084	126.076471167571	126.857844774972	136.058315444164	153.208289961419	166.901494025872	158.221910397885	172.331405519684	161.08233911026	171.851179305225	192.758722372389	179.646609575112	176.220430350903	209.364562939047	198.967651883022	195.627746937142	222.277765612745	224.076645795732	234.918726022354	263.5768240308	265.089329483837	0	0	0	0	535.512262951059	441.558674624342	391.636356622673	392.556030312012
533.388	0	0	0	0	0	0	0	0	0	0	0	0	0	0	0	0	-3.82512775099629	3.26899638245458	10.98394736977	11.6344121500195	6.72516609681244	19.5352992026944	15.619265392319	19.4521341145272	16.6803934214829	15.6027689789266	30.4954281274762	21.1308376688696	28.8552791253016	32.4892240519218	32.7097455920859	48.9782828005452	43.735464890997	58.8717511583779	64.3867570638508	73.4927500164735	76.2741604418065	73.2627791635236	90.085960066585	100.153790029382	115.606943936925	105.566707122134	107.483177829241	118.815172617893	106.94954205134	119.557037878546	129.051217453806	142.89590318018	149.879210830762	150.932764473919	161.678199361695	158.902112196026	181.665100742597	176.126384442691	166.069758183406	191.693295719115	181.843151873064	193.728929649458	199.788012111811	207.253180458668	206.308352604178	219.107891572581	237.276610118177	223.10197964159	276.888057484385	0	0	0	0	414.607624308935	392.727133924912	403.282708549249	475.117089869048
536.717	0	0	0	0	0	0	0	0	0	0	0	0	0	0	0	11.878103975854	19.3496094384894	26.7202558239311	16.5199653627856	10.5330060786944	26.2587555956847	12.2806664498667	14.2016272001876	28.8890427616438	15.7631253136544	16.4928084810837	30.7707406370751	27.7761804142243	29.7082313209759	35.3717876317507	45.1344739217744	53.9972301003733	45.8202423537894	59.872783084479	61.1314628219044	75.3903532680653	77.9491852513008	82.6860689027272	93.1498382150676	93.233045223524	93.5454682793475	111.345088443107	98.0533073996302	111.492394167373	126.23588237751	115.274209089325	125.44915830209	129.59361483584	147.412647392498	164.656809572602	155.253454717163	173.839567568402	153.437865970635	170.437630267159	176.789843933879	175.590762263328	185.582572421204	183.503415088013	200.581107014119	202.718950363121	193.104607124581	235.200623615971	226.856381699933	239.747581286632	294.409348128471	0	0	0	0	406.969457204892	506.116236223722	490.077705865381	441.79842454304
540.048	0	0	0	0	0	0	0	0	0	0	0	0	0	0	331.895692050143	-21.5108859255999	4.74941109937057	5.41430096799227	5.97537837196601	11.0769873029638	13.6914358648487	11.4507867354009	15.5980431155828	17.9482946188395	11.6398597012162	26.1019164391967	15.6881278144569	24.8491321943908	26.4896659761729	26.0298479009396	38.312073281853	37.6345719209671	49.4013617743652	59.0329398432372	60.3231711197006	56.7498572720659	65.4352175956168	80.72098098843	72.6484501158125	82.9248638044265	94.2695868758436	111.303445301064	93.9933646908253	112.899853453201	107.006255727891	109.246331169535	123.99707059481	129.051962830721	129.153831355136	155.304694254117	140.574333745531	148.799707147906	158.741296564264	154.25791197208	167.080586698146	172.228319280629	173.490849859621	173.27269506009	163.424843714269	197.698511184113	201.067955427471	196.582816230778	197.801296247243	234.545803647056	0	0	0	0	489.326559186029	438.056756626582	432.049286185149	341.13425144586	504.52152011546
543.378	0	0	0	0	0	0	0	0	0	0	0	0	0	0	37.6567898952434	-2.32560545444998	6.69958532090801	10.2137380381771	6.97460514062151	5.45252620771215	21.6705949794718	-10.6577939461609	-1.20029232771979	9.43389514764986	20.272737834461	13.9708493666798	27.7426648442405	23.8765461172284	26.515386536285	27.3076304056458	33.7072450951596	51.065718224427	31.9130287183308	56.2885519279966	54.1557097007963	43.6104627843744	65.799271739572	62.607713580849	80.2983172783765	69.7387957239078	83.259844945462	88.0497651708506	101.169669547654	105.270051862017	93.1518897546454	112.253662780651	121.214374949923	117.447443562313	143.870403311904	138.09491379778	139.90821871802	143.190925904744	139.789392649495	141.632539609006	161.60512832387	162.580242634063	159.454989585633	158.125870997074	177.729348802673	172.787412281049	172.315267833812	203.077480942965	187.774222189839	213.867909741197	0	0	0	0	367.540298113927	358.760023898742	413.297487193862	332.104828984192	335.880715737907
546.71	0	0	0	0	0	0	0	0	0	0	0	0	0	247.666176874143	0.99893945469209	1.88649805077424	-1.38426880963621	-6.04242285001324	4.53586206781076	3.94493900781418	13.0248981474085	0.690398780966857	19.1467059482223	4.62217314541621	9.01686884513936	20.4433143615778	16.6399458938107	24.3546960028634	20.7624786460026	31.9834782292855	30.621411411605	34.4928791908297	43.0164268826546	35.79186977801	52.1680596881785	48.3894522532424	69.4806005222985	71.593349550415	67.0241561285448	71.0153629842952	74.6949141033199	72.1566401158346	78.8135036707501	105.997411598694	97.2240098596265	89.5493314836318	102.107252436008	111.119841670147	109.54091802997	139.324256483226	129.525047648316	130.059015582445	133.916889457314	144.888080921236	148.604163915514	137.22424327014	160.604082443526	165.143648646937	149.057272305104	154.708180654173	179.366222680911	183.544612408751	184.717727674964	201.72911923664	0	0	0	0	311.313349229995	331.757133800954	322.383690718459	317.916290301522	401.752037304655
550.042	0	0	0	0	0	0	0	0	0	0	0	0	548.640651488028	16.1623530054394	28.7904730296294	18.4583363043391	10.8188091428804	8.62887075406129	9.86251960042039	22.5461841679075	21.6393675040384	13.9503185865104	15.8449695496041	26.529683671578	22.8551940939706	23.6496308874073	26.2869206561199	30.5227500065755	28.9129579511954	31.4728106067144	29.282947860988	36.9091268724893	37.1811259569188	48.3594888540275	56.1923091296205	71.4373855353032	73.4469508251809	62.9717892459234	76.2364460876724	88.7405570191344	84.2125417541192	86.899413425782	91.576206401399	87.7176460586925	106.686263774959	108.053159988788	107.061711030311	117.271268617927	118.401592889817	124.155763030849	140.431565903318	127.34741745127	149.198487767389	156.411218042661	136.708717255728	151.683547407971	154.71980932893	152.059838938823	166.53188928802	160.7052315193	167.684107334105	180.140696610852	189.05548700264	0	0	0	0	401.925140234446	325.613679370643	328.136037870614	390.273167824835	369.229378720009	402.832235192524
553.374	0	0	0	0	0	0	0	0	0	0	0	0	50.3421434963046	-7.24882243402965	-5.42939978707448	-17.4312625186559	-16.6744585306707	-3.87469257917125	6.57928737332273	-5.51254259893442	-4.45667826727918	-4.86625153923353	-0.319631553266713	0.787719727863821	9.99750513887798	19.5027498023853	11.4026845826966	21.3307936495075	29.4303580374294	25.061207061842	24.9128555050906	37.2463947070984	31.9699961540431	45.7059772069853	36.5666353632975	37.1804776597456	52.0710313161569	43.0810559021378	68.8840803783008	54.8413220707557	69.7183667384042	68.3906085399688	71.8959116996456	77.6865175793578	86.5853317777957	79.5303925134491	94.9052123884693	105.068292663255	109.316017909343	113.918571107456	98.0279063381635	118.139889265981	119.0639509981	122.426883570637	119.54849142894	129.47910446486	123.80825613904	134.925267706782	141.961868846994	159.999082419514	144.510969714862	144.67026028085	180.934744940898	0	0	0	0	261.575433534891	263.141378852057	245.240407451786	321.707193893711	274.932205342335	104.592988688271
556.707	0	0	0	0	0	0	0	0	0	0	0	251.012306188265	18.2940093110115	9.27553064321596	15.2021131149473	-1.87483671875308	-7.15848280454771	11.9548343672222	-5.76609241289141	11.3354222820333	5.5281704737253	-4.49289937316953	14.7595016815321	13.7823559493664	6.4522212528305	18.4757857025194	14.8347050525158	17.2542094751577	23.5028169747237	24.4953356348347	32.6636442779304	42.0836134575021	40.8569114157132	52.9003246966081	54.9632773679674	44.3669828895482	50.4542586433588	64.3505820821264	53.2025734946162	60.4646934113372	76.2209960813391	80.8451900487331	73.062994062395	103.721013722371	83.152656613548	81.6347590158546	94.2301692537567	102.012296557601	103.871999954731	105.292143368936	113.956917317869	107.118230083735	120.678368569587	126.510652126814	122.095916484889	130.33698244618	142.287111339713	132.668581126412	148.056686386918	139.727794983389	158.788230642618	145.961709657872	142.539241402943	0	0	0	0	337.611824971456	274.588984775124	321.279260658732	352.562160996248	273.01983014811	286.799661071082
560.041	0	0	0	0	0	0	0	0	0	0	479.605014869512	5.06227479653192	-28.501697133833	-10.272529808545	-19.5865692271458	1.87084970294009	0.0186824110784412	-8.96329305491924	6.95325003610617	-10.9326213746587	0.366700579645556	-2.41330162261697	2.10309985586792	-0.826806660838046	17.596917378295	18.6724231619047	18.5145552357852	16.4087373707626	22.9862747852982	27.9663373176844	23.7662108044783	28.7813523943407	27.5969079591969	27.3082774078854	32.7220079843108	33.5923820018682	49.7796551521524	52.0031665907101	54.1092367924709	54.7305961962476	56.6273145057379	53.103919520558	72.6336928662496	78.0127475695784	74.5878350387614	84.4746805202698	75.0520265520594	83.9783521713428	83.0404346587528	108.611102662611	106.74932412271	99.8199102367258	100.062810340762	102.442031311721	113.743646942192	115.958807295503	109.050033351213	118.811093255213	128.302670854735	122.18428198862	122.560078545255	146.146880830319	0	0	0	0	307.95515823361	222.057880561734	237.969025682697	258.152296019651	204.19745611129	188.746035217058	268.613813287845
563.375	0	0	0	0	0	0	0	0	0	0	75.3990036735407	23.1900055554886	36.143783421361	25.2226923938063	21.6172563526697	7.02708953228944	21.9062827126275	5.97979338880061	34.4335145837388	29.3779348121215	29.9287161994663	31.801054743297	12.3733009748664	31.976205107831	24.6212117216098	25.4286911657263	33.4618850614024	29.8728741670253	26.5064982071993	29.2311268122284	40.6740677684623	38.846458767019	49.7833374795579	53.9161045596744	52.7174275207743	56.4219875676988	73.0616935896998	56.6967932164616	56.2842883022261	66.6117282407468	76.7449296871819	68.4093269758749	83.2954243894407	82.871493429999	100.937826908821	91.2889850241479	101.948361094922	100.202520672579	88.5851069810457	95.3139229888984	114.459085526033	115.618388705443	117.913749268214	126.215589084889	120.35973443246	127.630832541103	122.568840336754	140.781596761876	134.839697911722	142.126857821105	139.770823450339	153.602150200536	0	0	0	0	301.522178961805	308.942264512547	298.211937797177	314.47296110701	357.19117030056	386.711748436588	334.186416680535
566.709	0	0	0	0	0	0	0	0	0	195.462614892866	4.17453559144654	-4.59079931947707	-35.6441834179576	-20.3948643232872	-9.47728337840291	-12.867394718634	-10.9405610210765	4.76962843485638	-6.705960077505	-10.3508196130435	-1.50395548302581	-7.03731762491966	2.1398005558228	-7.4697530792005	8.5893530145064	6.56647961756105	10.017139854113	20.2184806444857	14.9540399276872	25.5373435314892	19.7175826195914	21.2914053738772	33.2127138577979	21.4153237616848	28.5507271135968	30.909365055942	50.1016330694667	27.9931916489708	48.4415503776201	43.1944800218294	40.1083661789819	51.5724721985153	35.8144913607416	59.8214147332182	51.0969981581041	65.6354281786879	70.3318149463272	67.3619352375282	90.8914336454347	80.0147438111443	72.0917056241513	80.1681839122468	90.053611451045	92.9518858687103	93.2171352355331	86.855887673638	105.12826991084	98.8782858735638	105.716339924044	109.305067353963	92.6816901575552	109.287308623241	0	0	0	0	223.535275477963	166.648334521563	198.26228041685	167.267690084	206.201534327521	176.360789886483	80.2077660991604
570.044	0	0	0	0	0	0	0	0	485.805262846878	25.9244949262077	9.12745206716161	16.3445536512897	16.6850370056319	10.1039076067927	17.2422005783287	11.1206124411594	8.30756833181403	-0.458249915126635	13.5041781260534	25.8703695890557	18.6833129557806	15.3378887492392	9.02220336403917	10.8792032966333	15.6549585769009	30.6099758700466	21.6904619256836	27.638823046375	26.5149277793644	25.1357927623392	43.6671154829914	34.2867463325028	23.0947941165361	52.8382635926025	44.6015609154343	49.2815552995184	42.8427689567879	53.8496084920615	53.9846062101302	62.8907126536836	51.7837018296157	61.6762217539482	70.0114159884043	55.0108598562076	72.6902349119762	81.3580292474377	72.9350131114395	80.9840561690139	91.7224636928293	89.0722596437903	105.294296636035	73.739982450066	101.357165262934	102.097542026585	104.919050474256	98.0216031271383	113.255081742522	119.32472863542	123.1047988221	118.251471358598	138.590311382502	0	0	0	0	240.00522845087	198.474776288887	232.030341035902	273.955081240432	176.084610559432	314.232568011687	241.597741568647	307.809509573528
573.38	0	0	0	0	0	0	0	0	38.3622552572742	-15.2738023924319	-4.28247100572848	11.1669708061992	-8.96066413587057	12.8323205009425	8.66758102577219	13.6295968107338	1.8759614983439	2.23034835287749	-1.29230282414997	4.06855593667403	-9.59228173395311	0.360297291083488	9.72007823043715	12.9438396383924	16.2682382805649	14.1207020570036	14.5443596501692	19.5087242454918	17.1604865705229	25.0912903768366	24.5147834867427	28.1294453586125	30.2795016883555	30.0221684967848	47.6739874174192	39.0417640981426	41.4858329315222	40.1724375153993	48.4701235529165	52.2419219517274	45.2074631214683	42.6172091110323	68.3557460210341	71.3735962566543	55.5119771251548	65.2436868466558	69.4733919472009	82.6950050842984	86.2206084750183	75.4410048218134	87.155057734792	94.5561992078542	90.9031587882724	90.4225287598584	79.6882387697875	101.399356549579	93.5100791132313	100.730737692501	102.81317415269	96.9276153914068	110.267700469821	0	0	0	0	199.731051231467	180.511371325659	176.675592435304	205.168108941297	203.694265200692	176.307249028888	152.955438497476	268.713991327205
576.716	0	0	0	0	0	0	0	193.30925703987	13.2069098160445	13.3604486433112	7.93345073759438	7.63549697502896	7.27055936859577	16.0065272640977	5.605351289669	5.83164685207773	21.3455693816421	-0.00195387050105683	29.2950647373104	1.62203681831579	20.2992047328444	22.9247172512412	6.25424793778992	12.905369304445	18.8176783216182	19.8750728051783	21.1900404989627	21.1723669464044	27.314632268058	21.6145532166692	29.8065843877407	22.5184665892072	36.0330618657792	32.7781188744158	34.671166808168	48.2790155697147	43.6888137826632	36.0565392852716	49.0732080999157	50.6845680627701	62.3425426358561	50.3837419444048	65.4517382993761	68.8589069762159	80.5187277896348	58.6765371859799	60.0494500098969	78.3496538060248	79.1046816956039	93.0713933029098	87.8848872179217	80.086760803339	83.0932598750361	90.5559753531214	84.8400025335379	101.840425289564	83.9450482131245	108.686171674876	108.253016934202	125.652992068822	127.486699502149	0	0	0	0	181.707549271529	193.280182916505	220.487469553016	211.083675014726	217.307893326365	283.261203885204	201.768199475971	320.445391292821
580.052	0	0	0	0	0	0	425.717958463684	-0.710355053109184	-16.4029164501816	-27.1696628768591	-12.7509270320257	2.90856840887762	8.87131113701351	-12.1863881881669	-28.8391438167315	-14.9690151450608	-0.0244559859130247	-2.21163792726089	-18.5692646035991	-2.82775222421449	-9.89502886349779	5.33628636609392	1.54314155366459	10.5781123419814	2.04652664410838	6.19246448837968	13.3922689507756	8.73992152899524	9.26698235878531	23.8838905239049	19.987105460678	14.2142055942589	37.011553147187	26.3632309360098	35.0653447296284	32.2631404786267	26.6703494853857	28.6918298441318	25.5811809419012	41.9659526001846	37.2408688743429	46.7224380625894	42.5428933287335	49.4681241985847	45.6492004554587	59.5244991462188	53.3998043109445	64.4198746566144	65.6417258426779	65.2554275856037	76.8431031748216	68.772035772269	65.6526699723624	80.3246983787029	76.9949542978369	69.4022073024329	82.1041334127153	79.7232540019899	86.6581027157493	88.241847180287	0	0	0	0	183.683278463099	127.586283230882	128.008531521981	152.286523534864	159.77776327643	164.990187142102	108.50123201858	151.697272234216	59.1013527932849
583.389	0	0	0	0	0	0	15.9626053041196	-0.735687969562951	-39.0338099356277	-48.2371712437326	-1.21213700797804	-41.0253370408955	-28.1010258398252	-7.8761285777779	-14.5380653791317	-2.39804703116882	-8.70198442864388	-2.62907746799939	-5.49378921838791	-8.40327636991304	-1.51088306077162	-3.18429107049638	-4.32511343069135	0.791494080140664	4.06039444945618	6.13842668466336	12.0178600026399	13.8395470407107	16.7095270038321	18.704340299064	25.0675412286204	12.5284227421665	8.71579545693978	9.83718149076419	13.8743880300777	18.2538875676886	24.21627528888	21.1080244666274	38.8823739922649	30.3914980265651	39.5632117428388	40.811428667869	37.7178307523648	29.2521977170006	42.7015114205875	43.5759997479778	37.2751541208768	52.6293155923756	58.2190780594703	57.8884878645889	53.7044705755596	50.9912588876784	59.2300720687977	63.8849450759775	64.4914456351443	71.5393977078306	63.5121013058473	69.3716160769492	75.9009671005591	84.2542459048038	0	0	0	0	121.974814904527	95.0097312230887	120.905792469624	144.781099701185	106.42407982234	114.62048782572	97.6464322061016	107.407535181973	47.6150859778698
586.726	0	0	0	0	0	157.389294723592	5.51256976306038	-10.7223204882789	14.212246870765	4.32121359579652	-12.5637810730823	16.0490789075253	9.27654314296756	-13.5525033968341	-9.94733269068171	-2.86111800288578	23.120249353889	1.27576357495528	-1.27643181348739	7.94028608884231	9.74040860638869	3.49525217966717	16.2103503908361	10.3955198827059	10.841990426508	10.6236935526119	12.3324291936332	18.5552397572888	14.103830754161	13.0383217603078	12.5693954035809	19.4385824808032	26.2847910222948	23.5143222465472	32.1027566541685	16.9210018362184	37.3497842081017	38.0005559258703	37.6106402499673	34.4932047659302	26.9395934972982	42.3482964663287	39.8411313971853	37.3896332245067	42.0720334191033	36.9603444815893	50.234129669351	61.3691737575775	51.289467921807	67.7898072311564	76.5292182024794	62.9521202562143	63.8119323868173	68.7504229840244	63.7502751370234	74.9570286924508	81.8019126703473	65.2464493445883	74.3440848538179	76.9585988904505	0	0	0	0	125.795374629643	130.474551615653	113.24608776446	153.017800489688	131.492290983173	127.49271060129	57.3251441836474	146.696215105938	36.2917425076345
590.063	0	0	0	0	441.605704961607	35.1931665439325	34.6926105831863	22.1414836158563	8.43148467397618	31.8582063243907	42.0108043621677	27.0773676994048	24.7175325766148	7.86252300647192	41.0098438587479	30.0599299682762	23.2660377773505	20.0451727260209	15.8186650667537	12.7602886303651	19.93757029491	23.2227841784793	21.5091539827616	17.6275672484481	21.7746211083962	18.8509021022978	25.2640204770259	22.7923827423823	23.8276376095749	19.8425434515052	22.3708844974936	21.5964372342347	33.8921939228886	33.4252909769998	25.9295641417466	46.1925691302401	39.4205060564604	37.2579505822994	50.8924998056051	54.4711245590317	43.9508022715523	52.4256440449792	72.5021037851337	56.9135036416465	63.0766832411703	65.1835066838726	53.3733599017554	59.2621353989478	76.2065651368587	66.2675349993755	69.9155841646487	66.5841771731405	71.3056061750049	80.8043162287719	71.7942871814487	90.0521054367161	69.0847124220198	76.1484901211794	95.316683860569	0	0	0	0	184.855085441853	125.173102928845	151.301045342322	173.587327464451	186.65106418704	195.009670064766	205.856259997198	250.411751429424	190.14600195092	193.882283238677
593.4	0	0	0	0	54.6771114846151	21.7837335827444	0.699523128448317	-2.72518500083872	20.9825960991437	-6.94604287221459	-4.24584438105	-11.0809262422844	-6.12406229636645	-7.40975975594383	-15.6712324593945	-17.3668796607914	-2.32519450022607	-2.218705347874	-14.8034230858157	5.64440188429419	2.28154612144194	11.016410850368	4.9475278058641	8.86700318246948	10.4939284897122	17.2172947365017	2.0975655777481	17.8217409151656	14.9897052886172	17.2494880405113	7.94574828562227	14.9946418625191	13.3341553609701	17.9766089310921	31.6825718104872	28.8729927752753	26.9776110716701	30.547666998066	34.7627522013118	36.1051395674025	36.8384398390566	41.8762124894726	16.5808530693866	37.5846219486173	37.8651053047388	46.3668894055322	46.5097856624035	52.7572825117662	52.0611265465412	55.347973627041	46.2693841579193	65.3256981289795	58.5726861697412	61.8375612571393	68.7921810977654	49.1937840507837	62.4202138219573	74.2980825514256	74.4334454136723	0	0	0	0	126.236294743465	93.2438963787694	114.795330496775	120.13019887632	95.8837910913224	129.734081009581	172.609905143273	182.814953009241	127.239336861539	244.099867561347
596.738	0	0	0	185.451044446025	31.2688248038189	-1.47804580620762	15.7235406241451	6.95446419411535	-4.67119703194204	21.8728471223004	8.03728397957383	11.2783868826106	14.141445931996	-3.25205441803542	18.0057492188785	8.84148420365277	20.2053216730854	17.0440281274026	14.2116208162915	22.162503119912	13.9352900504455	12.6726491782722	9.162142475288	14.7410246122125	11.4647653390161	24.5425231061682	16.9032109777843	11.1268303424479	20.749464435328	20.828252013604	25.7125122121767	28.6488347989942	36.1104925596464	29.6642949605682	39.1130948262999	24.7037981000222	38.9249001286785	43.388185617825	46.8108223176481	43.802242574478	51.0246389346218	51.3099082449553	57.0078130792626	55.1115388531336	32.2862035726459	50.6175493302152	58.8613791344925	58.2536549564047	56.3643493809275	45.9809593066076	65.129047741906	57.8201129172095	64.4894756588702	65.2487575853129	68.8403175208616	78.9801697113299	82.8854063764905	75.6251616497436	86.7707460005464	0	0	0	0	77.2980450674256	100.374033233115	101.894844978984	129.350565415255	182.544420782655	147.339859609538	161.627123395681	73.6212267661876	176.406838188856	259.932500743162
600.076	0	0	302.80621672688	17.7531821476611	-4.64613825492748	12.000712523699	-33.328686120857	0.637455679678658	4.74091248304008	16.2913783868216	4.37202773936272	-9.01502235342447	-16.0648156996528	-2.18883215423587	-1.56701042811795	7.96982063453023	4.29476983977068	5.44764210567464	10.4412941040363	-11.2447080426058	5.890642760341	-0.748087682404587	15.0743244238435	17.271500118798	1.84987973342155	-4.5103396837606	7.24136744219621	14.9422465940808	13.7453870264926	17.1984859629607	22.120176689809	16.0319371391687	14.0892237326306	11.205244838961	23.6026478352493	17.4334027731045	28.5422127666431	33.1742611091336	22.8842257028744	25.2382748795215	34.9137706512627	42.8721514754699	39.6385435542698	33.9280096299539	36.7750062105066	34.0279635333061	25.2568370039506	41.5611139966868	32.6359874774587	62.1107974313175	50.4875279560509	57.4984166465067	39.2680832849314	53.0334242826072	66.5460653157829	57.7510805959525	50.8523153111604	60.4209937162237	0	0	0	0	146.016209624447	88.6544676247673	108.433989145943	133.991233741171	132.147673179601	163.685081938122	85.0315992985324	162.382027673759	101.687040062199	209.759130757661	45.8240474298415
603.415	0	0	12.1012855582805	9.77288576268531	-17.9472162506867	-0.756183130400707	29.2123810189127	-11.2980177812402	-8.87682730031749	17.7542059933541	-4.41550186515655	36.357039700015	16.7616043090451	-19.8498106608831	27.9177101922733	-2.52224460093253	12.4575411073405	-3.21186241602543	14.930038146412	23.5101528627059	13.0682191971378	29.6175839009858	15.1974128864165	17.1186083638847	6.93025713286453	14.8222445569106	23.4731964332731	13.483602655868	14.3824184718335	18.1727305254858	21.7993777252177	21.0932980145409	37.5761589495945	21.3060832326492	15.8604222154442	28.154421853056	37.4711653267415	30.5264595982834	29.4557988146253	36.4583998601591	24.9151956927188	40.1314851361103	42.4798083285769	25.393139155099	22.8895655250278	40.342560692199	50.2966810519255	52.7684166765858	49.2004992828199	44.859800964564	51.7979732052602	45.5464538414815	63.3409399554126	51.9886976573477	53.1195611019688	74.7647298045195	67.3591241915331	60.9163832543165	0	0	0	0	86.9622212016464	87.8013655618894	105.05134033141	99.7586607694001	107.118391474884	167.182481071229	105.231855549405	134.81647246735	163.179856728367	197.375742449027	92.3944075253704
606.753	0	153.788639654287	-4.35618856723741	31.0096071332044	-2.34628541480409	1.51610791925883	-0.00479977326525256	11.9977951388162	-3.42411181602856	-24.3922125452374	-5.70812494424158	10.9508870814667	0.564223215078853	27.6680393651957	8.9716731360105	-3.52164742682496	3.3646433288344	27.577039974856	2.14439447116517	10.1016675413606	13.8955338350269	2.94322474019591	3.88714323816648	-3.5147383478819	13.8963462298392	4.07126849740888	10.4340162513147	14.9269489737126	12.3075037078554	15.9142435349709	6.78587290984343	19.2244287167702	1.57076539545918	22.6565753780965	21.3162916937136	20.1955347074844	26.5067869784952	16.7488837495922	32.0207665242478	9.8980135788896	24.9787072882015	23.9870270667938	33.2020191473999	38.1659517834528	30.4020197964796	30.5691263504435	32.9944297314412	28.3084554900897	37.7006548483221	47.1598142908296	23.4148028046181	52.7784194823348	34.984674623356	44.7169171378973	53.8655944996255	49.4420082473694	53.0840085353293	50.8891074109958	0	0	0	0	74.9241056705732	79.7999455752509	69.3538229155475	96.3509293676307	110.993670508776	63.0997551116756	66.4162962135939	133.562170535966	144.71109172215	62.1525587374306	50.1857979300903
610.092	334.355019308358	49.2748081814604	29.6691685920028	28.6768315673656	9.41446698563876	18.24587116659	13.959825309268	5.67338935564064	28.8344380260874	25.7914164881289	6.9990099676899	17.0640625348262	15.1284861628399	13.3014636989069	6.35441421011611	12.1224293540247	3.35408392737414	14.3038678952655	24.2984502024915	21.1052849027603	14.7300438570257	16.010995252261	33.8284071240941	8.16729607291959	7.23619583574523	13.2238307549383	10.0091264586514	15.1464514040928	15.3472572972605	10.4998561623826	23.1756638838116	24.2369419339751	21.5888559646049	21.0990608634217	30.9515982547314	31.2101014494456	29.9418204526587	52.7052972732592	36.0298056620652	36.2749787441675	58.4511006425118	43.4616479072215	22.0746299907718	43.5804608985513	46.0933484070152	47.5992469168184	51.4996243605366	52.4335613658747	48.8395452125399	49.4788486785812	56.0316317499892	45.4956670731477	54.2492283390167	55.8330838293147	50.3584717558446	57.2552398144244	52.5685465722088	0	0	0	0	118.846522413488	65.1231704578032	76.9441551892157	105.65137330875	95.9153501982227	61.514735600326	128.80803372619	137.180714102063	137.168775163773	113.58696144137	246.684546067596	236.283704158779
613.431	100.580215735708	-0.940883270068514	14.8153655695818	-2.45014406838352	23.505124428343	3.0370871135691	2.93591840117161	26.2229796471009	-4.11415297238277	-9.90202830318355	6.32814650257407	14.0257359901704	-1.14535976614442	17.1847771231876	30.6593442454061	19.6713510926461	11.1008234986495	20.2731042347084	4.39487528678855	13.0662423555048	21.0729863609323	7.05709287175143	5.85076847595765	19.8323398282196	21.4138050690016	11.0455920700734	15.1325978521046	14.6025424787855	18.1470169233186	17.6205641914025	13.5864910307705	14.8535399771909	15.5349859837723	19.7748813631341	29.664139969913	26.6535758696282	27.5584098165167	29.3910647684964	22.4468194264432	38.1349068117724	36.5344218653773	40.3047322580574	41.5768448552447	28.3309799423465	36.220250390559	29.0272381680606	52.0526494689666	33.6609586575634	48.778874346287	36.9126948035481	37.7161718272007	49.8989444578514	60.3624690472601	56.6503341297047	58.2214423067598	59.0953014844206	55.8724245786224	0	0	0	0	87.0388561972048	80.501619814314	68.0729966395009	99.4266990828291	124.578364530617	121.132822682605	126.460987082965	177.459498905634	145.096316953171	142.858304729835	226.5240677196	143.208180595395
616.77	-15.8721024339756	-26.3872976683433	17.6889538986649	-13.2877344522447	-15.1011264960345	-3.08130749484714	-8.91770189997544	-10.7629557856617	21.5638209414043	1.34447209224759	-19.3139291806631	-9.28657621403213	-5.29676993613647	-13.5061334278131	-9.65631178903022	1.52946173997032	-0.489797669785486	0	5.80600732347775	-6.41889340134778	-8.87819951065027	6.41103652613652	8.56652031274814	3.24541918323972	4.88790256136103	5.35722487348758	10.5962637582265	10.7047610363831	8.93543505924958	8.93704817925803	8.42784330132205	13.9536179932012	10.9368266868145	15.1268857456292	10.977882238859	17.5960653794692	20.4450487997475	22.5948720308598	22.4122196757017	23.6013019945418	15.3098164129337	33.0268113472093	24.1988233266834	32.6622126307991	25.0643934823593	17.1504396101312	26.2542174540264	23.3985784160542	29.0517774066031	45.3777004679513	30.8607151251951	55.7498697688938	26.8866344420092	35.5095791730384	34.9402937456496	39.2197573210191	42.6793960487228	0	0	0	0	51.5498471327918	58.6031640191085	62.2740914733391	69.2793350660775	68.7456083206665	91.7045568311222	89.574370112638	37.0182663714459	104.660220938279	117.225639664394	178.11052997564	98.1339417190394
620.109	6.0888743711581	53.31208676188	-30.4550505780268	-11.2128746330249	-8.80427642701538	-38.8546598285102	-10.064461906715	-12.3452115097251	-13.692243637307	-10.7112675521307	-3.9632189887657	-17.4700095116982	20.2837835549811	8.99942065582311	14.5217499567175	-13.2186153665949	-3.60360487999205	2.30587971039013	2.72486721774202	-1.05467951448386	15.3851271749951	9.27594844050561	1.21703775998318	2.55020366003651	15.0341446599237	2.40030078382785	12.2165366242921	5.91583761396903	15.8301009962883	7.06563243388304	17.2701280891247	13.0461843763329	24.5353118024695	21.8496380312981	19.897677144877	11.2189702112907	17.1935553681313	22.5668102068093	32.9065839834326	21.4190268068477	29.2434874207251	23.2169032205384	27.5201267698723	46.8199909521042	23.6404997606601	31.0561914228805	40.4630999420296	31.8962624540187	46.3469633674986	30.4556605868229	31.1324428327935	43.3662677981088	37.4869381086195	46.6456377306798	39.1834755817568	28.3138707862819	0	0	0	0	102.939019156787	72.7665466529028	32.9212842948246	92.7052751305451	88.2958392916582	93.7802091122528	65.4217744362184	89.7874078623598	136.795812285421	128.766170800018	83.9252112487248	17.6479945967927	159.254710509245
