Sample - Blank	600	595	590	585	580	575	570	565	560	555	550	545	540	535	530	525	520	515	510	505	500	495	490	485	480	475	470	465	460	455	450	445	440	435	430	425	420	415	410	405	400	395	390	385	380	375	370	365	360	355	350	345	340	335	330	325	320	315	310	305	300	295	290	285	280	275	270	265	260	255	250	245	240
nm																																																																									
213.328	0	0	0	0	0	0	0	0	0	0	0	0	0	0	0	0	0	0	0	0	0	0	0	0	0	0	0	0	0	0	0	0	0	0	0	0	0	0	0	0	0	0	0	0	0	0	0	0	0	0	0	0	0	0	0	0	0	0	0	0	0	0	0	0	0	0	0	0	0	0	0	0	0
216.504	0	0	0	0	0	0	0	0	0	0	0	0	0	0	0	0	0	0	0	0	0	0	0	0	0	0	0	0	0	0	0	0	0	0	0	0	0	0	0	0	0	0	0	0	0	0	0	0	0	0	0	0	0	0	0	0	0	0	0	0	0	0	0	0	0	0	0	0	0	0	0	0	0
219.682	0	0	0	0	0	0	0	0	0	0	0	0	0	0	0	0	0	0	0	0	0	0	0	0	0	0	0	0	0	0	0	0	0	0	0	0	0	0	0	0	0	0	0	0	0	0	0	0	0	0	0	0	0	0	0	0	0	0	0	0	0	0	0	0	0	0	0	0	0	0	0	0	0
222.862	0	0	0	0	0	0	0	0	0	0	0	0	0	0	0	0	0	0	0	0	0	0	0	0	0	0	0	0	0	0	0	0	0	0	0	0	0	0	0	0	0	0	0	0	0	0	0	0	0	0	0	0	0	0	0	0	0	0	0	0	0	0	0	0	0	0	0	0	0	0	0	0	0
226.045	0	0	0	0	0	0	0	0	0	0	0	0	0	0	0	0	0	0	0	0	0	0	0	0	0	0	0	0	0	0	0	0	0	0	0	0	0	0	0	0	0	0	0	0	0	0	0	0	0	0	0	0	0	0	0	0	0	0	0	0	0	0	0	0	0	0	0	0	0	0	0	0	0
229.23	0	0	0	0	0	0	0	0	0	0	0	0	0	0	0	0	0	0	0	0	0	0	0	0	0	0	0	0	0	0	0	0	0	0	0	0	0	0	0	0	0	0	0	0	0	0	0	0	0	0	0	0	0	0	0	0	0	0	0	0	0	0	0	0	0	0	0	0	0	0	0	0	0
232.417	0	0	0	0	0	0	0	0	0	0	0	0	0	0	0	0	0	0	0	0	0	0	0	0	0	0	0	0	0	0	0	0	0	0	0	0	0	0	0	0	0	0	0	0	0	0	0	0	0	0	0	0	0	0	0	0	0	0	0	0	0	0	0	0	0	0	0	0	0	0	0	0	0
235.607	0	0	0	0	0	0	0	0	0	0	0	0	0	0	0	0	0	0	0	0	0	0	0	0	0	0	0	0	0	0	0	0	0	0	0	0	0	0	0	0	0	0	0	0	0	0	0	0	0	0	0	0	0	0	0	0	0	0	0	0	0	0	0	0	0	0	0	0	0	0	0	0	0
238.799	0	0	0	0	0	0	0	0	0	0	0	0	0	0	0	0	0	0	0	0	0	0	0	0	0	0	0	0	0	0	0	0	0	0	0	0	0	0	0	0	0	0	0	0	0	0	0	0	0	0	0	0	0	0	0	0	0	0	0	0	0	0	0	0	0	0	0	0	0	0	0	0	0
241.993	0	0	0	0	0	0	0	0	0	0	0	0	0	0	0	0	0	0	0	0	0	0	0	0	0	0	0	0	0	0	0	0	0	0	0	0	0	0	0	0	0	0	0	0	0	0	0	0	0	0	0	0	0	0	0	0	0	0	0	0	0	0	0	0	0	0	0	0	0	0	0	0	0
245.19	0	0	0	0	0	0	0	0	0	0	0	0	0	0	0	0	0	0	0	0	0	0	0	0	0	0	0	0	0	0	0	0	0	0	0	0	0	0	0	0	0	0	0	0	0	0	0	0	0	0	0	0	0	0	0	0	0	0	0	0	0	0	0	0	0	0	0	0	0	0	0	0	0
248.388	0	0	0	0	0	0	0	0	0	0	0	0	0	0	0	0	0	0	0	0	0	0	0	0	0	0	0	0	0	0	0	0	0	0	0	0	0	0	0	0	0	0	0	0	0	0	0	0	0	0	0	0	0	0	0	0	0	0	0	0	0	0	0	0	0	0	0	0	0	0	0	0	0
251.589	0	0	0	0	0	0	0	0	0	0	0	0	0	0	0	0	0	0	0	0	0	0	0	0	0	0	0	0	0	0	0	0	0	0	0	0	0	0	0	0	0	0	0	0	0	0	0	0	0	0	0	0	0	0	0	0	0	0	0	0	0	0	0	0	0	0	0	0	0	0	0	0	1681.57215759409
254.793	0	0	0	0	0	0	0	0	0	0	0	0	0	0	0	0	0	0	0	0	0	0	0	0	0	0	0	0	0	0	0	0	0	0	0	0	0	0	0	0	0	0	0	0	0	0	0	0	0	0	0	0	0	0	0	0	0	0	0	0	0	0	0	0	0	0	0	0	0	0	0	0	-133.032058546147
257.998	0	0	0	0	0	0	0	0	0	0	0	0	0	0	0	0	0	0	0	0	0	0	0	0	0	0	0	0	0	0	0	0	0	0	0	0	0	0	0	0	0	0	0	0	0	0	0	0	0	0	0	0	0	0	0	0	0	0	0	0	0	0	0	0	0	0	0	0	0	0	0	853.660951061498	159.926081358788
261.205	0	0	0	0	0	0	0	0	0	0	0	0	0	0	0	0	0	0	0	0	0	0	0	0	0	0	0	0	0	0	0	0	0	0	0	0	0	0	0	0	0	0	0	0	0	0	0	0	0	0	0	0	0	0	0	0	0	0	0	0	0	0	0	0	0	0	0	0	0	0	4694.8758888469	96.4332196016118	-350.240802839682
264.415	0	0	0	0	0	0	0	0	0	0	0	0	0	0	0	0	0	0	0	0	0	0	0	0	0	0	0	0	0	0	0	0	0	0	0	0	0	0	0	0	0	0	0	0	0	0	0	0	0	0	0	0	0	0	0	0	0	0	0	0	0	0	0	0	0	0	0	0	0	0	145.228833572924	220.916174662433	-487.287104233311
267.627	0	0	0	0	0	0	0	0	0	0	0	0	0	0	0	0	0	0	0	0	0	0	0	0	0	0	0	0	0	0	0	0	0	0	0	0	0	0	0	0	0	0	0	0	0	0	0	0	0	0	0	0	0	0	0	0	0	0	0	0	0	0	0	0	0	0	0	0	0	1920.108342664	-2.12977921034823	-157.029362793643	-696.60918102281
270.841	0	0	0	0	0	0	0	0	0	0	0	0	0	0	0	0	0	0	0	0	0	0	0	0	0	0	0	0	0	0	0	0	0	0	0	0	0	0	0	0	0	0	0	0	0	0	0	0	0	0	0	0	0	0	0	0	0	0	0	0	0	0	0	0	0	0	0	0	7308.36871934375	53.3738771959804	-144.715224291272	-559.258413263319	-661.057943970124
274.057	0	0	0	0	0	0	0	0	0	0	0	0	0	0	0	0	0	0	0	0	0	0	0	0	0	0	0	0	0	0	0	0	0	0	0	0	0	0	0	0	0	0	0	0	0	0	0	0	0	0	0	0	0	0	0	0	0	0	0	0	0	0	0	0	0	0	0	0	577.147146580352	75.7438560190365	12.7440005353675	-598.66516869173	-83.1333116198694
277.275	0	0	0	0	0	0	0	0	0	0	0	0	0	0	0	0	0	0	0	0	0	0	0	0	0	0	0	0	0	0	0	0	0	0	0	0	0	0	0	0	0	0	0	0	0	0	0	0	0	0	0	0	0	0	0	0	0	0	0	0	0	0	0	0	0	0	0	3065.83746916706	12.0155669679553	29.6708811056985	-439.830306701962	-328.891732031516	-352.045466425866
280.496	0	0	0	0	0	0	0	0	0	0	0	0	0	0	0	0	0	0	0	0	0	0	0	0	0	0	0	0	0	0	0	0	0	0	0	0	0	0	0	0	0	0	0	0	0	0	0	0	0	0	0	0	0	0	0	0	0	0	0	0	0	0	0	0	0	0	7949.16492399801	246.845249797299	121.661953802299	36.2231747831786	-276.894497637967	-74.8808916693645	158.148538001696
283.718	0	0	0	0	0	0	0	0	0	0	0	0	0	0	0	0	0	0	0	0	0	0	0	0	0	0	0	0	0	0	0	0	0	0	0	0	0	0	0	0	0	0	0	0	0	0	0	0	0	0	0	0	0	0	0	0	0	0	0	0	0	0	0	0	0	0	1013.86679845467	131.357514184242	74.700628715017	-184.660219758103	-242.707971857223	-18.6900797921399	-57.4836688346048
286.942	0	0	0	0	0	0	0	0	0	0	0	0	0	0	0	0	0	0	0	0	0	0	0	0	0	0	0	0	0	0	0	0	0	0	0	0	0	0	0	0	0	0	0	0	0	0	0	0	0	0	0	0	0	0	0	0	0	0	0	0	0	0	0	0	0	3602.94548933538	250.096815025775	187.32203882536	105.152525881623	-288.661653217071	-107.550268141813	88.6785978587128	-415.405728909938
290.169	0	0	0	0	0	0	0	0	0	0	0	0	0	0	0	0	0	0	0	0	0	0	0	0	0	0	0	0	0	0	0	0	0	0	0	0	0	0	0	0	0	0	0	0	0	0	0	0	0	0	0	0	0	0	0	0	0	0	0	0	0	0	0	0	8129.05733376404	429.276710754727	339.620113321522	270.789710384405	0.368206832016855	0.209909196158493	74.3098889871331	108.407397499664	235.337913774378
293.397	0	0	0	0	0	0	0	0	0	0	0	0	0	0	0	0	0	0	0	0	0	0	0	0	0	0	0	0	0	0	0	0	0	0	0	0	0	0	0	0	0	0	0	0	0	0	0	0	0	0	0	0	0	0	0	0	0	0	0	0	0	0	0	0	1423.02796647394	422.94234151152	442.537183454266	289.899627177248	143.63024940207	157.825697771344	191.530616836641	52.9506746407949	98.1580983348835
296.628	0	0	0	0	0	0	0	0	0	0	0	0	0	0	0	0	0	0	0	0	0	0	0	0	0	0	0	0	0	0	0	0	0	0	0	0	0	0	0	0	0	0	0	0	0	0	0	0	0	0	0	0	0	0	0	0	0	0	0	0	0	0	0	4301.8642170734	436.743742038612	589.190807865599	632.259510343311	384.342458172946	312.263627124825	345.84392145137	300.82781076613	232.642752772641	207.82735197212
299.86	0	0	0	0	0	0	0	0	0	0	0	0	0	0	0	0	0	0	0	0	0	0	0	0	0	0	0	0	0	0	0	0	0	0	0	0	0	0	0	0	0	0	0	0	0	0	0	0	0	0	0	0	0	0	0	0	0	0	0	0	0	0	0	513.551743211232	492.515653736961	688.951590711099	619.426159130383	357.499858787953	425.861170992716	257.035904443962	162.575832037707	79.7535502908907	278.709261581751
303.095	0	0	0	0	0	0	0	0	0	0	0	0	0	0	0	0	0	0	0	0	0	0	0	0	0	0	0	0	0	0	0	0	0	0	0	0	0	0	0	0	0	0	0	0	0	0	0	0	0	0	0	0	0	0	0	0	0	0	0	0	0	0	1575.89379669567	360.107929422221	575.525790669902	740.768383396179	647.856566142128	556.819405919421	552.576092061663	432.687592026876	292.688437751447	305.939509284174	224.651831376425
306.331	0	0	0	0	0	0	0	0	0	0	0	0	0	0	0	0	0	0	0	0	0	0	0	0	0	0	0	0	0	0	0	0	0	0	0	0	0	0	0	0	0	0	0	0	0	0	0	0	0	0	0	0	0	0	0	0	0	0	0	0	0	4405.6136894687	231.322006496691	386.458297242494	622.589748274104	716.278895161623	682.319313649197	681.509339481467	490.583367532332	419.303839201639	343.294394204187	230.490048083778	425.708473217324
309.569	0	0	0	0	0	0	0	0	0	0	0	0	0	0	0	0	0	0	0	0	0	0	0	0	0	0	0	0	0	0	0	0	0	0	0	0	0	0	0	0	0	0	0	0	0	0	0	0	0	0	0	0	0	0	0	0	0	0	0	0	0	535.120304440032	197.391894179526	383.909205387675	598.117676810038	735.874868500249	710.89151042952	730.368217811441	611.884719744014	426.319571834875	265.767445241671	103.752490876633	254.305971482078
312.81	0	0	0	0	0	0	0	0	0	0	0	0	0	0	0	0	0	0	0	0	0	0	0	0	0	0	0	0	0	0	0	0	0	0	0	0	0	0	0	0	0	0	0	0	0	0	0	0	0	0	0	0	0	0	0	0	0	0	0	0	2408.89875219032	148.029741255276	263.089359071998	460.565988224354	696.899461491076	742.771144964345	863.974983007481	772.554330349704	595.606831892579	586.0661814284	510.936413681794	445.32741735512	426.128982885154
316.052	0	0	0	0	0	0	0	0	0	0	0	0	0	0	0	0	0	0	0	0	0	0	0	0	0	0	0	0	0	0	0	0	0	0	0	0	0	0	0	0	0	0	0	0	0	0	0	0	0	0	0	0	0	0	0	0	0	0	0	4429.30086558459	178.550408672618	148.558556780131	283.423835837264	475.196424925182	625.754703718164	830.179103986159	848.613440517842	772.530641035612	693.789363695984	468.153196107237	464.635417707117	513.286640158812	523.380960415773
319.296	0	0	0	0	0	0	0	0	0	0	0	0	0	0	0	0	0	0	0	0	0	0	0	0	0	0	0	0	0	0	0	0	0	0	0	0	0	0	0	0	0	0	0	0	0	0	0	0	0	0	0	0	0	0	0	0	0	0	0	573.851402474957	132.588999041839	180.873194302422	315.122545078556	520.978781338957	655.60965265703	866.067394027733	853.876835302461	804.215018023894	623.069904189117	549.124287357588	621.062957436173	504.737337918945	563.784445931594
322.542	0	0	0	0	0	0	0	0	0	0	0	0	0	0	0	0	0	0	0	0	0	0	0	0	0	0	0	0	0	0	0	0	0	0	0	0	0	0	0	0	0	0	0	0	0	0	0	0	0	0	0	0	0	0	0	0	0	0	223.236666997359	109.579902329014	167.665618143315	208.467776222633	321.271526912005	504.82410033592	710.424557800045	800.135997587517	862.073927008702	727.009578455254	614.385118838512	469.68805289801	509.956551849141	423.291155873895	609.158590848088
325.79	0	0	0	0	0	0	0	0	0	0	0	0	0	0	0	0	0	0	0	0	0	0	0	0	0	0	0	0	0	0	0	0	0	0	0	0	0	0	0	0	0	0	0	0	0	0	0	0	0	0	0	0	0	0	0	0	0	-20394.0811966768	129.54185409184	152.687868088045	191.762739327473	256.242344235286	366.405491422065	521.614573347091	716.991438008411	911.49712268862	841.634391856975	806.643084774267	660.888634414341	485.534915455849	512.834353155751	547.647974151462	358.096842775455
329.039	0	0	0	0	0	0	0	0	0	0	0	0	0	0	0	0	0	0	0	0	0	0	0	0	0	0	0	0	0	0	0	0	0	0	0	0	0	0	0	0	0	0	0	0	0	0	0	0	0	0	0	0	0	0	0	0	0	-3425.788719346	128.050359545276	161.448198699918	212.598537031781	285.884074304366	383.099294186162	596.253692112861	775.336635286007	841.779300522127	815.848032255058	805.910944442429	638.043882286081	539.571080404687	551.62182771123	497.234811675732	717.543764151889
332.291	0	0	0	0	0	0	0	0	0	0	0	0	0	0	0	0	0	0	0	0	0	0	0	0	0	0	0	0	0	0	0	0	0	0	0	0	0	0	0	0	0	0	0	0	0	0	0	0	0	0	0	0	0	0	0	0	-5560.96216790909	44.7158549651685	165.705289494617	207.243427097548	302.049391791813	351.481138819375	442.33345150444	686.219795067239	786.268622364874	896.471791259792	826.124598210834	855.365913441376	759.669095115306	711.690447262784	665.706954049384	891.487805293452	837.62448412096
335.544	0	0	0	0	0	0	0	0	0	0	0	0	0	0	0	0	0	0	0	0	0	0	0	0	0	0	0	0	0	0	0	0	0	0	0	0	0	0	0	0	0	0	0	0	0	0	0	0	0	0	0	0	0	0	0	4506.97146897548	-210.696544250319	53.6269946461615	183.146427370289	232.248700821183	335.750053830183	373.223454474746	519.296158125817	696.619875609933	763.347837480013	817.374571766538	901.374883800138	679.020354812881	697.074829443036	603.303112101669	513.785974347984	665.585990469465	815.657308633848
338.799	0	0	0	0	0	0	0	0	0	0	0	0	0	0	0	0	0	0	0	0	0	0	0	0	0	0	0	0	0	0	0	0	0	0	0	0	0	0	0	0	0	0	0	0	0	0	0	0	0	0	0	0	0	0	0	701.890745486441	-14.0660809060447	103.675084208221	187.251381532427	257.52787067936	312.03017981186	350.892580448129	530.252296630262	651.32227825897	734.406766637111	777.306844563367	778.75172611508	694.533232551439	575.106195140558	517.448046904838	414.737526613574	519.202480449818	516.839274429051
342.056	0	0	0	0	0	0	0	0	0	0	0	0	0	0	0	0	0	0	0	0	0	0	0	0	0	0	0	0	0	0	0	0	0	0	0	0	0	0	0	0	0	0	0	0	0	0	0	0	0	0	0	0	0	0	2173.93774157548	92.8719358352009	83.493525256027	124.572357339342	247.079729477809	300.515255150412	368.006702996477	467.347842799349	569.493693562958	680.44703745397	784.72033426576	794.467620809321	788.7100811875	717.454789586697	696.403073147028	677.931291005284	577.152937465613	551.027474765938	692.084363253895
345.315	0	0	0	0	0	0	0	0	0	0	0	0	0	0	0	0	0	0	0	0	0	0	0	0	0	0	0	0	0	0	0	0	0	0	0	0	0	0	0	0	0	0	0	0	0	0	0	0	0	0	0	0	0	4855.34413633026	192.37870905645	89.1727564175206	96.3040717555868	177.393705130956	280.813966450927	337.129247995491	400.995653432692	495.857556999422	616.795707564704	698.966091704893	764.784585911025	743.191781462821	699.901114237377	715.50796937141	648.338243428567	589.641221586862	540.921690792373	637.541099793129	642.86529976406
348.575	0	0	0	0	0	0	0	0	0	0	0	0	0	0	0	0	0	0	0	0	0	0	0	0	0	0	0	0	0	0	0	0	0	0	0	0	0	0	0	0	0	0	0	0	0	0	0	0	0	0	0	0	0	875.011488914212	88.8306878426019	125.764092488394	155.974706022277	231.761365352812	334.69301241455	386.646607184145	488.87314864988	542.00033017814	645.723525713699	734.54402024415	735.383181152964	777.377050509089	832.167006468703	777.564551356564	729.069576101147	631.019845563372	561.331118671587	671.867894213304	623.354107052874
351.838	0	0	0	0	0	0	0	0	0	0	0	0	0	0	0	0	0	0	0	0	0	0	0	0	0	0	0	0	0	0	0	0	0	0	0	0	0	0	0	0	0	0	0	0	0	0	0	0	0	0	0	0	2674.66812026325	105.15007154885	120.176343575874	153.46785147827	177.34969581326	255.455696118222	350.302496953857	408.285334245573	490.799830072473	573.959369977089	653.089884087797	745.687322009225	757.669988690017	768.03899624893	725.257798055913	684.121888919525	619.786883508414	667.268593379854	817.920929091618	527.927005270135	766.977828861732
355.101	0	0	0	0	0	0	0	0	0	0	0	0	0	0	0	0	0	0	0	0	0	0	0	0	0	0	0	0	0	0	0	0	0	0	0	0	0	0	0	0	0	0	0	0	0	0	0	0	0	0	0	4751.15460399566	269.462923990686	106.064992774837	158.939547358352	198.359615579351	260.203003424034	333.432561033378	414.510240020553	512.965133577203	577.764822752129	644.272394100279	697.886529190036	754.301951970296	785.458404694016	800.844466756723	771.414943440436	801.467319130041	772.346960534586	726.559639773575	694.731651898006	1021.1303863073	743.587312947982
358.367	0	0	0	0	0	0	0	0	0	0	0	0	0	0	0	0	0	0	0	0	0	0	0	0	0	0	0	0	0	0	0	0	0	0	0	0	0	0	0	0	0	0	0	0	0	0	0	0	0	0	0	937.624313026482	114.087493127534	148.798088055633	204.126402659281	257.806963092759	286.42040487572	360.524887194248	449.153237405456	525.301175387781	627.982472790797	685.798710258935	720.691375832277	802.603157190122	864.362376675333	807.621076886738	775.406969180904	758.685718016895	715.782546194435	719.287037240022	814.564717843124	774.554821788111	960.768704867396
361.634	0	0	0	0	0	0	0	0	0	0	0	0	0	0	0	0	0	0	0	0	0	0	0	0	0	0	0	0	0	0	0	0	0	0	0	0	0	0	0	0	0	0	0	0	0	0	0	0	0	0	2396.4347970724	94.8975580187317	95.8486973226422	147.85981012086	216.566599442107	257.073073188466	321.568741519273	387.567846620365	458.73062728369	587.924583749293	654.380540434481	678.780930406076	686.931098797226	708.34537701342	741.261090919799	725.479808608955	740.981398928348	684.088215159587	646.609415299991	576.109815293218	596.442210406232	599.318847944155	654.729896234599
364.903	0	0	0	0	0	0	0	0	0	0	0	0	0	0	0	0	0	0	0	0	0	0	0	0	0	0	0	0	0	0	0	0	0	0	0	0	0	0	0	0	0	0	0	0	0	0	0	0	0	0	272.466906760432	108.35845640179	143.569260757864	211.202141187408	268.083064566025	321.090236978318	401.170406636698	465.222421452155	567.555833386965	673.632268438445	666.694433888942	724.930118894067	759.806848400825	789.799079922454	814.748976589673	785.343964346967	771.571930244639	778.86348653861	782.938680996803	838.578223641273	892.082786970725	911.548943801939	868.076578590497
368.174	0	0	0	0	0	0	0	0	0	0	0	0	0	0	0	0	0	0	0	0	0	0	0	0	0	0	0	0	0	0	0	0	0	0	0	0	0	0	0	0	0	0	0	0	0	0	0	0	0	968.501862581055	84.2489437388233	127.136009297836	166.109228029216	216.413190664502	294.642423016866	370.019866009195	423.554201656799	507.295908280735	618.423743323125	664.74588628745	739.878134763178	737.196596749654	775.246483824115	811.944240165588	785.483887067809	806.351220704664	731.50667350437	670.538496223404	761.095284697357	825.665139379351	893.942633837178	798.536780282352	841.521838245381
371.446	0	0	0	0	0	0	0	0	0	0	0	0	0	0	0	0	0	0	0	0	0	0	0	0	0	0	0	0	0	0	0	0	0	0	0	0	0	0	0	0	0	0	0	0	0	0	0	0	2601.49748561272	115.659494869082	105.722722033238	153.939525734271	208.586521703259	271.114772522353	356.600179742762	420.557639120918	507.679675887601	607.75504203893	671.173403280125	744.760051992108	770.355936559677	808.44405571168	806.181862900811	838.981079253715	838.067577700389	864.915049613215	740.066912923	861.704380102995	824.413904396703	869.105114217065	946.25867504731	964.784340616547	1325.3353859286
374.719	0	0	0	0	0	0	0	0	0	0	0	0	0	0	0	0	0	0	0	0	0	0	0	0	0	0	0	0	0	0	0	0	0	0	0	0	0	0	0	0	0	0	0	0	0	0	0	0	306.113000960989	116.188243290601	146.233165071199	183.428154084635	264.209858516859	348.887804000444	417.613904091251	489.930313240181	580.053931294213	676.161989709877	745.981346660372	810.09049216114	829.544799279268	854.680694809412	883.598533399018	884.676775169909	891.985887988413	861.630112601291	885.876765565475	841.343696333361	850.517045407135	905.797367253599	1011.84866300266	1073.90589604646	1237.69389769828
377.995	0	0	0	0	0	0	0	0	0	0	0	0	0	0	0	0	0	0	0	0	0	0	0	0	0	0	0	0	0	0	0	0	0	0	0	0	0	0	0	0	0	0	0	0	0	0	0	1090.60194615871	78.1937105681645	117.787538262087	160.493959988886	219.990842976878	316.8515807308	377.835159721398	465.986070203628	542.523469005127	635.577882247971	735.460276355956	816.124771190818	862.783289584744	880.402593430282	915.499906140477	900.737459323144	876.057262403239	896.816216607543	939.220102590801	905.260246099507	933.173051282668	950.050103123082	946.942127908523	1012.33521383222	1194.65240944084	1313.4044945813
381.272	0	0	0	0	0	0	0	0	0	0	0	0	0	0	0	0	0	0	0	0	0	0	0	0	0	0	0	0	0	0	0	0	0	0	0	0	0	0	0	0	0	0	0	0	0	0	2714.95356766237	109.158954994015	114.1866904147	169.670147624524	204.108128520806	265.48690654015	351.740084938022	457.57558183431	525.430327877148	625.404601959812	709.984147097101	798.016756964886	904.412843122906	940.045120409005	963.291559395693	970.244999814776	989.415499223996	960.052302379762	948.332234254722	942.396512790578	961.515592451425	982.020861603216	992.548834134975	1160.81376742183	1254.46272983687	1508.61020926696	1617.03747751516
384.55	0	0	0	0	0	0	0	0	0	0	0	0	0	0	0	0	0	0	0	0	0	0	0	0	0	0	0	0	0	0	0	0	0	0	0	0	0	0	0	0	0	0	0	0	0	0	340.901105006267	57.7613937585815	118.132234384708	153.806869135857	228.885890609671	307.003781734332	382.651243304982	443.311966223559	571.175847365411	658.849128882764	734.169106523168	813.875658808984	916.629198692179	951.546622255539	990.570843826575	988.038785993384	964.942059262491	933.205044670979	953.239864687409	914.609993460472	866.055484774205	927.458479526509	1009.44594461886	1050.66311953728	1287.278490739	1305.80389702238	1544.54057523746
387.83	0	0	0	0	0	0	0	0	0	0	0	0	0	0	0	0	0	0	0	0	0	0	0	0	0	0	0	0	0	0	0	0	0	0	0	0	0	0	0	0	0	0	0	0	0	1408.924811948	74.5149416209573	110.843902353927	154.813718895964	205.40133051759	282.691260293694	359.36571252131	437.421968765454	541.607332833988	619.540232690628	732.784365945579	838.534189951474	903.796488491298	978.841734426149	1012.66498439989	1020.70854890443	1025.89950991901	1008.84868782338	1004.87144929185	1012.54364032199	1009.31781657727	1015.25938821774	1004.9512500361	1114.18652221671	1254.20724675617	1254.3627284791	1471.83397951589	1677.50392878093
391.112	0	0	0	0	0	0	0	0	0	0	0	0	0	0	0	0	0	0	0	0	0	0	0	0	0	0	0	0	0	0	0	0	0	0	0	0	0	0	0	0	0	0	0	0	5695.22508387886	111.74530307173	81.5081756241588	120.977002296637	164.246712144595	235.872786135489	306.86272705485	404.666364091772	476.130056118812	575.334814890093	691.483581649577	780.175644035662	841.350852370462	951.137627056552	1004.45061288439	1041.78944679051	1086.82099333431	1073.18652590106	1031.62506907941	1007.95089079074	994.121891132188	985.183270874656	977.688403269746	1084.89635979188	1070.17538969019	1197.34630325999	1373.3849560073	1522.22946768591	1713.33288863705
394.395	0	0	0	0	0	0	0	0	0	0	0	0	0	0	0	0	0	0	0	0	0	0	0	0	0	0	0	0	0	0	0	0	0	0	0	0	0	0	0	0	0	0	0	0	792.81320732012	88.9912253062192	126.139173546202	179.092301522775	220.917932158725	317.297489120914	374.30471879359	461.286970977262	534.254132675668	627.145620856936	742.41846072415	839.816731002111	928.269773190878	1001.59737049228	1064.39167530822	1115.83570779307	1100.30507772757	1112.46283063681	1105.27109719062	1103.12262988338	1045.92836442754	1124.77945340135	1084.26065757822	1182.65814702185	1342.47768521338	1474.96195442287	1570.79199596251	1838.54813549666	2035.58570115583
397.679	0	0	0	0	0	0	0	0	0	0	0	0	0	0	0	0	0	0	0	0	0	0	0	0	0	0	0	0	0	0	0	0	0	0	0	0	0	0	0	0	0	0	0	2203.77652821869	73.7935624274309	95.9404154988574	123.740267516211	177.327729027452	246.336402060122	325.270825084189	399.094004041549	481.118394393467	549.244330338622	671.355594074641	760.039642745384	829.03861651779	935.172444225884	1028.99269053547	1090.49552837821	1129.42448659563	1129.75429450961	1113.18433174969	1097.40691769216	1077.35561292337	1034.97068649424	1000.14544568214	1025.53773909448	1112.47492932215	1174.55542465328	1244.5698808415	1561.17655340422	1729.19331291789	1906.14561851121
400.965	0	0	0	0	0	0	0	0	0	0	0	0	0	0	0	0	0	0	0	0	0	0	0	0	0	0	0	0	0	0	0	0	0	0	0	0	0	0	0	0	0	0	3388.56526052798	135.066751113728	93.6668829106911	113.117326108451	155.3783252393	193.487797965035	283.788642894364	342.40502338503	443.616362630292	547.328789870259	610.962982291385	705.903594147882	805.137179081904	884.075903829166	972.057731471358	1053.8414411946	1114.93809158847	1158.11244202982	1145.82030240256	1084.36936389312	1092.5807287216	1108.15884506855	1095.52221046094	1074.00652547513	1112.83761085645	1086.77873364531	1294.9728264771	1324.23997568916	1583.66121079507	1673.73317728246	2151.97437581755
404.253	0	0	0	0	0	0	0	0	0	0	0	0	0	0	0	0	0	0	0	0	0	0	0	0	0	0	0	0	0	0	0	0	0	0	0	0	0	0	0	0	0	0	476.085583162507	96.8910561470443	117.510436279223	128.985114903026	183.975577651327	264.558479238889	315.069993586718	397.249149053925	484.845168348249	576.271301963769	649.985966598348	765.755602439631	837.619771619096	934.292526812335	1044.13084010827	1090.60052242867	1144.17031555298	1199.93863932526	1200.57801663381	1164.21877579128	1150.25066941858	1132.58834458761	1110.15766647858	1108.88759288099	1167.79157048507	1246.81404939881	1349.60073093814	1545.24335053106	1778.6336954337	2016.49676658983	2165.70926986807
407.542	0	0	0	0	0	0	0	0	0	0	0	0	0	0	0	0	0	0	0	0	0	0	0	0	0	0	0	0	0	0	0	0	0	0	0	0	0	0	0	0	0	1664.76907920979	70.0167422548613	94.7695759578411	115.868764104877	152.394083916391	219.554975963545	276.617252835524	361.610999395048	461.898859471714	514.028184901594	618.102690150721	698.825795618637	796.546001882501	854.17492700891	942.501796369963	1033.07038818233	1098.45572234464	1164.57244248794	1188.37379885288	1207.29398219181	1195.95371532472	1120.53723105737	1143.35381906021	1146.40508783241	1167.85949835633	1168.69627945239	1252.50283717701	1429.31981960522	1591.56496445166	1710.795583095	1886.2211888242	2122.75316218398
410.832	0	0	0	0	0	0	0	0	0	0	0	0	0	0	0	0	0	0	0	0	0	0	0	0	0	0	0	0	0	0	0	0	0	0	0	0	0	0	0	0	3513.56680335269	147.993649707394	92.917268579457	129.289703067608	151.495041883954	193.361366307004	242.806458608531	336.81238278154	401.116917414594	495.567759052825	552.976563435809	630.319309450742	714.171575602319	826.87725474983	896.625291824078	1006.1609842208	1049.90102094995	1110.91692199323	1162.19452770928	1196.73891365029	1220.31154438226	1160.68246265116	1138.55987103315	1146.54601189961	1111.45420365623	1159.93835516403	1189.64217068113	1222.99933908311	1439.66464829127	1582.27426055383	1845.00976559226	2006.03445374093	2117.23576362063
414.124	0	0	0	0	0	0	0	0	0	0	0	0	0	0	0	0	0	0	0	0	0	0	0	0	0	0	0	0	0	0	0	0	0	0	0	0	0	0	0	0	555.631080733792	57.5314951740251	72.4276146424624	124.27079542669	159.342471127872	206.371480634587	244.73958450962	314.997748691131	414.437297402695	507.274092145639	579.424855898718	653.535495363272	745.371806872355	826.908647380675	893.904254508725	958.15883268593	1040.82735942279	1124.25885415504	1166.92339195675	1172.91122830052	1191.04254348957	1161.72449255511	1138.03324452441	1110.75768774634	1129.0827907072	1111.67630001243	1156.09934464176	1229.29487585071	1386.50456173994	1465.24033652969	1763.7123759082	1899.38468614158	2171.55325464265
417.417	0	0	0	0	0	0	0	0	0	0	0	0	0	0	0	0	0	0	0	0	0	0	0	0	0	0	0	0	0	0	0	0	0	0	0	0	0	0	0	1605.21112751172	81.6337714049058	72.9068120009707	123.613843268552	123.634702865935	186.28366637961	229.768591488527	282.698848231288	378.774287523072	456.496712434775	517.068240019503	610.208107455079	701.168576865242	774.303056425778	830.24772852415	920.426210984981	1002.6099893752	1065.24261855704	1121.92623828371	1181.88563624982	1205.63300045777	1166.89469324802	1124.6811950348	1137.59840444853	1102.69046803232	1116.74527373218	1155.29410627668	1209.17768167213	1287.79114334473	1425.32014882899	1636.50706403242	1695.77935673347	2011.97838078877	2177.731956977
420.711	0	0	0	0	0	0	0	0	0	0	0	0	0	0	0	0	0	0	0	0	0	0	0	0	0	0	0	0	0	0	0	0	0	0	0	0	0	0	3198.59145464251	129.245282866928	60.3184144071908	77.764813637002	104.46297214269	158.627635825317	218.933081813517	252.140008412941	307.460303671532	379.867745951041	484.196962266316	571.007160094724	643.562518986001	711.660717426706	767.922030327651	857.129723971788	905.163799848435	990.37234210257	1048.59734716832	1079.55009835506	1158.28448094836	1179.93670704408	1181.22269422445	1109.33281748172	1146.90061833867	1109.97979446997	1126.80397141922	1125.78504915857	1171.874505639	1304.45567057075	1469.9456257042	1650.60146091268	1943.89773921611	1978.96107558669	2194.76537080695
424.007	0	0	0	0	0	0	0	0	0	0	0	0	0	0	0	0	0	0	0	0	0	0	0	0	0	0	0	0	0	0	0	0	0	0	0	0	0	0	565.311157388433	49.8115183267336	67.1356471717885	87.831775670234	121.46611360102	164.225051771077	207.846806975515	259.64269850985	333.739364245701	403.316163955997	508.087196594489	559.144489118519	664.598162085863	708.446478915172	764.340358517855	850.400409501606	919.155110359382	974.22996002817	1063.90177309703	1094.24310028701	1146.82322246428	1182.96630550343	1166.75153152732	1083.30504050434	1063.24506660198	1112.4867465733	1076.87432216749	1123.76643824068	1186.21383194973	1285.90732666868	1450.20774405572	1567.87495344839	1743.22598644267	1814.60819996872	1990.01107309956
427.304	0	0	0	0	0	0	0	0	0	0	0	0	0	0	0	0	0	0	0	0	0	0	0	0	0	0	0	0	0	0	0	0	0	0	0	0	0	1573.52093114402	54.5751907163519	50.5836433875702	79.5736839305807	120.021588506573	149.736676461202	187.851310773978	240.861377033356	283.147070784198	343.09376865956	432.858418856792	515.703000877193	597.574758058432	665.354277858684	715.618932523617	776.569598578023	866.034068147079	918.662178908795	992.107010542018	1040.18070955143	1086.5834694428	1136.00352714027	1133.93975331124	1091.21766659038	1069.47857813932	1094.70264298467	1084.59774826335	1064.93679338954	1113.84633717061	1153.57519914319	1277.35877896294	1442.86006283755	1555.75410146726	1767.85489680544	1881.7534288322	2049.81243964531
430.602	0	0	0	0	0	0	0	0	0	0	0	0	0	0	0	0	0	0	0	0	0	0	0	0	0	0	0	0	0	0	0	0	0	0	0	0	2976.15939223798	114.139333733832	32.0589829652683	58.1267954072125	72.460249620327	93.9476268857965	135.248915285135	187.951271245299	245.679763823652	301.345985367949	372.719961381959	421.574724233861	543.182973544615	610.952957391939	654.595810759987	710.642330886054	784.950407566782	840.888920856687	893.682934598287	941.658392101084	1003.95247061888	1083.75688524164	1077.61997318194	1090.77352296176	1075.92743586453	1061.68936940419	1030.46924960632	1034.9841914966	1048.08688721056	1091.10630872738	1175.06861103269	1237.2792200419	1381.10254723791	1483.88600966325	1624.82966712775	1726.32528638887	1724.45118220939
433.902	0	0	0	0	0	0	0	0	0	0	0	0	0	0	0	0	0	0	0	0	0	0	0	0	0	0	0	0	0	0	0	0	0	0	0	0	505.436811263392	42.574632698077	67.1875789930641	78.9682859338481	109.343541359896	150.578765469916	199.824391145803	228.486757069622	271.689432065196	339.618725928921	396.545837603074	473.87955675552	555.823029878314	613.787843284803	689.902173849746	767.00573504657	790.586621665676	854.653852011304	915.70114821536	963.71026031773	1031.62650463019	1049.66873106156	1093.14872544788	1102.3666046135	1110.58237100758	1051.7884721044	1080.12420737648	1038.53461627643	1062.29053724246	1123.18351527886	1193.30538450243	1356.60885527706	1468.73574842471	1569.25172099134	1799.68928213302	1977.28464395557	2029.16884404462
437.202	0	0	0	0	0	0	0	0	0	0	0	0	0	0	0	0	0	0	0	0	0	0	0	0	0	0	0	0	0	0	0	0	0	0	0	2288.01009764431	55.7812369930053	57.444387243411	73.0817989028502	97.2047492656156	126.982037800599	154.312476298994	185.235652584937	241.265131209601	303.55086659701	348.461970721156	401.181247060544	494.647310665313	582.605235132035	646.457129266302	704.739237999612	769.468850755864	798.327865389387	851.430199099124	913.177206523234	962.029511371793	1002.10674314526	1046.785676142	1093.09496249613	1083.34046454551	1080.00701724176	1047.33388342286	1036.58396658149	1056.51709463708	1085.39978121873	1089.22180315157	1180.00991381675	1325.23957558083	1489.06661981979	1595.29879925926	1819.67436894321	1867.02653047375	2014.04433010433
440.505	0	0	0	0	0	0	0	0	0	0	0	0	0	0	0	0	0	0	0	0	0	0	0	0	0	0	0	0	0	0	0	0	0	0	9193.05074134916	121.320209127875	31.8491619640396	59.8142320772904	70.2874349833522	94.1252145054958	124.872495618643	172.786118037335	213.927755603304	240.288470497102	295.776375239174	354.126074405546	411.494989159531	494.537502039831	572.002790973867	641.335986912175	687.821840625662	747.212579403734	777.87186703934	844.105019726286	898.723768663952	928.793465040168	976.950554021207	995.932401527462	1044.14245828391	1051.99227117871	1039.45914147265	1024.10423242375	1001.9470261052	1016.65248530092	1003.61538045296	1040.59718668546	1141.260306642	1299.9754015578	1436.54961681722	1524.64917774817	1613.68363833112	1741.89902853995	1858.68158742661
443.808	0	0	0	0	0	0	0	0	0	0	0	0	0	0	0	0	0	0	0	0	0	0	0	0	0	0	0	0	0	0	0	0	0	0	835.795701013904	59.8063430522554	62.2701251847524	80.0216657951132	102.43539492804	111.291690044761	150.661210136495	197.728741106388	234.101974487383	292.70769089252	344.877752971334	385.967933899948	448.958876694194	521.768204075917	605.311392228696	662.629413326756	712.320813430655	745.474404456959	810.979929571697	854.289576417006	887.228514835561	958.667826858273	969.481122325827	1004.59576652225	1049.30388899641	1039.99752879568	1006.34277147677	1002.35537048443	999.150716339702	1017.97461925334	1047.24894838834	1122.82308345476	1198.13759171326	1313.58004807991	1441.14359775737	1705.77914548288	1744.58627691853	1832.41204853042	1970.88623390172
447.112	0	0	0	0	0	0	0	0	0	0	0	0	0	0	0	0	0	0	0	0	0	0	0	0	0	0	0	0	0	0	0	0	0	2031.02207568284	71.8838309919277	53.2144460966939	58.3746664794171	91.0304430811631	108.841105857522	134.298998404566	169.145630432422	210.309165967679	238.239960713087	288.854524274968	333.545875523098	382.275147104336	458.491410763841	535.525767672751	597.362878910193	682.810663773359	717.497199957442	742.452154075258	783.447281403941	834.992453658622	899.832091869076	904.342195478026	953.881652683159	975.832901950597	990.23353152564	1011.44557190579	994.783505629972	978.295710025775	970.17780405669	972.865099655307	994.153447855533	1096.67421593951	1168.71588090436	1289.07556491668	1470.30778434315	1616.93791305495	1702.66924738155	1863.97943008078	1715.6893735624
450.418	0	0	0	0	0	0	0	0	0	0	0	0	0	0	0	0	0	0	0	0	0	0	0	0	0	0	0	0	0	0	0	0	3721.92446271389	161.599363636641	65.4297791720313	56.9448720328011	79.5975060547041	111.612437847508	119.64873850526	149.764080972931	194.85942442072	242.371251588323	282.043789243348	313.50961331608	359.516477727002	405.888295742202	459.564689864473	538.684453518977	596.814184841352	659.55247415664	700.442931588004	727.880223222114	777.61634240488	813.206319780702	848.673281285549	894.237809982852	915.884211600528	932.94332095735	967.826956942481	980.726615406263	970.7027924533	951.637392092141	936.908943041099	985.297847094365	992.189667386172	1111.56389810244	1149.0931537859	1315.09407731225	1458.78428622466	1566.94736103984	1794.62447409941	1781.70973898859	1979.70524501456
453.725	0	0	0	0	0	0	0	0	0	0	0	0	0	0	0	0	0	0	0	0	0	0	0	0	0	0	0	0	0	0	0	0	629.072997767921	33.4087474902165	36.0316470173623	46.9417569524406	61.8542808446332	92.149896256567	104.067641228237	126.653476826841	152.176676027838	200.372948285994	266.533461805601	281.084779289897	334.644259709497	391.226138091102	451.779144772291	526.777431807813	577.11416005717	639.263061612086	653.589690395799	690.099553492373	744.337776423098	786.362217545754	813.33615313773	854.366245295822	871.0400027063	907.079146248367	913.097975416722	914.567633107616	897.193663702008	901.241047278704	878.976682458666	929.129515199266	935.219926233084	986.239638064951	1064.00000770075	1193.81076319065	1326.78013943522	1401.79124075801	1513.28716502863	1591.88279828007	1679.82844900107
457.033	0	0	0	0	0	0	0	0	0	0	0	0	0	0	0	0	0	0	0	0	0	0	0	0	0	0	0	0	0	0	0	1394.031892076	53.9774963637139	61.7018328010462	72.8418131730322	84.0282767532001	106.785355089765	124.637654849197	147.430445503402	189.263110413433	224.109520008041	256.972215897442	312.840016457211	338.300834486313	384.45815430309	435.193696318339	472.875615290503	532.059348150995	616.389529477864	656.642795876248	679.202965065424	716.474041665592	751.824612314897	787.783561398921	806.256088008547	854.657609985779	876.002006510181	887.357576421514	906.56610392813	941.017966859841	919.695339312308	908.626697007672	921.398442229381	917.747115542199	989.890558294465	1041.9370017971	1149.32688110106	1291.65221301546	1380.70616481107	1529.1743076758	1604.51369075277	1841.38421568121	1828.32087951368
460.342	0	0	0	0	0	0	0	0	0	0	0	0	0	0	0	0	0	0	0	0	0	0	0	0	0	0	0	0	0	0	2386.11880358717	99.910629772383	46.6740071278086	61.6461350262191	60.4823823206143	83.2088363129004	92.9341811484945	135.959694323248	149.959391801131	177.881272638409	208.275336120799	238.601483537981	291.876961897755	346.079790021745	362.990294556383	408.680634444404	461.346414475245	514.179827009749	589.986220588354	634.968667942703	662.555358594784	686.180454904568	732.280198813704	768.747110686789	780.266086956892	803.073342258274	819.764611711498	834.85609627218	859.674299295201	876.001017509619	873.216004042992	825.025460485934	865.698113349521	868.286485895265	920.742080993208	984.201036607113	1095.10311625965	1205.72297960656	1288.80311164665	1512.07716284201	1656.54591467546	1589.35662761802	0
463.652	0	0	0	0	0	0	0	0	0	0	0	0	0	0	0	0	0	0	0	0	0	0	0	0	0	0	0	0	0	0	371.323550007486	40.0591226411129	28.8147452363014	54.6225605728462	69.9192827500996	77.880804941666	108.715997333035	121.528649638395	149.300078867923	175.20380959226	227.854378896671	260.284836327747	287.898544463141	345.984794276608	360.655269994087	405.907297972507	472.287790739989	508.059181700441	571.489364764109	621.52068492759	645.023746173896	661.617983990607	697.349324282949	721.942437543793	745.632915047407	771.779896845474	777.33060766312	819.940292423652	826.889720407415	835.090751888777	825.15522549486	829.958973964794	786.460204724115	851.555792255104	869.123753839743	976.740733003655	1054.01480258515	1210.53315652517	1319.83508888595	1360.11962472586	1486.70643699955	1569.56784251626	0
466.964	0	0	0	0	0	0	0	0	0	0	0	0	0	0	0	0	0	0	0	0	0	0	0	0	0	0	0	0	0	943.883502344105	24.8822331880078	34.4726547188996	37.4449113819432	55.8906914645765	62.9030337000828	80.1114224120235	115.838047604935	144.295619630624	162.845166112384	185.988025083156	224.375478277648	268.522260142032	290.830864046647	328.18413272541	376.74232707727	402.379984899051	452.244101401605	505.239592997207	563.900713227477	596.66471523749	637.890882546409	663.285049903841	674.987127725668	724.951796501838	742.945852839713	740.716201184412	768.153281218521	776.676095171887	795.444529945014	802.496415149868	778.479555241022	780.855643946935	806.480207883987	820.398434831185	862.058664226395	895.346291497791	1056.17300121754	1154.77755121317	1199.62136223913	1378.59465724529	1419.09694826002	1594.52880888816	0
470.276	0	0	0	0	0	0	0	0	0	0	0	0	0	0	0	0	0	0	0	0	0	0	0	0	0	0	0	0	1743.09814311719	56.1526856221902	13.8801988070902	30.3362224725096	39.7588553218691	54.1816028911136	76.297881145679	90.4746923785774	97.871472785704	143.896157399164	156.4237998473	192.520914218128	217.135015527764	258.593721216947	291.251232959552	320.280628203684	362.286209541212	390.712289082727	431.31056572489	498.930681621937	537.064570923771	591.275305170778	619.949466170513	625.681449702142	652.656409254999	667.644633674118	700.896163777811	712.814663070225	727.791316137693	757.469284497163	750.729066399411	761.467768228724	767.039884069588	782.807732556762	750.482118586115	783.416553071388	834.763821677656	892.119668922338	958.160251687602	1073.56200762306	1236.77734262044	1375.29115664494	1338.49500466081	0	0
473.59	0	0	0	0	0	0	0	0	0	0	0	0	0	0	0	0	0	0	0	0	0	0	0	0	0	0	0	0	256.070503074566	29.8294759353226	30.4274039115382	46.3366817711147	66.4002613602363	83.7554010529877	102.444572428983	117.988556707553	146.657739406814	149.782641167143	197.987450888815	219.638344215981	250.055413763574	288.49853161337	328.352313201034	334.127821904862	386.104458664839	417.470271442471	446.576053890759	494.594117001119	548.969942370164	591.014158154839	603.184817947974	623.881389377546	636.769196149436	673.158261906696	676.432656766326	710.155701585821	720.969570552786	736.860841180978	763.209490930457	759.651103154311	752.717474134075	752.806933600929	766.627242464649	802.913044113616	876.399332726167	902.002423536986	1008.81305234769	1119.56705209608	1256.50449909933	1324.17973728284	1416.06747451965	0	0
476.904	0	0	0	0	0	0	0	0	0	0	0	0	0	0	0	0	0	0	0	0	0	0	0	0	0	0	0	786.205665155497	24.6268884129058	21.9237793878933	30.5064508595472	35.6867667193451	44.4136274169649	61.5055006910064	87.1727995527234	106.083522800773	121.030967613322	151.988047329146	162.406029491271	196.325729280791	223.844036068185	263.044816030178	290.907627446897	326.183294232151	365.942695958982	393.751791350541	433.58946819712	469.53771523846	514.056528414546	556.708267208677	560.693249590301	589.834017465736	622.813391883739	641.59968167006	652.277394473063	658.158869372705	648.715754932603	674.841432872644	698.33515811994	703.362322899004	713.354772002626	706.19003011608	719.404943115458	741.020666849896	783.102045110974	842.900554180902	916.648261276209	1036.417703231	1190.14922560122	1197.81948696451	1299.64453841252	0	0
480.22	0	0	0	0	0	0	0	0	0	0	0	0	0	0	0	0	0	0	0	0	0	0	0	0	0	0	1514.9490445385	49.0168748792466	30.4703029094701	32.7797978064612	46.9484193917933	57.2201984295588	68.5836413587988	87.0244366911513	104.846191959051	123.501466418298	163.301122413664	167.456779183942	210.268433227071	229.909430151782	252.510228728589	275.45234717163	297.24120026617	339.585208587101	385.655355179562	374.779159086179	430.26202763426	474.043780015325	513.138451976082	551.51984509689	574.831553705551	586.759326752447	599.179310921174	622.045297588241	633.109867230037	636.136637299346	648.131590226823	656.678768827586	674.540266695768	693.836465330457	678.059613432448	692.910622284977	693.381836335418	738.713536353968	773.004892079992	867.550208901393	951.672062758651	1018.40086405071	1193.07129695622	1278.19511026398	0	0	0
483.536	0	0	0	0	0	0	0	0	0	0	0	0	0	0	0	0	0	0	0	0	0	0	0	0	0	0	252.817268806302	30.1688488851916	32.2825902811856	35.6882931677245	32.1364798075684	53.2427220617009	66.3391105697486	84.5037054478709	103.367914991438	125.997654356785	144.040482954617	174.686234737447	192.438445297695	211.483642336812	227.932843441117	268.072615877638	305.950166163769	336.969244377788	365.343923801946	382.254454569415	416.318124726197	458.895887622641	492.209192112947	537.348062153011	553.409616816185	559.882078119887	590.905804354974	589.036173587166	617.821380870503	633.287018176832	627.470606947594	650.012234137987	646.293732034054	667.500000331881	660.415584758137	671.658791178573	676.605766842805	721.818736554965	766.081164162896	800.236364046427	923.40778957444	1052.76277926869	1113.29437015689	1196.34743794643	0	0	0
486.853	0	0	0	0	0	0	0	0	0	0	0	0	0	0	0	0	0	0	0	0	0	0	0	0	0	845.09443207864	26.2656861005724	24.1446830239905	27.056813904215	37.0131225678519	49.7582539137669	57.024324284089	77.3758815474693	96.3774873686965	105.350149858214	137.46455916561	152.937703778289	178.701749052446	210.03756699154	233.103126657476	247.522805255223	294.668011180456	314.68063465809	328.189506885934	346.869864865071	378.965799616889	417.103050562743	460.216683894291	479.524250944706	509.71273461986	531.578564006144	542.076669153725	550.842740530528	559.648457746489	581.409169401921	593.056619329148	630.042180769692	621.995615814884	627.477184814612	635.159374830429	669.332549662014	660.98605149002	660.761967857098	709.174729561871	736.398839707029	851.825339063281	906.578063423219	1014.21597837473	1104.99165213274	1208.87624012357	0	0	0
490.172	0	0	0	0	0	0	0	0	0	0	0	0	0	0	0	0	0	0	0	0	0	0	0	0	1887.5092871834	61.6367762953736	24.3142174653636	27.4966757178442	33.5206355474116	44.7439073842957	57.8948031971563	67.9729255360163	77.3938321527043	100.055079540613	120.541357032691	138.013456022541	172.581576233683	183.599293076117	208.866865876594	225.514252465312	242.25844745145	277.887981186135	304.569151694305	333.760043433516	350.154999176845	382.255002744932	401.425903888848	442.098135323131	476.758352475369	499.851191369861	520.449511961267	514.722180691255	549.474129205096	536.195520777341	559.641515588425	590.957901212374	559.129664584493	592.996603318663	601.821908025097	619.184474898934	654.777590984379	642.201979546286	654.462645350574	693.670267391088	722.796459307808	769.558234568668	886.485276256413	969.266400612216	1115.51278673783	0	0	0	0
493.491	0	0	0	0	0	0	0	0	0	0	0	0	0	0	0	0	0	0	0	0	0	0	0	0	274.047162127084	12.6692143621823	18.9164381332385	26.3122301260705	41.9708070608375	44.6831910868565	58.0622160540787	58.9719303098758	71.4005350238581	101.689815607231	103.830171219565	135.124282179728	150.850077074382	160.579139475691	201.279616305778	213.16672529419	241.144839977781	259.888482668212	283.016573789829	298.574453452259	335.807118243596	360.086413310501	392.727227822239	405.610789014116	438.069094177229	468.384443745436	492.060302788913	507.037006070126	528.679558596649	526.282750384868	536.122556029585	540.487789341118	562.030027217919	557.370135088037	588.355438826843	573.504420243321	594.497657744179	591.469784249813	619.069556778068	650.208934808366	697.760972563765	766.306285956473	857.232440971402	935.186339605433	1034.34371031251	0	0	0	0
496.811	0	0	0	0	0	0	0	0	0	0	0	0	0	0	0	0	0	0	0	0	0	0	0	907.148547902371	26.1728594429579	18.2171753951839	36.6239424929318	32.0013290659878	40.8158050524838	46.0381565439373	62.9379919629666	74.7535238695401	89.2800301192999	111.256616586468	126.539065913937	151.479866084834	162.062901995385	191.379279237237	213.088247801548	228.67127432699	255.091401885832	269.916328421499	306.760082989209	315.55443722954	348.652373033721	348.522430427444	376.533984969468	423.771510065349	445.317319588312	472.099259326637	493.985265673219	489.378377588965	504.297474993269	522.362572142989	514.570385327754	530.342577639372	557.907089660663	544.871260540161	573.417856517356	583.24690124171	582.01407209407	572.345600588536	630.042888441182	620.296882813705	659.541928864028	760.718978398274	839.385983448219	911.680140777354	1012.22755251503	0	0	0	0
500.132	0	0	0	0	0	0	0	0	0	0	0	0	0	0	0	0	0	0	0	0	0	0	2145.9801109763	51.6323572601334	19.7483203647317	27.1093590464474	27.5651857845096	35.091262335812	38.7079755926355	54.3972563698357	66.2115252209293	78.0911560760043	84.8836775163499	107.983452607399	118.884802543937	156.278071444967	158.084418432812	180.058462384969	192.693751280261	222.712853973741	257.351298935984	278.226528654046	253.307456978087	307.447626025422	315.815464951245	331.452032452713	364.209060597942	396.143998065392	428.485646968618	446.134410508457	461.154917805591	459.735028745283	485.827928361132	486.097915359606	509.584512852591	500.47971402966	509.778033763853	509.951405454858	532.20591228072	540.414354914891	556.157851186864	570.906328570959	579.231575133777	623.317510463776	650.593665295139	701.561862819739	815.898184727583	870.103712453608	0	0	0	0	1179.16492414534
503.454	0	0	0	0	0	0	0	0	0	0	0	0	0	0	0	0	0	0	0	0	0	0	331.770510252289	23.7561674004919	29.035873441135	21.7278256537396	28.8582335444825	37.2255438405401	46.1236162297799	59.0894657756961	74.8161288429864	71.595136917702	91.0726615224249	108.146936107654	136.656806930387	143.473643585557	161.327309828179	180.501952266893	202.0247897032	218.914796672847	242.208705296521	251.441524144336	278.923212656233	291.049649584434	315.017711588488	335.822380936642	351.156243272711	384.973397794814	420.579816241788	432.606373500614	432.374607925904	439.364196146147	442.823258187673	455.851800537198	476.446996134359	472.014847944738	486.457441127771	478.738716160619	508.559457331598	521.329390124781	514.588928766316	530.429393976597	562.83702499672	590.40490746391	611.01456244852	714.694341662459	746.519933346792	887.551721118509	0	0	0	0	1045.44237180854
506.777	0	0	0	0	0	0	0	0	0	0	0	0	0	0	0	0	0	0	0	0	0	902.602463886506	16.6344005196697	8.96791174583054	17.5506308105196	19.9186268776921	31.8596445716584	39.4050031975309	50.4293075670784	55.8321881783232	74.4831248865853	86.2610461491868	94.6672933304794	106.060229238959	131.883068514926	133.387543770119	167.891812807967	170.153475016156	200.54025109849	202.845018050465	219.54542535616	249.709953210689	261.070569947149	288.327511009598	313.432004786767	308.747846902192	330.870442029677	360.558396488434	364.174614073468	404.374864144345	416.565309162149	410.775525352797	433.019120939284	439.383549299067	448.394366149863	451.650693020446	449.255639793624	471.845103195247	493.32469308512	491.006991645022	493.972559085588	510.658904558773	536.908817799394	560.706760042298	608.186928097273	647.088210191517	716.530758268145	819.772159864438	0	0	0	0	1133.78721897538
510.101	0	0	0	0	0	0	0	0	0	0	0	0	0	0	0	0	0	0	0	0	1375.66943205223	56.2175704064977	15.6068973621742	14.5863808027245	21.648343482307	27.6131411099258	32.5086839148065	38.9730269417005	44.5340744508025	50.1756759312856	72.3122535107541	76.2344473392731	101.832532337859	97.9714742377987	126.453214665366	138.811001007846	153.430894098033	172.331811507325	166.573673616851	230.911246928842	209.732698549626	214.886449552467	253.413219434108	262.802133048516	287.359104962668	300.812583122277	319.74805281455	327.692503262862	370.031825454585	376.787511257933	373.49668640011	402.851023439615	411.160247424221	412.791612163517	404.758337073163	417.828701679779	438.309632656494	449.328513451215	445.829219882447	449.636715827023	476.250569866389	465.74107004688	488.085089843613	525.804347772865	560.378096801654	618.082223727579	707.046554491168	0	0	0	0	1056.55850348225	885.505238323344
513.425	0	0	0	0	0	0	0	0	0	0	0	0	0	0	0	0	0	0	0	0	205.660181797916	16.8590304471609	15.3105950687603	16.938082151091	19.030110209814	26.3424020583232	38.8581949911571	45.8765542589407	45.6442274173547	60.8446756158303	64.2561551637761	76.9765476130689	79.5323029491951	103.431015139965	135.850862907667	142.273478796118	148.650460541582	153.044708330621	185.020202518739	199.633381480655	216.838703248692	239.795215385183	255.04421947551	259.696878756444	279.272004416936	278.643675742309	295.052680265452	323.288845099836	346.179632191634	357.873024285509	359.447341754672	375.843968833558	385.945655904607	390.289548991955	394.464592435874	394.162687444443	404.870394139813	400.183905633432	416.512235380097	434.210396857705	461.875086153297	465.427427023432	484.493569755799	508.259842562716	575.293928935739	588.278933752647	671.318139089572	0	0	0	0	897.603162507982	871.205667766766
516.751	0	0	0	0	0	0	0	0	0	0	0	0	0	0	0	0	0	0	0	728.792999587173	7.88788476410936	4.67969703786931	9.07591231809882	21.8976338267888	30.868432119376	30.3684312881237	29.7198881578172	35.670084007079	55.3208271301963	60.6874168931214	79.8689281173381	86.685129598319	85.725846606509	104.784981457428	118.331018542416	139.77554759024	140.56361454271	170.535439075636	175.215441309885	188.081142305813	204.274370220887	220.206323286736	223.147877763115	253.202643652112	257.837034398456	274.501944362305	282.862288830462	313.720788536314	340.446696221786	358.60362929158	360.31944529283	364.103992036533	371.783961573413	366.867188395934	376.973056598027	385.127371375658	390.601748312295	415.00826294163	408.094266740302	416.392461371689	440.066822595976	419.148267036201	465.550821595534	490.928749869214	525.556038460471	550.866185922526	619.876372088884	0	0	0	0	822.02268782411	761.292313939142
520.077	0	0	0	0	0	0	0	0	0	0	0	0	0	0	0	0	0	0	1898.0434162114	54.8498813755893	25.87287037286	31.3365503127308	34.5305303304475	41.2784403596489	44.344773621987	35.7053753803224	51.435166353332	59.9619596064119	65.9135133890789	71.6700347921819	86.6928036487087	93.9093936649147	104.22891123927	128.134468447459	132.836520474564	149.992890672304	175.871095322882	195.234682384921	201.909908659852	195.678756122122	219.952489704816	239.393865113222	264.887349072551	271.872501298008	280.953425047588	283.898785867052	286.260810116866	326.501754599697	350.830541716177	342.240862469672	369.461271321829	366.678354213222	378.297211261492	385.055402986263	384.158407674552	404.857581939847	407.446620806121	397.965306205845	413.675638939264	417.905245662043	432.617501177958	450.165119665426	478.503953490131	491.657407729426	550.97871680383	612.413005672415	0	0	0	0	964.253209108431	980.164816580466	1083.47159080641
523.403	0	0	0	0	0	0	0	0	0	0	0	0	0	0	0	0	0	0	277.196615249274	15.9490510953846	15.0513045557949	8.22139194456852	20.3843414708103	19.9859566498822	28.1262793224986	28.202063180969	39.6747601672434	50.1595473270836	51.0744261328535	65.6183149450358	78.9613253812407	84.6759315268284	104.102035485979	115.317240804837	122.030110393932	136.519983696023	147.291380777007	168.270802365978	183.287222701914	192.505124246615	198.070687268726	220.026548310443	213.381747641112	234.647231956361	254.826899117145	263.530299655819	275.965121655695	285.040398891622	313.447992169197	331.437531685771	326.59734860178	335.23389405236	337.377706786993	350.43546705094	362.929623968922	368.679831491293	375.062565203436	377.001285542465	373.001253219764	405.241568676548	396.311672211696	427.061000038819	423.888607142115	462.541140306044	498.077567635612	557.631229716028	0	0	0	0	818.290948791711	800.78816963413	865.782391884715
526.731	0	0	0	0	0	0	0	0	0	0	0	0	0	0	0	0	0	743.447559750937	21.7302558255663	8.85082532555744	39.2012600040869	9.14866215057941	32.022361751866	33.9053802234294	28.5491564477383	39.7256483900627	42.895415305079	51.3711796455063	51.7917692881131	62.5690696192106	75.3080408906108	74.4268961141637	98.5807022137223	118.195129583327	136.425521943091	122.929968513757	156.393891713173	151.012237146274	165.264086170601	191.393585773381	195.86228560701	201.650517698189	235.101670716669	227.493149873646	233.396135671767	255.89838715098	251.48132426647	280.419348022477	286.549576138967	313.407032554473	302.629627386082	308.887466207265	323.587876993483	322.259069860382	338.719416235998	345.186332336688	358.780141350161	351.729665278202	358.461391439824	365.847461453726	368.006375300299	406.115439469964	418.29176188907	436.417361423751	473.911602301374	517.292374948496	0	0	0	0	793.317343335608	869.295752558994	714.583015427583
530.059	0	0	0	0	0	0	0	0	0	0	0	0	0	0	0	0	1567.486080915	49.9944072470214	2.75259910422217	32.9247803174975	3.56955826995034	23.6895366900999	32.3486162087289	21.8031062122234	27.3518406970683	30.0225575094528	41.5747083205717	55.8986919003355	59.6677438171449	76.0808213537678	76.3594938040854	94.0573315300585	88.9854718888289	106.674424974044	121.845594017476	140.585503687986	149.908143398344	151.15660245975	167.042180921515	172.124447117512	182.286711954756	198.327466244715	202.977971966104	208.509034409514	225.006663484223	240.501420737486	247.64244212577	253.930305494231	287.52755093217	286.033523595474	283.443231651673	290.438906459743	299.163738620692	300.096451825895	307.311407967274	326.55363898414	332.500647778207	332.605760363372	358.844163368074	346.587070497035	367.312848416125	373.788508205802	401.535439181428	437.688151862396	470.010576034424	0	0	0	0	762.660344838091	706.943836132367	715.726778199164	688.229321387996
533.388	0	0	0	0	0	0	0	0	0	0	0	0	0	0	0	0	229.208483459547	4.90457421689051	2.75168961565097	9.3775954394674	10.6126519425634	12.5707854174828	15.3181306630236	14.5788758065351	29.0183178219015	33.1655548534258	43.401487799575	40.369488469509	57.393816930734	56.1356820127565	72.768121609309	65.7149782877449	89.9111915347	100.273091338622	108.258196038865	127.572470874813	136.252011862766	135.397294683919	162.356895695825	181.105952233641	167.945892250808	173.46172682531	180.892068929923	192.782385426034	202.168233929855	207.877691165551	239.59041988087	244.98854212369	264.420115632414	272.03293023461	271.145815097331	276.437378961289	282.524428813965	290.489643863176	284.379278261004	287.319598193807	281.543483397035	310.380899410375	328.880824761674	318.269705334623	327.730066135496	332.226816727481	356.631362100182	374.378185511772	421.39377618475	0	0	0	0	585.100403802645	622.158668085759	672.711960613272	616.782186991826
536.717	0	0	0	0	0	0	0	0	0	0	0	0	0	0	0	937.946248234994	23.2029975581845	31.221043743121	19.6768416139877	20.6766831441046	28.7268369038217	28.840768973142	30.1124360769048	40.9381883645062	33.1387658110593	35.1729062727922	49.0625724735617	50.6603990520954	63.8181558451778	70.5055280649281	69.1201231057537	94.139382773505	91.8218773779955	107.137726248161	115.907175182948	122.68227389346	135.346949022513	157.072272464106	167.172413018491	161.399274261768	188.169192382227	197.730923415602	187.754819298715	202.998406675737	216.856148527435	209.765866347144	219.229770952139	236.336483886727	255.697988701605	255.575922147715	272.564392191294	266.951376073987	274.181240097991	292.725174593972	288.571291260577	292.539171081133	311.205338613061	301.267945328152	313.273428040245	323.372328458837	336.21959164774	334.060718349348	359.47182225925	376.620119580229	447.642626402499	0	0	0	0	674.128380548954	661.760555178633	601.086194174954	701.660768962951
540.048	0	0	0	0	0	0	0	0	0	0	0	0	0	0	2137.28905776252	26.8326759903563	-5.7163519484457	10.8284798801809	9.97861167319592	27.1010350991944	22.3238962052622	12.1067431939223	20.8740518171151	26.4906042792437	25.161568213505	40.2841677131263	31.0411576024951	45.5379866856469	47.5433256691695	65.5175711142867	65.4106270075718	73.1088471388701	97.5417902385322	96.461038998323	105.247805455382	114.652428084425	117.905200548791	135.44356611855	129.355860441123	154.179165082531	161.544344732326	172.320980484411	174.901814900765	190.092185766894	189.458269901077	181.986243500852	201.953855575207	224.123790555158	232.739143725537	247.016767861473	237.847191779683	241.891430747719	257.769975008926	258.070682867626	267.750955642017	261.25871287299	269.006215466609	287.612577817449	278.545310479959	298.904272376507	304.095996168464	328.559873912776	315.483220824288	342.744906860842	0	0	0	0	667.542726451943	601.35210528341	640.923060732911	522.944884721144	398.815279135038
543.378	0	0	0	0	0	0	0	0	0	0	0	0	0	0	299.456816646932	16.746915613356	31.5783657112681	21.6779348930002	41.9655009766551	25.6801454856771	40.7392430000594	22.2795081372915	29.6659001778989	49.9380582014381	48.3666233772126	47.2740539407857	51.394576041586	49.670248455351	61.9994404376211	70.2807695945436	84.3566293318818	100.177796950969	89.1907238435512	116.869416034499	118.782069995684	121.027730018755	153.770101400717	146.124768503481	169.401250182247	153.27326183069	178.611319049445	179.941965332273	186.996587011576	195.395024158524	195.006998901049	213.557534404003	215.654810810128	221.813311309073	241.882460100322	245.995589584633	247.224247177721	260.329375120157	247.989293594381	259.188826922549	274.060782667534	273.414166128178	275.44980954636	283.343375615925	298.172151335604	320.371605371295	297.899683012326	331.765917779357	326.231431332177	366.691223327199	0	0	0	0	659.631127116855	594.78727936003	623.356652696841	770.769563991344	733.705242568357
546.71	0	0	0	0	0	0	0	0	0	0	0	0	0	799.458939860874	-15.317097699386	5.17985087669483	-4.53491210807963	2.13978591686508	-2.88506566906812	7.0953052181738	11.8998629955287	7.98401205367845	9.40828473496906	12.5907455230508	27.9919303241626	38.2291630916274	30.8171436555607	49.4999772281468	50.4353044308906	69.8363982774192	65.893928431525	68.4525335295693	77.925963343047	77.8062009125272	97.3430747794591	107.254720437113	120.485562274634	133.212489932298	140.91921594718	143.836322784271	128.548151651133	144.564911237606	157.62314803056	173.46716655087	172.194566992039	169.083401621788	186.356275613839	197.258154007979	200.440102616216	214.336747235519	217.701653950856	211.603130965454	222.201338700336	223.25868157223	236.963227080972	235.251149566848	252.749282559791	262.210114798333	261.601453342562	267.650753897332	282.191755469857	293.625730561058	301.721471543555	333.972852647175	0	0	0	0	469.059604152662	490.684580450698	450.656526742398	413.843967206087	564.24972759407
550.042	0	0	0	0	0	0	0	0	0	0	0	0	1677.58468376342	13.499285464674	-10.9008588524345	15.1275987427489	-10.856708315742	3.87342813063095	-12.4390906949824	-1.9762215129661	-1.49367732077329	10.7910295581054	22.5226567650016	29.891915347514	30.0790733838175	22.1018704165773	48.0255899148342	46.1688400958629	48.9319314728519	49.1492487342031	56.109055249503	61.9184144098924	77.8347067895888	88.9499485060401	92.8151667970141	106.940055656214	103.7394254801	110.192057763271	123.898353377966	131.669122594365	156.108824191469	128.622652597676	158.390883650256	152.357095681151	161.203929910332	171.642150971691	173.682780296239	193.108060296392	186.157587586743	205.218944090265	207.722188972398	206.030168726685	221.135064743052	219.372299093912	222.092851834238	217.211395748607	232.129835089371	233.015109938873	240.314014097755	235.716581369784	253.60876661706	269.582702334417	268.931865988256	0	0	0	0	585.185676024206	447.997514650291	425.898767262717	463.978256187734	448.052134956956	508.442625523915
553.374	0	0	0	0	0	0	0	0	0	0	0	0	265.786852748953	8.26731172982504	-0.499874082294903	-0.957641588163212	8.49508920145336	6.86656511777792	17.6974282073512	19.6658776749007	17.0671682925033	25.6567848926031	15.426652590454	18.0328574749332	28.4280475976125	42.1911454080961	45.2943782191508	50.2007629730125	53.6569449400625	63.8051827119401	54.8935630609428	73.968825917118	73.91189298791	83.0800861506936	97.1316401674834	99.5166408786567	110.803227483986	107.248536675168	119.638787187982	129.621296731051	142.74642373786	154.406449050806	153.913127062093	158.899621999187	156.321251048116	158.279526211774	174.018593892575	185.475425293312	204.734054640979	204.821277771624	193.639991101692	196.139006529853	204.896692991663	227.51669094989	233.041612354197	229.66406320603	224.689678746974	234.869546093458	248.060991910113	253.344279151929	243.899526347537	263.973357558265	283.508395045572	0	0	0	0	412.605720918251	423.624667243056	515.684303730964	515.984385582403	470.512786388136	418.652943745248
556.707	0	0	0	0	0	0	0	0	0	0	0	1326.15659648722	27.9561357351824	2.05248831455948	3.91254931715801	6.05841040172361	8.01305300084884	13.2255175319836	4.46489933713415	22.2632488102535	10.3120821722538	13.757455465611	28.2815827601393	35.5046229175452	38.6313793819452	48.5759641726154	45.5978938951046	47.3905572027637	48.37815242239	53.8065438098025	63.8254518442696	80.8583795735689	78.970992506533	85.8142412430418	102.974898911712	97.6202540544334	109.086794604037	113.097696332294	121.783123294462	132.246009301119	141.742347584953	147.23068408564	130.371411603914	156.795636763803	149.882608232855	154.197140431925	172.503724519066	166.792921429776	172.537439485872	184.785321116612	194.539567921862	194.483605154954	206.191122508336	196.6045678899	214.080948190771	208.096125545299	221.221287759937	219.742485149138	235.792824497741	227.716038850196	250.999729539783	262.498479908843	261.930513111176	0	0	0	0	452.68204661575	418.183698063738	451.259090672593	522.233433555249	526.737238036158	317.430125272167
560.041	0	0	0	0	0	0	0	0	0	0	4192.229706047	102.570928649882	-10.7625965483749	24.0821643292364	10.7381702941021	26.1143386132177	34.3218144961517	5.52446449543687	33.8879312791709	4.67618878946869	18.394886516967	21.3178237365772	32.7442986009942	22.4769244436779	36.6095100819167	36.7178275227769	40.589054273244	42.9270061051058	50.4184875140311	66.9364430331025	60.7130242726885	66.7159239062568	85.0413214125743	77.578651478827	79.7738321354489	88.548556114518	120.158867599925	122.834505992418	129.863246241426	109.42298212219	134.576053997207	148.467882015586	140.931166400935	141.519656214234	158.484945537395	160.509520404596	151.463158130321	167.151244217935	167.045529107621	181.347594162517	182.161134726938	179.880460646968	173.883938238208	199.108549309526	195.369395689547	200.984664148628	188.29116952844	208.304342709782	211.040255330993	223.922525330309	227.936943133841	238.396057157614	0	0	0	0	486.969497089868	384.713170832293	416.408280212129	471.910177160446	424.193937012124	461.005151625651	479.12719892029
563.375	0	0	0	0	0	0	0	0	0	0	567.253922935211	20.9249941071571	29.6509392284572	10.7961866468427	17.1582801339473	12.6284102291442	19.2095584504053	26.4897211836004	33.2110732057559	39.1427527015055	37.2928748214546	41.0877658910594	31.9543941154349	41.2657454912883	45.679382915836	49.1206789031175	54.3777803832847	52.5532384392806	53.3568900166039	57.595680767562	67.9130842573975	71.5340115034358	92.3924409980801	99.2452768587982	104.377653539446	96.0225790489798	121.488700175575	106.719950396919	113.069186721085	117.936605677375	125.448946424978	128.830884627896	134.361903145599	150.21703595229	136.66263955721	157.782338711919	167.350104451331	164.247255847946	152.643699083122	177.591169116922	173.157982057744	184.093833169172	182.981986637187	187.302778689047	184.931467934036	196.590159099748	195.857017431984	209.983377953796	204.616350482097	215.219010078849	230.563241243637	255.200859832195	0	0	0	0	424.827845976024	409.606710098134	415.346110133221	467.407761233721	511.279692539501	486.857942553139	499.700854261161
566.709	0	0	0	0	0	0	0	0	0	966.756176837849	-0.603880371822594	23.5568314702703	-10.4405125194542	13.0586414283838	0.978364681900247	-9.54020387639388	2.69021234620747	11.7130120313474	23.6811019074459	-1.59777249933917	9.37306078557713	22.4096505872111	29.6985597184433	13.822801637557	23.6927016149339	25.6434544668489	35.6841926482785	38.6230230959497	36.5545535369545	47.6140831593151	47.3899845915066	55.010095290613	60.3691971883046	74.2101539371683	76.2040878806186	92.699203383582	89.0950938759495	85.5078969404821	101.07540106621	97.468305741004	121.060216335477	111.126134942597	106.428716572084	124.896882199616	128.904560923336	134.343108154936	136.428127535275	139.728781612848	147.024099615789	163.867875035122	147.745792320119	151.868378557769	162.74325993022	160.192626605539	175.166447213506	167.310436260856	186.827926697284	169.554832607902	182.266920525836	211.831479466283	189.019339732184	204.524755291924	0	0	0	0	316.828122359668	318.27535992357	413.253978088568	334.132943985779	310.572522093873	351.174023402957	273.177846356516
570.044	0	0	0	0	0	0	0	0	1406.99838858239	85.4288727381945	44.3850032702593	23.3479120157967	17.230581415984	23.3480286095607	30.8485172978137	23.6575081851608	28.141644205587	8.80417857200549	21.5519542449525	33.9354831336725	35.4394322205249	34.2013919212631	28.9215942464431	28.3232519176451	42.2644041818636	51.6301671233295	46.2828574433548	51.0531610267545	49.7987422929136	55.4247374140902	57.542287872085	68.5503502956146	65.8743058834532	86.2718940875379	83.2380269894427	92.0082010246545	98.5878628911383	104.559981551154	106.43537193792	112.208720394583	107.367296197909	117.723223890678	130.690294205823	118.73753165447	147.226519864194	129.116633569665	132.01157228818	153.339006679632	149.968146708927	157.757071821332	169.665997960047	148.846879792764	170.431674995857	173.303151818186	174.427442239322	173.350228891717	183.299088363726	190.579808677111	204.861027942628	196.747077593912	229.235745518045	0	0	0	0	361.329793698424	305.191702618975	351.912288333028	367.817449703676	388.158623620308	490.597050676356	452.144328566766	472.758448646504
573.38	0	0	0	0	0	0	0	0	210.916395516135	6.36692577472182	3.05842917586277	28.1892295338336	2.23385095998689	22.9563387765977	22.4013591888781	29.6486253406911	20.4419035403666	18.6510208415359	9.34440353130782	18.6977761317627	7.66466065943474	19.7110106723359	26.6172034331615	22.8372773095808	37.886760563	37.806038121479	42.7070760336637	40.1851577102839	47.3841119394697	41.5609261232198	61.7732653795917	55.6701894195992	59.2709373254001	67.4394184784506	68.9799650799477	71.4467180836086	88.1322143569944	90.5265257619825	100.190994559843	108.089653270468	109.95768466542	101.256568484767	117.90062983551	109.225184002427	128.837230166512	119.720655859663	120.468764887187	141.327715659837	138.373615204595	144.812297731029	146.316300658201	152.650938608246	141.797062451988	143.284818418369	148.900531258061	157.058751088015	159.567189333981	164.736855692379	173.586643145432	173.164374579537	180.230770805616	0	0	0	0	298.035251861628	286.759552604168	291.330077091763	350.914901992135	371.534207056334	317.385216130894	251.458039582871	365.521257300556
576.716	0	0	0	0	0	0	0	560.192052774081	25.0802107131765	48.9418681051999	31.1407556861467	28.1422386428167	15.6420791176638	28.7798158372971	14.7257603586527	25.2241545648129	49.1355815750926	16.8342745466363	31.4340626578092	14.6035613651461	29.0892049119443	38.2812082458955	28.1217063393551	32.0997626785428	29.8332100685759	41.2175366177096	39.0061793731335	43.1664916216383	44.9025013622334	44.5276691193532	56.3354219606368	60.0735953226756	80.5281426494428	73.2292990144217	78.9910889189185	85.8973658904454	90.2458191548765	90.0595340277798	95.5484211949428	90.9703457425452	105.562261447325	99.9681644059589	103.412374857796	135.959600188315	129.601450410076	110.585236225603	119.061232577067	137.473150627206	140.269407309458	152.40901776395	144.308699344054	132.866988692223	142.127545695849	167.162423170376	152.778014933955	162.355336661671	160.600463674857	166.164742897235	170.827053244565	183.427658446536	208.523234263691	0	0	0	0	265.911189530305	293.307896277168	299.342195101225	284.083771701092	411.941875216925	426.50932368302	313.150221110283	404.110827928381
580.052	0	0	0	0	0	0	1168.17717762134	57.6243281338548	28.2031382938114	1.89259523458697	20.6264014224604	40.1894911160931	31.6154786405165	9.53215076933714	10.5794839040324	8.65005773250281	25.7585579575525	22.4416544990798	25.7121005437928	16.9259575193658	14.4476715917519	27.7214399758834	21.0974467579532	21.8315008965658	31.4143445040463	33.1360978209804	37.6909020292925	33.9640776260921	42.2728684878216	46.6564527072117	45.3779493210705	54.9594193560027	64.245501372496	55.1071618001106	74.2128616115537	71.7940295011045	64.208473610692	73.3757675318194	80.9563439171676	93.3101399492628	96.8985291152549	88.5793749688714	90.9747465265269	95.1353885949622	99.876355833805	113.855201257332	120.090783757814	121.941716688347	117.316162926132	129.247401432373	127.646765035403	140.854576869613	146.596605858554	123.028313702769	138.898524138804	136.43464171869	150.164588598771	148.837670503303	157.096864661425	166.692959983766	0	0	0	0	299.484753683237	257.062714931151	272.19276129692	278.41551836892	339.226410112634	334.035122527539	255.320366702409	294.371417799792	261.359254885823
583.389	0	0	0	0	0	0	134.944634495981	16.1241054058953	7.8090566425579	-0.629219507726165	16.2380020944622	1.14844358904845	15.9316587323881	34.6500937050734	3.97113062255403	17.1834952326947	16.4092559412744	20.0672181299702	18.7798524133931	9.58677980690853	19.9783785276972	22.5377937215056	35.0767985389151	19.9917046898242	20.4931125714726	26.241707330368	32.3017033995878	38.8422977331461	39.0591655528028	44.8673643559545	50.2334665900102	40.6376929728415	50.4518029758746	58.6138733575974	62.6601635907848	64.45939362526	79.3232038105687	73.6678322630807	86.341284837575	66.4226322576723	71.5702583857014	86.7127721636102	83.6559027561573	96.6643312575444	103.528039289363	92.548112480129	94.1783213881832	108.142201727007	102.220141571596	118.030961271895	107.472430660846	107.406195397717	115.037474329232	123.661663809017	130.155623021592	147.748612009242	134.080186346426	127.398002056655	132.788927638589	149.091622299213	0	0	0	0	220.334972198009	198.923481521138	220.40836918072	263.461491401053	288.62908547573	254.989323379398	283.604026554197	272.534397857261	193.373556780615
586.726	0	0	0	0	0	386.651103624149	9.6708966772219	-18.6947553344892	21.304523953474	0.618922000739477	-13.1459156960351	-0.574823797838979	-19.1360742621385	-22.936923329513	-11.4682980839925	0.451200505089595	7.69107216259989	3.005771038034	-5.83254052388573	-5.16412164396415	-0.00170632288774558	10.8324618600916	9.76636980107073	10.2127359280577	21.3608190528159	19.7104145698036	15.0810467685327	29.9661435211563	34.9569809773714	28.92018282613	34.9425448582088	36.418460288587	34.8986952119325	41.1372179786955	40.2774150307644	42.165717817422	55.8932799447397	56.6913592092086	63.8935334778887	72.0603851192063	52.3414811731963	66.01014559461	72.8551298688228	68.6537996801096	66.7053921155863	70.2035024614814	81.1636947329722	90.3189954586559	81.2657245874635	94.7618704143185	105.861270977804	107.776904717547	108.37699080463	97.2257789957347	107.309729220793	105.572079180666	119.410774607871	107.142369773917	122.878355871585	112.802772103437	0	0	0	0	183.422410063774	166.595184416359	199.044857271548	184.777575614248	178.195691680577	166.741437129186	89.4213063110796	58.06879538978	322.578208012984
590.063	0	0	0	0	1128.91308899593	50.2255627669753	49.2275136364878	32.8390483789383	22.6831379714026	26.8396619138107	34.7853533143563	39.1483052221499	30.7261432539407	23.5503720808462	41.9279207320797	31.4464397306108	26.8872294215	27.8595828333597	18.3358034085604	10.7569903430143	32.6987579703469	32.6781253510124	32.2232895496775	31.5261140532738	32.8439387194308	29.5433327311141	44.2131917801197	37.402317055193	37.5801496081663	38.7475027765545	46.7236474660789	45.1534410706444	57.5151153838302	55.1020712205505	60.3678387815714	73.9948998055735	72.0316162998407	62.1203905236251	79.3061937371094	81.7201465064402	68.7278364297117	78.0580007286512	95.4267542057421	86.9968986933113	102.902660456443	93.1611259624233	87.0946789585856	98.65939993704	106.361310941347	106.094541752347	107.430648039153	105.677389277734	107.953283702006	111.964561885864	110.053958683002	120.858921785697	134.944805241371	123.303230980603	122.347177415477	0	0	0	0	242.928587942211	173.674616334096	202.539617578962	227.467705303364	225.147232644445	317.722904526635	300.658339860449	272.322999331428	202.192997632975	161.868287505169
593.4	0	0	0	0	132.366548930639	-15.9599044233897	15.4231586997833	7.44955010398716	28.8303531142277	16.4059717602836	27.8874702757154	9.30680673090452	-0.0194798076610677	-4.76198215797939	3.00748972798025	7.69002049448797	14.6981945949432	6.57908881564987	3.33248896819946	25.7804924808721	15.1985273826786	17.7436521790021	12.3760137931525	12.3301156899237	21.4430332576913	28.4986291701549	21.4793207474021	33.9428000633608	33.7895448070361	41.1958767534507	35.7124259487158	43.029720966377	43.8888967096268	42.9925670226422	62.8589377420094	54.4946594812146	51.2622027996293	66.2061115869877	63.1387723181329	68.3751628530987	78.5925733932522	61.1021920242405	61.8372063958813	83.2199896453652	83.6071951508625	83.4892624820967	82.3848830568468	94.0722108228291	92.4468361480849	88.3949603663552	95.2163141629804	112.255901064239	99.8270337864833	100.667877416562	107.75487173596	101.323372888156	107.915064550096	110.775267122855	126.13902100924	0	0	0	0	206.258688917969	150.801840113212	183.365329115367	187.166185372062	189.655661875409	201.101770263502	241.315702998102	281.651564700274	249.320549426749	257.163869319557
596.738	0	0	0	598.071297767908	66.2631006763251	30.2753187340458	72.7828896684353	73.1013761809697	28.0127490515754	64.8762802518355	36.4132969333232	56.2847735808165	49.1197427263287	45.2418259342668	33.9055875610564	33.3372104786983	35.1764963267842	37.1808037546632	54.5243600303807	36.0881379992759	39.0652092171026	37.6024919281233	32.5178545077403	38.7008599194119	43.9531930959719	40.2222737481628	39.4348207721356	35.5815419166304	41.2441646837127	46.4161821794949	59.6098331892664	56.6622102027265	68.1308709014059	68.0568307124586	70.2141073943057	63.6166568934481	71.8394058898356	84.0904658423329	103.481691530912	88.5667369551235	91.6135820656253	101.838087705634	95.0247715706986	88.8445546874308	92.3659332520946	93.6972409214862	95.1047483200224	96.9776715542275	107.922223979837	100.345673696817	100.781772822555	110.206882332009	107.068525100574	116.970053290399	118.036272677486	125.941862736543	130.961104286179	121.717189801115	139.835385315101	0	0	0	0	179.018639526671	211.164398126771	220.788598574227	225.197052600781	320.773086289352	333.415809106453	279.115997202816	282.458355472487	333.30422985049	451.934472536797
600.076	0	0	1283.44376763493	35.5698240544019	-2.32871335367652	23.2325923873701	-16.65553737877	-2.10667331586447	18.9555443726373	14.3414923921312	6.88491160390397	11.4245099836559	7.43149358591517	13.1193170834685	12.5026124883992	13.9253623927864	24.7288647507819	12.7138429552363	30.4796401167883	13.31471928757	12.1663147108269	15.0206935140828	28.1966066268413	27.4338141534429	15.294130495655	15.677155249359	27.6976729651358	30.9065467035123	31.0605304153076	37.1533823754604	42.5827950237251	41.1786144836717	33.7743887146973	42.5042427984072	56.4287050957453	46.4398804101527	61.2681631378782	67.4433992760889	53.2424919390966	57.0566162892723	70.2188321489076	73.0686881227295	77.5015091721725	79.3329786077401	73.6550693662715	71.718694072827	66.2980466293925	89.7767469883652	80.5298075704658	91.009082407063	96.2643025292111	98.5993832075176	84.4306853747184	97.2264747659773	111.324306012307	103.719548471779	91.7333184217507	104.295465552819	0	0	0	0	220.536925866018	151.847175559685	185.668072090719	187.967568923835	184.304712243985	204.678027413598	181.624304259795	202.352920198086	261.208959358624	231.428346379174	253.59754965453
603.415	0	0	133.438488770259	-13.0378798315941	4.65996429050322	0.755392053659242	23.36503160773	-5.64820879626519	-15.0140148000805	17.7471290595547	9.47375394887288	18.1845908288629	30.6102747015681	-6.06203887097294	16.2790332655152	9.00087637820147	11.9713338370889	18.7818775574206	11.8649448577788	9.23104817054953	33.6402059739344	21.4387950443135	23.2584540911052	14.5597636559847	22.0785851287465	16.7561971660678	25.0472907521062	29.7562195124489	29.7374443411756	34.951862802452	34.8983352533392	35.1885839571515	48.5843175625135	40.2865381663997	44.4959665565877	58.0422970715447	42.9747292385524	55.4247167259689	49.7652906501133	65.890511675336	64.4570738061798	49.7405801877191	70.5730420742341	67.6521532407159	42.4954870146553	69.7597106924665	75.8607646584423	72.4796919298696	69.5423913931296	83.0182925837542	79.4672863436546	83.0904624409236	83.0562867435124	78.7282683388023	91.4955175261599	91.7798097941288	101.264654273049	100.913550804726	0	0	0	0	140.005965116747	131.284182640607	139.313100181685	159.035434219453	217.700223354435	206.352657856573	197.601640465698	171.373599556676	205.5612179548	192.462504618853	275.996582867462
606.753	0	503.29241223675	-6.9603601440939	-35.9421193278909	-18.7476896296071	-7.57596382109365	-2.19578567685824	3.53655646381084	-20.5236029608082	-9.22741534574488	-8.86704171516941	13.3746042320366	-1.17287631426428	12.1564122636234	16.3367346654751	3.02250803014113	6.2456240023725	9.18731325530034	-3.55387100525076	13.8824640088577	24.6018963434383	9.59787644863175	15.8693767933658	8.77145171206899	12.5359551616002	9.36541196830891	21.1125288869377	25.4510026012057	24.1758862655307	27.0732248781328	23.6855062543557	31.1454779777653	9.76985677123608	51.7110104711522	38.8795553358859	47.5859029814013	46.4415555591907	44.585080817733	37.0658156953739	39.3472134490753	63.8401792952725	45.2468975538598	75.4438846589314	67.8314099678559	63.6144470581443	58.4455563100818	66.0842789822322	60.8049586296825	72.8795913740547	75.7257144432038	56.2484010455242	81.5227885728145	69.3989980330301	76.5404354955991	82.8693047714082	80.1602055648354	86.9772469231557	84.556068865272	0	0	0	0	118.349224046453	123.829474580664	119.956498413272	137.844652252541	147.041935944066	169.448162612304	161.139116231214	196.365843046678	161.043603966457	85.0031971951716	122.075189809002
610.092	1492.22685152929	79.0138843104221	19.1857005784148	21.2994536283933	39.9638515208705	24.3137021227596	35.977214415859	12.7726321370922	28.1331810290106	48.2493045905889	23.4992469049303	12.8017320506113	32.5416963467611	26.0470871339846	22.1844766440762	14.6332871413406	12.5075939926225	30.4236338316455	22.1014381707866	30.7997515284697	25.8655735993933	20.8308987200503	26.0044602312983	12.8834215733671	21.6712893154612	27.1926252987033	18.495135866351	29.926964112868	36.957101099092	29.2563451200015	43.9222776775484	38.688649552196	47.8984058372381	43.7630229059684	41.2327467891127	43.2084573419265	47.9344457427848	62.8702855737347	60.7485138704245	56.2864560405632	61.6546793489378	72.5606451579579	56.1073093925053	68.3869828795382	61.7861918003098	80.3959883167039	71.5965588676275	77.5795240667826	85.1100404450585	75.00497043474	82.9618530973598	87.1340446311285	88.553408756999	84.5179084543804	71.4597466723358	92.6116514992932	87.9130028984839	0	0	0	0	179.926141010881	123.745668461782	138.811540434749	153.687681456627	136.010378340506	141.078301409829	209.7264361161	178.822904707363	216.639059503212	204.533684181517	266.584926069673	297.836144852991
613.431	261.575152096153	-6.49804990923294	0.875291042452593	15.5489074400402	5.49508883987825	8.34795740222708	-1.46714452191786	9.92789733232474	-10.2803612063658	-7.92183142341819	-16.4939043639255	18.8805654150263	15.6749389137587	9.40983621408383	25.3552926259799	6.55905169381712	15.4288570924918	22.1074405329111	8.81277408121397	7.1613820571594	4.36943854025775	7.78807638128507	11.366149585441	23.6751695855314	25.3983870631938	20.4292135212956	26.0529630498507	21.4551289382534	29.1314353808896	24.3753857814441	24.2090122682241	28.4401904527551	31.3617437439989	29.1422255905591	48.8555609486302	33.1742129514434	53.5995667204361	53.7300463026403	44.6190470698711	58.8923623855358	55.6229682555274	56.1975480295148	69.8159686564147	54.4979198124689	68.152556237216	65.2635221096988	72.1357524140046	62.4835153013012	72.6745511196459	63.9451163605038	76.7654895119766	76.6050313372681	67.4411296967853	77.2489934374281	79.9526190994833	78.0434770744773	83.39964465788	0	0	0	0	127.513679037676	89.5965948495173	108.410627203965	117.139599879328	126.145170273937	174.721556480996	153.248001876751	183.892840780757	168.828758048229	133.277797942577	199.014439327299	179.225290819471
616.77	14.8382455496651	-13.1871631383631	30.0450271457897	0.0041507937230062	14.2877857540351	26.17988243009	28.2754637249807	7.19056985303517	25.7342817325128	16.0753017993066	22.5179942846271	-1.2412883003274	15.3026063601782	27.5201086329893	12.841622530551	14.2962823689257	27.8323757938742	18.6759622330606	14.7616961346121	23.9381888415636	15.3214799474966	23.3674766325565	22.3912416397941	14.8389236306468	11.1143425494389	21.4672633671741	20.7778681091427	22.2976261632993	22.2288346416967	30.0742743875281	18.9593939061886	33.0508422444884	38.570613128226	30.8668690171687	41.1300121226434	44.1170463436317	41.0617357546662	50.5723075799319	58.3119674226393	62.4775471012851	50.7729031825019	76.2713059227136	53.184022919776	79.71814254124	68.7948132863389	54.209720755142	51.3258025074951	72.9063945823269	65.7370410802056	72.8315734726236	76.3443140318346	78.0316454192861	72.6390016600019	75.3839432118381	70.8597335400239	74.63000292834	82.556486114134	0	0	0	0	104.618773744629	104.428761658079	127.455611221221	120.701469973707	132.531389472983	144.804845163285	139.809150469033	104.724422382264	211.227777486513	222.547567958147	210.912432889634	272.903656309371
620.109	20.7077546512869	-3.47892059408791	-34.7846893399653	-10.2222324886781	-26.3901505090109	-43.5785355759216	-10.9859103568715	8.84817161337027	-15.401771586794	-1.64863756410788	-13.4609968086104	12.1605967134389	20.2780613713801	-6.21888991152785	9.22169321283423	-6.29021796705512	4.80791717090816	13.794698216964	2.18746899421596	9.46523451297543	21.8319954929516	0.452149004694838	16.2076575064973	28.1047737568041	16.6859009379059	23.1024720463454	18.3444613828009	16.0108979322211	24.2562705716759	18.6397223856015	33.6728040942274	27.5673628215825	42.7127890162753	35.5697136076205	32.6830765701401	33.3715855741188	42.0900425762049	39.5960072204758	44.998927289544	34.3741362873675	58.5111479261915	57.557757153456	63.646420561182	78.6388398486846	51.1903649439033	63.1000645207392	71.7259985021873	59.2768082924393	76.5317154924115	72.3906561625175	58.1818064818741	61.7594668830746	80.5010122527817	75.5976086360301	72.2699525505082	65.3573432332537	0	0	0	0	155.647507237254	101.377023193328	74.5801294003091	101.507946929798	119.276248648007	136.035178679966	135.910272646991	156.871396869292	161.853894980551	120.726106493627	225.414925210654	106.162349185082	-40.6551362100117
