Sample - Blank	600	595	590	585	580	575	570	565	560	555	550	545	540	535	530	525	520	515	510	505	500	495	490	485	480	475	470	465	460	455	450	445	440	435	430	425	420	415	410	405	400	395	390	385	380	375	370	365	360	355	350	345	340	335	330	325	320	315	310	305	300	295	290	285	280	275	270	265	260	255	250	245	240
nm																																																																									
213.328	0	0	0	0	0	0	0	0	0	0	0	0	0	0	0	0	0	0	0	0	0	0	0	0	0	0	0	0	0	0	0	0	0	0	0	0	0	0	0	0	0	0	0	0	0	0	0	0	0	0	0	0	0	0	0	0	0	0	0	0	0	0	0	0	0	0	0	0	0	0	0	0	0
216.504	0	0	0	0	0	0	0	0	0	0	0	0	0	0	0	0	0	0	0	0	0	0	0	0	0	0	0	0	0	0	0	0	0	0	0	0	0	0	0	0	0	0	0	0	0	0	0	0	0	0	0	0	0	0	0	0	0	0	0	0	0	0	0	0	0	0	0	0	0	0	0	0	0
219.682	0	0	0	0	0	0	0	0	0	0	0	0	0	0	0	0	0	0	0	0	0	0	0	0	0	0	0	0	0	0	0	0	0	0	0	0	0	0	0	0	0	0	0	0	0	0	0	0	0	0	0	0	0	0	0	0	0	0	0	0	0	0	0	0	0	0	0	0	0	0	0	0	0
222.862	0	0	0	0	0	0	0	0	0	0	0	0	0	0	0	0	0	0	0	0	0	0	0	0	0	0	0	0	0	0	0	0	0	0	0	0	0	0	0	0	0	0	0	0	0	0	0	0	0	0	0	0	0	0	0	0	0	0	0	0	0	0	0	0	0	0	0	0	0	0	0	0	0
226.045	0	0	0	0	0	0	0	0	0	0	0	0	0	0	0	0	0	0	0	0	0	0	0	0	0	0	0	0	0	0	0	0	0	0	0	0	0	0	0	0	0	0	0	0	0	0	0	0	0	0	0	0	0	0	0	0	0	0	0	0	0	0	0	0	0	0	0	0	0	0	0	0	0
229.23	0	0	0	0	0	0	0	0	0	0	0	0	0	0	0	0	0	0	0	0	0	0	0	0	0	0	0	0	0	0	0	0	0	0	0	0	0	0	0	0	0	0	0	0	0	0	0	0	0	0	0	0	0	0	0	0	0	0	0	0	0	0	0	0	0	0	0	0	0	0	0	0	0
232.417	0	0	0	0	0	0	0	0	0	0	0	0	0	0	0	0	0	0	0	0	0	0	0	0	0	0	0	0	0	0	0	0	0	0	0	0	0	0	0	0	0	0	0	0	0	0	0	0	0	0	0	0	0	0	0	0	0	0	0	0	0	0	0	0	0	0	0	0	0	0	0	0	0
235.607	0	0	0	0	0	0	0	0	0	0	0	0	0	0	0	0	0	0	0	0	0	0	0	0	0	0	0	0	0	0	0	0	0	0	0	0	0	0	0	0	0	0	0	0	0	0	0	0	0	0	0	0	0	0	0	0	0	0	0	0	0	0	0	0	0	0	0	0	0	0	0	0	0
238.799	0	0	0	0	0	0	0	0	0	0	0	0	0	0	0	0	0	0	0	0	0	0	0	0	0	0	0	0	0	0	0	0	0	0	0	0	0	0	0	0	0	0	0	0	0	0	0	0	0	0	0	0	0	0	0	0	0	0	0	0	0	0	0	0	0	0	0	0	0	0	0	0	0
241.993	0	0	0	0	0	0	0	0	0	0	0	0	0	0	0	0	0	0	0	0	0	0	0	0	0	0	0	0	0	0	0	0	0	0	0	0	0	0	0	0	0	0	0	0	0	0	0	0	0	0	0	0	0	0	0	0	0	0	0	0	0	0	0	0	0	0	0	0	0	0	0	0	0
245.19	0	0	0	0	0	0	0	0	0	0	0	0	0	0	0	0	0	0	0	0	0	0	0	0	0	0	0	0	0	0	0	0	0	0	0	0	0	0	0	0	0	0	0	0	0	0	0	0	0	0	0	0	0	0	0	0	0	0	0	0	0	0	0	0	0	0	0	0	0	0	0	0	0
248.388	0	0	0	0	0	0	0	0	0	0	0	0	0	0	0	0	0	0	0	0	0	0	0	0	0	0	0	0	0	0	0	0	0	0	0	0	0	0	0	0	0	0	0	0	0	0	0	0	0	0	0	0	0	0	0	0	0	0	0	0	0	0	0	0	0	0	0	0	0	0	0	0	0
251.589	0	0	0	0	0	0	0	0	0	0	0	0	0	0	0	0	0	0	0	0	0	0	0	0	0	0	0	0	0	0	0	0	0	0	0	0	0	0	0	0	0	0	0	0	0	0	0	0	0	0	0	0	0	0	0	0	0	0	0	0	0	0	0	0	0	0	0	0	0	0	0	0	1127.15234364242
254.793	0	0	0	0	0	0	0	0	0	0	0	0	0	0	0	0	0	0	0	0	0	0	0	0	0	0	0	0	0	0	0	0	0	0	0	0	0	0	0	0	0	0	0	0	0	0	0	0	0	0	0	0	0	0	0	0	0	0	0	0	0	0	0	0	0	0	0	0	0	0	0	0	29.4068206009297
257.998	0	0	0	0	0	0	0	0	0	0	0	0	0	0	0	0	0	0	0	0	0	0	0	0	0	0	0	0	0	0	0	0	0	0	0	0	0	0	0	0	0	0	0	0	0	0	0	0	0	0	0	0	0	0	0	0	0	0	0	0	0	0	0	0	0	0	0	0	0	0	0	851.783693255371	243.054674253111
261.205	0	0	0	0	0	0	0	0	0	0	0	0	0	0	0	0	0	0	0	0	0	0	0	0	0	0	0	0	0	0	0	0	0	0	0	0	0	0	0	0	0	0	0	0	0	0	0	0	0	0	0	0	0	0	0	0	0	0	0	0	0	0	0	0	0	0	0	0	0	0	3801.13895794191	35.676372939467	-346.226198173782
264.415	0	0	0	0	0	0	0	0	0	0	0	0	0	0	0	0	0	0	0	0	0	0	0	0	0	0	0	0	0	0	0	0	0	0	0	0	0	0	0	0	0	0	0	0	0	0	0	0	0	0	0	0	0	0	0	0	0	0	0	0	0	0	0	0	0	0	0	0	0	0	139.754203152785	81.8907717338545	-582.933100945782
267.627	0	0	0	0	0	0	0	0	0	0	0	0	0	0	0	0	0	0	0	0	0	0	0	0	0	0	0	0	0	0	0	0	0	0	0	0	0	0	0	0	0	0	0	0	0	0	0	0	0	0	0	0	0	0	0	0	0	0	0	0	0	0	0	0	0	0	0	0	0	1598.94510255102	5.51753162778337	-209.127553966197	-667.761859572149
270.841	0	0	0	0	0	0	0	0	0	0	0	0	0	0	0	0	0	0	0	0	0	0	0	0	0	0	0	0	0	0	0	0	0	0	0	0	0	0	0	0	0	0	0	0	0	0	0	0	0	0	0	0	0	0	0	0	0	0	0	0	0	0	0	0	0	0	0	0	5884.86560087776	131.556189602547	-10.3237847833537	-318.971035284098	-512.431709086765
274.057	0	0	0	0	0	0	0	0	0	0	0	0	0	0	0	0	0	0	0	0	0	0	0	0	0	0	0	0	0	0	0	0	0	0	0	0	0	0	0	0	0	0	0	0	0	0	0	0	0	0	0	0	0	0	0	0	0	0	0	0	0	0	0	0	0	0	0	0	429.022481582135	31.7780895350884	-37.4104777711743	-550.87359540164	-123.536688575784
277.275	0	0	0	0	0	0	0	0	0	0	0	0	0	0	0	0	0	0	0	0	0	0	0	0	0	0	0	0	0	0	0	0	0	0	0	0	0	0	0	0	0	0	0	0	0	0	0	0	0	0	0	0	0	0	0	0	0	0	0	0	0	0	0	0	0	0	0	2427.25424956817	19.1225929501495	-12.4579391647933	-426.804751799722	-308.44493532304	-245.133477626593
280.496	0	0	0	0	0	0	0	0	0	0	0	0	0	0	0	0	0	0	0	0	0	0	0	0	0	0	0	0	0	0	0	0	0	0	0	0	0	0	0	0	0	0	0	0	0	0	0	0	0	0	0	0	0	0	0	0	0	0	0	0	0	0	0	0	0	0	6693.22737806883	200.613795273931	219.810647519617	91.9913219990853	-197.32402263168	-32.8484985872315	367.323501996911
283.718	0	0	0	0	0	0	0	0	0	0	0	0	0	0	0	0	0	0	0	0	0	0	0	0	0	0	0	0	0	0	0	0	0	0	0	0	0	0	0	0	0	0	0	0	0	0	0	0	0	0	0	0	0	0	0	0	0	0	0	0	0	0	0	0	0	0	853.635754988042	178.7760022008	112.443399722329	-103.773303172406	-135.885216712531	123.83844476242	150.909993842485
286.942	0	0	0	0	0	0	0	0	0	0	0	0	0	0	0	0	0	0	0	0	0	0	0	0	0	0	0	0	0	0	0	0	0	0	0	0	0	0	0	0	0	0	0	0	0	0	0	0	0	0	0	0	0	0	0	0	0	0	0	0	0	0	0	0	0	2953.73530379002	254.04676769859	163.070146062117	59.2815627357187	-235.988002027759	43.8301681441728	3.85003228233115	-269.867097273038
290.169	0	0	0	0	0	0	0	0	0	0	0	0	0	0	0	0	0	0	0	0	0	0	0	0	0	0	0	0	0	0	0	0	0	0	0	0	0	0	0	0	0	0	0	0	0	0	0	0	0	0	0	0	0	0	0	0	0	0	0	0	0	0	0	0	6917.21099903656	355.72127275286	277.212599942212	223.094321792674	-136.725290448156	-51.4855650081052	-52.6045919192988	-21.0615103668746	149.393028697141
293.397	0	0	0	0	0	0	0	0	0	0	0	0	0	0	0	0	0	0	0	0	0	0	0	0	0	0	0	0	0	0	0	0	0	0	0	0	0	0	0	0	0	0	0	0	0	0	0	0	0	0	0	0	0	0	0	0	0	0	0	0	0	0	0	0	1098.24517632405	390.519816972552	423.56835396914	281.356519760027	76.7540942850074	120.677382303384	274.058415295028	179.536884500069	146.707039202355
296.628	0	0	0	0	0	0	0	0	0	0	0	0	0	0	0	0	0	0	0	0	0	0	0	0	0	0	0	0	0	0	0	0	0	0	0	0	0	0	0	0	0	0	0	0	0	0	0	0	0	0	0	0	0	0	0	0	0	0	0	0	0	0	0	3211.09537859651	414.671633429485	541.636937948285	549.891924312798	334.165780356353	268.125757795468	348.232005575046	247.072610938926	228.790899215501	216.739024198893
299.86	0	0	0	0	0	0	0	0	0	0	0	0	0	0	0	0	0	0	0	0	0	0	0	0	0	0	0	0	0	0	0	0	0	0	0	0	0	0	0	0	0	0	0	0	0	0	0	0	0	0	0	0	0	0	0	0	0	0	0	0	0	0	0	434.980939714217	435.089467399352	601.361916477027	579.826944536113	299.868650538285	373.904319801558	178.116095850517	175.0113347812	34.8849919981735	234.544482617891
303.095	0	0	0	0	0	0	0	0	0	0	0	0	0	0	0	0	0	0	0	0	0	0	0	0	0	0	0	0	0	0	0	0	0	0	0	0	0	0	0	0	0	0	0	0	0	0	0	0	0	0	0	0	0	0	0	0	0	0	0	0	0	0	1324.6753409358	343.361584525809	562.274561656726	709.936297492846	634.521016770472	575.494983527951	490.085384717991	535.306222618408	383.221378862812	312.342413831019	618.833568698664
306.331	0	0	0	0	0	0	0	0	0	0	0	0	0	0	0	0	0	0	0	0	0	0	0	0	0	0	0	0	0	0	0	0	0	0	0	0	0	0	0	0	0	0	0	0	0	0	0	0	0	0	0	0	0	0	0	0	0	0	0	0	0	3802.77143946288	196.91131999938	344.043957019915	573.302353676251	607.480350161861	580.872176510663	606.308446484023	412.440518717801	452.629510461525	330.404271902665	161.547502873223	85.9519502027118
309.569	0	0	0	0	0	0	0	0	0	0	0	0	0	0	0	0	0	0	0	0	0	0	0	0	0	0	0	0	0	0	0	0	0	0	0	0	0	0	0	0	0	0	0	0	0	0	0	0	0	0	0	0	0	0	0	0	0	0	0	0	0	459.147662538523	198.569828675262	396.108959394531	602.762104104761	724.659056117856	729.847231232465	731.590247243809	608.620692753613	481.006836216514	543.763767987739	351.500355490312	382.41376789999
312.81	0	0	0	0	0	0	0	0	0	0	0	0	0	0	0	0	0	0	0	0	0	0	0	0	0	0	0	0	0	0	0	0	0	0	0	0	0	0	0	0	0	0	0	0	0	0	0	0	0	0	0	0	0	0	0	0	0	0	0	0	1648.67758601124	118.246606340015	203.164501121713	397.962460867024	578.492162578642	609.717395393198	692.737317814734	662.247810846526	524.564278031449	432.857281133976	217.016682736696	194.508714314789	188.330334954531
316.052	0	0	0	0	0	0	0	0	0	0	0	0	0	0	0	0	0	0	0	0	0	0	0	0	0	0	0	0	0	0	0	0	0	0	0	0	0	0	0	0	0	0	0	0	0	0	0	0	0	0	0	0	0	0	0	0	0	0	0	4130.10669737303	159.94184928257	130.109350931077	239.540733088683	436.584123566968	550.538784129694	694.01137194947	736.0970497894	659.779790634934	537.945727941606	415.687400108601	441.110968092588	365.160280368049	575.022589025316
319.296	0	0	0	0	0	0	0	0	0	0	0	0	0	0	0	0	0	0	0	0	0	0	0	0	0	0	0	0	0	0	0	0	0	0	0	0	0	0	0	0	0	0	0	0	0	0	0	0	0	0	0	0	0	0	0	0	0	0	0	564.484598523027	100.65342725835	157.691029529416	285.40209074865	456.28627648051	532.78345142091	746.492211233794	742.350342966248	737.209624911742	563.493018817389	454.335364733152	435.590759492222	461.445885228096	438.163340160746
322.542	0	0	0	0	0	0	0	0	0	0	0	0	0	0	0	0	0	0	0	0	0	0	0	0	0	0	0	0	0	0	0	0	0	0	0	0	0	0	0	0	0	0	0	0	0	0	0	0	0	0	0	0	0	0	0	0	0	0	27.598861187333	105.323534496496	145.563898796422	233.384797267436	323.61394662112	466.958918850542	635.980487457497	765.199259150232	776.974262958129	676.507407934547	606.198441935238	482.694150701349	464.639140785322	480.612697221499	261.009633718733
325.79	0	0	0	0	0	0	0	0	0	0	0	0	0	0	0	0	0	0	0	0	0	0	0	0	0	0	0	0	0	0	0	0	0	0	0	0	0	0	0	0	0	0	0	0	0	0	0	0	0	0	0	0	0	0	0	0	0	-21041.5299338171	132.187469173162	153.260295410674	189.802092239127	245.158689786453	350.661166443741	541.498739130163	680.376743106812	833.091358276292	756.299743072006	705.565587224236	581.132572972015	502.917197119367	426.350652244695	491.930230477441	535.226077812008
329.039	0	0	0	0	0	0	0	0	0	0	0	0	0	0	0	0	0	0	0	0	0	0	0	0	0	0	0	0	0	0	0	0	0	0	0	0	0	0	0	0	0	0	0	0	0	0	0	0	0	0	0	0	0	0	0	0	0	-3568.76180652223	80.5691389656269	129.16343627049	201.04583602757	264.441558483422	352.620464240037	503.727200589475	666.30796812446	705.594663780787	640.128404733096	655.107799924292	450.312653679951	366.753474922941	342.991055313287	272.775100438595	341.913856166143
332.291	0	0	0	0	0	0	0	0	0	0	0	0	0	0	0	0	0	0	0	0	0	0	0	0	0	0	0	0	0	0	0	0	0	0	0	0	0	0	0	0	0	0	0	0	0	0	0	0	0	0	0	0	0	0	0	0	-5803.03516760962	31.4017470761362	164.283070929192	198.299078902819	288.135830332348	309.954502859931	394.003665867069	634.818566529435	716.267733889344	821.999722332686	781.213024182846	760.571317840016	697.07371048097	607.540056927378	541.348626392484	815.391884640988	818.98756198406
335.544	0	0	0	0	0	0	0	0	0	0	0	0	0	0	0	0	0	0	0	0	0	0	0	0	0	0	0	0	0	0	0	0	0	0	0	0	0	0	0	0	0	0	0	0	0	0	0	0	0	0	0	0	0	0	0	3951.28573343616	-244.119825596564	48.5424214148851	166.107340727061	218.463646850764	308.552092127969	358.183979361425	486.214224550939	613.910658050471	706.529077535806	734.596968669976	736.799423575639	591.805492479532	639.123937401624	458.176137799744	449.879869533513	487.313859458812	597.565127812962
338.799	0	0	0	0	0	0	0	0	0	0	0	0	0	0	0	0	0	0	0	0	0	0	0	0	0	0	0	0	0	0	0	0	0	0	0	0	0	0	0	0	0	0	0	0	0	0	0	0	0	0	0	0	0	0	0	635.100368312	12.84191718195	117.512197098476	210.125763783954	258.548437544534	341.219148805298	374.512350994068	517.859324929253	640.681142539773	714.160373501361	767.822791273234	740.494600113346	688.716815844283	611.143711330291	478.146505580692	439.658002216236	594.437599566725	609.805032896052
342.056	0	0	0	0	0	0	0	0	0	0	0	0	0	0	0	0	0	0	0	0	0	0	0	0	0	0	0	0	0	0	0	0	0	0	0	0	0	0	0	0	0	0	0	0	0	0	0	0	0	0	0	0	0	0	1899.92591766329	83.8011646714374	64.0148817813315	113.615770931696	244.895340433749	293.878243805081	376.811914670776	431.734792088785	562.498978591203	625.060950087163	704.407989458384	742.249625748711	758.645855273792	612.685086317449	584.829700147682	611.050576462656	521.281706406073	410.17591829057	663.087243475843
345.315	0	0	0	0	0	0	0	0	0	0	0	0	0	0	0	0	0	0	0	0	0	0	0	0	0	0	0	0	0	0	0	0	0	0	0	0	0	0	0	0	0	0	0	0	0	0	0	0	0	0	0	0	0	4138.43373993874	180.715658925564	84.226935830604	108.695628656654	174.342240346192	269.582378065856	332.202942700521	401.614668842146	511.24001236787	573.81208830588	687.582368419821	730.641782053515	734.390759022511	646.70015118378	700.914922024848	594.795909976753	590.722633390791	571.597142872689	705.477138903785	783.643109166793
348.575	0	0	0	0	0	0	0	0	0	0	0	0	0	0	0	0	0	0	0	0	0	0	0	0	0	0	0	0	0	0	0	0	0	0	0	0	0	0	0	0	0	0	0	0	0	0	0	0	0	0	0	0	0	746.071210540891	99.7125149282555	135.370154013894	165.1120706032	220.336370152068	337.507319537828	388.903649387167	463.52583317097	552.65116374609	634.503619249172	681.728860323978	708.062130750528	755.680918799786	731.469520588903	679.814491512978	722.243871684003	632.117029114291	668.880687520843	836.966894009901	867.437643868972
351.838	0	0	0	0	0	0	0	0	0	0	0	0	0	0	0	0	0	0	0	0	0	0	0	0	0	0	0	0	0	0	0	0	0	0	0	0	0	0	0	0	0	0	0	0	0	0	0	0	0	0	0	0	2382.33618693889	100.384200384053	110.375668133944	148.258213544542	166.701791439799	260.920972355852	346.289229589254	405.46850601701	488.936575482481	571.827680658285	625.107295809028	708.954950646767	735.763033968808	718.04222651437	690.331583294711	648.3528553578	603.769807596915	620.258439087507	674.20694722909	597.637710660382	769.566471649168
355.101	0	0	0	0	0	0	0	0	0	0	0	0	0	0	0	0	0	0	0	0	0	0	0	0	0	0	0	0	0	0	0	0	0	0	0	0	0	0	0	0	0	0	0	0	0	0	0	0	0	0	0	5754.47159977242	232.667553399233	111.314049567553	127.952850292431	191.127401734034	237.733613939911	308.719903146064	377.300721296067	490.774778668847	566.934351570706	618.275100141788	655.913693919496	702.239433556404	694.70896345617	688.560966368339	645.633157019106	638.441225527039	659.63144722618	610.203347473512	546.242646650179	766.813464606291	790.272256461418
358.367	0	0	0	0	0	0	0	0	0	0	0	0	0	0	0	0	0	0	0	0	0	0	0	0	0	0	0	0	0	0	0	0	0	0	0	0	0	0	0	0	0	0	0	0	0	0	0	0	0	0	0	887.71943476177	126.593466872646	125.699865678286	197.315700053218	231.846553124199	281.010410580791	356.211217730357	464.270451887361	543.134632292509	619.847477207833	664.800168481843	679.005693831657	750.16619425052	751.17556570111	765.710545825485	765.959718866226	702.586895121705	672.446179196345	747.281561733686	764.441802081954	717.777928382716	1078.65913077412
361.634	0	0	0	0	0	0	0	0	0	0	0	0	0	0	0	0	0	0	0	0	0	0	0	0	0	0	0	0	0	0	0	0	0	0	0	0	0	0	0	0	0	0	0	0	0	0	0	0	0	0	2111.95885219294	108.749102525236	126.711743646551	164.319420131041	216.487645919307	271.661985541405	364.853979307809	417.738218245119	493.120248156866	592.998197959933	615.685256223953	687.652030584028	712.485804948607	734.153517260958	722.698902855662	741.552419348057	711.190596261802	727.500406175256	737.431555652039	631.13845492931	782.01036355471	843.519098210205	936.562492027302
364.903	0	0	0	0	0	0	0	0	0	0	0	0	0	0	0	0	0	0	0	0	0	0	0	0	0	0	0	0	0	0	0	0	0	0	0	0	0	0	0	0	0	0	0	0	0	0	0	0	0	0	242.36088655723	106.216002733801	141.557326505598	181.980882021215	255.410899971961	303.563240855807	364.205122021981	407.478095400551	542.461775507781	618.144295012656	665.554140878821	680.84370013228	716.883220495523	730.650765755164	760.317346566698	732.299848875187	744.11035695626	668.418779591371	649.174132320068	783.076370226529	760.772403479811	772.804745567461	747.184532184935
368.174	0	0	0	0	0	0	0	0	0	0	0	0	0	0	0	0	0	0	0	0	0	0	0	0	0	0	0	0	0	0	0	0	0	0	0	0	0	0	0	0	0	0	0	0	0	0	0	0	0	915.698489776661	82.3572459769347	121.340454739062	164.154512283751	213.529422184906	271.522211629242	357.820147548386	441.128668459437	506.162247302827	579.326783330481	662.116694511119	707.141887052773	719.924348466948	731.199351754222	742.250990074439	756.68305800811	758.634713155175	667.417593028053	689.592310835837	702.640506488625	729.653118318177	754.223076964442	761.132690648383	782.47573788547
371.446	0	0	0	0	0	0	0	0	0	0	0	0	0	0	0	0	0	0	0	0	0	0	0	0	0	0	0	0	0	0	0	0	0	0	0	0	0	0	0	0	0	0	0	0	0	0	0	0	2255.71132504443	109.290233715723	107.228570758783	149.064523826931	212.426150814481	287.859311984638	345.997639232484	408.014684980209	468.581101762065	598.532262042829	684.609300187913	708.139457163578	742.731493674272	802.865146908535	793.941966892803	796.908260229175	767.324891244938	785.893958547322	777.82576741218	823.611905530758	818.967407171804	852.225823690772	971.865878367966	991.153788939142	1275.07769306049
374.719	0	0	0	0	0	0	0	0	0	0	0	0	0	0	0	0	0	0	0	0	0	0	0	0	0	0	0	0	0	0	0	0	0	0	0	0	0	0	0	0	0	0	0	0	0	0	0	0	263.980559468754	105.978914463472	129.872396868029	194.974784156507	259.677822617291	334.641481817905	383.272019061088	460.52291860556	564.742338448898	655.821661093078	726.391039397975	783.955487340597	831.284250779908	854.316280858261	839.376347379586	878.370238081912	865.364224173931	816.253673953177	843.663279370016	792.627302586418	846.907356871213	893.43912618943	1010.92550607669	1208.06668839789	1182.68257205248
377.995	0	0	0	0	0	0	0	0	0	0	0	0	0	0	0	0	0	0	0	0	0	0	0	0	0	0	0	0	0	0	0	0	0	0	0	0	0	0	0	0	0	0	0	0	0	0	0	913.507239102777	82.9238589546382	116.61064956386	180.464477484046	231.379660521845	305.825036709647	377.805442114465	438.372275924551	537.126220202608	628.472556165855	702.80900720872	798.584250779766	833.33996843469	874.247295925276	857.182019003373	884.659547298493	838.46799956834	874.97845531613	857.992947039438	822.357252500687	891.675155107581	962.602132381494	983.11337153967	1068.80363481724	1208.14624222609	1264.19021826886
381.272	0	0	0	0	0	0	0	0	0	0	0	0	0	0	0	0	0	0	0	0	0	0	0	0	0	0	0	0	0	0	0	0	0	0	0	0	0	0	0	0	0	0	0	0	0	0	2216.1043667209	84.6449665200532	90.6157399119374	145.498635311403	185.721036097359	253.241900325002	316.848548250324	433.425112221197	478.319497287813	585.085608235392	691.159995482568	766.437019973424	852.128558569158	875.50077626221	876.630798116838	909.705422125921	898.814152055374	917.12600026785	897.059374674151	843.942946306251	887.377688366827	862.975493826452	869.182901667418	1129.72557000536	1106.45203037814	1259.99723458456	1412.55714218329
384.55	0	0	0	0	0	0	0	0	0	0	0	0	0	0	0	0	0	0	0	0	0	0	0	0	0	0	0	0	0	0	0	0	0	0	0	0	0	0	0	0	0	0	0	0	0	0	283.450106927875	57.029696586478	125.162202182776	153.90014886171	227.837083149803	286.333137008607	371.507045541556	460.775891873793	528.801783786385	620.377190296046	724.627361918076	817.609100737834	853.301508697376	914.337091773637	950.77586881118	940.807254746691	907.135671015076	928.160976875046	912.781614146356	844.282075441002	845.266165656251	907.630862470298	970.652390714076	1032.89391501976	1330.12401511042	1235.86632114861	1340.05712223253
387.83	0	0	0	0	0	0	0	0	0	0	0	0	0	0	0	0	0	0	0	0	0	0	0	0	0	0	0	0	0	0	0	0	0	0	0	0	0	0	0	0	0	0	0	0	0	1016.28953771501	90.7856505562227	126.409449505403	172.952243725117	219.417454910172	286.013491070857	366.337090863008	440.46792719659	528.61358273724	603.566541083873	700.934513974593	780.060190864615	867.674387792342	942.180202996043	971.451700030104	999.642923528512	1010.34972253876	978.284139466024	957.147224796202	1001.88735475617	964.840581108137	1015.83145211736	1019.13831897791	1144.76127253718	1298.94853393204	1358.8272010093	1609.27672070399	1695.54964130699
391.112	0	0	0	0	0	0	0	0	0	0	0	0	0	0	0	0	0	0	0	0	0	0	0	0	0	0	0	0	0	0	0	0	0	0	0	0	0	0	0	0	0	0	0	0	2399.42425942715	76.6064401849622	65.1122985116192	105.796675814971	144.214455781007	215.643312756503	275.712684513675	372.375869203461	461.757754367046	547.505771075265	629.114709819452	736.482389703154	787.543399628868	874.295213369843	948.18814910039	957.743700979051	1007.17374041102	988.403013052314	945.571071442253	934.759723139171	913.273461230531	886.992060237751	895.087662707323	940.388965085178	950.396732219794	1108.03114528091	1176.91725819134	1354.42503429678	1337.72542893736
394.395	0	0	0	0	0	0	0	0	0	0	0	0	0	0	0	0	0	0	0	0	0	0	0	0	0	0	0	0	0	0	0	0	0	0	0	0	0	0	0	0	0	0	0	0	385.769177748554	73.2593288404792	114.933731055311	152.459515456988	226.467773447664	294.369082731551	351.447823461471	450.157836763194	527.371771322761	621.170812127109	704.753978190036	817.582376367785	866.744076631772	974.64744258546	1015.59203230307	1033.52116225451	1070.13000137044	1038.48267678623	1018.24279424757	1036.10025224114	1004.45883372093	1019.00487633148	1030.5515495206	1062.93077157277	1139.67316284805	1357.14111341404	1545.5429859656	1721.62135950453	1854.23166767281
397.679	0	0	0	0	0	0	0	0	0	0	0	0	0	0	0	0	0	0	0	0	0	0	0	0	0	0	0	0	0	0	0	0	0	0	0	0	0	0	0	0	0	0	0	1393.90014707887	66.3672187163205	91.1550869815336	126.466647874205	167.126194019881	251.449117631825	321.744489123785	382.47875515557	467.41999232579	551.350811487572	643.211360371515	728.92597412301	814.891462450173	870.275201046797	978.020264140456	1029.01927323091	1063.8644774951	1079.86928809763	1057.97307407245	1023.33424577445	1016.4054830896	988.400778677179	954.661939076082	997.729939865559	1082.81747168659	1189.33500855391	1265.22591805954	1421.24197119816	1572.64908802258	1839.51708074183
400.965	0	0	0	0	0	0	0	0	0	0	0	0	0	0	0	0	0	0	0	0	0	0	0	0	0	0	0	0	0	0	0	0	0	0	0	0	0	0	0	0	0	0	2534.30760779958	120.865637927641	95.5601359062659	116.702942809235	158.476863686889	221.580071977028	289.619084318484	367.956738367211	442.7601617143	545.953065268235	598.643634346554	673.018765997763	759.982808633278	847.059620306502	931.481210483845	1020.80180690863	1073.92957628425	1109.75431607604	1133.54333737326	1076.46027151538	1062.93213426372	1034.27979239799	1015.92880158804	1052.18729521497	1042.7764780331	1137.83211679651	1243.06411702275	1338.91237048139	1664.84647845577	1766.28036264122	2032.80354947132
404.253	0	0	0	0	0	0	0	0	0	0	0	0	0	0	0	0	0	0	0	0	0	0	0	0	0	0	0	0	0	0	0	0	0	0	0	0	0	0	0	0	0	0	362.403769486593	64.7558503802675	92.3365260620181	129.60643082123	172.275108682415	237.11665675281	301.880475470466	395.333989289886	465.449382341597	535.346123875958	608.884385058897	726.900361920778	810.300239173579	879.84922700112	942.37296238549	1025.36734188766	1089.47175144774	1099.94396548551	1116.30907835071	1075.85411569129	1053.69522145405	1067.71613640291	1033.2823873576	1052.99646229749	1092.52661894861	1113.88833023103	1238.90682943194	1406.5233828882	1483.96778531842	1836.97041280603	1865.23755527474
407.542	0	0	0	0	0	0	0	0	0	0	0	0	0	0	0	0	0	0	0	0	0	0	0	0	0	0	0	0	0	0	0	0	0	0	0	0	0	0	0	0	0	1171.89557700945	54.068768129078	67.9279245071853	95.7386308697183	142.837667589438	198.085717728069	255.986869351862	339.263544308832	425.67267598541	498.129958182033	584.005314108077	656.101583717533	747.322048494134	813.009035906867	887.50305899381	985.839404139299	1053.13446570068	1109.89924968995	1128.69210179554	1119.74845633604	1101.21969138788	1054.19986783895	1053.89757573877	1084.22161442075	1043.03921933373	1002.65670302162	1160.62361042002	1243.36210300727	1413.77325744136	1518.04863996655	1659.5546408719	1840.91082217739
410.832	0	0	0	0	0	0	0	0	0	0	0	0	0	0	0	0	0	0	0	0	0	0	0	0	0	0	0	0	0	0	0	0	0	0	0	0	0	0	0	0	2696.30504699847	116.289959628425	74.8962289277912	122.070370298781	123.121700631081	180.139010759477	234.727481924789	299.218842071795	391.987783452087	475.442851742269	541.95257474456	625.331327275058	708.161367807468	778.004383871395	866.05610035708	923.406915616156	998.784833714535	1046.74005776445	1120.96209993483	1134.93771884471	1139.00718030545	1079.58383654815	1062.81954197167	1098.59017801033	1054.66509880296	1088.56731769871	1143.65299295147	1204.54016114447	1390.69426962439	1503.31619082447	1754.43386703134	1865.17204277371	2067.05915965483
414.124	0	0	0	0	0	0	0	0	0	0	0	0	0	0	0	0	0	0	0	0	0	0	0	0	0	0	0	0	0	0	0	0	0	0	0	0	0	0	0	0	421.72600831014	47.8688751789145	81.359580766859	121.845066256071	147.144231652921	206.073265812193	241.24635110594	314.071502576267	399.796515503857	494.680101150188	554.847352297412	637.831911454183	739.537365953068	778.037398224419	887.468628814933	936.825245828978	993.833232373546	1053.19589001451	1126.29773671556	1126.15250938624	1097.33415206541	1123.08880500998	1090.28867930025	1051.371409788	1063.66830070635	1023.9957779657	1116.78790238357	1172.23180279788	1354.24779531891	1380.15176663915	1598.70645989701	1818.64779708133	1961.10703971763
417.417	0	0	0	0	0	0	0	0	0	0	0	0	0	0	0	0	0	0	0	0	0	0	0	0	0	0	0	0	0	0	0	0	0	0	0	0	0	0	0	1209.14049495129	79.6891366872356	67.6376798577562	110.144637524216	123.945345296656	182.836164691935	203.864117877619	271.534451366236	358.317586047126	430.455107377786	520.042225477571	595.707741837624	686.508485575415	748.761690451607	797.055512737775	880.954106196772	931.601858483711	982.728699048168	1085.44384005792	1111.40488884815	1132.73532094329	1127.11133053205	1081.63271181803	1071.26371463082	1061.84172319362	1020.33562173266	1101.55356863961	1106.19866041684	1199.59846565823	1387.94308154497	1565.38983090591	1673.04400585404	1774.16060313618	1860.81402761009
420.711	0	0	0	0	0	0	0	0	0	0	0	0	0	0	0	0	0	0	0	0	0	0	0	0	0	0	0	0	0	0	0	0	0	0	0	0	0	0	2319.48795926337	104.39569984428	54.5639840863455	67.6556675711335	107.371548406918	153.356959223375	185.322994554076	240.706986495797	302.827792393867	375.36620725113	427.407230658836	537.725215976022	613.520550648118	682.39434392104	751.353947295216	834.675214247432	886.62457521488	937.782742268378	985.25840821812	1041.02793446575	1110.10901746566	1097.84727338043	1110.18105194777	1071.52575796987	1070.06780691265	1017.19097095835	1054.54154965785	1040.41938866036	1104.76700562817	1223.77593758453	1358.73585325566	1497.1466516418	1658.84736249268	1683.28819674774	1956.42280965179
424.007	0	0	0	0	0	0	0	0	0	0	0	0	0	0	0	0	0	0	0	0	0	0	0	0	0	0	0	0	0	0	0	0	0	0	0	0	0	0	425.309214901497	42.1624154256114	60.6282457138868	82.7745265646047	109.170566579894	159.422801733574	199.262904285597	272.607524638242	317.382287466888	400.868651691151	489.597294906508	553.967670146906	637.564447342202	700.904826908513	748.019004427612	822.245471823435	883.857821263665	914.539048579478	978.224507025424	1039.8702026565	1081.14496037207	1089.2031894865	1111.99885958411	1061.01147369037	1021.05458986387	1057.61964900073	1043.74245072575	1048.09062749146	1128.65583771673	1251.53412640802	1389.08855128606	1459.28809053004	1684.99785963596	1832.74542019485	2007.16755767272
427.304	0	0	0	0	0	0	0	0	0	0	0	0	0	0	0	0	0	0	0	0	0	0	0	0	0	0	0	0	0	0	0	0	0	0	0	0	0	1032.97688636839	55.7535123099605	58.0609486437687	85.5469620994897	115.928460842471	144.813116086106	194.914824058017	240.611037806399	272.123582037876	337.318876763668	423.724539796127	505.110876940124	577.303945759948	636.266058771261	705.165930986995	778.6533001329	835.60684439192	895.407905656859	940.827274190807	992.067963370292	1005.26610622291	1085.06936499911	1096.03719836791	1083.13336884187	1029.27787945732	1039.51227697609	1035.98765135647	1001.74209387415	1063.37095412569	1146.15433523386	1239.06404514433	1360.85341308151	1545.56224053527	1814.84613865693	1805.81837189169	2162.3028828094
430.602	0	0	0	0	0	0	0	0	0	0	0	0	0	0	0	0	0	0	0	0	0	0	0	0	0	0	0	0	0	0	0	0	0	0	0	0	1874.55323405277	86.6886362704253	30.6363977752939	47.1735004192496	79.1626199096121	106.095727537429	141.079353257124	182.998583135656	230.568108323259	300.309695412021	362.258659917157	412.884634342526	521.808813524787	578.487866028916	651.389882577333	712.814863068354	780.395464249665	812.029485127011	870.373738407675	927.05818161767	959.495474905205	1033.49698324288	1044.84052802416	1054.81969469015	1045.28581821739	1018.99472085194	983.843785722629	972.547884904941	1002.67353131005	1042.77756330047	1102.40021869471	1208.40799364864	1300.11238629411	1450.35023544004	1496.00106100459	1648.6686526238	1754.42363972281
433.902	0	0	0	0	0	0	0	0	0	0	0	0	0	0	0	0	0	0	0	0	0	0	0	0	0	0	0	0	0	0	0	0	0	0	0	0	341.329925651247	44.665982371236	61.8545019719535	83.6026391365117	124.939687728877	151.749194914793	193.637129066982	233.355020993221	267.78843666392	318.249095440631	374.501298412505	460.632622786326	568.9250106882	605.725402645263	689.921671398413	750.592693194901	786.716099847025	823.960934266123	880.222438123569	936.9374760566	987.267959706547	1006.96963906781	1049.90850871985	1062.91067551066	1057.7969977344	1012.42256959502	1007.41346962831	992.970735674957	1008.53564379783	1056.38429149973	1184.29210236492	1261.10814980106	1477.00808517806	1620.72758939592	1773.9821368219	1704.4048234458	1974.99189477696
437.202	0	0	0	0	0	0	0	0	0	0	0	0	0	0	0	0	0	0	0	0	0	0	0	0	0	0	0	0	0	0	0	0	0	0	0	1789.22851467543	48.6423603517784	64.8018843461888	79.3098301659234	90.6447432024157	113.262380476449	150.419240023679	193.668539469541	246.508315090833	288.476798636733	356.611011605829	411.083378698211	479.593970656325	579.09356643386	637.813948508603	690.625565707689	728.108502607437	791.50113933373	838.877373550414	894.237828993624	923.315328194396	978.046845918233	1003.15162753932	1038.5165617343	1025.23453700099	1034.14048386021	1001.29067347401	1002.5876261172	1008.52909222977	1040.64433224991	1064.82299989316	1103.5396057354	1253.46926685383	1414.49706866377	1593.7045047089	1720.30360561718	1863.56938285389	1898.76085835372
440.505	0	0	0	0	0	0	0	0	0	0	0	0	0	0	0	0	0	0	0	0	0	0	0	0	0	0	0	0	0	0	0	0	0	0	3968.99435657528	108.404523602196	46.751123360615	57.6932129333638	85.8176731299325	122.545650608198	130.402918729658	176.353567729197	208.182492091307	248.722182567462	298.575666671025	358.382461971937	420.446204273411	512.846492438811	588.817974362683	644.347431237084	696.407389125794	749.469266667462	800.200233185657	844.759384799042	870.857290695592	915.683798689953	949.4927502062	984.478207346938	1025.82141624509	1042.75798594433	994.875053784787	1002.73987565358	967.061748259255	961.929080220585	1007.82734123232	1038.71940274743	1147.85723685193	1308.34455881208	1462.01328403925	1514.69794792663	1747.89777798218	1853.18378822283	2066.66318853662
443.808	0	0	0	0	0	0	0	0	0	0	0	0	0	0	0	0	0	0	0	0	0	0	0	0	0	0	0	0	0	0	0	0	0	0	567.531610388411	40.944010237859	60.9484063636737	71.2079035579335	96.5389399824271	108.99086211798	149.47485736417	203.644750861505	227.030335797623	293.434967737142	322.515427314884	370.505020557016	421.544636754104	508.8543641319	584.597869791477	647.899360241453	698.449687254894	722.503749184614	767.492182696478	830.068566271637	867.000394588137	897.172251646254	929.176991530376	962.658531841902	981.270590018772	1016.93246374987	983.498859209177	964.905696969103	958.27743629	965.452414424126	1031.32405748407	1067.67355072115	1159.27839666952	1315.32850619206	1384.77205179151	1593.4842681502	1631.83816578173	1840.58747484414	1825.23383038105
447.112	0	0	0	0	0	0	0	0	0	0	0	0	0	0	0	0	0	0	0	0	0	0	0	0	0	0	0	0	0	0	0	0	0	1471.92427808754	36.1482339372085	49.1168357282352	56.3893984370138	77.5532022899004	90.7053781291065	117.730701759314	166.456838647882	193.674733597449	221.993534058278	284.726939881328	329.470945298359	375.15240724318	432.292602188255	502.463617732526	584.307477064838	637.07804495207	686.080454128716	719.134516327223	769.211084907242	798.956349387253	823.373345196209	873.103283266309	888.204754605864	929.753861713733	918.07507423886	953.905328950483	945.639444285739	925.861183770386	910.188156045064	938.771697950414	942.972571980825	998.656800811528	1073.44524465494	1203.84265217573	1400.23473452984	1529.88776352459	1601.56820697908	1705.2580659702	1688.43045543204
450.418	0	0	0	0	0	0	0	0	0	0	0	0	0	0	0	0	0	0	0	0	0	0	0	0	0	0	0	0	0	0	0	0	2610.27984209723	104.37045555775	52.4852484765207	58.5357387793677	68.4780997704053	91.109867979661	116.33788283202	148.990793358006	164.426822441174	211.692951064539	260.467359284737	284.718793490309	329.092048335911	358.120457250326	434.304976883198	484.76474926776	591.014254910839	635.71103012438	662.876770156472	704.266472711321	748.594374952005	775.301854466687	816.617801691499	847.741374017768	862.187219681696	882.241349858703	895.833237147059	925.698822365289	895.563450018955	898.19978826343	892.832327492656	932.399588938573	948.314713656585	1011.17701995788	1095.04704130415	1202.06391070784	1363.86039525329	1460.26294442479	1604.95148427012	1568.31887554539	1699.09898241633
453.725	0	0	0	0	0	0	0	0	0	0	0	0	0	0	0	0	0	0	0	0	0	0	0	0	0	0	0	0	0	0	0	0	462.001959580002	25.6838555701796	31.7655487460694	54.4233323055429	69.6676041665983	94.2806281225241	120.423051054019	130.679217771428	170.282813142494	212.551791998833	262.926528402266	291.448880465972	336.819829808173	388.292478074114	442.67281849932	503.700842334933	577.125828190873	635.550244688654	651.533733200606	687.608394123531	728.312182611432	765.985608267335	797.11756100924	819.835895153092	845.464419671545	853.2827384559	879.404479320261	884.240487802894	890.175449154851	849.302490310909	869.728753486985	878.986211151075	905.157648959476	937.54220024911	1078.28834705907	1177.25097884754	1371.67705613713	1397.0024196562	1600.87655909695	1569.22959926061	1719.63387421192
457.033	0	0	0	0	0	0	0	0	0	0	0	0	0	0	0	0	0	0	0	0	0	0	0	0	0	0	0	0	0	0	0	888.760133793118	49.5677671003342	61.5651342767411	67.4121397329149	82.5190576567687	109.094883118856	119.335738063534	149.694275024593	180.053466042569	233.112367885194	260.641441809365	305.498687578837	337.800998235524	381.143207123691	411.666982222022	460.203248671523	536.152676786701	587.823684296033	639.65413329359	678.962286763403	708.288187479801	752.404997164552	776.376762875001	790.037879432478	813.668476503466	841.968790020507	861.672629941035	881.768931091428	877.607248631507	879.114047450303	870.613617466486	866.122597134793	884.262790200094	959.996557159612	1006.38648898267	1145.16149455715	1299.76796289188	1440.85763750738	1570.22879552683	1596.65047503113	1730.95701038671	1913.78097349857
460.342	0	0	0	0	0	0	0	0	0	0	0	0	0	0	0	0	0	0	0	0	0	0	0	0	0	0	0	0	0	0	1660.28202880038	68.1370867832315	40.1427939434903	45.9732654223901	60.8771179409182	81.0983128831885	84.8758541381764	122.335415882904	131.684043088526	163.217930319359	200.819562176682	230.364775377586	286.618400599272	312.983069374846	362.871658423472	397.502496279663	443.934020272237	495.446980906284	554.269045148548	609.942096224381	651.742577375637	684.809351646216	712.070695645365	739.948624175694	760.524292872417	777.528289082388	799.093744032918	800.427475711876	823.315992905728	835.622200773605	847.945785195604	817.332882675324	842.331665763712	856.375900626319	897.892464326205	950.16600925594	1060.14591832981	1130.00762732558	1222.84547103342	1450.77185443592	1457.41720224114	1508.00425766061	0
463.652	0	0	0	0	0	0	0	0	0	0	0	0	0	0	0	0	0	0	0	0	0	0	0	0	0	0	0	0	0	0	248.871913005616	30.6115888213641	25.0144798895583	56.0119764198785	63.0452358513237	80.3522230338043	101.373013192849	118.158002755252	151.176309882663	185.670142836278	206.54798989709	232.302798975945	269.262165045819	335.025546941102	360.545765923269	395.114490533644	449.685618137535	506.66784024268	560.338802557215	592.495821470252	640.903422920427	653.658392068002	700.550944229843	711.161600553035	731.483877434652	750.332437707764	750.904227441145	772.653948275067	783.106126114136	808.969113466441	791.716549477231	791.538971580253	768.357086739574	804.022888544955	851.038035790307	914.607360904473	1007.97203758478	1110.32081884127	1258.23133871803	1303.87794111552	1531.84005470118	1524.93619880001	0
466.964	0	0	0	0	0	0	0	0	0	0	0	0	0	0	0	0	0	0	0	0	0	0	0	0	0	0	0	0	0	583.483068935531	34.0760688243231	42.9890765696844	42.9529666564508	58.7909986680934	65.3874481442634	102.516313292117	109.199502373522	135.828143149719	159.348650360876	211.769844764726	217.512677639222	258.714894307396	286.641317981311	324.941915866982	370.269314721188	387.165421617864	440.395585921445	489.160143896377	529.079569656737	595.864689459505	615.155471235091	643.89624590689	653.587847104892	690.462405397981	702.097761930614	714.191639023171	730.467018207244	759.102219563028	780.633846409851	781.508429016098	763.887087940921	759.341285349431	766.948511912111	778.154425569537	848.716363991351	900.352254486813	1021.74791183479	1114.52756500038	1213.0521317557	1342.89166867365	1350.85684303002	1547.37098498472	0
470.276	0	0	0	0	0	0	0	0	0	0	0	0	0	0	0	0	0	0	0	0	0	0	0	0	0	0	0	0	1062.756021378	37.2403568715316	19.4696609324331	30.8060035637539	40.4942657834223	61.5783018694316	79.0734391234582	85.6955094792548	114.170873063856	140.93253741361	154.934429203218	173.922586999285	222.570293399051	254.594544072669	287.088218914748	319.688527208073	352.991936876994	387.828606539055	433.191725024235	483.845420168036	510.745257762165	568.873066091493	616.960327360817	629.154590254998	629.727902842267	649.225366976208	670.582490458667	700.207133708258	709.923888845292	727.150454142474	731.856669827595	746.55231784816	744.423237125586	736.77814918359	737.302925730849	782.269945722937	797.849930060247	855.328653777422	936.661624361568	1059.20606009759	1158.87853230588	1316.96845015329	1278.81853871668	0	0
473.59	0	0	0	0	0	0	0	0	0	0	0	0	0	0	0	0	0	0	0	0	0	0	0	0	0	0	0	0	131.606475893398	32.2143831429798	31.0954651548951	42.4684869311073	57.7613990503536	72.5403397583208	90.7204439558565	107.869436686363	136.350647490523	150.152282199464	170.038035528716	223.066439946539	244.821883137614	283.446168009981	309.471382265599	343.092909762845	374.989488881178	398.582594272973	445.575467561336	468.810527506887	524.515762544102	570.431585404768	590.823097088099	607.38172351629	630.087760217655	656.760596640588	666.069907617371	683.209972443894	692.72346606005	704.984085230308	708.310910486122	715.935188836194	722.040413485953	732.658623678947	727.022072436961	755.284492247164	804.699424175859	845.903668874461	964.485849617686	1044.80968409357	1202.17887982369	1328.34111782925	1380.45325075095	0	0
476.904	0	0	0	0	0	0	0	0	0	0	0	0	0	0	0	0	0	0	0	0	0	0	0	0	0	0	0	415.53071556033	21.8692194041031	18.2642526057162	23.027799261385	45.8237875500847	47.2004334571843	69.4609829886148	87.5786807505562	106.708789334085	117.598450393449	151.763410956081	163.898094305882	189.438302082403	229.584124116045	248.999030420346	283.091753586133	322.978879423444	355.773276174522	385.561764402189	423.626197824044	466.070706718653	501.345256047586	545.158834145163	559.565811373919	579.396528194375	590.408293302192	616.437443748184	626.31180126107	634.711137473147	657.114457565969	665.311103562266	664.604847287608	685.254305162576	683.125657058574	689.573321841861	684.147298451416	723.386020484523	775.949139851312	797.343610095981	874.098253444431	1021.01321633082	1164.08048866241	1162.50480528646	1274.2052500142	0	0
480.22	0	0	0	0	0	0	0	0	0	0	0	0	0	0	0	0	0	0	0	0	0	0	0	0	0	0	773.646755217095	34.5376360111879	29.5190987133061	31.0865596719715	37.4502038359193	50.3515520145489	61.2111709003076	86.0473044494755	110.255611347579	122.353541228987	146.612820561489	166.364396954167	203.277847740505	231.851577542226	257.497544295681	275.739836831871	294.121044607237	334.789066422984	374.324609949519	373.946163314854	411.17408025471	477.489218778579	509.500476460285	539.743911668227	548.810345089936	556.629182201343	592.734950853145	615.112894692853	605.537210737932	640.522754750724	635.567523451152	654.026989194835	662.17073279314	661.53407325358	652.659057456047	653.167032966348	675.146213801543	705.824854239076	758.43866368364	827.740965620737	937.956337901997	1019.19373810097	1154.9591362173	1202.42673829774	0	0	0
483.536	0	0	0	0	0	0	0	0	0	0	0	0	0	0	0	0	0	0	0	0	0	0	0	0	0	0	122.6712321642	18.9968549146717	21.8639504242024	35.3488585931409	33.2602194899138	58.7966116021666	77.1041049517642	76.64844794965	92.880680941036	120.382473125133	149.641415515498	168.53131960634	173.505195310468	209.553258876669	230.330035335231	277.675413047811	289.127032563578	322.00454556516	351.074450981953	368.421831346386	400.851903717898	451.083614750262	466.335313226269	520.581940994283	542.402538489645	537.785715657781	566.621492499563	577.654246351325	594.299060706124	585.908796020631	608.817358052795	617.895369998436	631.436463131292	636.339392066719	628.619425548852	660.430320944179	667.56962327649	692.071346310799	742.269971400115	778.041245128716	895.208524052281	1007.73538635375	1077.32228223251	1144.35552211633	0	0	0
486.853	0	0	0	0	0	0	0	0	0	0	0	0	0	0	0	0	0	0	0	0	0	0	0	0	0	354.272406582294	22.5533613273781	24.9812405707592	24.4639570288296	39.780041339627	53.2058980376373	66.3772964652668	77.6208968780869	90.6458654744997	111.080176686358	136.610644969444	152.92841475246	170.481381079377	202.668895900151	234.748751152971	267.930277220538	281.38856031876	289.536431072084	315.503076793754	336.33966262692	384.631169527747	409.142650401323	444.910981757955	474.665377210806	505.075696512805	515.187087797956	540.608153112565	554.086819613254	568.331514962893	572.2463956616	575.605323029623	597.299770207542	611.459528846526	604.473563740182	610.591312230182	654.023636344817	633.823721980314	663.159514841913	689.523853153624	709.669547889954	817.998657773089	873.308534100421	979.332467060626	1125.2281063343	1212.83943612926	0	0	0
490.172	0	0	0	0	0	0	0	0	0	0	0	0	0	0	0	0	0	0	0	0	0	0	0	0	841.049705127887	29.6021446001619	28.829192889113	27.5249879327894	36.6531745781969	39.9334736995245	48.7519659353297	73.0185524818663	76.1638227866666	88.3009180786128	101.460996315279	119.559911715101	150.72549719795	179.273972934366	193.529187510503	216.925557022047	236.196700569086	256.612483118672	300.415764124438	327.251341642899	331.379434974879	356.201082773482	393.981935962873	425.535052600561	454.0070859565	482.119853736622	505.64744003074	507.081509178752	534.043418872079	529.458791179285	561.439819635738	559.63730966109	544.934762307255	564.008079628589	579.683743015249	604.613746008451	593.482638854039	603.971157240161	612.065658358169	665.669183292855	675.253296553717	740.990353995415	842.846844763985	924.920053813736	1019.24180490317	0	0	0	0
493.491	0	0	0	0	0	0	0	0	0	0	0	0	0	0	0	0	0	0	0	0	0	0	0	0	131.503857172451	11.1125924898928	11.0784158670827	27.3147112522708	32.0309034216499	42.0198083540414	47.751955929999	48.9578523220665	67.5343682325797	87.8629459195187	99.8219213699379	129.492502208113	151.746544537171	163.71757768422	189.923111015502	207.404383597198	223.323910290346	252.973820042851	268.463408336019	281.207520762953	315.787068658101	344.403862130541	380.663732997805	396.252742153331	434.604177852357	460.202817756098	475.253701411175	492.493881402035	505.281784383522	528.363729571456	505.226979661659	522.454676118782	535.928430488646	540.866382144975	553.679403153209	565.855365411559	581.206151735904	551.289377193211	582.20316609051	626.517855115903	646.767881871329	720.5093677373	775.528843642395	881.605806681497	960.197694273202	0	0	0	0
496.811	0	0	0	0	0	0	0	0	0	0	0	0	0	0	0	0	0	0	0	0	0	0	0	478.150099157033	23.7350267937158	22.4425180529885	35.9925432396347	33.3349248665073	43.2935744306685	47.4604498395532	54.2637041450458	69.3315363583112	87.1932883366348	104.347764427908	118.71863348754	136.917897405081	173.228545507736	186.467049687202	202.743660969165	210.210246884827	242.064352958065	266.954820463614	307.631801369938	311.643606333977	338.06105721313	346.436446911045	367.633201828511	403.7452256792	428.4202660695	453.796367825662	465.897184731676	474.784584719495	483.301629024918	485.045141543623	494.673069996769	509.564755068396	520.47105366044	510.672488245439	554.319349670209	550.049218160444	551.838566173495	548.490886978651	617.017102335234	592.663388700654	659.272707354788	723.189654607771	799.97323640702	890.68909051957	1015.14004615968	0	0	0	0
500.132	0	0	0	0	0	0	0	0	0	0	0	0	0	0	0	0	0	0	0	0	0	0	813.857904763162	22.1255883353798	9.38954256567643	17.5577795353587	12.940497596169	32.0356113370136	31.3783236506201	48.2429978015403	53.5745454590224	64.7578406628685	75.7613983624361	96.8674029877093	110.754035310341	139.023928710869	138.992763907002	170.010731004334	179.675497646711	206.364709417111	234.753103692505	266.655887026814	256.099057614996	285.813225395753	308.587942500758	339.694925732097	348.064717063215	371.443391375036	399.566937897019	412.142780917678	438.908063797949	452.235980235574	439.013631087528	459.22108042474	478.58937153784	487.904161721977	480.679571023375	492.42468755105	521.165962137729	524.946169898933	533.615186816573	527.174849148061	538.8410470496	596.644012496892	627.368365863767	677.737354276063	790.81377298525	816.293594679953	0	0	0	0	907.650359653369
503.454	0	0	0	0	0	0	0	0	0	0	0	0	0	0	0	0	0	0	0	0	0	0	124.439636176519	16.5277843662978	27.6057640484133	25.0227771061878	32.6986545594466	33.7278334729111	50.0260758880372	57.6282047546568	70.3897743760664	70.0043999745255	89.9027390451995	105.155518302725	131.565292933939	144.049632885582	171.118071125715	183.883957670885	200.596298747176	221.957349909841	236.93516295412	255.554546597771	273.451548404236	298.781979902475	312.837717960633	320.571067589212	349.749018450904	376.55258707986	400.972433269044	408.1903191633	413.13758743354	444.45893052026	450.080094082908	447.275802844216	456.125373179393	448.626195850508	466.658377954129	483.740967674987	483.21163418813	524.683805119072	532.437518411319	529.106147841716	550.227465885779	595.454050886082	608.317723385446	687.083627601103	750.078772149096	846.516533052831	0	0	0	0	1196.07431261067
506.777	0	0	0	0	0	0	0	0	0	0	0	0	0	0	0	0	0	0	0	0	0	444.516400489589	5.52715086254958	5.24782035958295	12.757285778934	19.9172131377285	19.8109533090526	39.2839352891569	43.1370728949342	59.3128687017439	62.1654109226601	75.2456836222294	89.5247722760654	107.207140435788	111.604583092941	138.291380270344	159.351541088874	165.881098549639	181.756073980188	203.758794248924	212.527467506655	234.549845126346	249.780649195144	264.664090177985	285.272641720632	289.626516240171	317.356748078376	338.987870950278	363.854990518691	388.458479066786	384.376460886781	381.322026462829	421.741177303074	421.796252132302	434.921833648723	435.460964719017	435.460101206948	443.581376949113	459.378050743211	467.309300414206	469.062491682571	487.330255152304	513.640255329932	531.314681723764	568.751982009884	628.516921640204	669.70324876472	790.11275954489	0	0	0	0	916.600984478298
510.101	0	0	0	0	0	0	0	0	0	0	0	0	0	0	0	0	0	0	0	0	718.611490816112	27.1347727657461	11.8553523823239	18.1993000377576	26.4401092729686	26.3341742563374	33.2749502218984	37.5986600316651	42.3535215895535	48.7381253755062	73.1496319673761	72.9523221856934	104.099635693794	106.893979208786	131.998823964712	133.909845156427	159.102967160911	164.347026876704	182.955040551311	206.634046396241	220.479686931424	228.86162534008	258.028695785144	271.551389840847	266.706143278459	289.014452955348	316.112159648319	340.017153667526	378.733734248156	376.384079135742	388.589698435376	391.78325807781	405.498062682035	391.418870092949	390.502161297871	419.497325345948	427.047077720127	429.883242374364	421.984192245459	451.060126818596	466.054926569398	465.490811156898	492.442526252585	507.819243915218	543.232626989992	632.275249591024	671.302961980638	0	0	0	0	994.371499288187	960.740533534311
513.425	0	0	0	0	0	0	0	0	0	0	0	0	0	0	0	0	0	0	0	0	97.6169564807762	-4.65160813758984	7.50676329746577	3.89451422276108	10.7156162787902	17.5613013640561	28.3269091930158	38.3974925965969	39.8426677744079	44.2383641296269	61.4973106644808	68.7859267855621	71.867545010253	79.4456282800845	109.531470766923	126.200530070691	132.109016535662	147.627439931944	185.516514938643	176.70707199415	191.801154541453	216.122980833053	225.476238392984	251.703052042805	255.248633462382	267.383414394583	280.261424469277	304.690195314961	324.726812936663	346.005378014041	341.358312209786	351.148845968021	360.159882806288	372.094539482454	382.367018848094	374.784397128425	374.761658391173	383.233865954154	403.735082071092	405.237408707345	418.109324397623	426.916374653732	456.047318794152	461.862951059984	523.493872370518	551.841271891862	640.413806683721	0	0	0	0	718.634856894318	610.684875614322
516.751	0	0	0	0	0	0	0	0	0	0	0	0	0	0	0	0	0	0	0	295.456529845383	12.5371003245457	8.37626847321919	11.129762905772	18.9716906960128	32.8360647882722	26.2508216338477	24.6698095832639	32.0500746731116	46.7386625547142	56.0150963844551	69.8008287166587	83.8650030004837	91.4406051895414	107.128194172697	119.325596760115	129.611309968822	146.312727342127	162.138478147622	175.382161509994	195.927161888907	198.6259784683	211.943548553772	226.795687492813	247.323680559817	263.808558827269	279.558938967915	285.912061949879	303.332579482305	350.09802623048	336.11500205689	343.640075085079	361.146100958699	367.818011740557	371.326354491998	364.657374039132	381.136608233289	381.513081297359	401.057314278279	387.180166107864	413.297478035028	404.627575816584	428.342197338869	457.024887334348	469.333024529187	501.882433285217	530.079491651509	619.073230208599	0	0	0	0	709.435732695072	776.10123417534
520.077	0	0	0	0	0	0	0	0	0	0	0	0	0	0	0	0	0	0	704.613507661387	16.9940437978449	20.4015036407955	13.9804298520532	31.8712594638405	25.7042140906762	33.8517003139621	33.2855560040894	38.5538827868543	53.4045410791122	63.522887683348	70.9865844380966	80.6226928140404	85.7220414731868	95.8229010129614	122.236939790176	128.295878345357	137.896221090825	164.729982554204	173.36363125572	179.17400847397	187.85780974519	216.052081195636	228.530148223516	238.431295403115	257.144121063327	266.800677185373	264.370596741307	272.738301842957	310.511363950132	335.719222702853	321.961108350772	347.763291559253	354.627153780388	348.445696409742	358.163076846973	376.71073284458	380.445610296522	374.861767251563	370.127692700939	422.375834421051	421.339064918013	421.303662728691	415.897677421456	449.583473968538	452.9319038604	522.413259045169	593.405479626272	0	0	0	0	933.283618226618	787.719692799813	959.168746448385
523.403	0	0	0	0	0	0	0	0	0	0	0	0	0	0	0	0	0	0	107.903122603672	-0.401050642040382	21.2878345560206	8.91746143467419	19.1946665872402	25.6192463661728	28.162085982608	28.2021996327012	39.6398389742919	53.1311337553574	55.6750305269796	63.3673878323563	70.5151003202319	73.6247380693636	109.438560630222	101.856830821409	122.757085883411	139.507575396882	145.085609417426	157.568173764716	176.204936922593	191.359387967548	185.653899939352	205.4605189228	227.124088323975	224.331763992144	237.050714814698	260.39543923843	257.432618847328	288.812144027108	286.786860882872	314.48884324947	326.076730208836	321.91977988499	333.498123697711	342.0557905078	345.445859650502	353.468509019334	364.119700694316	367.283450356509	359.326750160422	384.883099902385	396.573812283707	411.187530650638	420.99887949737	458.191759937378	489.695991827162	545.31084124498	0	0	0	0	761.578642284226	812.504720189413	726.967392955219
526.731	0	0	0	0	0	0	0	0	0	0	0	0	0	0	0	0	0	593.114581052501	18.9267141330657	7.31593419893627	22.5059343023605	14.931684434069	27.8901231593721	22.1359088159997	29.5612059643095	38.8600682306333	47.944535596804	49.3304417749612	53.1124302092529	65.7209340906478	68.1112792225512	83.63910733946	91.3853238403054	113.763636443307	125.490263632115	127.057445723603	153.610790923279	153.134700524906	157.264320303883	179.08575757976	195.929495734876	201.031823581219	213.996788369876	226.660762673872	230.041525255079	240.208894449886	248.258427795846	277.865407223798	286.453113791225	292.054961670637	313.779231735046	305.76007604892	325.679553056418	309.891294605946	325.861454741883	330.073139381348	337.060142387437	346.330149660056	351.29147489057	356.00407125688	380.896694003841	389.632122962272	395.667765449623	421.090967133841	471.765397861131	524.171393161084	0	0	0	0	672.573382554519	755.250321081753	751.973246279704
530.059	0	0	0	0	0	0	0	0	0	0	0	0	0	0	0	0	5698.5795075275	38.5331962004344	-0.416029000370081	11.354267275942	17.482911307228	15.0287652017898	29.1507623050084	28.3249168640284	24.7431490763798	28.7243871516891	29.9348249861097	51.5244549980898	58.9070174595333	63.6972471290071	75.3738105095247	83.5138548522641	86.7495611290232	102.575579492916	115.664026499757	129.029166140877	143.221097225357	151.495709507228	157.570091726074	164.47298898995	166.969912423293	178.195053229782	202.666655453198	200.970583432099	225.657875314405	233.103605971394	231.83411458511	257.842459512673	276.642892260233	276.844985938843	273.544677692253	289.205169654822	299.573737790292	296.508700316046	313.62128081317	306.714217066587	301.926712410987	316.133725607663	333.328986658676	342.320002244861	363.609224251579	349.968201566284	389.587301301216	406.681353692463	430.135407393036	0	0	0	0	683.676683413769	709.772265853467	590.749426329434	710.473509246574
533.388	0	0	0	0	0	0	0	0	0	0	0	0	0	0	0	0	800.991062970034	10.2661832901174	23.5695850723366	21.7644152299896	13.4311124457865	31.1214320329538	31.2221537218525	25.9929903979855	35.0072796606157	34.8856166271438	51.8873000683165	46.9848086232188	61.9922190184143	59.5763003376876	76.4975001593984	84.9865009130379	86.2532193965672	109.468630794009	109.516391242384	128.449653076631	139.538558765171	144.079657602615	163.785596971871	175.25620347956	183.551755453686	183.176692423508	194.414125593885	212.429701805961	204.877706227551	224.174054914816	238.114851980788	246.361233847143	259.81383625139	261.250944674332	274.905025585541	289.017866830909	282.374461775439	296.523440758626	281.020052607512	301.952991216546	300.133678187159	296.903547693936	321.204379541853	325.782140851013	325.067032095324	343.081560825708	370.116924249584	383.522951888756	430.681657833239	0	0	0	0	655.587057322248	663.306312805032	694.606246174815	783.596542518463
536.717	0	0	0	0	0	0	0	0	0	0	0	0	0	0	0	854.917194755831	26.2330302303332	21.8109749535358	15.3630976257895	22.5678634399199	31.2145093829483	20.9082175195532	25.2020504286446	40.1327679220159	32.7026832916156	35.6089924415794	48.0447729019926	49.2969449606672	57.5526327312514	65.5255836025957	71.7290543296618	86.6371998601837	87.0135697386978	109.42732370548	121.173570999482	134.20560890666	128.424755943661	152.209521344532	148.852948500953	158.597604215162	161.949255204199	198.851959881633	183.874485110861	194.559002897413	201.703195168518	201.241314857152	222.204698040682	226.274925803265	245.449988487045	253.182532044816	260.010728588273	257.697077791199	260.534022113797	278.309094459089	277.274619183539	279.031454940204	285.643354327191	291.884734940768	312.774826847597	304.89529940641	310.939126376373	346.84011356673	346.305352692075	369.012405166339	427.232861192362	0	0	0	0	598.49322114004	630.222972148887	576.30165909317	701.840194226955
540.048	0	0	0	0	0	0	0	0	0	0	0	0	0	0	653.727848315681	15.4791523347953	12.6078324804594	15.8812407326836	21.9790530980692	21.387433960185	29.518689828164	24.5867820227511	30.5919991176025	33.3330064520784	23.7431396752882	42.4756904252515	35.4367888672495	48.2948271450734	54.7808944960228	65.9866839147183	69.4202086902496	76.9936118552591	88.0702524503687	95.534768918205	104.218917846914	124.30947402337	123.694896554245	140.462844911819	145.027870777572	156.546653677891	177.072519623217	185.731537368037	186.046550285751	188.89428112343	201.739561301364	196.22647206968	213.181383420783	220.987775858289	226.323711758943	249.134094448609	241.07766193218	245.707541625839	254.627293763448	249.632370948855	257.074743964748	271.978396424544	281.134064607479	293.181206302638	270.34793024554	303.773887406621	315.744790617788	314.067748728193	320.813294937049	367.621668434412	0	0	0	0	665.158737059271	591.414846650071	634.2301947707	635.732570558352	591.861997763612
543.378	0	0	0	0	0	0	0	0	0	0	0	0	0	0	114.075938861351	17.2360299096224	38.7280282394182	33.6524555383806	30.1886110091485	33.4817141318368	27.8962556148085	14.064031880985	29.9818390944413	33.9842358659837	44.7249376750005	42.4076144327849	49.3177533001278	54.9228871080539	56.9809047434872	65.9067131011721	73.7826212994219	91.6902674571699	80.6769902435506	110.571706764643	119.226426166299	127.008737308634	138.842595160189	137.485808955087	157.049324990541	154.275192048666	160.644670905735	171.394195973756	182.645716035782	179.115380073529	187.742580845515	188.770494473019	198.547842672802	210.816234389759	238.289789287693	228.173733798262	246.588296085742	247.704503301339	255.979584054579	246.472516132341	265.163449203974	265.304371096788	269.927853913972	277.570967516651	306.458083670591	298.793993717518	302.071119947288	324.392536503708	320.617327418447	344.338921844246	0	0	0	0	611.80742526477	619.472264475555	662.24566135572	696.258559039141	730.144151496905
546.71	0	0	0	0	0	0	0	0	0	0	0	0	0	384.354780959821	11.8474388142932	35.858236119585	6.72824073732509	10.7905315774067	16.9269833675908	28.7906297388252	36.0636474223566	27.4785702024896	26.7272634061111	24.0387044974939	32.2861507715841	37.1174854828567	43.2799348203668	56.1380804702487	53.9393788300732	76.0358626699212	67.447476908841	79.7421226733954	91.5460801031445	93.497482269709	106.13616239816	116.925025447756	130.579652522321	142.024784187131	145.418755036867	137.705924156079	152.326842422674	144.197535540743	164.350793183176	188.771303908394	180.351770192755	184.662150150812	190.622971340234	198.079903341015	201.186372803499	226.780360709041	226.414947230611	228.037221915901	232.448789948041	223.760718087891	234.170097527206	248.906400779228	246.451823252695	254.359427140405	254.819018106178	277.551689171696	284.160313249684	306.597558318463	315.349755515268	344.471569942637	0	0	0	0	494.687878437478	523.324220580577	520.381721610401	538.771309263927	614.745757644186
550.042	0	0	0	0	0	0	0	0	0	0	0	0	779.474592799104	4.17401720662559	-5.95629211703295	25.0825333249501	0.429816807460706	9.52136337597904	2.86407805331085	17.0045370246276	13.0339195268253	14.6418396398992	25.2747083698133	24.9330045758744	36.3941397412008	34.7376873835737	44.6538270972945	50.1793840237393	54.4303340815337	60.0746321843654	58.166249610038	63.1445935602952	81.0652941836484	99.2306382079152	98.3272973978076	120.570358597423	110.060483963785	110.769723924117	135.762519879998	136.285289347621	156.475388957895	139.86167398882	152.223443435855	153.031387586049	167.443641742482	176.442465487269	181.759662786528	210.649314754075	200.544377159591	211.499649165975	226.456613292808	215.766230318448	220.833779486148	227.734030805017	224.432208572439	236.571411254527	235.959263287317	230.768499254743	232.786396811695	230.291457823468	251.811567385585	277.020589490362	287.280247750196	0	0	0	0	504.012283939468	406.532830045646	492.409110981302	531.859196232221	526.661339583751	555.539620968794
553.374	0	0	0	0	0	0	0	0	0	0	0	0	112.742455576828	5.69384228540843	-0.00499039537816394	0.930197056050906	2.65939430988016	9.47584086555353	18.5379938662631	19.2813423635841	15.9457803806906	20.1320131737715	15.1243036791711	21.5297397899095	22.4742170724625	33.2251798521879	36.7397280280208	44.5040653662858	57.8115588164354	61.1430112287615	68.2405951487333	82.4061196528992	76.5277593638671	73.0058240095825	85.3203566277447	94.7261542186491	105.131955411567	107.820076089987	119.436778290944	122.073063732683	123.394901505783	143.183844102665	141.349402329523	159.581185947423	154.268494614181	173.214297449189	181.481068775494	178.986964642431	194.867624196711	206.693557835028	186.335061591217	200.236821748528	207.613438193366	217.460839616218	204.154820195813	217.079389266346	218.654914766318	236.626406619026	243.67596774198	257.531260329686	234.329215861548	260.366644711231	289.335242558781	0	0	0	0	437.616749552406	435.532637544369	462.556241081226	509.297366434492	483.219336289708	379.086413212625
556.707	0	0	0	0	0	0	0	0	0	0	0	322.462133564614	18.8439809131492	8.23120649178603	22.0363713730155	3.26603886855822	7.57587445998263	28.6532503468822	7.33180958187297	26.1837473378258	8.45244614847614	21.3596188730332	27.6967540134158	33.3013610927757	28.7651501449453	37.0023791569936	37.9326177478089	40.098666553212	49.8744224908975	47.0522229540306	60.9751435898465	77.4734612153616	76.5763764991912	90.5474285573735	97.4775420907304	93.46202915717	93.1389131144975	113.36777863535	124.563954516405	119.085400903246	138.024355925328	131.023575995438	130.949869930068	157.796173712683	162.004955303699	158.324364159694	154.99998701186	170.184967317989	184.110340273094	173.829202320673	186.724697432359	188.303318049316	187.179278614955	206.800197403583	195.596387737274	220.315911214953	219.944258713475	224.442577920958	232.100556565669	221.279670359805	245.920189247377	246.419873478592	227.98774818559	0	0	0	0	413.959692828017	421.396077083535	437.941429283514	557.409439080105	528.340754027801	462.767896698966
560.041	0	0	0	0	0	0	0	0	0	0	639.109926053542	20.2620063644991	-18.2982603653511	7.18383251915954	9.28791709620333	5.60757932885744	9.38328806414789	-2.98882032300134	19.2126432697798	15.6009142135299	13.9657652991219	15.4890783899483	22.2396009617544	18.3787201295299	28.9801138331131	31.387002052533	42.6109772350734	41.6652439171041	47.8251212146136	63.1294334963656	56.2280614666766	62.8212030890437	75.5878749252377	65.4772605806287	80.1670736251422	85.8769388854121	103.620272578704	104.806202203579	115.115889879233	105.118779304943	120.147151349443	126.170449996545	127.097541945322	134.273214989613	141.955568659175	144.464138772664	146.682860841034	153.738778737152	166.293585481028	169.247879633537	180.258347507387	172.007273547783	171.281802888943	192.16103557198	198.173815700525	192.555328321584	183.460725109799	193.615724404521	205.943233112177	223.787999566265	209.967775350364	224.248803762116	0	0	0	0	403.750347898087	371.46449340106	366.842289382902	464.686827750698	348.031980289581	430.262650671687	439.304554849131
563.375	0	0	0	0	0	0	0	0	0	0	110.809558863248	13.0092482328211	29.6864951647182	26.2504627634423	19.6326576199938	32.3241560837974	7.59591363928734	8.99944580260713	44.7173249021981	33.6849380888184	40.9887310116176	42.1691529677343	28.9549131300888	34.7338551629359	40.5189552115204	42.4365938560107	45.4508150329592	50.8071124780562	46.6553383276888	55.5218719116322	67.4104340618323	67.3791512099224	84.990640592725	86.8210915199033	94.4125269615196	91.26778638993	110.229742365588	105.757677947178	100.242225258254	119.680525696311	129.05854734579	122.273762939359	133.587869865866	135.381048465368	147.17094110815	145.542718112877	147.478275151669	163.574411864106	156.278289228704	167.204294262435	171.795254329212	169.539425974656	178.184144743813	180.349113404901	187.429687452545	191.092316897573	187.86273301318	224.567507848455	201.534931512782	207.308094744544	214.742471221097	239.461048274311	0	0	0	0	384.593371376241	380.883664538411	406.180443109994	434.222524167928	498.652430505867	537.354985238202	406.94457699207
566.709	0	0	0	0	0	0	0	0	0	238.710307870378	15.5600515221194	18.9531123230101	-7.70323912503281	8.37951175334628	12.9490828194323	-0.499274791627377	9.05855462225641	21.3328115379193	11.6246282599094	4.36084341224708	13.1031401145066	18.9256182022406	28.7901516041452	12.6619947083827	32.0570142905861	39.2580709783656	49.0570673557142	41.979564566652	44.4103726262695	51.0517641997804	54.2295777720766	51.032905363146	61.4632380010231	82.3673835042545	80.8169861972829	79.0281163524534	95.7658236892389	87.5584999442116	96.4528723584731	114.009204546505	119.84195820682	111.752900924672	119.271073643525	129.847767966974	131.868634446778	127.910942792563	135.952491420745	132.205911448196	148.025782441361	168.972525446304	153.786219340702	159.266047958732	168.440738134951	170.264377008187	162.882850952887	167.413931489103	183.806028721868	185.316230202381	191.211545760583	185.908831989438	201.678166737112	193.224306114676	0	0	0	0	335.436217768601	315.076736608764	355.172792932673	418.007540201718	431.716718498127	366.980477812551	306.512411123255
570.044	0	0	0	0	0	0	0	0	572.870203693122	2.50278901891424	13.3882518109265	9.34082898300601	-8.91209389663672	0.53177775680616	9.62057028337216	9.66952602467993	17.5465233948377	-9.28590268944077	5.49480823599473	18.1912260608297	6.86350401039041	32.4527291105468	8.07395441566563	10.6319957458201	19.233264544854	33.8854583191376	28.2970470131944	36.4228911149173	38.3020893146644	38.9480839983425	49.2811042843045	67.4251228416998	42.6402994524943	67.5037347502327	74.7516464741205	81.5227172131804	80.1508852043363	89.2456952648818	85.9812575873874	93.4569197645959	87.7721335818181	103.099731836562	101.392468708546	101.310477996214	119.94084064991	124.402115498862	121.928178356776	126.51658459913	130.358538641311	141.888025357344	137.795382809221	125.700075297648	148.648260751641	152.385105104124	146.617081918705	157.348193554557	160.641302421026	166.16790776388	175.25324076616	177.971142835854	184.358826169984	0	0	0	0	322.460458804436	293.306756865643	320.012846582574	322.668587091554	257.944960137451	354.038478313721	285.8186761236	217.725598004028
573.38	0	0	0	0	0	0	0	0	100.341813794856	39.4236929526148	22.033530079883	40.5038790587335	8.95909219930258	57.7384391122827	58.5963393040391	39.8981106999704	38.1142184875966	48.0514307291394	33.1824975127402	34.9702335877995	17.9967847161493	38.7411687127662	36.9646026714378	42.254126120452	48.511624726512	48.4708557092835	48.4378491778831	52.2709261700724	48.0901444563086	51.7599606177975	61.0008014005995	62.5213674157588	73.844454404418	88.8816508060616	90.9401893266756	92.5778400920079	91.3685660004955	91.9776311099378	110.622469037656	97.3445033385949	119.024715402091	112.716890576799	117.741812047347	123.808064336943	144.607825299046	134.11954673993	121.165126095893	148.116307348766	158.907571302424	151.519685081475	158.356679131813	168.542692233874	157.557542270052	162.515898860229	153.432877337505	170.122060828844	176.03947335231	193.846491413371	192.961711872249	194.771794212219	211.868585579015	0	0	0	0	311.431226281393	319.832027039181	346.472216559143	407.689429322895	458.765608892875	451.537521332026	515.858509975824	563.175700587666
576.716	0	0	0	0	0	0	0	234.516459376508	-14.4961444607624	0.667657168872034	-10.3913023440142	4.12427643451726	1.12219876596502	-3.21004463143713	-9.66619506814892	-1.93694349062437	4.19056651285504	-5.32989530156746	8.94166191052986	-1.62928311873776	10.3395845593183	8.95628144258587	9.37405106995422	13.2138392139881	19.8248599907	25.2381191510893	31.2563392622371	35.750725930717	41.524784827648	41.9467053477601	47.7973568615679	45.1444981602968	60.258540302716	57.4807356736118	62.1532293439823	72.8910995047508	68.1645844492844	73.0834914816198	72.5869655241794	71.043051489469	76.6593537396402	95.7030298508354	89.6316227029012	101.060346970308	102.133602621801	86.3841093788954	103.807127758912	111.120031711875	121.489664820022	128.329943506954	125.471937412324	119.355185395812	116.46997755638	130.371249404659	138.386799290145	143.111185217563	135.161168733111	141.638721147454	154.113096606085	154.678825129521	158.448860965228	0	0	0	0	230.293107115023	259.292713966134	269.240203383667	219.477474414489	287.430105009077	217.068344220353	157.680595618056	237.985281072983
580.052	0	0	0	0	0	0	461.611828862368	8.11093457541873	-0.0221110978351258	-11.3952501519981	-0.00513817595999415	4.0692446778494	-5.56518255389236	-13.7797142794349	-0.0127836624749451	12.5294375057034	11.4970461717287	13.6816606296613	10.9569637038837	-10.0938510917306	12.9105222948695	8.53651313425961	4.01602407169845	22.3440730043609	19.6837987266107	24.8470634263851	35.7367044358356	31.8053131281521	37.3882023510199	38.4575394730018	35.9251169930487	43.5461650750081	55.0110721318341	44.3846693586832	68.4848922402796	59.7772654312424	63.2173883466759	58.658238625808	72.1395063576186	79.7323956576985	87.5928670401846	89.5186577322951	83.5039480000399	83.1180238911527	98.8764385558978	105.753474915242	96.8628092789116	107.407024878203	106.491844839329	107.991850709459	128.171317157323	127.735133408841	121.683684387671	116.675611946349	121.340229330079	118.184908613189	134.625606908858	147.847961795113	146.792621986063	155.494054586884	0	0	0	0	277.06150006547	222.388783795439	255.031375522323	260.14294248977	259.924160452329	266.784893574392	281.590274284332	268.563795436859	124.473178108365
583.389	0	0	0	0	0	0	24.3169807767156	-30.2709311322072	-35.1184173042206	-25.7047882238936	-12.645754915835	-19.6613956094193	-20.9473781998323	-7.35348810584871	-28.5786784473456	-11.010642663071	-5.96188696115652	3.50092836669065	-8.82729145597798	-8.00763734023543	-3.02800981968439	9.15758003186245	10.7574882309886	12.1738487291882	15.703717457537	17.7933665819225	25.0980417195243	25.5261648728964	35.2227904014199	34.5430219583706	39.9154051892243	35.3371002654613	31.6420641373361	31.0743097600241	37.5714818871718	42.4529106990688	59.158560117182	67.3842408549553	70.1562037865681	67.4436273170178	63.4324423527809	78.807953054356	71.437324182553	71.3131332202204	80.2951111225825	72.0316383009346	80.9109751055521	84.2249188269755	95.3826478301782	103.786759700854	90.3036878988018	96.602200118932	105.460512234054	110.024954632995	120.594632477622	113.789957758909	116.392757006752	121.027926046564	133.337875912024	109.939189184344	0	0	0	0	181.960778029478	182.205791939674	187.705143829022	222.287068661501	213.726984134078	172.747993247522	232.254508322862	147.241758245612	138.737420056749
586.726	0	0	0	0	0	192.000175316047	0.679362797518656	-2.03798542803156	14.1895187826098	-19.3086697417969	-23.3208413311581	-6.88529068730322	-8.76469119103412	-9.38308624627201	-10.9728057000886	3.30972442816921	12.6899731343703	-7.81925061707477	2.47376149133379	3.95979433530886	5.60501049815199	9.09357941886924	12.2126333621855	16.2144408532873	24.6697999568832	11.5527647896972	18.613461178811	35.2991778477555	30.6473956894854	33.913027396891	33.9476023989781	43.1302009025564	45.1833245258445	38.8062785590055	50.2573275292674	51.2597237967933	54.6157674706184	58.3569163308652	55.8778180730179	63.0129874857864	53.9875937737548	64.7135580900629	66.847865512821	62.4653959637146	74.2894630312185	80.280469453779	77.990007816167	89.5322995865548	88.1630381575304	98.9361597108414	102.901870716775	99.3059870280469	95.7871827446567	99.1429104640393	105.577186364203	98.1242256167461	124.535196658636	111.502740424685	110.623281724244	115.238436119933	0	0	0	0	159.687921264098	183.746658659602	171.731994441396	187.419884675794	225.97278205339	171.537811856318	89.2014936835207	190.106418988447	107.35959710335
590.063	0	0	0	0	479.344876323968	39.4665896086709	29.1464804883306	34.1972919679214	5.83542517136822	28.1090479012483	31.817232959174	11.5371509755955	18.1345229102597	11.0049918827505	43.9749664327281	23.3806157676888	23.7254376110201	21.3737365540605	18.7693479223557	8.37087536797633	21.8042083506114	26.7365250529135	28.250059440679	29.2667756579872	28.334436757829	40.9246181013344	45.6708522759616	37.441819312562	42.4556603849639	41.3869005115078	48.3686161827528	50.5954692357092	55.8748862947792	61.9857612188768	58.6297153121403	68.5359812573126	76.1877261788449	72.6923697338673	70.2705182634626	76.641118517231	77.1688277828935	99.1509428076083	106.548636145817	103.945325385949	87.4456856269829	99.6782122510618	82.7443965298293	94.3427247134231	113.03527949537	108.533146242568	111.394104404233	112.703815158284	110.734277776383	116.193296239855	116.16201821117	114.329032530584	125.668401521298	113.289256210732	136.778109139534	0	0	0	0	227.667032636719	172.597943786733	229.703001595886	239.925118715921	250.832943297407	273.135222934455	324.122185454111	334.959060578222	229.401584086028	372.099101687297
593.4	0	0	0	0	47.9281007677246	0.706525260356795	-8.41517998960114	-14.2318667545885	-5.87520930354435	-2.53171646736198	10.312859240853	-15.7376403658578	-15.5597294277074	-9.53226361522656	-3.04211785133752	-0.00859289675304992	13.3322837463443	-4.40906137260302	-6.36730548789418	5.64305885099497	23.5481634381248	10.6528893143234	7.40432470589345	13.9407339542046	13.544454116113	18.6197916595608	12.513850271731	26.4061875961065	24.8516793102206	33.2012805023225	31.0857310565591	31.1187652551652	31.8922181510838	33.1848429042709	49.4903859044069	43.1104423858228	44.8017501293816	50.2393853403572	51.2452652304271	50.0718168163076	57.0851837154419	69.7820971270529	51.9131060508663	63.0571471175941	72.8057626207254	81.482455922411	82.7543318130459	79.2295537429494	86.161882581591	81.8324115055636	84.0192769115883	95.9510508783288	83.6240236804654	90.9478181167637	101.585235296477	94.0472155829476	96.8385339958662	114.537042188394	106.684075092692	0	0	0	0	185.734925902368	134.884632476006	156.495239452826	163.800695778331	158.537729541374	150.798209510918	200.726049195541	192.985521322616	153.801504461897	93.1240219323299
596.738	0	0	0	194.898948086636	35.8444569765463	24.3762871851607	22.860544886079	20.0310005699624	-8.65033639676567	43.6965614335134	19.7692615398187	25.4911835854088	20.9247944668001	29.6628526181695	21.0926039669356	19.6400113723499	27.2408100579506	27.831147332808	36.5378267468594	36.5224103065276	14.3135360459469	27.5099721556176	27.15897446441	23.8682124212947	29.4286344167073	30.6485743121413	28.5964308669125	28.425352477254	40.0701412751077	42.7900890556524	50.2633742838571	44.5458498035669	49.153028843634	57.4780160723859	64.7008188390859	46.7053604075098	60.3615108601156	70.0669320146096	90.0329516170646	71.4301553564913	70.8928912981484	82.3967889601478	86.3727510741691	80.7413383946005	77.0861250664563	90.7299619943473	91.2423091445018	85.8315637066996	103.091042001402	89.0954709699026	96.8181625045342	97.9604572942325	102.99062063408	100.419166583077	102.507856655023	122.349762048816	122.707583742579	114.519155478127	129.696610947441	0	0	0	0	149.415657822499	180.611803348779	181.833945586716	180.05058156753	282.833403412308	312.012787389644	269.707466745479	229.84178115226	213.080809418025	429.797658757429
600.076	0	0	314.676470552958	16.9319416698341	-17.803579287683	-9.73043995037673	-18.8498515023948	-16.1274953487252	-0.00240294063169802	10.4126060647566	-19.4387345989257	-5.40414251244867	-1.15797862486346	-2.73645695776826	-2.08737678391987	5.97691088788235	11.9085085616824	1.36749018026365	3.92323057538427	4.99257023861196	15.2924858726219	-1.85786034469926	19.8707334133408	28.2672467907372	10.0319387554086	13.0635553593423	18.0075133254619	32.1558228277619	26.3673334440724	30.9675726868436	33.8472804808879	38.414664194589	35.4586148048161	41.0179054211455	45.4510221235807	41.0326867422252	50.6126465878432	75.9267413928475	48.7094911323681	52.862636305104	60.5512446329923	60.9719687036172	68.3371131092426	59.8937460074493	70.5177673300928	65.1954875353201	61.7244440905081	63.0076868409086	59.6569451914208	81.1411972663176	77.1625925746184	75.8203809862021	83.7563744855299	87.1846263700089	100.70638189595	91.4011680491425	94.3390484061952	90.3228284035001	0	0	0	0	196.508875728048	141.851890579111	165.001307800749	166.101708988074	168.293787119018	191.04426383549	144.01841946786	171.731055241716	167.547320198809	178.974494469774	124.253700936251
603.415	0	0	50.0500054783702	21.1707123751732	24.183538604779	22.6449039905103	18.9993244566379	2.09861485366027	17.0354368986174	23.0042890633896	24.6498883334082	21.8004051414524	25.4493143231487	-1.08945734799915	11.0439504860101	7.01463082601324	25.4167719879944	23.8891408577566	35.164962048535	26.8687412045617	30.069913086894	35.9094579825514	26.1793552667177	19.1933454513745	34.3662660516094	25.8608497388781	26.582400648906	31.541279472339	29.7583350685547	35.0009021100856	40.1506753632019	47.5197778249704	58.844830212301	48.4710006236255	50.2818923943485	56.1379431455778	70.5045872483434	47.4881544433292	67.2562323748542	62.0579190476931	80.8727691579147	64.1768097194809	73.5885485346881	74.5158551188374	58.9107670997412	72.1157975240996	68.1523825235136	83.4718204730182	83.4557409364039	84.6241501761266	97.5594465168146	102.031514088947	101.270184390278	75.7226069176825	88.693383467165	96.3283176126536	102.564448732236	103.428040213251	0	0	0	0	125.231709855696	126.906056212197	148.501697882441	165.994969088383	167.861806445961	206.943287516762	197.965487438846	222.154964076037	282.290477735366	323.029297834002	290.956960077792
606.753	0	477.8532831197	2.57762530431262	-12.2732462316863	-26.6009709789173	-11.3683094157043	-18.3126127667581	0.703494357935636	-29.4414033646443	-17.1530483057172	-9.51137756893589	6.70324158457492	-17.9873785178134	14.3839852501861	18.9951013338754	10.5792189805497	1.92396153736079	8.29134601359784	2.6100384271542	5.89440395561983	18.645947242472	-4.49917761538339	25.2793635059825	5.53195225456735	16.828804739174	21.6094653655038	26.8755191029274	24.7779025966397	26.4876694618893	26.6923360497384	17.115509163082	31.6725314897015	13.3272901165128	45.3642416499789	41.4847855813177	38.5923772378743	52.5127085999048	42.1082765946913	41.033255242767	58.7868597531403	43.7248335760045	52.3382226713355	72.3333452993423	77.5432614626543	63.1431039984536	51.5138564318368	59.2853318104641	61.8137770268693	71.679398212397	73.2650380065028	49.6591553309472	67.4071871353821	64.2450194516172	79.2085328294577	78.1977387512805	75.0355178226046	75.0074205321155	85.6503834482721	0	0	0	0	119.571345812792	107.427113216614	104.427845848744	162.705290818472	137.218798449918	117.023463078737	109.850054121828	206.359212486085	132.964496383571	111.144882491527	166.09248816227
610.092	1017.48926742984	55.7768429304058	16.5862824290678	41.7867097201338	56.5032598837361	15.9481448427728	17.6408947019264	-2.12308889897141	45.9918135866417	20.5217843374994	23.5249775639081	28.639967743304	32.0054328575958	35.5200874225994	19.5740767127719	11.6239220235252	31.8208559575916	47.5861542526859	23.8929700429193	29.1332770307386	30.6264897153813	33.8943115378975	20.8222862927533	32.4644204860964	26.5269121139874	26.4876631710564	16.4744112031683	27.1438227594034	32.9198364313478	25.9280778840481	33.8142899879498	41.1546309789425	43.906990078682	44.8510483409477	38.4100584371933	50.0084482654348	55.7098947223912	68.8650761989253	61.5416545851091	61.6455436823595	61.7987400195089	65.3419774200826	63.8381387563245	78.4827164113476	72.5267716983828	94.6605349665373	80.7548262072753	73.6166477320697	88.3639271800676	81.0291542649335	79.4716063393644	82.567048233179	83.4347297255411	73.4819654362145	79.9701244780197	94.9319691725332	93.612491830906	0	0	0	0	175.947110098869	119.434761127338	131.807964834991	139.420432803374	120.521691894926	142.241026904281	221.383235869037	188.427070166453	195.481374610651	215.057219510434	184.025071372983	292.3435048504
613.431	199.351893087728	3.68585796676743	14.8094354936628	11.4561106519648	24.3049438902382	19.7367501979841	14.6767712485052	39.0038373259769	-1.38454829824383	37.576300506065	-8.26139314743221	38.3836509917862	18.0202520258685	16.0783895133969	30.1411475405178	14.1340270818296	15.9291498606898	28.1486487740342	11.9121484202822	9.27271554385173	20.2558334358842	13.3798224676621	25.0183811271082	26.8830470272455	31.5912347382335	25.2543810660786	23.1561560582789	24.6512815965813	35.7060430673985	28.2030614989704	27.9804958189193	35.318086795491	31.1444738962553	44.1490402498214	52.7637983212117	48.6528320944898	52.2709461081915	51.5886556825925	49.3237714346124	64.2510364896032	71.2843699432276	63.3222757817273	77.1967127666131	58.1792864772653	76.5234918235558	58.3360801954261	78.4784315014004	75.0856551638029	87.6287192307307	57.7140277285804	75.4068098749545	77.3973344961151	80.0728278575095	95.4769945573024	80.1848052111792	94.4857469493285	82.2805362888361	0	0	0	0	116.314056747552	102.720270310333	123.818219920638	149.158335233637	159.258323101301	197.921773562758	206.751166802013	250.489137819795	226.388192897328	206.18792453186	251.214774170558	360.842061639764
616.77	-41.6708662375752	-51.8277667130775	-3.49010414308207	-14.9561252746086	-23.0662068730003	-9.23769788876728	18.6177904403173	1.43793050064109	9.04178314459207	1.34984297585949	-23.1976374861435	-17.9461012418971	10.0224968098204	-9.56682134817205	-10.7266403921965	-2.05568517956721	-10.2694093059564	7.02388601320151	-1.79256624037897	1.70093317373081	15.7074704832463	-3.0245133976388	6.58877956486481	10.9656663377219	8.14540113871691	7.5664772220066	9.24959925715419	24.1131008446673	21.532727768008	22.8595627923587	19.7021138855103	22.1156845107099	31.9249953734264	20.0890257686701	21.0793515394581	33.3492998714189	31.8265136642772	40.4988919941387	37.7171216882528	45.4042054830106	31.5171923375768	59.5180433465219	34.9150710988532	59.0261437260437	50.0400498352023	47.1611878607654	45.6739126391062	54.9170911069523	56.4956251825903	61.7514965393403	63.5045442413699	67.6215294946376	61.6987674195714	48.7282116568243	61.411228064167	69.0702423529712	60.3774663528658	0	0	0	0	91.5147099549223	84.597568541495	90.6499472656591	106.145019275461	112.291012881033	104.145375911564	98.7443636531956	65.9821215089883	148.168314207394	128.591126946202	121.489862627672	98.7231629084366
620.109	-18.310550865943	23.2110917809174	-13.0629498656105	1.04250205858413	21.5224401528214	-18.0356838449234	-17.4035539787433	-14.1457904080326	-17.9692624874366	1.63436318690213	2.37369728338913	0.759786943332734	-13.777063127892	-4.15344508843018	1.98041315711493	3.77707682587664	21.0577290367623	21.892735494735	31.3959472937479	15.2606692280216	10.4161224838439	8.34943315413	19.0604168035934	17.8733182999029	19.3855040108403	15.6140218583808	30.0094804734127	14.4935836559884	28.0356445447632	11.574049226216	34.3003212692658	27.2112264454764	36.8988477419782	31.6138907236956	38.7212852002642	31.3754839712246	55.5774962011218	42.1301918332495	63.8063800585612	61.1163137394436	52.2035071821616	58.1935135165337	56.5440996386316	67.3129577258382	67.9366904901418	58.0239781708328	68.3057714610178	53.896234148472	70.6964397048115	71.6638663290391	72.7983814332554	68.2674442420602	69.6113283286456	59.5942106641214	72.8750686158133	77.3405095904078	0	0	0	0	150.021454038622	116.788059053536	82.8538787753837	118.708514244992	116.682645070145	149.361925705342	110.991702928772	151.86282573773	182.027843225049	204.828020979409	195.719322915653	87.747355123981	243.280211883816
