Sample - Blank	600	595	590	585	580	575	570	565	560	555	550	545	540	535	530	525	520	515	510	505	500	495	490	485	480	475	470	465	460	455	450	445	440	435	430	425	420	415	410	405	400	395	390	385	380	375	370	365	360	355	350	345	340	335	330	325	320	315	310	305	300	295	290	285	280	275	270	265	260	255	250	245	240
nm																																																																									
213.328	0	0	0	0	0	0	0	0	0	0	0	0	0	0	0	0	0	0	0	0	0	0	0	0	0	0	0	0	0	0	0	0	0	0	0	0	0	0	0	0	0	0	0	0	0	0	0	0	0	0	0	0	0	0	0	0	0	0	0	0	0	0	0	0	0	0	0	0	0	0	0	0	0
216.504	0	0	0	0	0	0	0	0	0	0	0	0	0	0	0	0	0	0	0	0	0	0	0	0	0	0	0	0	0	0	0	0	0	0	0	0	0	0	0	0	0	0	0	0	0	0	0	0	0	0	0	0	0	0	0	0	0	0	0	0	0	0	0	0	0	0	0	0	0	0	0	0	0
219.682	0	0	0	0	0	0	0	0	0	0	0	0	0	0	0	0	0	0	0	0	0	0	0	0	0	0	0	0	0	0	0	0	0	0	0	0	0	0	0	0	0	0	0	0	0	0	0	0	0	0	0	0	0	0	0	0	0	0	0	0	0	0	0	0	0	0	0	0	0	0	0	0	0
222.862	0	0	0	0	0	0	0	0	0	0	0	0	0	0	0	0	0	0	0	0	0	0	0	0	0	0	0	0	0	0	0	0	0	0	0	0	0	0	0	0	0	0	0	0	0	0	0	0	0	0	0	0	0	0	0	0	0	0	0	0	0	0	0	0	0	0	0	0	0	0	0	0	0
226.045	0	0	0	0	0	0	0	0	0	0	0	0	0	0	0	0	0	0	0	0	0	0	0	0	0	0	0	0	0	0	0	0	0	0	0	0	0	0	0	0	0	0	0	0	0	0	0	0	0	0	0	0	0	0	0	0	0	0	0	0	0	0	0	0	0	0	0	0	0	0	0	0	0
229.23	0	0	0	0	0	0	0	0	0	0	0	0	0	0	0	0	0	0	0	0	0	0	0	0	0	0	0	0	0	0	0	0	0	0	0	0	0	0	0	0	0	0	0	0	0	0	0	0	0	0	0	0	0	0	0	0	0	0	0	0	0	0	0	0	0	0	0	0	0	0	0	0	0
232.417	0	0	0	0	0	0	0	0	0	0	0	0	0	0	0	0	0	0	0	0	0	0	0	0	0	0	0	0	0	0	0	0	0	0	0	0	0	0	0	0	0	0	0	0	0	0	0	0	0	0	0	0	0	0	0	0	0	0	0	0	0	0	0	0	0	0	0	0	0	0	0	0	0
235.607	0	0	0	0	0	0	0	0	0	0	0	0	0	0	0	0	0	0	0	0	0	0	0	0	0	0	0	0	0	0	0	0	0	0	0	0	0	0	0	0	0	0	0	0	0	0	0	0	0	0	0	0	0	0	0	0	0	0	0	0	0	0	0	0	0	0	0	0	0	0	0	0	0
238.799	0	0	0	0	0	0	0	0	0	0	0	0	0	0	0	0	0	0	0	0	0	0	0	0	0	0	0	0	0	0	0	0	0	0	0	0	0	0	0	0	0	0	0	0	0	0	0	0	0	0	0	0	0	0	0	0	0	0	0	0	0	0	0	0	0	0	0	0	0	0	0	0	0
241.993	0	0	0	0	0	0	0	0	0	0	0	0	0	0	0	0	0	0	0	0	0	0	0	0	0	0	0	0	0	0	0	0	0	0	0	0	0	0	0	0	0	0	0	0	0	0	0	0	0	0	0	0	0	0	0	0	0	0	0	0	0	0	0	0	0	0	0	0	0	0	0	0	0
245.19	0	0	0	0	0	0	0	0	0	0	0	0	0	0	0	0	0	0	0	0	0	0	0	0	0	0	0	0	0	0	0	0	0	0	0	0	0	0	0	0	0	0	0	0	0	0	0	0	0	0	0	0	0	0	0	0	0	0	0	0	0	0	0	0	0	0	0	0	0	0	0	0	0
248.388	0	0	0	0	0	0	0	0	0	0	0	0	0	0	0	0	0	0	0	0	0	0	0	0	0	0	0	0	0	0	0	0	0	0	0	0	0	0	0	0	0	0	0	0	0	0	0	0	0	0	0	0	0	0	0	0	0	0	0	0	0	0	0	0	0	0	0	0	0	0	0	0	0
251.589	0	0	0	0	0	0	0	0	0	0	0	0	0	0	0	0	0	0	0	0	0	0	0	0	0	0	0	0	0	0	0	0	0	0	0	0	0	0	0	0	0	0	0	0	0	0	0	0	0	0	0	0	0	0	0	0	0	0	0	0	0	0	0	0	0	0	0	0	0	0	0	0	2399.68374022694
254.793	0	0	0	0	0	0	0	0	0	0	0	0	0	0	0	0	0	0	0	0	0	0	0	0	0	0	0	0	0	0	0	0	0	0	0	0	0	0	0	0	0	0	0	0	0	0	0	0	0	0	0	0	0	0	0	0	0	0	0	0	0	0	0	0	0	0	0	0	0	0	0	0	-114.490773926063
257.998	0	0	0	0	0	0	0	0	0	0	0	0	0	0	0	0	0	0	0	0	0	0	0	0	0	0	0	0	0	0	0	0	0	0	0	0	0	0	0	0	0	0	0	0	0	0	0	0	0	0	0	0	0	0	0	0	0	0	0	0	0	0	0	0	0	0	0	0	0	0	0	1218.26757393223	252.152750388286
261.205	0	0	0	0	0	0	0	0	0	0	0	0	0	0	0	0	0	0	0	0	0	0	0	0	0	0	0	0	0	0	0	0	0	0	0	0	0	0	0	0	0	0	0	0	0	0	0	0	0	0	0	0	0	0	0	0	0	0	0	0	0	0	0	0	0	0	0	0	0	0	6368.48380990749	278.927500144226	-86.930402821646
264.415	0	0	0	0	0	0	0	0	0	0	0	0	0	0	0	0	0	0	0	0	0	0	0	0	0	0	0	0	0	0	0	0	0	0	0	0	0	0	0	0	0	0	0	0	0	0	0	0	0	0	0	0	0	0	0	0	0	0	0	0	0	0	0	0	0	0	0	0	0	0	291.235347711892	82.3332475779018	-431.460997117034
267.627	0	0	0	0	0	0	0	0	0	0	0	0	0	0	0	0	0	0	0	0	0	0	0	0	0	0	0	0	0	0	0	0	0	0	0	0	0	0	0	0	0	0	0	0	0	0	0	0	0	0	0	0	0	0	0	0	0	0	0	0	0	0	0	0	0	0	0	0	0	2354.06214315814	15.7188332962107	-195.242410132496	-587.603545934983
270.841	0	0	0	0	0	0	0	0	0	0	0	0	0	0	0	0	0	0	0	0	0	0	0	0	0	0	0	0	0	0	0	0	0	0	0	0	0	0	0	0	0	0	0	0	0	0	0	0	0	0	0	0	0	0	0	0	0	0	0	0	0	0	0	0	0	0	0	0	8564.23987165283	199.079102546974	-36.5003178465063	-350.760521868064	-347.692869515014
274.057	0	0	0	0	0	0	0	0	0	0	0	0	0	0	0	0	0	0	0	0	0	0	0	0	0	0	0	0	0	0	0	0	0	0	0	0	0	0	0	0	0	0	0	0	0	0	0	0	0	0	0	0	0	0	0	0	0	0	0	0	0	0	0	0	0	0	0	0	675.611557833365	41.941639126844	9.55541334177711	-516.473398142989	-129.154462589384
277.275	0	0	0	0	0	0	0	0	0	0	0	0	0	0	0	0	0	0	0	0	0	0	0	0	0	0	0	0	0	0	0	0	0	0	0	0	0	0	0	0	0	0	0	0	0	0	0	0	0	0	0	0	0	0	0	0	0	0	0	0	0	0	0	0	0	0	0	3570.82861095547	51.518047290845	56.9367497063332	-255.867734051819	-223.013951304324	-130.250056016916
280.496	0	0	0	0	0	0	0	0	0	0	0	0	0	0	0	0	0	0	0	0	0	0	0	0	0	0	0	0	0	0	0	0	0	0	0	0	0	0	0	0	0	0	0	0	0	0	0	0	0	0	0	0	0	0	0	0	0	0	0	0	0	0	0	0	0	0	9669.20992413351	303.029570104908	172.259882923485	85.0663848585642	-100.521059113059	-14.4514639427619	383.584284993532
283.718	0	0	0	0	0	0	0	0	0	0	0	0	0	0	0	0	0	0	0	0	0	0	0	0	0	0	0	0	0	0	0	0	0	0	0	0	0	0	0	0	0	0	0	0	0	0	0	0	0	0	0	0	0	0	0	0	0	0	0	0	0	0	0	0	0	0	1173.68443024835	138.165596118386	68.0177063896342	-129.10594064008	-233.989740457128	-7.28239971709632	130.107319301415
286.942	0	0	0	0	0	0	0	0	0	0	0	0	0	0	0	0	0	0	0	0	0	0	0	0	0	0	0	0	0	0	0	0	0	0	0	0	0	0	0	0	0	0	0	0	0	0	0	0	0	0	0	0	0	0	0	0	0	0	0	0	0	0	0	0	0	4135.75866143033	282.012437190174	275.581518232754	82.9312088306914	-183.769525714842	86.0454872744264	46.7366575191458	-201.007661953776
290.169	0	0	0	0	0	0	0	0	0	0	0	0	0	0	0	0	0	0	0	0	0	0	0	0	0	0	0	0	0	0	0	0	0	0	0	0	0	0	0	0	0	0	0	0	0	0	0	0	0	0	0	0	0	0	0	0	0	0	0	0	0	0	0	0	9107.91034036591	451.861534944873	296.584525461812	271.807598178512	-56.4509585819978	-68.516742984804	70.5881896712943	17.6590692415499	110.265310663286
293.397	0	0	0	0	0	0	0	0	0	0	0	0	0	0	0	0	0	0	0	0	0	0	0	0	0	0	0	0	0	0	0	0	0	0	0	0	0	0	0	0	0	0	0	0	0	0	0	0	0	0	0	0	0	0	0	0	0	0	0	0	0	0	0	0	1429.66081109747	413.021900420154	392.432064604404	323.485727756327	124.026112931322	147.173593486485	158.235045661075	75.5827133892599	89.4522280900164
296.628	0	0	0	0	0	0	0	0	0	0	0	0	0	0	0	0	0	0	0	0	0	0	0	0	0	0	0	0	0	0	0	0	0	0	0	0	0	0	0	0	0	0	0	0	0	0	0	0	0	0	0	0	0	0	0	0	0	0	0	0	0	0	0	4460.6266437606	410.622737295472	559.008325525456	571.524174854595	354.570520618664	294.197155436863	372.407284783586	301.782826512913	301.2557435261	171.587711252526
299.86	0	0	0	0	0	0	0	0	0	0	0	0	0	0	0	0	0	0	0	0	0	0	0	0	0	0	0	0	0	0	0	0	0	0	0	0	0	0	0	0	0	0	0	0	0	0	0	0	0	0	0	0	0	0	0	0	0	0	0	0	0	0	0	478.923410406605	418.760737557687	582.53576306462	606.038987583804	369.738380527022	411.211130433333	211.324700501367	127.865419777812	121.346043011101	202.895096189636
303.095	0	0	0	0	0	0	0	0	0	0	0	0	0	0	0	0	0	0	0	0	0	0	0	0	0	0	0	0	0	0	0	0	0	0	0	0	0	0	0	0	0	0	0	0	0	0	0	0	0	0	0	0	0	0	0	0	0	0	0	0	0	0	1743.00291988446	326.02348711187	528.548419384508	677.882518077834	636.269131929556	582.054373906379	523.473500239188	437.631041967458	388.592690373325	325.262841871679	408.359801448281
306.331	0	0	0	0	0	0	0	0	0	0	0	0	0	0	0	0	0	0	0	0	0	0	0	0	0	0	0	0	0	0	0	0	0	0	0	0	0	0	0	0	0	0	0	0	0	0	0	0	0	0	0	0	0	0	0	0	0	0	0	0	0	5282.10411642724	200.496582230251	325.583953603056	494.012926924878	569.38425886659	605.539992076939	556.107357044428	468.087020007284	313.621428333158	231.864332572342	140.960757453649	128.706272190366
309.569	0	0	0	0	0	0	0	0	0	0	0	0	0	0	0	0	0	0	0	0	0	0	0	0	0	0	0	0	0	0	0	0	0	0	0	0	0	0	0	0	0	0	0	0	0	0	0	0	0	0	0	0	0	0	0	0	0	0	0	0	0	574.695114825405	210.353044992844	357.999539953897	575.676407846987	662.289387927811	644.315229140139	686.150324484143	623.249169859356	458.504752816831	470.059514785076	202.03426355797	396.340416191058
312.81	0	0	0	0	0	0	0	0	0	0	0	0	0	0	0	0	0	0	0	0	0	0	0	0	0	0	0	0	0	0	0	0	0	0	0	0	0	0	0	0	0	0	0	0	0	0	0	0	0	0	0	0	0	0	0	0	0	0	0	0	2501.54617263533	131.903412580192	204.170540951658	404.91744034009	598.208772589266	643.915607297975	739.707762913927	671.814225528488	555.540125594127	515.194212475153	401.399662800538	363.56786711285	181.563896013018
316.052	0	0	0	0	0	0	0	0	0	0	0	0	0	0	0	0	0	0	0	0	0	0	0	0	0	0	0	0	0	0	0	0	0	0	0	0	0	0	0	0	0	0	0	0	0	0	0	0	0	0	0	0	0	0	0	0	0	0	0	6037.81082095122	185.741453707351	135.335374723533	232.864993579062	425.539556480325	536.293400052609	693.119974092584	745.355822086077	711.969458196127	593.137017861127	450.213200745543	352.12545167036	370.87084970178	216.325155137825
319.296	0	0	0	0	0	0	0	0	0	0	0	0	0	0	0	0	0	0	0	0	0	0	0	0	0	0	0	0	0	0	0	0	0	0	0	0	0	0	0	0	0	0	0	0	0	0	0	0	0	0	0	0	0	0	0	0	0	0	0	803.288229626538	151.700321791806	200.45687780476	297.15611670689	487.763341733754	569.612270372479	749.586316003589	800.744220811206	759.114597596301	515.036172440159	471.261499962665	402.467756849099	413.378213933847	565.659690196534
322.542	0	0	0	0	0	0	0	0	0	0	0	0	0	0	0	0	0	0	0	0	0	0	0	0	0	0	0	0	0	0	0	0	0	0	0	0	0	0	0	0	0	0	0	0	0	0	0	0	0	0	0	0	0	0	0	0	0	0	1050.36363556337	140.863953798933	203.082499677809	253.582654222787	353.191683841092	460.985871950484	610.232297112558	741.730922601097	763.068780417122	647.335725228827	573.191451153654	463.623767791915	425.545629321731	403.104324531398	440.592697183274
325.79	0	0	0	0	0	0	0	0	0	0	0	0	0	0	0	0	0	0	0	0	0	0	0	0	0	0	0	0	0	0	0	0	0	0	0	0	0	0	0	0	0	0	0	0	0	0	0	0	0	0	0	0	0	0	0	0	0	-18621.3635546134	229.986581506893	207.217760921396	268.417444653353	326.190580322436	375.93690531875	571.679661784973	725.926916515845	809.339836216088	776.787404354013	750.784749372685	687.23295541491	565.480236662108	555.390528943643	521.124943423566	787.23901427442
329.039	0	0	0	0	0	0	0	0	0	0	0	0	0	0	0	0	0	0	0	0	0	0	0	0	0	0	0	0	0	0	0	0	0	0	0	0	0	0	0	0	0	0	0	0	0	0	0	0	0	0	0	0	0	0	0	0	0	-3168.32708169808	152.539519375458	221.351754289563	268.336495549099	338.252808355904	416.47025351409	581.161231231569	701.715277734633	742.771791526444	755.954254914479	752.067806197097	582.375010255396	483.40758441224	483.366653138843	511.687435859198	435.180929564947
332.291	0	0	0	0	0	0	0	0	0	0	0	0	0	0	0	0	0	0	0	0	0	0	0	0	0	0	0	0	0	0	0	0	0	0	0	0	0	0	0	0	0	0	0	0	0	0	0	0	0	0	0	0	0	0	0	0	-4607.97434201945	65.0262717076062	191.613496183533	234.198848952885	342.950362161035	386.029232595636	454.375691317243	678.752806025081	748.122137542367	837.465672207725	770.796434948534	758.856613743311	613.550093928939	595.719101496119	451.117599112172	662.428302351811	428.187024641136
335.544	0	0	0	0	0	0	0	0	0	0	0	0	0	0	0	0	0	0	0	0	0	0	0	0	0	0	0	0	0	0	0	0	0	0	0	0	0	0	0	0	0	0	0	0	0	0	0	0	0	0	0	0	0	0	0	6434.93853628764	-142.724197584455	110.077388951682	249.588052516084	307.799879777065	403.531599970403	452.313316939707	568.855959204629	692.709146185153	754.73748690137	809.317449224476	799.969240632391	674.772237378634	673.403861105606	719.47598049631	596.691483032795	780.932609103652	861.097066099327
338.799	0	0	0	0	0	0	0	0	0	0	0	0	0	0	0	0	0	0	0	0	0	0	0	0	0	0	0	0	0	0	0	0	0	0	0	0	0	0	0	0	0	0	0	0	0	0	0	0	0	0	0	0	0	0	0	1008.45222135529	14.5324997022382	131.991626421633	285.545800779609	345.319153918321	397.045245582702	460.774545855341	580.65796223743	706.969376019792	744.205525429289	801.219966032619	775.479551234347	700.372941798478	584.156618046727	490.559453973898	476.807311592843	560.026999010478	660.145652749305
342.056	0	0	0	0	0	0	0	0	0	0	0	0	0	0	0	0	0	0	0	0	0	0	0	0	0	0	0	0	0	0	0	0	0	0	0	0	0	0	0	0	0	0	0	0	0	0	0	0	0	0	0	0	0	0	3080.30233247258	111.433124588591	95.6873954976778	150.805565060556	306.356119238951	388.965870877305	463.596476960801	560.212147277055	623.901315246616	737.150253477457	781.316537993772	743.934530239457	795.114096781966	666.208106155554	659.222706227729	652.595997470988	651.743438249786	513.112094590261	773.266891097358
345.315	0	0	0	0	0	0	0	0	0	0	0	0	0	0	0	0	0	0	0	0	0	0	0	0	0	0	0	0	0	0	0	0	0	0	0	0	0	0	0	0	0	0	0	0	0	0	0	0	0	0	0	0	0	6517.96756615343	257.576606582506	99.7782200926077	96.6534992629987	201.398685061743	321.103643951735	406.189722240307	471.338521252381	582.913623847818	662.804659834083	711.781980532734	758.884565477953	762.595079390411	668.145399072536	665.477261479836	630.052500546382	551.825470210156	560.858562910323	672.761729888708	537.408232342797
348.575	0	0	0	0	0	0	0	0	0	0	0	0	0	0	0	0	0	0	0	0	0	0	0	0	0	0	0	0	0	0	0	0	0	0	0	0	0	0	0	0	0	0	0	0	0	0	0	0	0	0	0	0	0	1209.96162979848	112.97219190765	154.380428989025	171.731946466954	251.299110526161	384.572923564418	441.467089646985	530.589219810394	620.947471246984	692.514494203399	758.845875155225	762.906791476195	773.570564500613	729.158930055335	756.359045514627	745.546094586666	620.728282296019	671.378132153256	605.016113459938	755.838910233562
351.838	0	0	0	0	0	0	0	0	0	0	0	0	0	0	0	0	0	0	0	0	0	0	0	0	0	0	0	0	0	0	0	0	0	0	0	0	0	0	0	0	0	0	0	0	0	0	0	0	0	0	0	0	3385.3474558969	118.410997107458	106.948885925896	158.483125643334	193.948714147652	299.700380367869	415.852189801905	477.648365643561	584.106275967472	669.937578596713	710.425394705578	772.527476845652	770.773384227825	787.210516669307	712.57204673307	669.940460045252	580.039232963337	571.877331897674	756.524367154734	754.312852056141	796.638127678021
355.101	0	0	0	0	0	0	0	0	0	0	0	0	0	0	0	0	0	0	0	0	0	0	0	0	0	0	0	0	0	0	0	0	0	0	0	0	0	0	0	0	0	0	0	0	0	0	0	0	0	0	0	6589.64584175765	348.504498250567	122.750578098321	160.572170846341	195.12819329424	249.093970486118	343.518433084786	446.250651620982	555.598479137889	651.880738884323	682.981247940109	749.984650748477	821.257228815837	768.769269193188	769.824777983869	756.226993999184	718.706445237303	707.226688301789	656.409655180001	677.002416848097	852.917862606117	960.691021669031
358.367	0	0	0	0	0	0	0	0	0	0	0	0	0	0	0	0	0	0	0	0	0	0	0	0	0	0	0	0	0	0	0	0	0	0	0	0	0	0	0	0	0	0	0	0	0	0	0	0	0	0	0	1316.30352350627	116.481480306809	142.672248044239	187.677928039241	256.918405420133	295.962629886927	388.287135887618	506.968291848495	593.78308151552	661.81412721685	733.790486535914	764.589118533986	796.118748438529	780.41857303864	748.884685601311	772.71853555486	748.952547126551	648.353785206849	710.975504235112	784.185770763042	778.187178467531	909.785413534728
361.634	0	0	0	0	0	0	0	0	0	0	0	0	0	0	0	0	0	0	0	0	0	0	0	0	0	0	0	0	0	0	0	0	0	0	0	0	0	0	0	0	0	0	0	0	0	0	0	0	0	0	3552.98074800954	118.000338564199	115.304008298147	166.045061408355	221.800817672817	282.458693945086	348.397097360577	411.292558902562	542.612898766535	655.352541334696	706.773669486377	738.152579197838	750.659357823357	738.742493123482	728.349395046841	768.878958005766	781.013705741407	736.357259511592	733.188128487602	664.778382962504	626.358246117725	744.623548012463	916.879491995119
364.903	0	0	0	0	0	0	0	0	0	0	0	0	0	0	0	0	0	0	0	0	0	0	0	0	0	0	0	0	0	0	0	0	0	0	0	0	0	0	0	0	0	0	0	0	0	0	0	0	0	0	361.948682640095	108.842221197494	155.809596376584	193.032351963115	274.324444960214	319.978677058875	413.757914917757	466.115583786652	600.185819414351	689.588433474067	753.796721589608	766.299529224227	749.676592477339	757.104859635118	805.660086269719	728.853013578723	761.290081158828	750.860566943692	712.936725647972	787.106979425066	961.008635836163	873.03693120401	701.060723787459
368.174	0	0	0	0	0	0	0	0	0	0	0	0	0	0	0	0	0	0	0	0	0	0	0	0	0	0	0	0	0	0	0	0	0	0	0	0	0	0	0	0	0	0	0	0	0	0	0	0	0	1497.8388061582	93.1146462206998	114.560980417595	169.069188539455	209.926610729034	264.943944976253	369.041865019396	421.219169117801	523.929326784164	633.0580546789	703.664598577247	749.182103529333	772.628627487786	774.80376324687	776.673506031227	740.41802778164	779.048589360677	709.800835612354	700.194797297928	700.50768653289	706.936373969276	804.028363759815	892.681693288922	913.905346695176
371.446	0	0	0	0	0	0	0	0	0	0	0	0	0	0	0	0	0	0	0	0	0	0	0	0	0	0	0	0	0	0	0	0	0	0	0	0	0	0	0	0	0	0	0	0	0	0	0	0	3845.29405193175	111.192904846851	118.134804029315	164.449867781874	209.538478412853	264.374573806159	351.47596415565	405.151970384957	469.250032693747	584.670485566854	708.605893940825	723.197972239268	788.078168199109	832.546856629136	799.025998824819	818.498571796438	795.404013086125	785.850073281385	731.109230781451	834.241041486629	815.05260256554	860.622517804985	900.20811115133	956.906072325559	1250.49026091061
374.719	0	0	0	0	0	0	0	0	0	0	0	0	0	0	0	0	0	0	0	0	0	0	0	0	0	0	0	0	0	0	0	0	0	0	0	0	0	0	0	0	0	0	0	0	0	0	0	0	421.509095872981	107.425285516166	116.981470633232	175.752303857183	233.460865671769	309.501450233297	358.150052450224	445.54023622107	521.246745695065	620.917527537324	704.762387311653	764.611442387449	789.406708987138	811.38183115437	828.903353580242	841.551137301585	809.772924249514	771.25390161056	780.730186463934	706.526568532822	730.691346457245	789.964455238463	851.528584204665	1028.53336782388	1117.89091114392
377.995	0	0	0	0	0	0	0	0	0	0	0	0	0	0	0	0	0	0	0	0	0	0	0	0	0	0	0	0	0	0	0	0	0	0	0	0	0	0	0	0	0	0	0	0	0	0	0	1632.65230457116	93.1128521139471	108.854433694496	171.631085986017	213.410666592093	303.04797414473	386.745664271339	449.1357734952	509.348529717303	594.374178665734	706.042945962677	795.698931977513	834.885855516404	894.164523591502	883.437714559539	866.789373096863	822.211185361743	861.546242242258	862.344752417755	801.407320263855	921.602768215909	898.664933720819	916.764933335069	1026.61847469243	1124.66494336659	1197.870098724
381.272	0	0	0	0	0	0	0	0	0	0	0	0	0	0	0	0	0	0	0	0	0	0	0	0	0	0	0	0	0	0	0	0	0	0	0	0	0	0	0	0	0	0	0	0	0	0	4014.73381679747	122.953288811688	107.44934096371	156.933334064097	198.165894329755	262.037878908632	313.116197590426	418.754782435519	483.648876941232	577.594848992843	664.110970848927	759.983787586023	816.496880110999	892.062885135056	881.272900579566	928.767800972827	863.905168247218	894.795913749033	829.475698283056	802.095762669375	907.940063325265	927.425351732571	923.320370082935	943.842693321133	1154.43189570449	1244.72715044394	1450.6925585163
384.55	0	0	0	0	0	0	0	0	0	0	0	0	0	0	0	0	0	0	0	0	0	0	0	0	0	0	0	0	0	0	0	0	0	0	0	0	0	0	0	0	0	0	0	0	0	0	503.901311966908	70.6581982367817	115.318677882232	155.454183733666	210.352588422237	283.728634606703	369.154713957907	432.198112650619	524.623370240651	617.25120098533	704.290529989122	764.19230431868	814.58431307319	897.208884733655	901.167378540199	892.355626413147	886.28239694633	845.925060851603	844.525321896024	785.199715714296	826.46782128513	876.988713692102	924.94898310417	975.564145424896	1041.16135073463	1147.04725050705	1206.8606107257
387.83	0	0	0	0	0	0	0	0	0	0	0	0	0	0	0	0	0	0	0	0	0	0	0	0	0	0	0	0	0	0	0	0	0	0	0	0	0	0	0	0	0	0	0	0	0	1936.7591797171	94.1390159319137	114.613137079747	157.339434629484	193.647030124169	269.016794631029	371.126933872205	420.296774856698	504.691612922288	580.662570432	674.391706364599	765.39081398214	818.910999414611	880.771601994009	937.867067085019	962.016033206684	954.741281227771	902.192071755761	903.122012377338	921.129304388896	904.363105154911	918.989929357317	971.073645767352	1042.99796188443	1159.28480407883	1327.72216169654	1374.00424237973	1508.54554241014
391.112	0	0	0	0	0	0	0	0	0	0	0	0	0	0	0	0	0	0	0	0	0	0	0	0	0	0	0	0	0	0	0	0	0	0	0	0	0	0	0	0	0	0	0	0	6358.98123303123	129.684679030623	80.1335571526595	113.563304328808	154.28736019289	226.413146717993	267.119705677307	363.575870781186	427.424291625704	529.787140488593	616.416802067814	696.429539306086	755.12167677207	834.765896397971	898.628558202574	922.078099317449	955.359002163426	939.766880453194	885.397003610808	904.32274555532	894.906252245558	828.237857440435	829.09137878835	896.512261691894	915.177292330994	1063.29902439673	1056.40383766402	1337.33638477518	1382.64549980399
394.395	0	0	0	0	0	0	0	0	0	0	0	0	0	0	0	0	0	0	0	0	0	0	0	0	0	0	0	0	0	0	0	0	0	0	0	0	0	0	0	0	0	0	0	0	819.335571457105	90.4184317524497	119.612715380091	154.543233291026	205.210726557664	282.48019864287	367.171123172356	434.346080865063	511.87352187208	574.210673736308	667.505834844479	742.629243535114	815.581517176725	869.607976477778	962.149812185867	988.396779324038	997.382722923828	970.943007300753	955.970126812506	945.104514911554	942.460612605825	932.471018032883	980.100803737117	1035.92106761162	1050.46909020582	1199.58491211815	1359.53503446232	1465.55637454173	1673.11950758733
397.679	0	0	0	0	0	0	0	0	0	0	0	0	0	0	0	0	0	0	0	0	0	0	0	0	0	0	0	0	0	0	0	0	0	0	0	0	0	0	0	0	0	0	0	4147.74512246173	78.9423404317373	87.823799476553	115.054466807929	153.951663923165	234.265556723681	312.668572790193	375.15455709447	439.266331583378	519.368724306208	612.376174817547	683.035669302491	757.476088752989	827.015973578728	895.726411834897	928.738738073905	975.358917696728	966.269093842645	979.182204898351	942.392887782045	926.304575776502	908.235154798708	861.364891421427	916.453572002514	947.029917550497	1084.40662071095	1170.8857161359	1251.71449155698	1226.97810682767	1543.82093937204
400.965	0	0	0	0	0	0	0	0	0	0	0	0	0	0	0	0	0	0	0	0	0	0	0	0	0	0	0	0	0	0	0	0	0	0	0	0	0	0	0	0	0	0	9786.27375290446	230.880487014223	102.239417681301	122.0447559398	169.085509921815	204.822042038389	285.510907211843	354.76242970157	427.079497858401	527.281711277296	589.465859672048	674.114591087397	725.017197234551	804.619966634021	869.457284051929	936.162866592666	997.19976129448	999.479073384692	1052.23747855488	976.860153532813	963.54418682815	974.723799130603	920.541483525461	957.26058746059	966.160288368233	1039.35686451417	1164.73182729827	1280.41821587357	1418.86580666099	1476.26525555556	1923.89433852137
404.253	0	0	0	0	0	0	0	0	0	0	0	0	0	0	0	0	0	0	0	0	0	0	0	0	0	0	0	0	0	0	0	0	0	0	0	0	0	0	0	0	0	0	1016.42629743354	103.328963870352	125.128930744423	133.523445997688	182.915255829423	262.810339814121	326.422477325668	402.795646157222	463.665652038444	530.793870694333	623.156855209244	706.286915528401	765.559478875281	850.656593165422	863.523021412275	954.369652503954	987.034406925186	1015.83770869163	1029.12399675311	1027.57737153644	980.756373464319	981.261726606051	963.644955204622	974.069432190409	1008.50769422815	1093.42379089432	1170.78460929043	1384.52316899125	1535.61606527319	1805.06245499267	1784.87297366872
407.542	0	0	0	0	0	0	0	0	0	0	0	0	0	0	0	0	0	0	0	0	0	0	0	0	0	0	0	0	0	0	0	0	0	0	0	0	0	0	0	0	0	3540.31827024894	84.7540920557808	90.0750965821783	108.534238269897	141.308809080084	205.653397703766	259.247140844135	331.124401427017	415.735308746376	490.408795897307	559.776054446457	635.562275240564	727.996600114911	787.016538877035	831.075972091237	891.302769901616	955.361790501889	997.431365085202	1011.69547966546	1019.80747888665	987.682924924337	964.393728459147	984.20617978837	977.560626951368	978.025950996621	966.660809118755	1103.95329435332	1207.99680065102	1300.65633959304	1442.28939912123	1525.56991106981	1496.94480436851
410.832	0	0	0	0	0	0	0	0	0	0	0	0	0	0	0	0	0	0	0	0	0	0	0	0	0	0	0	0	0	0	0	0	0	0	0	0	0	0	0	0	7600.84279445006	231.33943035758	99.918239424911	129.210493639852	139.45859704145	189.202126719593	224.236724853038	299.077293109909	392.495615151994	458.549558332871	553.892820865046	601.101515280604	704.007109724903	758.835568643244	817.303011433525	854.709410903057	915.165987637103	968.205580455937	1019.33005604992	1047.76322285687	1025.7246829519	1000.03885643195	970.822310496636	1015.94905163406	999.364844499323	1020.01512408719	1094.28844381056	1123.1288026302	1314.61826737532	1470.85983912689	1583.01307594594	1646.46314170884	1796.73056061211
414.124	0	0	0	0	0	0	0	0	0	0	0	0	0	0	0	0	0	0	0	0	0	0	0	0	0	0	0	0	0	0	0	0	0	0	0	0	0	0	0	0	1030.65686909913	92.3017343558261	84.7122008780833	129.309281201714	152.925361872704	190.332613265661	249.460554462256	311.724493164827	397.259861499641	495.069682309146	578.394248054392	620.508516887477	691.017316668842	765.903215518186	823.694138413905	860.024563243623	900.562882785895	966.95043056314	1016.18027644626	1018.89341361979	1008.87110567867	995.137059722154	990.66948813897	981.943298790188	951.156171338802	981.039777290397	1021.62901868649	1148.06595045236	1283.73609232096	1366.47951026738	1498.84477335691	1612.81672884731	1757.5495237193
417.417	0	0	0	0	0	0	0	0	0	0	0	0	0	0	0	0	0	0	0	0	0	0	0	0	0	0	0	0	0	0	0	0	0	0	0	0	0	0	0	2873.73484039493	86.0096220899995	80.4665428659	109.029740905017	112.685159083551	171.450884640341	209.059020112723	282.701536978418	351.425696857738	420.36634767332	505.995441043963	587.314873685237	648.500064685707	724.864205278155	773.990127776385	843.786390329872	881.130816029098	909.241718566069	962.773784499307	997.17912823869	1003.11092953692	1008.48882662393	968.101087865835	964.311322607672	977.235528439714	980.852689226996	971.982545676302	1071.19035238495	1125.54976154335	1229.63922804603	1438.01827869969	1541.83454256092	1575.22222023573	1667.08951546208
420.711	0	0	0	0	0	0	0	0	0	0	0	0	0	0	0	0	0	0	0	0	0	0	0	0	0	0	0	0	0	0	0	0	0	0	0	0	0	0	5723.36790551846	206.589199969765	63.8913634949977	85.6993461641227	98.0786363475789	148.012773969546	189.891070319769	222.8137952222	281.938023228347	366.846587197346	468.435065576058	531.566155938251	592.406317167479	664.019041918356	715.881421364967	806.047969226851	838.717239642571	888.991896554612	905.151772106198	941.554025992888	1002.77975411767	999.558435470911	983.452503469111	996.019977075771	967.006825853044	960.668222574547	978.932123211137	959.95481424197	1070.31401210394	1133.38211519967	1310.26721682726	1391.18559853921	1516.15640355079	1568.09669919621	1741.22268651153
424.007	0	0	0	0	0	0	0	0	0	0	0	0	0	0	0	0	0	0	0	0	0	0	0	0	0	0	0	0	0	0	0	0	0	0	0	0	0	0	1019.32448361462	65.8968419521777	82.6389090688805	98.3447539213482	119.245389514355	155.365231937537	202.488134046837	260.000757495808	317.141870825786	378.827408299804	464.374442330073	558.051178323156	637.610287075321	684.863731340592	748.120236167924	806.20332939072	848.207468570332	856.576654097325	905.470120350686	938.549895781569	966.666308042543	975.569111417627	977.532036757644	958.27795021271	944.669856185712	941.29622970461	965.663141971013	991.356304029496	1068.51865414969	1149.35030712665	1321.63745871486	1471.37895785785	1433.78022366095	1616.29472401321	1643.12737291046
427.304	0	0	0	0	0	0	0	0	0	0	0	0	0	0	0	0	0	0	0	0	0	0	0	0	0	0	0	0	0	0	0	0	0	0	0	0	0	2895.42236986187	87.8517929396671	56.4176555297003	94.619807705922	117.051516265701	156.275379710166	179.515516726398	232.539100292525	274.77340313086	336.353519338117	415.41507884976	506.272661642481	573.117829371123	647.799590441464	700.740107758415	763.640981830943	802.92721136173	843.56137285983	896.825127286735	899.439722246595	926.095081041287	966.116697713677	992.659866223377	964.781973507677	946.482699211969	953.513589622971	978.419541895683	929.294616692058	989.774636428141	1109.6766477612	1188.79938931241	1312.23094192327	1492.88736853832	1709.7855969353	1776.63122308153	1912.18725873261
430.602	0	0	0	0	0	0	0	0	0	0	0	0	0	0	0	0	0	0	0	0	0	0	0	0	0	0	0	0	0	0	0	0	0	0	0	0	5217.6927013024	231.887052283922	42.8359836254973	61.218509290721	95.0518384886601	125.965908885641	152.361528365294	185.252392875181	235.475266338995	297.270968061302	372.875895691854	422.323328534707	524.475895571925	588.312617549268	653.844069695854	694.738902314477	740.63779517984	801.727879095732	831.680741156993	865.355428034201	882.903078432497	942.151736978615	949.828838926869	959.168700270723	949.839817663249	925.153053401062	939.753856504527	916.530425805588	950.167762355927	1009.79673446305	1053.24001999529	1145.19217143782	1283.21681046309	1415.17629507046	1444.35641034641	1604.38624358146	1743.50252920558
433.902	0	0	0	0	0	0	0	0	0	0	0	0	0	0	0	0	0	0	0	0	0	0	0	0	0	0	0	0	0	0	0	0	0	0	0	0	915.02951161357	65.767116268959	80.9297086468215	92.1155776578996	117.196192075417	150.526654624047	185.041631417974	225.652802831382	277.930573468291	335.356935251539	392.526595014778	464.417536015646	555.235925571356	619.924587320134	682.727592772027	724.767687389896	776.364756283907	816.877435463032	874.168995856026	893.166856761354	908.998057232081	923.666826129375	951.84564061178	950.229808511182	1006.33217472989	924.349349139542	935.648503687838	952.814869291047	966.443809229651	1014.53839746586	1136.46146873459	1277.84664920904	1421.16437282427	1543.79803871664	1718.3536648522	1775.60988648715	1829.72080889446
437.202	0	0	0	0	0	0	0	0	0	0	0	0	0	0	0	0	0	0	0	0	0	0	0	0	0	0	0	0	0	0	0	0	0	0	0	2513.2862942928	55.7401482741116	43.689195364754	70.4292838708219	102.720606265282	125.338529411635	140.469956223766	173.995641119851	232.823399479596	268.614775664309	325.969896687729	383.524185619939	470.448510640235	548.754215239969	607.181106266667	669.426943626593	715.194202263125	755.516294515344	811.245005787926	841.08284107243	862.16902015801	886.78593108503	913.542901510026	927.529511392141	944.933526914117	915.770417350046	909.53339334537	908.087298887917	913.451344535094	963.012167902047	986.747989264659	1084.34277573104	1186.30229207916	1368.0863317498	1432.77487654647	1619.86000831201	1699.78531544424	1862.94099713564
440.505	0	0	0	0	0	0	0	0	0	0	0	0	0	0	0	0	0	0	0	0	0	0	0	0	0	0	0	0	0	0	0	0	0	0	5230.91654503875	186.644454564606	63.7301318710158	71.5216687442441	83.5923646008129	124.851053914681	143.456469820656	183.743668342661	208.238937814244	255.666933277416	314.749972275457	358.085442020084	421.624123634067	493.893505121452	580.794142823814	625.951821391922	679.611253612154	724.6304948994	771.578537689894	795.758584236267	835.077308629224	862.479412791044	876.885565182183	897.1638133001	922.530149149765	911.465415588392	926.377086915989	896.806203122731	904.29362549226	915.431999151664	935.294237930002	978.109885364074	1088.08783722605	1226.89627016459	1406.30764895151	1474.42680583937	1568.16536197439	1629.26822932303	1614.57771380244
443.808	0	0	0	0	0	0	0	0	0	0	0	0	0	0	0	0	0	0	0	0	0	0	0	0	0	0	0	0	0	0	0	0	0	0	877.837327381758	42.3981777868906	70.4456809873628	82.7525449231821	109.9159867819	111.501601649329	163.032780619114	176.941881185354	225.118021639888	279.464341014733	318.282453427865	351.742603656482	429.325277274681	513.646070794428	579.819403092694	648.331866374604	682.798512341701	726.176901518453	752.901749169919	821.569123263249	817.473272378361	876.712938218286	868.495671588969	907.058514716348	907.1286846534	905.544703282963	906.201465241796	894.048832251878	888.831023210914	922.082041742234	957.192304259363	1015.95274927769	1088.31657542697	1247.91651843248	1326.98767094854	1569.53173857988	1617.77982608375	1761.56117310944	1818.26674780977
447.112	0	0	0	0	0	0	0	0	0	0	0	0	0	0	0	0	0	0	0	0	0	0	0	0	0	0	0	0	0	0	0	0	0	3111.22280359972	59.776671996054	51.6107781766771	68.0910613028927	78.728487141496	97.4853923135063	125.27394638244	176.533448629236	204.247860994691	228.684560509724	288.122842846708	332.095137016954	373.199019661003	434.826426404631	503.408543414939	586.474978214242	642.070034601479	690.442143029296	709.382041641372	765.633591177776	775.458834692439	800.757193271792	831.883373319213	835.891319897537	839.99080871548	851.362398235995	873.913789603276	891.966217124976	862.105869826394	855.712155999774	910.098803383378	918.667617762189	1003.19704192417	1083.20684142106	1218.49679596507	1308.96471795167	1464.31894498125	1457.58830273484	1623.21723576209	1688.86346080928
450.418	0	0	0	0	0	0	0	0	0	0	0	0	0	0	0	0	0	0	0	0	0	0	0	0	0	0	0	0	0	0	0	0	8152.45451801874	189.225405644351	58.1033421010992	68.39017124651	83.815630679511	90.1878078348149	117.366288949375	142.165007615555	187.684756868289	213.958925778986	246.849293227988	286.709286166538	339.381206176643	375.835866196549	436.827757301218	498.11546163215	579.255420052467	632.010319596722	651.119781609642	706.506879836454	750.978315074556	752.169724130866	779.168924569117	794.215388680511	808.309491889697	824.440951662663	855.632396740869	840.9189399746	835.99982353889	825.988684339201	811.496500922764	858.631799458634	915.796401738534	989.395970083562	1076.11666324444	1179.8598757983	1341.80804698302	1416.15146746433	1549.36067932224	1508.50921069262	1587.75499483207
453.725	0	0	0	0	0	0	0	0	0	0	0	0	0	0	0	0	0	0	0	0	0	0	0	0	0	0	0	0	0	0	0	0	1169.24179478484	39.9417123868373	41.1709382317794	53.1538570092203	70.7590696751308	93.7082413677816	122.184091681178	141.977316473369	169.339668866006	219.759418577961	253.626090354104	294.52924400027	315.93195872931	382.421650649462	440.653473193656	512.535367621225	554.164108887046	609.501889869103	637.627474320341	670.405947252225	706.501770377687	749.240900937908	764.766402900688	757.019060149255	785.150385928926	824.862676165205	816.735422319392	815.127813172132	800.824814417459	801.341148878655	817.739309267668	843.353351950058	859.445286292766	952.491425855434	1015.06141264125	1127.25519837542	1286.85933729316	1356.29430100351	1417.80300752745	1540.03598448465	1679.73891621754
457.033	0	0	0	0	0	0	0	0	0	0	0	0	0	0	0	0	0	0	0	0	0	0	0	0	0	0	0	0	0	0	0	5138.67116413626	91.5519349253353	73.6604930795853	71.5763077863544	87.2072099374614	116.187068699474	147.129246571943	157.691257663656	187.034048746542	236.384764231286	263.4561090543	310.030755310871	338.224767902336	373.308550229357	410.982786512556	455.588207610322	531.857807096471	590.796187957252	624.02327101135	676.81413455387	689.509442671939	732.795754306072	753.605526493456	759.735288608789	789.336837578926	804.780229407222	792.739524339136	823.070984609294	841.956206806266	821.34297234614	852.955441583822	830.656101560116	861.777345013104	906.101678025625	975.18891031451	1112.00895900863	1257.24044390255	1368.8117035314	1516.2413970591	1586.24381555787	1676.69996264283	1735.34389243188
460.342	0	0	0	0	0	0	0	0	0	0	0	0	0	0	0	0	0	0	0	0	0	0	0	0	0	0	0	0	0	0	15469.9257376763	271.212870742042	45.1868527750175	57.8093046472655	65.2528763350466	86.6719564356026	93.6165182703756	123.313287638483	148.072850229061	167.368416098997	204.09085767914	225.337481141941	268.495540924999	320.990954327117	350.295544672557	393.273881261647	451.559429315041	497.108579391373	552.617639360419	620.769966245271	637.889494889492	673.98930670031	673.650671761673	713.247768729774	725.422791549391	737.575737131057	758.89112978098	753.667470278933	760.550589207053	784.58429678353	792.97166795027	784.100521592317	792.796560298893	792.228993601204	891.002236495497	946.225475962664	1038.51494354589	1137.35457045561	1221.01982337747	1414.57589688296	1460.19151200582	1526.37259079238	0
463.652	0	0	0	0	0	0	0	0	0	0	0	0	0	0	0	0	0	0	0	0	0	0	0	0	0	0	0	0	0	0	3043.60597888583	64.2655468024514	50.2598433769895	49.8077064176849	69.8555821254155	96.9891524993233	110.530387632831	128.399156491624	149.814354685618	181.245817270559	219.427710737905	238.921340547075	271.256754952217	337.403798425633	353.577083614806	402.529057134553	437.229979859987	505.117585557633	552.681279353268	591.637754918635	626.760512588875	650.069032646451	671.991536552922	687.579737677332	714.938872595901	716.974959837974	718.837466578556	702.056390163608	758.48650759688	745.543895012563	738.77100719113	756.026792096216	749.606690320894	775.504435638828	855.178363842112	883.577988347325	1045.45447380761	1148.91410146691	1296.41831165947	1277.64838800555	1416.52692118828	1409.01072202391	0
466.964	0	0	0	0	0	0	0	0	0	0	0	0	0	0	0	0	0	0	0	0	0	0	0	0	0	0	0	0	0	7155.11572979702	84.6570164092162	54.180059869228	47.3265510093351	69.0081606701273	75.4883365333194	99.0421979987674	126.656457883215	144.605494028324	185.900210159687	198.248317564314	242.161605434927	247.143713278284	307.343611854008	344.67502371949	370.545723870487	401.395603999159	441.584635657531	492.176780805851	544.259253592792	589.075008862107	600.055991912932	628.340674846118	643.161399614302	670.017295998372	694.760714253005	687.015432946221	695.667278037504	707.178448363629	711.675207905293	730.681768363492	719.884153404759	736.69021004101	742.692373572558	766.484117784057	828.851708308209	884.248888122039	994.239044009497	1176.42081732664	1203.47262212891	1357.97559469493	1405.8442238489	1545.05585729107	0
470.276	0	0	0	0	0	0	0	0	0	0	0	0	0	0	0	0	0	0	0	0	0	0	0	0	0	0	0	0	7317.04399179863	211.159292406051	55.6924648275847	46.6945084974632	48.9797043756378	67.7604743963914	83.5104848097018	104.785895108435	118.517291911471	154.853574238307	167.748671479226	199.669627058899	216.353278020983	259.113520785392	286.829730060587	323.827520223936	365.521328633938	393.475054944637	415.194866991914	476.760224042026	519.644188755788	568.33268208678	589.379122323765	599.833242220765	616.94432168613	655.435173262718	652.097492297749	662.574366845646	676.528258668498	688.035277569306	663.452334259357	689.542708770823	719.915417190406	711.789630831564	701.905738344276	749.657950354416	794.672850868947	873.299021046323	942.469444489885	1095.69698262492	1155.37086523499	1308.94172088521	1286.06310309124	0	0
473.59	0	0	0	0	0	0	0	0	0	0	0	0	0	0	0	0	0	0	0	0	0	0	0	0	0	0	0	0	665.597761181835	74.0317028397701	63.30001446875	65.9098442774668	65.4888289106681	75.7636884639026	113.813755084177	107.485502680864	147.837749364883	164.093927056746	185.616765590814	229.52889792338	247.037408181278	267.04588718697	311.079950480024	332.103664158518	363.435057725081	413.538438494394	445.217139351611	481.718070444291	532.522872058037	552.190953784742	596.670073230908	606.063494276694	610.861240219515	635.276389086306	650.636694147657	641.261431703769	660.787493819113	661.734196416789	688.814880788603	683.526190659949	685.871938578103	697.386992422278	708.697594366709	749.254369867442	796.784202597344	844.222660402214	959.069861577117	1080.97000097213	1197.11205554772	1257.85281382197	1467.42454034339	0	0
476.904	0	0	0	0	0	0	0	0	0	0	0	0	0	0	0	0	0	0	0	0	0	0	0	0	0	0	0	1647.24113857877	47.2621556447054	45.829520345645	44.875538215904	36.2659971201055	53.2981000726157	52.3560135115955	80.4224887905855	108.406611029273	126.621692917567	152.934050519226	176.321566477251	201.929556666306	240.494538770197	251.475489671089	272.59247978492	315.446505094019	351.02740806811	376.730696662522	403.821668089821	460.77325880504	486.100823458382	532.866365789655	550.903852546972	566.11342190404	589.668805992295	594.696730818105	608.341990953441	620.765110206082	610.886827763717	612.424571245429	622.292246415018	643.287209763679	633.26240333987	645.259110306538	677.202787967694	691.578271612536	738.175215445807	809.988446623445	853.4299416864	1019.11837359203	1224.81681790037	1165.21784120305	1253.31685123965	0	0
480.22	0	0	0	0	0	0	0	0	0	0	0	0	0	0	0	0	0	0	0	0	0	0	0	0	0	0	3389.60927252829	84.0009028798339	41.1158677184485	56.4575243414817	57.8994088218428	71.8112988611732	74.7636141712077	99.8859784684871	116.686298270089	120.014139021534	155.551344425253	176.678208156681	213.713657278506	237.963682364217	251.960774995425	269.818341718056	309.601918133954	327.39731526073	372.587704755603	380.750866377763	417.959253264596	474.894068103865	493.503269477907	541.944903066452	549.404659944671	572.200715252468	569.519796220022	596.741924147176	589.761543773137	615.047574906327	609.202713983121	604.267579425129	618.630952079151	639.198809853332	624.444491319688	635.677780408441	674.087578456047	681.769703974825	749.774777012891	818.324490215106	939.110214720441	1044.54586071255	1135.05810394016	1237.71853833139	0	0	0
483.536	0	0	0	0	0	0	0	0	0	0	0	0	0	0	0	0	0	0	0	0	0	0	0	0	0	0	475.27329911109	36.1855511691834	41.5121281434886	48.557959322881	37.8218234875632	56.0390362995421	63.0552049445112	70.1979985906193	99.7593846276288	121.295344104551	139.789245868349	170.129798936391	200.338044396335	202.592512217286	234.457749733382	259.760091726325	296.171310418925	312.084128375562	356.978815541834	359.369967208308	388.328300013876	434.484742252271	465.119671062555	521.102014502473	511.977149651617	527.105261077527	549.354464442121	558.552277621329	554.903752220954	568.921182835786	578.628888224977	575.458346250337	600.303249132881	609.113361133591	600.418894224373	625.242541730961	641.297805691098	668.733471205794	743.177992790748	785.014941965458	872.701994969548	983.230583278578	1075.70447621931	1130.32415706844	0	0	0
486.853	0	0	0	0	0	0	0	0	0	0	0	0	0	0	0	0	0	0	0	0	0	0	0	0	0	1495.24723997561	33.7818614904917	34.5133891780842	39.009262329654	52.8143113963058	58.6546634036356	62.6683418252138	70.6837560431747	108.821817286715	114.552133153433	152.074124826837	156.602293399709	187.174489776412	196.481980165361	235.502149030171	239.781247161646	281.948526831232	296.896867363572	316.073549777466	339.551775365864	398.030879173525	393.190650952379	443.082500677428	481.426727094583	496.10882694775	517.431480546354	536.03413958878	532.042766966145	542.501646105929	552.087255557549	548.673542667599	570.831237405702	571.286754661626	591.192919068607	575.158352939895	604.617379502156	611.394747570693	616.432763284596	686.91073988748	717.334331409203	819.418758288846	874.379071076599	990.437207060944	1020.9964537135	1145.70788006193	0	0	0
490.172	0	0	0	0	0	0	0	0	0	0	0	0	0	0	0	0	0	0	0	0	0	0	0	0	3238.24520456382	69.6343605145227	26.8419071930466	32.1865002111683	36.2050810803139	47.9123737543235	58.6489178903343	64.195518048134	69.7713241889146	89.2183033566771	124.556368646073	131.58901880862	158.788775349396	176.693560564098	198.221660731133	214.594000270166	252.643661052988	259.795486907152	290.286312747735	322.929952103016	338.662767058629	353.856643729133	378.091884044175	420.85892153051	454.390768868259	480.199685387446	483.060806426556	494.374512673766	522.51899076325	529.888204900732	529.937986483983	543.901206022015	529.115280738709	535.898135792009	555.831563740045	562.980078109724	580.426427445827	583.658793802438	617.979671165209	649.372381426998	685.73370403559	729.197296869776	805.845748295675	880.895489873552	1050.59454262156	0	0	0	0
493.491	0	0	0	0	0	0	0	0	0	0	0	0	0	0	0	0	0	0	0	0	0	0	0	0	411.789172021039	24.3581232374724	17.649946862868	25.5687199001187	41.069930485695	48.6210184744593	62.3254905481485	63.0777763330632	74.4037182262444	102.398482815174	109.729893636785	142.487198732729	163.872827999174	167.623678136486	183.534123194106	217.098024089368	229.905899533653	256.457277554733	274.231410793651	287.997470507593	315.903616760365	346.989962455144	379.780730365148	393.025678985762	424.757403238161	457.757897873483	475.713920125313	469.894654563064	475.598702682288	509.011328787594	499.349319995802	510.674378375803	504.245551799126	524.785185089623	545.332262762841	544.78720911145	562.146707162938	560.437422652856	584.969949641846	624.095619728185	674.277921999827	739.025590651592	784.202345356716	908.990116651377	1034.31807647333	0	0	0	0
496.811	0	0	0	0	0	0	0	0	0	0	0	0	0	0	0	0	0	0	0	0	0	0	0	1724.23068807405	44.1108317687307	30.615248087598	44.86108930849	44.0903128646699	45.660104337181	60.759056726859	55.7200084871968	84.1427348891762	106.671077751838	117.817800986412	130.575039665126	161.382086847982	176.408723611811	199.942478482171	225.454965660292	237.017586479337	257.716125242576	276.334690828304	317.087481209333	317.681045116404	326.920555035204	348.097223659545	373.864729747241	405.762560937411	432.010202422249	451.227573895828	460.555568094508	476.16982488376	483.465628283571	481.411078788555	499.221834422334	516.51650601903	508.535092369699	527.940834606989	543.116201890563	537.27172883558	542.495312172115	563.792513473255	601.007301446031	622.959796691031	665.515445888991	754.034548892932	816.955567407068	925.057762511644	1021.71034705525	0	0	0	0
500.132	0	0	0	0	0	0	0	0	0	0	0	0	0	0	0	0	0	0	0	0	0	0	3845.91778812234	87.3303233473212	16.4452515489005	21.8990123401236	25.1251837904655	41.3004561906362	46.1531017667748	57.0344912958559	65.123142855786	77.972617257924	83.5705602107555	103.587097705172	115.96124686451	167.997370446822	149.06244732816	178.472776900671	201.798632334204	228.102586922464	242.849800783958	269.092059052487	272.480770114328	298.503425930567	304.117850577594	330.208931670962	361.359223170799	390.032656682593	415.827408379436	427.290178602909	430.771476072145	433.353196203727	445.447251080484	460.614695858714	463.273227653429	464.462444966034	471.639746325833	477.569078147099	508.624686444683	521.120242491653	511.597488924336	538.036288876978	571.198087524157	605.09161070328	636.353153949617	670.502769724935	787.419025523316	869.003607120205	0	0	0	0	1116.00760263463
503.454	0	0	0	0	0	0	0	0	0	0	0	0	0	0	0	0	0	0	0	0	0	0	524.878309649336	22.2987746217119	31.5061229589933	17.6518601236807	41.6331647744178	33.5015269848286	43.6325980150307	64.2529037660664	63.8368441708542	70.9086174551536	97.7401532541879	121.734441248404	133.658946824831	147.785691068958	174.523353862166	172.956333037752	207.822550511539	219.262953870369	242.017310813288	265.732029680295	272.775685336718	272.548328068387	301.889137126005	330.213518790605	329.53248317	369.042528893057	396.678835287773	400.326863869381	411.09866461869	419.152843694275	436.616884811685	417.049254717223	451.006942738628	444.783664584733	455.16088153287	457.620363582775	463.796177859574	488.58076260297	476.495476927751	497.385598401057	532.909088339241	557.410184135809	623.890376840279	694.193966295245	761.737592243066	857.117522587499	0	0	0	0	969.560023468984
506.777	0	0	0	0	0	0	0	0	0	0	0	0	0	0	0	0	0	0	0	0	0	1573.90854418941	9.13196472987987	7.94794760342966	14.0722573805457	16.0953426457902	27.9042148045152	37.027014587694	46.5438642425691	54.2086767706842	69.1390474692081	75.4313223728671	85.9961343312622	95.8596831465027	119.008860276746	131.389271714826	151.887953823959	161.719490668082	194.224472003343	180.773044184689	217.316674887075	240.854834941848	250.880584137861	266.834702007274	285.356837757166	291.636861178105	305.099020793579	331.270838869944	357.043407437185	386.236091630455	387.705747872652	381.100873466783	400.494418231145	407.74968411601	416.116410974656	418.489557452124	410.744208329632	424.648745558685	462.35510847672	462.607211762371	467.729852389725	473.001809185924	510.98431499723	521.887847722372	557.273446973884	624.019620749935	662.287138628535	814.447083670332	0	0	0	0	864.322053787525
510.101	0	0	0	0	0	0	0	0	0	0	0	0	0	0	0	0	0	0	0	0	3249.08498541617	78.6613249587258	21.2791750656029	18.8632999983484	23.9986920193961	34.006778487345	30.9981319851094	38.6666582151643	48.8729407539369	57.5750842543895	63.8388678129111	70.1410110565527	103.582586630327	108.504817756458	128.015854848775	136.87831248786	161.707035129549	164.584188206545	171.52666891785	206.941003737319	212.02477299865	233.990353830579	255.600625638687	255.586319472328	282.796641768666	297.3165237223	315.180196092843	336.864399515567	353.933057197939	366.199159761993	365.372791704885	371.782963859221	381.18245809655	397.079135270104	384.282699155585	396.555492949507	406.190710844603	415.811865041135	429.899894694662	423.615890296769	449.073382521356	440.307817910071	467.140894890958	509.572509351308	551.637360196913	591.827536948099	693.192346364691	0	0	0	0	943.044450297872	980.324159475589
513.425	0	0	0	0	0	0	0	0	0	0	0	0	0	0	0	0	0	0	0	0	452.560858471074	17.9933221357604	22.4455186449055	14.4115153537548	28.3210704579626	24.5277456219722	37.0027430365165	46.890438142394	47.9304766037504	65.6939160089983	68.3858945142054	80.8023769634633	82.4891492119246	109.98021372584	126.305744587324	135.747083102579	145.980838211634	155.577085756906	193.690933713041	188.758697959983	214.209419062023	229.133118671714	236.100586030828	265.182817602559	269.417110429068	269.48021772155	288.297122497036	299.841669790007	335.261643736403	337.835186259533	332.871804400332	357.904855447	364.512025441322	376.821809476813	374.440793440314	378.458454397164	397.127300818309	390.491994772183	390.471088327558	414.179611718988	432.475353919247	443.740185795908	445.453837703442	471.444208370016	539.590700471244	571.962393818554	665.628670536629	0	0	0	0	897.295059408569	802.615727995491
516.751	0	0	0	0	0	0	0	0	0	0	0	0	0	0	0	0	0	0	0	1554.81173982857	1.07935686073189	5.73198946914083	5.61061161202735	11.9445587081603	27.7230047907954	24.20165166159	29.3752109093916	30.6829922001733	45.6713457904183	55.2620016305035	70.8690032923961	73.8082094703802	89.6307596314269	93.3841577856474	107.293131657029	125.790622047288	138.675513367831	173.240381469034	172.140100933646	188.417431776653	197.759868431292	213.005915180095	206.222403243899	237.312743615005	252.824692876008	263.676653006645	277.276471508084	282.132070963051	317.210984148778	333.112313734014	335.015068317432	343.02033189663	339.667625859148	355.192781762404	350.346432050277	364.393999912579	359.815502732432	368.257844195215	378.527436169524	386.301032556266	398.957028254659	404.567849192635	448.329509486588	463.421872205979	498.031639544077	534.921283355529	603.383134619747	0	0	0	0	694.607374867356	717.647319297885
520.077	0	0	0	0	0	0	0	0	0	0	0	0	0	0	0	0	0	0	3664.24777916098	72.3249334513302	16.1378722049687	16.1284778838081	27.6062510872252	29.9316925635034	29.6447810751108	22.8136004034119	48.9932309645592	47.7740467565726	53.0762134602543	73.2276572554321	72.2239871313804	93.095767070277	104.862970315759	118.585379541971	116.700018195271	129.876753861525	158.331275213243	168.79853071822	191.393704686732	176.561174695571	204.207561529321	219.986822366289	230.616358687876	240.418694373559	271.92217331213	251.30877045578	265.518075761567	279.980566263367	328.971001167501	316.113673959641	326.001306750852	348.474505422257	351.62453939479	348.743051618477	355.069957952276	368.104767521249	360.849447730748	363.665796816351	401.11424579419	385.1369402013	403.840279467009	408.663683750869	427.147025108908	451.610032189455	518.991979877187	558.511780910641	0	0	0	0	966.711938368067	716.119310298933	735.977618190576
523.403	0	0	0	0	0	0	0	0	0	0	0	0	0	0	0	0	0	0	529.452141234994	14.0960240104917	23.6427726778763	25.2194620216595	24.1754907024366	21.4563972959403	31.5960871503994	25.6491847194854	40.4263469137731	48.9195604101263	55.0950478043327	63.9862574071448	84.9578649592168	86.3296576819699	101.483119958756	109.160288721158	122.610126212498	137.115752990104	135.617438944214	166.996997112769	176.796345454691	197.425827108069	206.442937054237	219.76361243856	231.923189784038	223.015482720805	240.670956409169	254.911465326895	275.28698888533	287.812754601569	296.351786857975	318.981688901932	318.417795359419	325.718190811917	307.657363653384	342.942021062814	341.100917128663	357.914924114394	356.524461445095	363.986867962457	356.621970371138	367.18655236857	384.33992019511	401.486452078155	424.697038345704	449.555033028387	490.746472530266	563.91336685604	0	0	0	0	804.784541754324	895.687029788313	973.024716060473
526.731	0	0	0	0	0	0	0	0	0	0	0	0	0	0	0	0	0	1414.11967069758	27.545948414086	26.3324565476832	39.8109939094344	18.7847358881105	39.7394013935083	30.6116632295963	32.4706553580273	45.6722834093942	46.941952286138	49.1847037537139	55.9300204069097	74.4755258940931	82.6015011081051	84.3531117466263	102.093663082408	124.364669428806	136.250515769304	129.332944293837	166.978050946791	149.580470505873	190.602199687495	188.495967658538	197.482894980084	207.25149915353	220.974463966309	229.615217964058	236.695030240475	247.605361204514	251.471142294994	291.751017723103	294.740361873218	294.03390184693	309.221955005471	312.420470970128	316.413120172046	321.802705263329	329.91289089101	327.280392788743	344.079785028278	343.610903534686	342.43777585262	369.630109278137	370.905012248677	396.157827006567	398.009026253051	442.071782097044	484.058008634256	485.273302109303	0	0	0	0	747.089779190051	739.237926937247	747.371932876056
530.059	0	0	0	0	0	0	0	0	0	0	0	0	0	0	0	0	2228.48243153996	71.2513963364256	-0.0154849195514906	7.99667865620244	12.9297949245018	11.0884614953023	15.8652501724956	16.6386505365542	21.7712614217554	21.0322688200329	32.0459970627668	47.421105730842	53.2569054176008	61.263155559113	76.004542200762	74.4839415319934	77.9811367955133	89.0925937404586	111.419239156128	121.081312486356	133.400717426624	138.897050852886	166.740108927419	162.875742484845	185.228506920437	183.070579848937	192.737069002967	200.787905431505	210.043454395032	215.732360337784	221.607685671374	240.530064563124	261.87555570254	276.438008140693	270.514040011939	271.367393747427	280.168041322395	291.45831206831	298.437791990111	290.23394549292	295.230865057688	319.412490121409	321.54163605081	328.711433976815	330.501946262367	341.898352444668	375.320644466494	398.177592760072	426.653704746115	0	0	0	0	790.983680993465	689.006124989986	688.572132840894	787.814685671631
533.388	0	0	0	0	0	0	0	0	0	0	0	0	0	0	0	0	362.077227879344	23.9521262887904	25.6753241036689	23.7788947045353	8.89602688941153	31.9756644495977	38.7318240625635	26.4348757058105	38.1225564702488	46.0165796089499	43.3578045757765	46.0415129532778	58.9433568292242	64.4883751933654	79.6244123820814	89.1766410705278	94.0888391048419	114.806985026065	117.306702014661	126.35422014423	142.486189881634	150.162218224272	168.43649850915	190.930406986004	186.407115446581	196.427117794206	189.065083039253	209.167024948734	213.335409564392	214.655792581024	227.187956186372	235.289827079851	259.237601057642	248.945225175543	258.261844337701	276.688969928595	282.156388336696	299.788134099053	283.945504128963	291.075360560465	290.150224849487	308.93747214546	317.331700507362	315.282319770292	345.59023450531	336.563868886695	367.024912149912	366.682170801435	445.936048544062	0	0	0	0	650.235166706093	605.287893982115	687.442751489284	742.421858925067
536.717	0	0	0	0	0	0	0	0	0	0	0	0	0	0	0	1104.16448724152	28.5396323720395	28.5434350862667	22.1742483238073	11.7272011697897	25.6934271667036	31.0455473476024	25.3902195870063	39.3454935919864	36.5252286810946	33.8294415699951	46.4584410862226	54.2103722476825	61.2912848020812	76.7193034726159	70.7409382545069	89.8408256158991	90.5744984945258	103.376802847011	109.518648738787	131.849208003472	133.095236165771	151.946895802878	166.228422828353	156.597856265864	177.484804428276	194.408192611596	187.208325662242	189.196847636408	201.593755655559	208.223332302149	219.823303370084	233.275898154435	240.213690166581	251.188635494355	262.388805491065	256.644559549063	255.665483135342	275.297018598276	272.184870753037	295.743986509024	294.136510970052	298.498550719006	297.90925854405	300.384494784264	308.72814538033	355.724283426425	334.947849398456	382.399130220566	420.423846608753	0	0	0	0	605.044378206361	735.386060488381	676.202613391479	761.332178611254
540.048	0	0	0	0	0	0	0	0	0	0	0	0	0	0	2612.85377548884	20.1145793033502	-0.466484985601082	6.30560688126287	4.81818634909646	23.4286293623139	11.5923347401165	24.7332500827861	23.4094019771362	21.8390275739765	20.9775727811509	37.1968221738627	30.4870258880085	45.2431238560444	51.2907082850043	55.6530641428284	71.1502422003477	62.5205345726421	81.5200999979197	87.1735100524475	103.60389783412	113.273967255968	114.208244274396	137.105045200611	123.431969462419	160.748036386159	151.461814576203	185.321875589918	157.337954432712	179.471090267278	182.969730594118	180.752510441569	198.681859314456	210.601572420159	222.562758165611	236.73938955575	238.065853986597	231.447595063594	238.542837492899	241.213560031012	256.23962541277	260.158965127217	261.895342532393	269.224557648812	271.064614816219	283.309844866494	279.237650590732	302.344811576364	315.478305735947	332.874255731851	0	0	0	0	657.083084325483	592.204574614606	569.729484021885	515.642923540967	478.917639880417
543.378	0	0	0	0	0	0	0	0	0	0	0	0	0	0	402.20332220931	30.868656677343	42.0701093543368	28.262306865734	35.2601350771825	25.0571535206202	32.4957071667007	8.62335792382928	34.1312463513927	41.2648167747936	39.2973806949063	42.3797312676088	49.9483613565524	48.9069257820564	52.4466736129283	60.2529906821754	72.0489709368607	91.4086320504618	87.826508287704	103.970364514673	112.457270908023	120.862599435421	141.201734673804	143.981952656363	158.73932327808	155.308956619922	168.479923845832	179.495958785515	190.407056918409	174.34924665873	190.938749904749	200.329115830956	203.982293946355	220.781286109406	232.159769855604	223.536744097514	237.59476024834	247.58140309967	251.405360127009	249.478715937587	268.889427787202	264.882708525515	264.757196725192	268.514708426912	291.957165314379	289.486702121895	283.901766252408	322.588310259732	326.676658583771	333.514449237231	0	0	0	0	580.510233139251	608.126082478485	651.248697169998	660.21462486724	712.016328364944
546.71	0	0	0	0	0	0	0	0	0	0	0	0	0	1344.7608539616	1.99043342828452	8.05161083955307	1.79441966499709	5.64527945101145	19.5077007637878	10.7088962337761	23.5680423363599	22.0415298160738	28.1514985403788	18.1523631132902	35.2717310153298	39.9930794270311	42.4073883715113	47.8892314515359	53.7936894236023	65.0100107322431	60.6405318160436	78.8279758984202	79.6876955107466	94.9226964128399	93.7301426672768	107.253172820382	114.125247696479	133.94172478943	143.636629472807	151.207393121659	143.260707490733	150.684902732855	160.77846492953	180.983895629741	176.143375877351	178.821569397607	182.503635591739	190.960655336369	206.020667164091	229.4221896778	220.323608081566	217.923726680772	222.375369970788	232.266374044031	230.276058228719	234.17558442101	238.562710050553	268.369472796474	256.075082139037	279.053887020794	275.715056424677	300.373808399979	304.235742279424	355.975799760682	0	0	0	0	509.126693478209	512.469701341296	494.940438663559	564.556991823384	673.863884043937
550.042	0	0	0	0	0	0	0	0	0	0	0	0	2739.96664236446	54.8944585391032	13.9513654730467	24.7077059262221	14.0737588244795	10.4444241158614	7.46357282628718	17.8940793961846	3.37092393438282	17.8860336336869	27.6102443784696	38.880239721779	30.5657494910588	36.9191040104429	41.2553078009443	46.3485409255195	51.5975544087188	52.4783573754975	61.7348119826272	66.5207681024613	90.7082629415724	89.642007546283	93.0645966738429	102.659389955487	109.958671118501	127.237441493117	121.029917994234	142.552584485455	145.502512491237	146.295493327649	157.087516119114	144.915315439881	167.603979285128	184.428772907341	180.026409051063	197.957423201006	197.301167355007	197.444586482677	211.118745825423	215.104123769145	221.831196813525	225.559055049888	222.770857159337	222.343976636858	236.620366770201	223.661245676743	238.714835911336	246.60076868166	266.351698879213	265.946876778239	290.771755906106	0	0	0	0	609.998423599836	472.059523790268	425.084304733519	540.055605917448	480.213920260806	517.724335784565
553.374	0	0	0	0	0	0	0	0	0	0	0	0	352.974456412559	6.24143579315034	-1.48622737231229	-10.4133813323433	-4.09259089950504	-2.16212952295956	16.1491486437638	16.6189063274474	14.9261410118518	14.310814616838	2.74083271755759	10.976413419248	19.1015599766356	29.3038723416618	29.5297115651541	46.6035066184222	47.8655367698278	53.9897504796352	55.0305786379399	69.5581168922656	62.4723657302642	81.8757197701393	78.7743305891531	91.8494058764027	94.519337497987	100.381464457592	113.713646311156	116.302706675449	130.926164046242	141.562828173225	127.368775234705	151.205600918343	147.301184695898	144.413201627259	168.288719705096	172.886193122409	180.899671265099	187.359373553346	172.283422745193	185.725533002163	183.77978026549	190.039470346864	189.157744131895	214.32253999793	213.516061462576	228.55854264459	219.284957703493	244.377593637298	227.195463367246	251.662403734791	274.307183562284	0	0	0	0	426.991711330103	404.435780269565	388.107136528291	529.524719811427	397.802087206433	340.047930853247
556.707	0	0	0	0	0	0	0	0	0	0	0	1326.03897000803	3.24150800357187	0.0183293678651647	15.7521352320761	1.39929326034447	-2.70317721396355	7.30583819912584	-14.4144636375658	1.96469187504092	4.06890448741146	3.80080275670922	26.9808391146347	25.8842204009269	21.9617864998423	34.9194616030156	31.6106660455775	41.1704591644397	43.7395637152185	40.8474072802751	51.5620644421279	63.9051313217993	63.5128481556972	73.7112309848001	84.5026528675195	92.4035374729088	87.8662080132162	106.030911261439	92.2096333023689	116.905283636876	119.194487312321	123.488847380803	120.379548105877	145.822925707343	128.175136143093	150.268272375117	153.395527372609	159.691078324897	153.367087036785	159.406091448444	172.505608990046	174.938629043561	179.992149594412	183.689669231621	192.392021043539	189.119806207843	196.839617621043	194.613862403794	218.744523800692	206.361183959293	232.223818407617	232.670961316757	236.942372239035	0	0	0	0	400.406642702415	388.093224152724	395.840329190361	448.914238793378	416.126989286327	257.745135773912
560.041	0	0	0	0	0	0	0	0	0	0	5827.55311695086	71.3996603717943	-4.34375902911343	19.0760169937229	7.37483284545042	25.7841325768944	30.5021353728811	9.87799874848298	34.9117624469694	22.3631894675599	19.2389476609972	25.9648121937015	29.3651791112745	22.8567777362172	37.8887209433577	41.1319244232735	44.6527439843448	42.9107600163615	49.2729149051823	56.4563430557437	59.726699721267	73.0974411850585	89.5042659702521	69.3737299805544	83.4815310704907	84.7645079902761	108.190375510153	104.377879341658	126.422669053426	105.688097809386	125.354076334418	127.67791715282	148.270877355856	140.336079869688	153.040984249996	137.835562659671	139.789688363736	151.023767083346	159.349140807505	174.97704921411	180.23415493468	186.947331698842	173.96457713945	183.445869058689	189.282591754093	196.653394780889	187.425416963787	209.837798685735	206.159524188353	224.027407359066	223.078289773897	239.003940166543	0	0	0	0	459.651455864022	393.775517882604	381.463779609827	442.100262813891	426.850494860469	389.118068671877	460.133066849807
563.375	0	0	0	0	0	0	0	0	0	0	962.087583186183	13.6440600318642	30.8737980091257	24.2921276350521	7.39747561546302	15.5173466739809	-0.906178629724765	0.00340576014093753	33.4028641041744	24.4129646629707	28.9700801685174	38.2323175696418	23.6931864757395	38.2221724632954	35.0186994221043	31.8525478538772	47.3058789326595	46.3564619203205	49.2787534405502	49.3678929022491	63.2110959920512	68.4222836280035	72.2577948919521	86.928942265386	85.5749886588009	100.438996148865	107.919609435614	108.97647187393	97.4022958611808	113.193226232609	125.76408186033	127.377387676093	125.054217252611	127.846028248162	133.206569076466	143.992544535625	144.945075667943	155.639377885584	152.493453449501	169.414277083693	164.893742770174	163.290063171374	167.90642625055	175.431055517959	178.457550745796	171.477589497797	173.177009802444	205.915281754111	194.831550994302	212.086266224805	220.136338046148	223.329872436846	0	0	0	0	386.633589736285	399.147675773754	435.371849033495	379.948090897891	420.188800806394	470.036493322642	359.9221824
566.709	0	0	0	0	0	0	0	0	0	2839.49723504864	24.6359231530941	22.524645484943	-23.1391859783132	-9.44074866620375	4.01115532690005	-10.0620553076735	10.4926724916251	3.0670019849961	6.66912471234564	2.39459860460663	20.3610168235523	2.09630442284422	17.2776416607426	8.32045748462192	23.1163886798236	29.3802219551756	32.3742008125944	39.065150531578	32.9764520124333	52.7534779252753	46.5076830741993	45.6659429740549	45.0157377905325	62.6819748099499	76.582395945851	79.3510231214953	89.1191351366384	82.3375749236965	93.5198700972412	104.448511216859	107.306495398241	110.543843090751	101.171045669135	114.708479298926	114.965027989486	137.141087475506	129.12126243026	138.769564924312	144.4074219465	152.146544013467	146.649075168144	153.970601897048	157.646136714982	149.355703499078	162.665059381999	156.83341303193	164.342350885648	169.559004311071	171.812383544388	190.684493425812	194.731776522162	202.225425362197	0	0	0	0	332.455311757277	308.867040865279	336.455804951684	319.974294942424	366.851351465755	318.400012656465	229.139603304482
570.044	0	0	0	0	0	0	0	0	5806.12589818224	198.109625121315	18.3195889509012	-10.5605332350342	15.070484652072	7.58033915474507E-4	0.509059626939575	2.42614128003723	2.32039137741831	-4.43703249618826	2.54737434574899	12.595415313005	11.1133582008988	10.4025725492754	0.309447280381048	13.803489818306	22.7080612673013	32.3902960498864	26.216991515096	39.1915956846199	43.1991542627682	34.5060637091192	46.7342613040094	52.2221488134512	43.8850000743596	58.0202612073522	65.7530750930777	75.0011157522479	83.6805130056367	84.2555885534246	79.0903317286752	89.8207982402276	85.1200553564701	95.0060416786527	103.494775025877	101.785737468216	112.515157864923	112.739042414426	114.870774994927	119.829730487877	116.180958832128	136.997873002509	141.041839014703	127.586873929749	146.991865423578	145.385604875285	148.077255405784	154.940569929072	158.433438923107	170.860171730307	178.384079895494	165.297911073961	192.078297354618	0	0	0	0	322.416646329858	270.322693327618	284.104597806989	342.981178547456	259.399483495173	386.737530134662	238.42094508964	322.583301479086
573.38	0	0	0	0	0	0	0	0	1164.84843397921	22.3621569586571	41.7686250998902	35.4112468514103	12.3557923152917	15.0303272885938	40.9618796993739	43.9518174900335	24.7640493878618	37.5534466558867	14.9599684936147	28.6115473128868	32.3730363622203	22.3619484801924	35.004579230184	41.6627230893548	39.7239565460527	39.332723855982	35.9004011543576	44.7375881333403	43.9734493774096	53.2903503551611	66.3593553198643	55.2305874151602	72.2368111121227	83.3010636673311	81.6946036707135	87.0406285155992	87.793828466532	105.882160731096	98.6742222576887	103.380330975448	96.4677158369496	106.16328782012	128.413485245768	121.69286631927	125.413108549673	122.751330300839	123.763474414359	139.399844022533	142.355780752666	136.005238310842	139.543350066422	160.240894075825	136.974958026088	158.990250690268	155.223939476153	161.807389949901	173.204739084783	181.508779956089	181.961464897013	190.85342317843	194.782372645043	0	0	0	0	314.358627804911	302.773274811994	316.643754418863	370.506152863822	392.869325201731	340.025150165966	361.177875824425	418.820609744979
576.716	0	0	0	0	0	0	0	2899.81243212363	41.0583756262054	37.6387703993643	1.83594924843865	9.42426350210968	16.8308686170272	19.8201852160962	3.06748919503037	16.0882859407473	27.5165093256587	4.01766464102911	26.484483444384	15.0934460767068	18.0881486379115	23.4035525204526	16.3671312267068	15.8432347292776	28.7629999140949	31.1229399246621	41.8930437981928	41.9338014240677	46.9746467232137	38.7254642128681	49.6231050315191	54.3169196986414	62.2438505518934	53.2309042748069	65.7244949028237	75.9523705026347	80.7691764577063	78.3266820164324	91.904110899126	81.2972349335878	97.8442665504585	83.723303096641	99.7293994923319	108.049294797174	104.436742035261	93.6761318524963	111.127392135667	118.532803110723	131.383123976382	143.367680671163	126.608456765979	123.219596591032	123.258881102364	139.664603875191	138.918766544723	157.464516243155	146.648166514589	158.237310039358	171.322895145401	159.799636565069	181.424437780641	0	0	0	0	248.466372852149	272.371680613482	256.668266397601	266.965762243885	351.398938394298	376.152106448439	308.264870785323	308.774609965904
580.052	0	0	0	0	0	0	4466.03560572891	214.788716784915	5.91193747874214	14.5545814906929	19.487971028695	18.1448494799409	-1.68621172527983	13.8656850242976	8.63512008985155	15.9567022125233	16.1968722560407	-1.76978488021184	5.92348502109564	12.5605682489188	24.4588177002736	21.4566284366343	10.0019758048689	31.1976426877185	24.4482186644724	28.3760186811438	33.0360954442687	28.0980370535276	39.0243791194875	42.9265133400869	50.2803198703893	50.2538068090832	51.7365196507503	60.704629558608	72.3802388788901	78.2410524316192	59.7762678146072	70.0017210228794	65.13988987307	88.1372735377368	86.0676121589173	97.0367022716345	88.2485885100462	87.8689061604341	89.3404281475816	104.777903420243	110.397007401206	116.544289761789	119.260708960939	117.671578685369	124.602507738345	118.675975619708	127.861830858421	118.958857158982	126.209558747743	127.392942735244	130.690915007393	142.226687370745	150.789778681464	149.662756178969	0	0	0	0	311.574176229449	211.863627631158	235.657512259404	278.191180635764	289.239324661893	275.883468365506	245.933332517782	243.371905232112	168.589609671296
583.389	0	0	0	0	0	0	627.297358976347	4.68031483096412	-18.2809543586682	-2.53965657186583	-3.02452495715951	-9.86113231186893	2.18462232058783	12.1611169799218	-10.0645360378873	6.70902611633179	6.41604071017365	7.91649863604739	7.95918360618071	-0.405576747070554	18.1863892172807	5.30803351164428	5.88633604589004	15.605255843257	17.0896877033737	16.2260464205946	35.5214552259785	30.8820807161923	34.6544504575429	36.944396011486	47.1936892453449	32.9747813422983	32.1815697039653	35.3685224290042	56.1764043583839	45.2450005169037	66.9967458098792	61.3491009275552	76.8679658978408	58.8836466007475	76.9601985188913	79.8654305211975	74.6798816742927	72.2194732208981	84.3642112505348	80.0407672896565	87.9751766505503	91.6536305825181	103.162003069796	95.1216570393629	104.036799138443	111.395559073545	114.9146618074	98.9046424494729	126.598066008305	119.248509337978	111.800225286851	122.459051086249	128.510032312272	150.885256829507	0	0	0	0	203.994855428986	183.879144058149	218.061054539185	231.955201369601	235.478594483982	196.327236143122	183.325457285457	141.042727067051	107.747860038545
586.726	0	0	0	0	0	1561.87635060541	2.78385232121354	-22.1193968383213	14.2482902463236	-25.5961676130022	-17.3995138330771	-2.88016137788425	14.2405003946107	-23.5636660331699	-21.4898662537826	-1.92602693677481	-8.67141082934833	-2.17192487788568	2.90728065079722	-7.18590798443966	6.39423185629088	5.97474764282429	6.15290739807053	13.5582115376993	13.9294038146237	18.1671682243368	11.6078869945436	27.5045799869605	27.059459694106	26.3230395019763	33.9648261913537	36.1247304383742	40.9901066941624	35.1185543804816	40.0170991805276	49.2062379251194	55.3291843259319	62.1463024718034	48.1854755741644	58.4589106079601	43.149964022078	67.8678428566511	61.7938110485733	71.3744197418326	67.6527707109773	69.4631779496736	80.838003336654	76.186053471592	80.5677829679333	92.6756311567463	105.05550158877	89.3927785796257	95.880674574077	104.414651563379	96.9615692186349	97.10573324325	103.958262579581	111.545587808275	117.52152920771	122.283666380612	0	0	0	0	160.641650835161	178.373111710551	172.695095785236	208.533527100721	206.48901848388	199.539894044847	88.2366502438259	188.459415823286	129.183477134077
590.063	0	0	0	0	2415.98631858042	145.307575172995	56.3790126115903	71.9165671079791	22.1062455383043	56.9965571602185	53.5854429104048	42.2207467458066	38.5607944268637	14.7311323977922	41.1434985198002	25.372433281523	39.8436763931656	29.7896056951275	28.0764188896268	21.228379924078	44.2010918711755	32.8765992632533	28.1220455025168	36.3852468089029	42.4910924541528	39.9376694617741	40.7149707384884	34.8110331754574	38.7379204589362	44.816751632274	43.9114902599737	53.5874442744928	60.8037696551005	75.7589530487432	65.4432017805515	71.4948381713935	85.3933259721823	75.6609436666144	92.9453891888702	81.9930669440814	78.9742790296428	81.0834869188424	115.179529843652	92.8995546231928	101.559869224525	99.2882748357259	89.4823722741011	99.4041805693234	100.121982664151	105.561348511119	114.157080153475	101.093109705342	110.032227549829	115.018462711515	116.857973035746	117.927510244861	139.141371052822	116.341931367636	136.086933854554	0	0	0	0	271.104928368767	196.887118196296	205.161188709626	235.485095995281	260.312818516446	247.014370717432	323.360603788634	365.195611342183	191.83983192978	236.737402419001
593.4	0	0	0	0	256.193251193409	-6.5588059406935	-17.5951141767992	-16.3103871082726	4.60679484848959	-12.6630307368469	-4.86871548723274	-19.2930437424074	-0.0225663512858773	-3.71025490266339	-8.11410774233419	-4.84752848045933	-6.95388257921341	-11.952791879097	-7.23440668530383	3.23972498191072	6.49144361646064	8.9219942672985	-3.75845737030909	4.49266416003903	8.48303469615862	14.5291001648391	8.56464383359883	24.8634882478069	23.2224301009586	25.6923624001942	29.1317170669802	25.5014793127798	27.8377876619221	28.1354024048358	46.1525411674884	50.8712463497287	38.9475557515639	47.7674421960654	48.5451133386209	65.2117170831238	67.5633514884412	66.9997683698613	44.5724531974592	72.0706470590312	64.4108314033404	73.577401784859	70.0213145734878	80.9320651452326	72.9469828266137	69.9285869257526	74.0840500214349	86.9843854639469	80.5142933743635	95.0807003517372	90.4433935662297	88.6573740888705	91.4921073892866	101.979108886624	106.897732335029	0	0	0	0	167.239639873872	138.804843216462	139.670568016147	132.522574005242	160.039728899507	180.481209672488	247.57557935901	194.809004952164	169.384310699164	127.159904433445
596.738	0	0	0	792.407992090172	65.7588265640638	34.0639750256372	94.5466529084086	37.367491711946	17.3967840457819	63.1639704846844	37.7904545288211	35.706758106324	35.7159547430107	34.6486414420347	30.4604709822031	29.0564778635757	46.1863645837616	33.3572225831812	30.2213187975116	27.2060638331331	34.5964717007712	36.7352768164069	25.7535554163871	30.2946530896285	30.1127584816052	35.234456384095	41.4575260727546	29.9621238327851	37.4473964944	46.1119990772249	48.8827896414804	48.1029973462464	58.2070205681301	60.1356261853434	65.1569851212803	62.5148035342293	65.0751892286691	69.2727411051711	92.1137159434225	75.7435227878185	68.7494356657689	82.2899338828531	85.8663123896868	86.8954894449401	94.182081889421	88.0629865676007	95.1439090673963	81.7704831107919	104.261124224439	87.438269956142	104.354101952171	108.11330548354	103.954196149763	106.108352017618	103.754334292384	115.680645889295	122.958095860132	106.566731369101	131.399370508115	0	0	0	0	153.960047560979	186.956095738637	185.716460991243	231.656967383448	262.468382232228	214.338573182193	228.140942222523	235.421642817399	305.766183222096	269.953161333065
600.076	0	0	1647.2498913705	55.9410635179726	1.55405621762594	33.8051230464588	-8.71218368484949	2.06913127792526	6.10932807987228	25.4981793465776	8.79389929367805	10.8726734763461	20.107990113017	12.094948596701	14.6736871189349	21.9831034949138	17.2164295072353	4.1222799103716	27.1385377533016	23.0050403537033	20.5091579281487	21.3911878332761	26.4611095396218	27.8463406760966	23.6446522753305	12.8568252153226	29.0039375758004	34.9558271172644	30.1210432383364	41.9994432256711	43.1051509991556	46.6439385395798	47.7114807069674	41.0130920907453	59.75763506687	50.6249205882447	61.6896333715758	64.5025307231622	66.1518672301276	52.5312007967251	75.7342405086511	66.8930596601404	83.5337855158232	67.0427838194873	77.0104344373216	75.0520747975949	62.3934983723302	80.1829556829926	73.1575302864358	86.254352300434	79.8717598611867	91.9331043084395	81.7037399161385	92.3033208032113	94.6500609349748	109.12195295986	105.279489104539	96.2169732505214	0	0	0	0	234.978386595791	141.815240000219	167.788390370545	201.008415572584	182.85799117928	214.226679364266	182.536783485774	307.214438247581	257.818462463673	316.032552439337	312.897113134768
603.415	0	0	222.842423967215	4.90438055502039	7.82743333153352	-0.00776542947508779	35.1800005666967	13.4224230345818	16.4232823657152	7.92140846015759	11.4115977134468	21.3168289050606	30.7292051971716	13.3310835155525	24.8337184679073	6.02344385275856	16.3812267199962	25.3759370848413	31.3423737641056	15.1829712361321	25.0571109830734	25.2929002508151	24.0757557917248	19.5942063749582	23.3060115989622	22.5827074835823	23.2170028170524	21.6712433984624	29.8377229910685	31.1812944114347	37.9008965119226	40.1087920194416	44.5907871890165	44.6057261212051	49.031497029139	61.3854589651386	55.4366690244039	50.0761668398075	57.3683695572289	69.0729505563543	65.573067649304	69.0025798158086	68.6077091448321	66.1728983921956	54.8138630154802	70.220214294954	74.8053335451843	87.1162645199631	88.3231203005952	80.9991010532136	95.7921493321782	81.6262562257193	82.966306953128	91.269430110721	87.1417821594642	92.6455524063171	100.720583023834	89.9279564183024	0	0	0	0	159.475125098516	134.669082743857	157.481361093069	151.416830229965	213.423665000417	196.260215738723	185.292027974854	196.222234669612	262.067354464576	298.705273004081	183.1018385345
606.753	0	865.012249692196	4.36620339194426	-11.4723757100822	23.5359088427702	8.34327783636214	18.3784020810793	26.2358913434046	5.47426560793584	6.59430492238021	11.4331314459696	29.9182109342738	-0.598466539282635	26.6546517256449	19.0693067675382	30.8135969137523	22.2270296004975	22.6658426701596	2.62855898859563	24.525190893096	21.9327487767547	6.68211985738422	34.2525758362018	7.33042021482584	18.8018100944477	17.5763533151855	27.530499659309	29.5061038022852	20.7091909662352	26.4068677883307	27.880036021045	38.8265754722395	21.0909205359818	45.0485870402548	46.9135295806586	54.7404713658464	67.4423051894378	57.0535749374553	46.7341296556393	50.0236087315093	59.3244340927777	52.7666988183515	68.4168641977503	59.5587271859591	61.4541059737811	57.540304902847	63.3897801344959	69.1075133313032	75.2234268255695	77.7485758541714	56.2418092529779	78.2426091550116	76.3517606548432	82.5401745168035	82.7561563986838	81.2866886759362	97.5844169545229	79.1582922308815	0	0	0	0	111.187861572308	115.730681014513	129.526853515528	144.375405021048	166.627768293645	148.431528466503	152.860273608189	209.727012719344	194.96990280439	111.304702132138	265.5233608132
610.092	2039.91718647627	98.7124633855884	5.24806681458065	34.5207024698722	12.5880578461485	-4.56906735547568	16.2074432974844	-2.12898511090733	46.1344678675119	23.8857965611618	15.9416807952494	22.0466100706805	41.998358994411	12.2361926843052	40.9105641053095	30.4013524680917	-6.31147024383732	25.5099374795271	21.3243787264076	19.0846739884088	25.1921556957147	28.0657393639669	14.7259769610121	11.7631887809444	13.7393937246945	28.7576885930493	19.7515944372247	23.3924233351534	26.103595922657	25.4246039909853	36.0742875479544	32.8146003723893	36.5126907088731	33.0672218277668	37.707240478667	48.0849096666909	48.9465428834212	50.6805604835296	54.4247011281595	65.9781681504921	59.8890943778689	73.6983917153065	68.975993895842	69.7421612041354	70.8886019635208	64.1782275651112	68.6223349869157	70.5907510826736	74.1734823033668	67.2493158493129	72.4069827922592	64.3417848663373	79.5548317178562	87.8865359155068	80.2231460831145	89.9242638775568	78.435279249971	0	0	0	0	180.238176333008	104.591136774238	118.682782277729	136.086200329331	170.932209294954	106.83006989166	178.594494072708	192.842016442927	146.75234179982	144.498927777605	288.840992514141	180.052306084142
613.431	439.392208302458	-21.4096848997381	29.7205929377167	6.5673458192993	38.5050591952578	26.6321280711968	6.62365103347547	45.4977647784565	15.8062196809114	-1.99069986239173	18.4532822974392	31.8025168919417	15.1556718764197	4.44640429522412	38.7333294837872	19.2353304733479	29.0576852461563	35.2081186169026	16.3950886065316	14.823348196919	12.3781213225916	11.5758928850288	29.4133647391865	29.3721456824969	29.3334427103978	25.8257073392261	25.3397183848885	27.083823320191	29.620085777377	34.6974035794077	24.6165875530471	38.0612035205264	54.0668767269722	42.5101117248984	51.5121115856651	37.9625158083406	56.0152943057587	58.4570161776137	58.6892091504713	47.7828010901931	64.6329436136565	65.3863888933792	82.7796727512622	61.816695392576	81.4050286080189	52.1715606699192	78.290820347631	64.8334961309794	77.9002257592968	52.6559894086006	73.534005399593	75.6757219393512	78.862290637699	87.4818770408678	81.0511511561179	98.5326546789424	83.450537572771	0	0	0	0	132.795289744699	97.1032655443462	116.450398589781	139.626419167034	146.134845945589	169.667164672462	147.544245617215	183.329357699152	223.0599582884	244.054778074711	208.525553550123	285.353995870224
616.77	34.7322941431322	-29.2823355307451	-2.66513120979221	9.16331720149041	-20.7316986364162	-12.3486537455243	-2.2462662109756	1.44161296056287	11.163170001569	2.69166044629437	-22.6134650717401	-29.7866350301032	-8.26906414010619	20.8932334068589	-2.15303877875564	-7.71032690410287	-14.7344093646363	8.93294203919359	20.2363942280429	16.757608093628	-8.92487155226951	21.9918485376642	5.30475179458206	5.96051409145651	9.55461901801225	8.07699189229273	11.8276932223137	18.1355872654188	18.3532516861745	16.9623036388598	20.6137668199454	18.6008881026621	18.8266678447871	22.562350033534	17.3043197271609	31.6060547506792	24.8027601481554	34.793401733257	29.5892936099361	37.5364821911884	38.7123835673485	54.8237504409122	41.4119543113074	64.5132613010892	53.4427839724472	51.2996990730438	49.4359968689297	57.7977228474791	42.5835780382271	67.5097535839335	53.4706580788866	72.2143953882472	46.2005567091495	47.7187048027635	58.4713550611727	64.5859472602168	64.626591158341	0	0	0	0	76.5717941890498	98.5254550369073	98.5500944699389	89.0187391300925	102.867832328597	98.102915840046	106.154530537003	22.9046519498748	150.362265072316	137.818828923263	269.584576589546	107.096883384232
620.109	13.4294210050122	16.2869375718251	-12.0014582502631	51.2400357845044	-10.7887523339293	-14.2761429837557	25.7350806913619	21.2911724918559	42.9061096898525	42.9739736503398	4.76478477995504	29.7794522665369	13.8157279532542	34.7418703359878	9.27397410146055	23.3655336490402	27.1915099211287	9.25186306918824	8.84143147286546	30.6656332520296	15.4571762898589	14.921648402589	24.4775016242127	19.0666243597897	30.568756454034	26.515323774783	24.6321733505187	19.2078751202757	31.4362616746919	22.7224840012642	30.406646819677	36.7576370568602	40.3348019371366	38.7798829685045	36.9715372808761	40.9095547560084	47.8900618710152	61.152404396593	62.9192758008114	74.0877037695143	70.1737480923523	71.3608718913497	60.9802690501449	72.242590687713	62.7566056131553	67.1404403996317	65.5424539957174	79.3583299232424	88.5115384179891	60.2227014293946	82.9951985323425	76.0991148908961	83.5882509555834	80.0313480752104	88.0972880782191	76.2386802921555	0	0	0	0	175.097311865905	106.295051124948	72.4017223263713	124.50665374585	121.859192521874	127.493496914213	176.48448020439	152.597908716689	197.638350698779	191.078300741485	222.501844272163	128.443583781208	68.4275430545299
