Sample - Blank	600	595	590	585	580	575	570	565	560	555	550	545	540	535	530	525	520	515	510	505	500	495	490	485	480	475	470	465	460	455	450	445	440	435	430	425	420	415	410	405	400	395	390	385	380	375	370	365	360	355	350	345	340	335	330	325	320	315	310	305	300	295	290	285	280	275	270	265	260	255	250	245	240
nm																																																																									
213.328	0	0	0	0	0	0	0	0	0	0	0	0	0	0	0	0	0	0	0	0	0	0	0	0	0	0	0	0	0	0	0	0	0	0	0	0	0	0	0	0	0	0	0	0	0	0	0	0	0	0	0	0	0	0	0	0	0	0	0	0	0	0	0	0	0	0	0	0	0	0	0	0	0
216.504	0	0	0	0	0	0	0	0	0	0	0	0	0	0	0	0	0	0	0	0	0	0	0	0	0	0	0	0	0	0	0	0	0	0	0	0	0	0	0	0	0	0	0	0	0	0	0	0	0	0	0	0	0	0	0	0	0	0	0	0	0	0	0	0	0	0	0	0	0	0	0	0	0
219.682	0	0	0	0	0	0	0	0	0	0	0	0	0	0	0	0	0	0	0	0	0	0	0	0	0	0	0	0	0	0	0	0	0	0	0	0	0	0	0	0	0	0	0	0	0	0	0	0	0	0	0	0	0	0	0	0	0	0	0	0	0	0	0	0	0	0	0	0	0	0	0	0	0
222.862	0	0	0	0	0	0	0	0	0	0	0	0	0	0	0	0	0	0	0	0	0	0	0	0	0	0	0	0	0	0	0	0	0	0	0	0	0	0	0	0	0	0	0	0	0	0	0	0	0	0	0	0	0	0	0	0	0	0	0	0	0	0	0	0	0	0	0	0	0	0	0	0	0
226.045	0	0	0	0	0	0	0	0	0	0	0	0	0	0	0	0	0	0	0	0	0	0	0	0	0	0	0	0	0	0	0	0	0	0	0	0	0	0	0	0	0	0	0	0	0	0	0	0	0	0	0	0	0	0	0	0	0	0	0	0	0	0	0	0	0	0	0	0	0	0	0	0	0
229.23	0	0	0	0	0	0	0	0	0	0	0	0	0	0	0	0	0	0	0	0	0	0	0	0	0	0	0	0	0	0	0	0	0	0	0	0	0	0	0	0	0	0	0	0	0	0	0	0	0	0	0	0	0	0	0	0	0	0	0	0	0	0	0	0	0	0	0	0	0	0	0	0	0
232.417	0	0	0	0	0	0	0	0	0	0	0	0	0	0	0	0	0	0	0	0	0	0	0	0	0	0	0	0	0	0	0	0	0	0	0	0	0	0	0	0	0	0	0	0	0	0	0	0	0	0	0	0	0	0	0	0	0	0	0	0	0	0	0	0	0	0	0	0	0	0	0	0	0
235.607	0	0	0	0	0	0	0	0	0	0	0	0	0	0	0	0	0	0	0	0	0	0	0	0	0	0	0	0	0	0	0	0	0	0	0	0	0	0	0	0	0	0	0	0	0	0	0	0	0	0	0	0	0	0	0	0	0	0	0	0	0	0	0	0	0	0	0	0	0	0	0	0	0
238.799	0	0	0	0	0	0	0	0	0	0	0	0	0	0	0	0	0	0	0	0	0	0	0	0	0	0	0	0	0	0	0	0	0	0	0	0	0	0	0	0	0	0	0	0	0	0	0	0	0	0	0	0	0	0	0	0	0	0	0	0	0	0	0	0	0	0	0	0	0	0	0	0	0
241.993	0	0	0	0	0	0	0	0	0	0	0	0	0	0	0	0	0	0	0	0	0	0	0	0	0	0	0	0	0	0	0	0	0	0	0	0	0	0	0	0	0	0	0	0	0	0	0	0	0	0	0	0	0	0	0	0	0	0	0	0	0	0	0	0	0	0	0	0	0	0	0	0	0
245.19	0	0	0	0	0	0	0	0	0	0	0	0	0	0	0	0	0	0	0	0	0	0	0	0	0	0	0	0	0	0	0	0	0	0	0	0	0	0	0	0	0	0	0	0	0	0	0	0	0	0	0	0	0	0	0	0	0	0	0	0	0	0	0	0	0	0	0	0	0	0	0	0	0
248.388	0	0	0	0	0	0	0	0	0	0	0	0	0	0	0	0	0	0	0	0	0	0	0	0	0	0	0	0	0	0	0	0	0	0	0	0	0	0	0	0	0	0	0	0	0	0	0	0	0	0	0	0	0	0	0	0	0	0	0	0	0	0	0	0	0	0	0	0	0	0	0	0	0
251.589	0	0	0	0	0	0	0	0	0	0	0	0	0	0	0	0	0	0	0	0	0	0	0	0	0	0	0	0	0	0	0	0	0	0	0	0	0	0	0	0	0	0	0	0	0	0	0	0	0	0	0	0	0	0	0	0	0	0	0	0	0	0	0	0	0	0	0	0	0	0	0	0	1768.02500432685
254.793	0	0	0	0	0	0	0	0	0	0	0	0	0	0	0	0	0	0	0	0	0	0	0	0	0	0	0	0	0	0	0	0	0	0	0	0	0	0	0	0	0	0	0	0	0	0	0	0	0	0	0	0	0	0	0	0	0	0	0	0	0	0	0	0	0	0	0	0	0	0	0	0	-133.69913536441
257.998	0	0	0	0	0	0	0	0	0	0	0	0	0	0	0	0	0	0	0	0	0	0	0	0	0	0	0	0	0	0	0	0	0	0	0	0	0	0	0	0	0	0	0	0	0	0	0	0	0	0	0	0	0	0	0	0	0	0	0	0	0	0	0	0	0	0	0	0	0	0	0	949.974840230691	159.813191620501
261.205	0	0	0	0	0	0	0	0	0	0	0	0	0	0	0	0	0	0	0	0	0	0	0	0	0	0	0	0	0	0	0	0	0	0	0	0	0	0	0	0	0	0	0	0	0	0	0	0	0	0	0	0	0	0	0	0	0	0	0	0	0	0	0	0	0	0	0	0	0	0	5034.26061186161	91.8883077084149	44.0380574423007
264.415	0	0	0	0	0	0	0	0	0	0	0	0	0	0	0	0	0	0	0	0	0	0	0	0	0	0	0	0	0	0	0	0	0	0	0	0	0	0	0	0	0	0	0	0	0	0	0	0	0	0	0	0	0	0	0	0	0	0	0	0	0	0	0	0	0	0	0	0	0	0	157.433429507323	7.43225957284684	-725.3086021757
267.627	0	0	0	0	0	0	0	0	0	0	0	0	0	0	0	0	0	0	0	0	0	0	0	0	0	0	0	0	0	0	0	0	0	0	0	0	0	0	0	0	0	0	0	0	0	0	0	0	0	0	0	0	0	0	0	0	0	0	0	0	0	0	0	0	0	0	0	0	0	1949.51343322591	56.648300033364	-181.770242287288	-816.203573192918
270.841	0	0	0	0	0	0	0	0	0	0	0	0	0	0	0	0	0	0	0	0	0	0	0	0	0	0	0	0	0	0	0	0	0	0	0	0	0	0	0	0	0	0	0	0	0	0	0	0	0	0	0	0	0	0	0	0	0	0	0	0	0	0	0	0	0	0	0	0	7250.75987468906	97.4930990899404	-39.667052746464	-451.658880592267	-407.244639030517
274.057	0	0	0	0	0	0	0	0	0	0	0	0	0	0	0	0	0	0	0	0	0	0	0	0	0	0	0	0	0	0	0	0	0	0	0	0	0	0	0	0	0	0	0	0	0	0	0	0	0	0	0	0	0	0	0	0	0	0	0	0	0	0	0	0	0	0	0	0	574.24776736336	14.5384271385754	-34.8855884763118	-436.011915031177	-112.027473165581
277.275	0	0	0	0	0	0	0	0	0	0	0	0	0	0	0	0	0	0	0	0	0	0	0	0	0	0	0	0	0	0	0	0	0	0	0	0	0	0	0	0	0	0	0	0	0	0	0	0	0	0	0	0	0	0	0	0	0	0	0	0	0	0	0	0	0	0	0	3175.97421586032	-3.33442752316285	-18.9074245959619	-426.307984780828	-363.830755099718	-148.739645613756
280.496	0	0	0	0	0	0	0	0	0	0	0	0	0	0	0	0	0	0	0	0	0	0	0	0	0	0	0	0	0	0	0	0	0	0	0	0	0	0	0	0	0	0	0	0	0	0	0	0	0	0	0	0	0	0	0	0	0	0	0	0	0	0	0	0	0	0	8517.22058597864	208.414314750553	144.538485334493	62.9784203213087	-207.719638487578	-241.689761862295	-0.0881366145408971
283.718	0	0	0	0	0	0	0	0	0	0	0	0	0	0	0	0	0	0	0	0	0	0	0	0	0	0	0	0	0	0	0	0	0	0	0	0	0	0	0	0	0	0	0	0	0	0	0	0	0	0	0	0	0	0	0	0	0	0	0	0	0	0	0	0	0	0	1028.72729337185	175.511641920234	58.9799593664273	-137.741235039673	-138.10249595774	37.1377358763199	40.8303302797058
286.942	0	0	0	0	0	0	0	0	0	0	0	0	0	0	0	0	0	0	0	0	0	0	0	0	0	0	0	0	0	0	0	0	0	0	0	0	0	0	0	0	0	0	0	0	0	0	0	0	0	0	0	0	0	0	0	0	0	0	0	0	0	0	0	0	0	3666.74420075626	273.210509931184	157.223664872728	24.9596246013943	-231.515045558723	-58.6312233983232	87.447054536263	-230.425996912225
290.169	0	0	0	0	0	0	0	0	0	0	0	0	0	0	0	0	0	0	0	0	0	0	0	0	0	0	0	0	0	0	0	0	0	0	0	0	0	0	0	0	0	0	0	0	0	0	0	0	0	0	0	0	0	0	0	0	0	0	0	0	0	0	0	0	8044.37807960041	444.471445149867	320.197782800011	297.475358671379	-28.7434618452538	-18.1516268091359	122.847640304181	-66.9049236745059	269.042302785529
293.397	0	0	0	0	0	0	0	0	0	0	0	0	0	0	0	0	0	0	0	0	0	0	0	0	0	0	0	0	0	0	0	0	0	0	0	0	0	0	0	0	0	0	0	0	0	0	0	0	0	0	0	0	0	0	0	0	0	0	0	0	0	0	0	0	1327.89875688305	416.488771258359	429.30005316769	300.297696592255	120.429148008779	246.278781566831	253.172725241495	163.415143003665	105.419581092766
296.628	0	0	0	0	0	0	0	0	0	0	0	0	0	0	0	0	0	0	0	0	0	0	0	0	0	0	0	0	0	0	0	0	0	0	0	0	0	0	0	0	0	0	0	0	0	0	0	0	0	0	0	0	0	0	0	0	0	0	0	0	0	0	0	3919.23816170622	392.046018389675	554.57118901703	594.134810360094	325.505060973656	239.986095918006	348.645217035596	209.137203879851	181.469135322469	146.356487541558
299.86	0	0	0	0	0	0	0	0	0	0	0	0	0	0	0	0	0	0	0	0	0	0	0	0	0	0	0	0	0	0	0	0	0	0	0	0	0	0	0	0	0	0	0	0	0	0	0	0	0	0	0	0	0	0	0	0	0	0	0	0	0	0	0	459.293130374453	463.816827701386	578.74366649829	566.157045232141	396.132984424338	404.378776848184	258.668226223744	165.523430429965	167.304713589716	431.962696313595
303.095	0	0	0	0	0	0	0	0	0	0	0	0	0	0	0	0	0	0	0	0	0	0	0	0	0	0	0	0	0	0	0	0	0	0	0	0	0	0	0	0	0	0	0	0	0	0	0	0	0	0	0	0	0	0	0	0	0	0	0	0	0	0	1473.66784726845	342.116404413395	571.16352860402	697.814464800835	554.722996952068	533.45405184396	528.886409964568	446.307394930526	369.230135431394	349.260745118997	299.048631303359
306.331	0	0	0	0	0	0	0	0	0	0	0	0	0	0	0	0	0	0	0	0	0	0	0	0	0	0	0	0	0	0	0	0	0	0	0	0	0	0	0	0	0	0	0	0	0	0	0	0	0	0	0	0	0	0	0	0	0	0	0	0	0	4292.29170407554	214.111938073581	377.539338316139	585.734100844615	671.494326526139	646.584252830498	656.027226279927	481.24528235341	467.42412571922	414.290826586448	308.829935668289	322.588686203424
309.569	0	0	0	0	0	0	0	0	0	0	0	0	0	0	0	0	0	0	0	0	0	0	0	0	0	0	0	0	0	0	0	0	0	0	0	0	0	0	0	0	0	0	0	0	0	0	0	0	0	0	0	0	0	0	0	0	0	0	0	0	0	462.675114937484	193.767723534361	377.457554283742	603.33664546158	678.432594809415	711.937500054346	683.88866544021	563.126325201356	413.341202647266	285.358906427319	201.101492726493	173.530569085088
312.81	0	0	0	0	0	0	0	0	0	0	0	0	0	0	0	0	0	0	0	0	0	0	0	0	0	0	0	0	0	0	0	0	0	0	0	0	0	0	0	0	0	0	0	0	0	0	0	0	0	0	0	0	0	0	0	0	0	0	0	0	1908.72705034954	116.891394965547	230.373602526241	406.937193629557	632.212178227418	707.86358807422	772.893966699817	716.425736695825	577.838068844346	569.872796461005	399.246167273582	425.680930178394	411.838538032006
316.052	0	0	0	0	0	0	0	0	0	0	0	0	0	0	0	0	0	0	0	0	0	0	0	0	0	0	0	0	0	0	0	0	0	0	0	0	0	0	0	0	0	0	0	0	0	0	0	0	0	0	0	0	0	0	0	0	0	0	0	4844.65047114802	149.181560931293	130.676156715738	245.938868790452	421.104031433058	549.363769121718	739.678736041284	751.519388484023	758.087296013743	593.309442961834	470.385532169037	365.121807857668	322.729143728999	373.058519138169
319.296	0	0	0	0	0	0	0	0	0	0	0	0	0	0	0	0	0	0	0	0	0	0	0	0	0	0	0	0	0	0	0	0	0	0	0	0	0	0	0	0	0	0	0	0	0	0	0	0	0	0	0	0	0	0	0	0	0	0	0	666.850729741259	148.535435502875	195.715621983769	303.227236392008	493.399492757654	599.842546383327	833.352551509992	824.321226533226	828.197772412945	605.008864678948	568.683387980733	617.228811025196	515.707381985686	541.791758236572
322.542	0	0	0	0	0	0	0	0	0	0	0	0	0	0	0	0	0	0	0	0	0	0	0	0	0	0	0	0	0	0	0	0	0	0	0	0	0	0	0	0	0	0	0	0	0	0	0	0	0	0	0	0	0	0	0	0	0	0	468.889082903211	137.761498827068	168.706832129236	246.750444788659	360.600620806274	489.85853445894	659.993362637251	762.801154791856	824.251428821737	650.35867598259	609.177862171676	484.256796087021	557.203365378184	446.425710283174	620.388740538208
325.79	0	0	0	0	0	0	0	0	0	0	0	0	0	0	0	0	0	0	0	0	0	0	0	0	0	0	0	0	0	0	0	0	0	0	0	0	0	0	0	0	0	0	0	0	0	0	0	0	0	0	0	0	0	0	0	0	0	-19811.4080053748	169.23854959111	175.070729170088	221.020169640778	273.918256730792	369.436708351017	557.84540480316	725.681633574496	853.580214202438	839.966810554473	747.740139802303	632.324436494191	614.690989831279	499.51334619671	820.086063417558	570.434411904705
329.039	0	0	0	0	0	0	0	0	0	0	0	0	0	0	0	0	0	0	0	0	0	0	0	0	0	0	0	0	0	0	0	0	0	0	0	0	0	0	0	0	0	0	0	0	0	0	0	0	0	0	0	0	0	0	0	0	0	-3352.88005143656	118.658935425575	165.447501885754	244.334272796666	296.181540662209	386.137702820745	576.438981831755	733.061158322339	772.979296572162	752.956844001499	729.360122847066	612.613920213932	487.856686546789	469.829676953863	402.436435631207	605.313697414747
332.291	0	0	0	0	0	0	0	0	0	0	0	0	0	0	0	0	0	0	0	0	0	0	0	0	0	0	0	0	0	0	0	0	0	0	0	0	0	0	0	0	0	0	0	0	0	0	0	0	0	0	0	0	0	0	0	0	-5235.58218715995	36.779486444995	173.043242008082	214.573056521176	298.288284987518	360.300859687033	428.764089664572	644.552171336245	771.337620282954	830.88740859069	810.783829104824	766.860548039832	650.653635339125	735.864329791653	555.063526716575	724.117828751239	604.386494830847
335.544	0	0	0	0	0	0	0	0	0	0	0	0	0	0	0	0	0	0	0	0	0	0	0	0	0	0	0	0	0	0	0	0	0	0	0	0	0	0	0	0	0	0	0	0	0	0	0	0	0	0	0	0	0	0	0	5065.25252097064	-215.02424704962	61.1504129151694	186.699167890427	240.07644047613	329.448092897518	372.125707182375	516.691572342533	682.921169189311	728.65596873819	809.446775031581	798.738653645272	670.332476209586	705.139406754858	565.371964132801	481.102443239111	612.369586449655	803.290252891876
338.799	0	0	0	0	0	0	0	0	0	0	0	0	0	0	0	0	0	0	0	0	0	0	0	0	0	0	0	0	0	0	0	0	0	0	0	0	0	0	0	0	0	0	0	0	0	0	0	0	0	0	0	0	0	0	0	801.271988797333	8.72245440099279	127.073366393523	217.73440535434	274.635060335204	348.38782711577	391.187460695563	541.887748134484	682.174315271147	769.776657738407	779.215994106243	751.952329093552	714.197709193044	653.701144963843	574.839137259524	581.213605090069	673.679878961482	670.769081093184
342.056	0	0	0	0	0	0	0	0	0	0	0	0	0	0	0	0	0	0	0	0	0	0	0	0	0	0	0	0	0	0	0	0	0	0	0	0	0	0	0	0	0	0	0	0	0	0	0	0	0	0	0	0	0	0	2454.75022842835	92.3750457792547	56.5610840382301	105.363127661352	253.758485529182	302.971345785533	392.634455287161	435.804216225191	559.069347679984	666.144680951216	715.651295978524	766.470199009187	755.960407371356	663.088890001984	610.750140124108	620.419008058054	466.483337269709	450.525618266279	537.677518062477
345.315	0	0	0	0	0	0	0	0	0	0	0	0	0	0	0	0	0	0	0	0	0	0	0	0	0	0	0	0	0	0	0	0	0	0	0	0	0	0	0	0	0	0	0	0	0	0	0	0	0	0	0	0	0	5335.6050602359	238.062782261949	95.7810670114553	104.912896605863	175.893640947699	278.33048093209	359.818439175816	414.793889261496	511.130298159966	618.66943237163	695.360100881422	783.501879395035	743.367128343744	694.675049083258	700.903145136059	703.127769382211	598.200849953663	568.806060202545	746.476387149753	717.330022008773
348.575	0	0	0	0	0	0	0	0	0	0	0	0	0	0	0	0	0	0	0	0	0	0	0	0	0	0	0	0	0	0	0	0	0	0	0	0	0	0	0	0	0	0	0	0	0	0	0	0	0	0	0	0	0	1086.03174037658	95.4551161206392	135.356127676875	149.401248554274	217.06035532036	312.687757541662	356.388622345469	477.491296636312	544.096291089435	636.111925805262	697.963554693091	708.302511028975	773.5958351783	756.755985836337	688.793529753531	718.219212415133	678.124671718548	575.408789252295	751.237408286543	504.794477173276
351.838	0	0	0	0	0	0	0	0	0	0	0	0	0	0	0	0	0	0	0	0	0	0	0	0	0	0	0	0	0	0	0	0	0	0	0	0	0	0	0	0	0	0	0	0	0	0	0	0	0	0	0	0	2768.21901598703	132.225256223384	113.354780483736	152.459939670958	185.563988881513	259.839208761424	392.669045270847	424.395810319125	509.806588215522	617.947874352254	666.611901790026	717.709016615593	741.715693274358	752.429862066171	707.831786243957	669.476335816233	677.966174554419	651.75377409081	704.723116371954	660.466724609268	926.232892165428
355.101	0	0	0	0	0	0	0	0	0	0	0	0	0	0	0	0	0	0	0	0	0	0	0	0	0	0	0	0	0	0	0	0	0	0	0	0	0	0	0	0	0	0	0	0	0	0	0	0	0	0	0	5047.57268206678	279.579429944601	82.4270505755397	115.614800966645	165.224996492542	219.904090699269	294.158749373774	388.041928857246	484.094138751498	562.133767365491	610.428965017666	679.930875555141	681.08236726899	725.273243249966	704.652644579087	693.369208083951	615.602070976337	634.89940968134	640.147854632391	460.442436147183	601.921630068312	452.792660128271
358.367	0	0	0	0	0	0	0	0	0	0	0	0	0	0	0	0	0	0	0	0	0	0	0	0	0	0	0	0	0	0	0	0	0	0	0	0	0	0	0	0	0	0	0	0	0	0	0	0	0	0	0	1023.23171968905	100.953623831212	146.764976768272	182.831849992794	227.376870054825	275.698276673888	354.454732849185	431.421646203493	538.234686546507	585.187138721045	676.089739515404	681.302160701546	751.980381748197	741.457805816163	742.006280302499	746.366991910393	694.105989925785	631.299558382315	734.299187528449	768.905441879598	567.928571587451	755.494577923644
361.634	0	0	0	0	0	0	0	0	0	0	0	0	0	0	0	0	0	0	0	0	0	0	0	0	0	0	0	0	0	0	0	0	0	0	0	0	0	0	0	0	0	0	0	0	0	0	0	0	0	0	2575.78577382197	94.4543228784134	115.073468484209	157.658049311298	204.735084473193	258.578775700998	327.424911903849	394.447303974678	472.583109462919	583.727212470838	644.849425895432	681.695466682615	715.902943984117	690.497145532356	746.946452702875	705.684098425595	715.669825020842	687.196354094842	659.464192316767	612.345023831386	643.133187391849	794.56529848807	744.754184633904
364.903	0	0	0	0	0	0	0	0	0	0	0	0	0	0	0	0	0	0	0	0	0	0	0	0	0	0	0	0	0	0	0	0	0	0	0	0	0	0	0	0	0	0	0	0	0	0	0	0	0	0	285.397923216323	90.1887467705196	144.463004043509	192.107578614618	244.225613138017	299.957674292636	385.406914290496	428.030385070879	544.387472440938	624.414994693253	663.662540439742	710.330770112023	696.974206269388	734.958429283806	759.951569788209	695.319810774175	719.522525341648	701.20756345977	691.490426691343	749.536920461729	809.663151816495	800.443934373585	717.075900474304
368.174	0	0	0	0	0	0	0	0	0	0	0	0	0	0	0	0	0	0	0	0	0	0	0	0	0	0	0	0	0	0	0	0	0	0	0	0	0	0	0	0	0	0	0	0	0	0	0	0	0	1068.46755109858	83.7918207342998	119.682125364301	160.024263461149	202.259923665381	290.979292230925	366.634116990921	401.725633018462	516.890855392928	611.235241898926	657.255609812647	695.311596826771	740.409156910552	733.363216694009	762.93474243435	809.639037499496	754.394516840115	719.842070608736	722.043204103085	726.247528132271	775.101890781033	882.038327241769	884.333728443538	927.706305807991
371.446	0	0	0	0	0	0	0	0	0	0	0	0	0	0	0	0	0	0	0	0	0	0	0	0	0	0	0	0	0	0	0	0	0	0	0	0	0	0	0	0	0	0	0	0	0	0	0	0	2823.65743790266	86.7637646406316	78.6167877635936	146.912520734156	183.085527815179	249.189851143005	325.652529513395	376.454326960431	438.189379854585	549.409961242087	615.90776967371	665.477457669722	724.378389067478	753.462043178285	736.28351810151	769.587831421318	736.691197847447	765.292564265253	693.617310403189	733.443767485411	656.348813933578	794.068756654192	811.721719318348	771.010315335123	1019.05592719065
374.719	0	0	0	0	0	0	0	0	0	0	0	0	0	0	0	0	0	0	0	0	0	0	0	0	0	0	0	0	0	0	0	0	0	0	0	0	0	0	0	0	0	0	0	0	0	0	0	0	284.816738237893	102.255479216233	129.070851091929	181.678650434905	240.98574823422	324.70292527297	375.999613699934	460.229361126964	534.424603240277	611.790152003287	700.410260034324	772.422124321644	770.458268714907	804.054769857696	833.419100096188	849.921309304655	808.039179574112	790.391788761822	805.043428218056	834.713178827265	748.780029856025	874.972824300639	978.498321357465	1056.72337379784	1036.54942577775
377.995	0	0	0	0	0	0	0	0	0	0	0	0	0	0	0	0	0	0	0	0	0	0	0	0	0	0	0	0	0	0	0	0	0	0	0	0	0	0	0	0	0	0	0	0	0	0	0	1160.2039656767	82.2633352546117	108.75487203381	164.036710674019	219.038582350905	306.640288580302	382.697159479097	447.986664636082	497.873337086974	596.692705198936	685.524226286018	787.395563962298	819.241404676542	852.559725205638	835.395490712231	863.771895431858	823.979837753254	876.307278814229	819.43867071621	791.917686162682	852.781231938459	927.364868694753	898.973519262635	1019.29683797565	1102.46819873715	1386.62601947409
381.272	0	0	0	0	0	0	0	0	0	0	0	0	0	0	0	0	0	0	0	0	0	0	0	0	0	0	0	0	0	0	0	0	0	0	0	0	0	0	0	0	0	0	0	0	0	0	2929.9254000536	94.0052735121616	108.587620381962	161.518485196514	207.961400102434	271.163032768314	325.315552515822	429.19169081677	485.895476037627	559.842398122044	684.050387787498	768.695322332137	807.682501454801	868.846312292537	870.863020685384	904.461719892417	907.612463324293	909.924853831638	859.364807136645	872.420642129485	883.267761389409	980.635704345954	940.557475154623	1009.43586541313	1334.32707537771	1436.72133888991	1524.80716571163
384.55	0	0	0	0	0	0	0	0	0	0	0	0	0	0	0	0	0	0	0	0	0	0	0	0	0	0	0	0	0	0	0	0	0	0	0	0	0	0	0	0	0	0	0	0	0	0	348.520322802152	73.851504423096	120.756327124139	151.080081946338	218.967536848825	294.956636028369	366.203127991781	427.693942629896	547.377895373279	614.480753633696	704.430330402862	768.352965081957	825.251976249329	907.134000573735	930.095940401392	916.603070447141	906.787425576648	870.274743510759	898.633358552908	843.401048044256	867.022149048611	878.386710586398	914.517427218305	1035.00177723329	1312.81034711398	1360.40264387984	1424.34669074481
387.83	0	0	0	0	0	0	0	0	0	0	0	0	0	0	0	0	0	0	0	0	0	0	0	0	0	0	0	0	0	0	0	0	0	0	0	0	0	0	0	0	0	0	0	0	0	1223.48595048084	96.9537995133701	104.130578307097	140.988810429227	204.193064693378	266.335619860386	348.201974103206	421.421271893444	495.882135434009	572.111521419727	696.299829057993	761.597718360127	834.620647970427	906.723279110461	941.173397451347	989.020519659295	968.637212500951	927.129294899312	938.068697401883	894.935739550369	921.900815254086	916.593467612816	949.31209986009	1038.44197209155	1216.69784614934	1225.81732331159	1336.67969937479	1535.84971567682
391.112	0	0	0	0	0	0	0	0	0	0	0	0	0	0	0	0	0	0	0	0	0	0	0	0	0	0	0	0	0	0	0	0	0	0	0	0	0	0	0	0	0	0	0	0	2928.8735923607	103.441947514099	71.9343838204814	117.156949373479	148.461499251715	216.587505818639	277.16481276262	361.685637152988	456.392874739031	529.396162518494	618.242705196455	721.448367893978	776.9278049924	843.85845433448	914.928933573762	956.959660415745	988.014670134774	964.303455633235	948.68054902187	906.025202707626	909.286185831586	870.164631059826	890.701970733272	979.235943921628	1006.31948884838	1033.28787755839	1265.54176665998	1478.49810275469	1876.87341990924
394.395	0	0	0	0	0	0	0	0	0	0	0	0	0	0	0	0	0	0	0	0	0	0	0	0	0	0	0	0	0	0	0	0	0	0	0	0	0	0	0	0	0	0	0	0	433.532337618856	76.9317879861031	111.724717404618	143.93977743446	202.17987444346	267.4516580747	344.912808409054	419.218647794831	514.612949617593	583.890352688454	652.258104776423	755.748990095062	843.594099994379	901.934704628751	985.93547374371	1026.90238655809	1033.26409720507	996.156061523067	975.460395869675	962.562449077588	953.801861274801	928.796424216513	935.094579979224	1060.58177888922	1055.08440249652	1255.89350135876	1380.0382643689	1476.22477167053	1634.96089490685
397.679	0	0	0	0	0	0	0	0	0	0	0	0	0	0	0	0	0	0	0	0	0	0	0	0	0	0	0	0	0	0	0	0	0	0	0	0	0	0	0	0	0	0	0	1361.93865934543	62.628872685413	84.4509308768209	113.304886867828	167.299809349509	248.128912216289	317.902318021168	374.922489047068	447.612225143556	527.481239082915	642.527232370745	716.020773103235	800.210824284927	851.060529911906	931.269644065512	1004.07049739141	1040.13421487639	1024.75783875339	1037.60959555128	1025.27189376372	990.47368901783	935.631913356685	908.58446213315	999.176576442387	1069.75052352327	1107.16645722784	1276.50972593083	1487.29742047605	1497.79767252005	1637.4331885538
400.965	0	0	0	0	0	0	0	0	0	0	0	0	0	0	0	0	0	0	0	0	0	0	0	0	0	0	0	0	0	0	0	0	0	0	0	0	0	0	0	0	0	0	3009.11207870718	117.232258394193	77.8972980170363	108.540581077534	149.848749093315	193.504854825831	270.360113683152	349.049698749605	413.821211944176	512.60182375314	593.312519304754	666.333382673346	739.576901558802	830.537491563067	900.763372072324	988.279483060825	1030.71871749162	1044.19973145638	1086.46048243965	1021.92082412442	1015.76134647644	1004.97373849429	981.797547410593	990.590254931332	1001.24173227143	1066.70702430485	1215.71076781292	1376.07695172423	1415.98820853683	1598.96132497677	1867.90001484024
404.253	0	0	0	0	0	0	0	0	0	0	0	0	0	0	0	0	0	0	0	0	0	0	0	0	0	0	0	0	0	0	0	0	0	0	0	0	0	0	0	0	0	0	436.149209479523	74.3913435485886	120.386232541495	135.549031138329	196.20451632211	252.667120755971	304.69986440007	401.183780161162	468.873897100519	552.294408731473	610.721627659085	723.523841931075	789.854430639984	875.172141577914	953.37341506141	1007.89454030161	1067.35038302755	1072.70799282065	1120.5047975795	1087.80827262243	1036.7364297881	1046.9447704669	1024.95254338657	1076.21566866174	1118.37493605772	1173.11063361687	1274.16910452299	1453.84408311411	1662.95056824989	1914.85457530301	2161.19763403805
407.542	0	0	0	0	0	0	0	0	0	0	0	0	0	0	0	0	0	0	0	0	0	0	0	0	0	0	0	0	0	0	0	0	0	0	0	0	0	0	0	0	0	1389.047708795	61.8844877874793	68.9611973138643	88.6207580089791	142.481853662993	186.461238631287	256.760237136863	306.737031630725	421.805394003619	482.696407407382	564.222208114902	628.414280383017	719.231203471958	775.36912282184	860.507183942325	942.098540572447	1015.69511080456	1050.89478161528	1066.85988222039	1076.16684715675	1035.47124394101	1020.197972084	1022.20434837645	1038.5079242523	1022.79406871449	977.823918497253	1091.01527215281	1296.04767959901	1335.94703371422	1499.9460633586	1606.20063524655	1668.57102103766
410.832	0	0	0	0	0	0	0	0	0	0	0	0	0	0	0	0	0	0	0	0	0	0	0	0	0	0	0	0	0	0	0	0	0	0	0	0	0	0	0	0	2963.34859543713	124.756374758702	65.1188289994992	111.870300246592	130.874847161321	177.191799232893	228.855703994558	297.125643381028	376.893674607978	459.697337117213	522.227249094545	603.45658995501	682.43256767278	746.062981192137	849.049958690282	869.851330441147	954.690133524032	1017.95210018198	1084.67801515927	1091.14285090897	1097.52013721293	1062.51478007793	1045.78715762948	1062.62226205232	977.659831142244	1063.4213992174	1086.8605391164	1181.33265601389	1279.52728770062	1449.92577871715	1620.42806308821	1813.77391443733	1814.13938702841
414.124	0	0	0	0	0	0	0	0	0	0	0	0	0	0	0	0	0	0	0	0	0	0	0	0	0	0	0	0	0	0	0	0	0	0	0	0	0	0	0	0	448.315960827217	47.3750781304431	79.3123720122949	111.413611765902	142.043849077067	190.797526106953	237.544069516313	319.619710921143	396.782706221079	478.45480106483	545.737156901587	603.474074477286	703.313327093689	775.109496316617	817.748405010672	893.511604224032	934.742454850031	1019.38638295887	1089.3088356031	1077.64324023088	1056.64446458712	1072.33960875145	1041.05993959941	1017.30095194208	993.812874339731	985.625319898857	1007.80076921536	1067.32165461581	1297.03136737662	1374.89289509015	1592.0809679396	1663.20350587747	1752.50468656796
417.417	0	0	0	0	0	0	0	0	0	0	0	0	0	0	0	0	0	0	0	0	0	0	0	0	0	0	0	0	0	0	0	0	0	0	0	0	0	0	0	1291.72180960071	68.3335802214109	86.8214948911098	104.166166983187	118.672093091317	172.253601815905	207.890310343251	282.721946759584	352.268780232955	426.785069817093	517.878273568413	598.162245574529	664.20524673735	723.02202796757	773.220290098854	864.726125900264	924.477012220182	978.533037387024	1043.71750752124	1074.32013489026	1077.68549823023	1102.82463422854	1015.1702449336	1018.00744323014	1019.85451728112	1016.44447880868	1028.79641897035	1083.80623816588	1165.17006497824	1342.82953528847	1516.58229075805	1605.87272866433	1944.11531064529	2024.10249869077
420.711	0	0	0	0	0	0	0	0	0	0	0	0	0	0	0	0	0	0	0	0	0	0	0	0	0	0	0	0	0	0	0	0	0	0	0	0	0	0	2455.30573009896	101.461805634079	51.4909388331492	73.3163461204208	92.6844004560165	137.956231039978	189.362884381522	228.951760366632	274.337831482291	360.910716749045	458.67017377531	525.540633421198	606.174653561327	657.969718220438	721.635016860234	807.378465645643	864.445628749769	911.620614698259	946.57259909695	991.932460122226	1036.38545147363	1090.80273874144	1067.06106882407	1035.65600046373	1007.501709469	999.877213363471	993.623358190113	1007.14061029862	1044.03720541982	1210.73272827359	1364.85652490894	1456.46519010794	1619.99568406864	1786.30492608214	1953.80381932957
424.007	0	0	0	0	0	0	0	0	0	0	0	0	0	0	0	0	0	0	0	0	0	0	0	0	0	0	0	0	0	0	0	0	0	0	0	0	0	0	440.734272206047	54.9523981263357	66.7506953986711	94.0485572364174	118.609325483952	150.495090794682	202.523972859715	257.208342691308	327.26967912683	381.063484381159	460.311090854299	535.263953224823	618.377192196156	683.238433028311	744.63274474715	792.774284620201	858.333530466192	899.465945262462	960.189121253312	1010.93659212551	1017.5135532211	1054.0529591982	1048.12896318079	1029.90182229933	1012.25506294972	1003.63974871532	998.308643217812	1057.19467856511	1109.40221057283	1174.87082953317	1342.22873593266	1461.91362914357	1561.12133976326	1817.34196106549	1646.55347847701
427.304	0	0	0	0	0	0	0	0	0	0	0	0	0	0	0	0	0	0	0	0	0	0	0	0	0	0	0	0	0	0	0	0	0	0	0	0	0	1025.08084135526	36.1313698890083	37.4903827649217	57.4512985239989	99.3206549653593	126.01549426269	161.189292595573	218.144313288335	248.061019858509	317.134835438643	393.868244118962	489.244931935822	544.930943883386	624.302449251692	668.366985049194	742.208493216676	788.096908824364	843.345986964479	896.987808661355	934.339372842296	975.415338965735	1011.81759520824	1025.50685971985	1016.28345090442	987.507112888275	982.914368892686	978.633026847965	943.850742260462	994.602609652403	1076.20662196225	1162.4430979172	1347.45865245828	1468.26682826187	1575.1354094906	1665.10769905912	1850.28295423184
430.602	0	0	0	0	0	0	0	0	0	0	0	0	0	0	0	0	0	0	0	0	0	0	0	0	0	0	0	0	0	0	0	0	0	0	0	0	1923.67952611519	105.271035369773	37.1485384832569	52.9774304806043	94.7882639460996	100.407126286969	134.729282905834	180.041833923748	240.964607884265	276.824220569544	349.686181012304	416.174467915996	501.587932827999	575.873720537918	629.294146049271	697.416542457583	737.154503185701	798.877127094907	828.088784165542	884.129071396851	943.343244516204	990.225653693118	995.405860511224	997.650159042206	989.081187961673	970.505214848003	958.575721182531	951.70337776155	977.464853147321	1004.50718519501	1071.60649773914	1162.01139694661	1366.34102177567	1377.94686305455	1478.937070174	1676.41234419016	1793.99415935121
433.902	0	0	0	0	0	0	0	0	0	0	0	0	0	0	0	0	0	0	0	0	0	0	0	0	0	0	0	0	0	0	0	0	0	0	0	0	355.772490602747	34.6268568147628	61.747678885744	74.2247178092765	108.174440297975	146.39227963431	185.044061558637	224.92255234304	260.516386192982	316.915508968368	382.860995272619	450.136320834569	550.633903216079	617.310454044678	666.026310186671	718.294393239946	770.958907364129	825.308211818854	858.322838695154	909.210557038412	956.034020537432	967.663640579471	1019.66263738969	1014.51091061524	1019.51798964837	994.851483270971	979.889552568515	989.000455079258	968.517614018023	1031.84394113437	1132.95215729857	1260.30694711038	1405.71130339172	1623.43836560603	1685.81367938962	1930.46721969294	1829.31611536869
437.202	0	0	0	0	0	0	0	0	0	0	0	0	0	0	0	0	0	0	0	0	0	0	0	0	0	0	0	0	0	0	0	0	0	0	0	874.706013643626	51.9605689850332	61.2199183800815	82.0562833146489	97.0796282973928	129.44649595154	152.143428462573	187.339695981412	238.791206677179	290.812153927417	338.451043618084	391.279498651581	484.837896175457	561.167036137824	611.728627574253	681.873400632652	712.532720455887	768.023592410922	822.788646945259	872.956888765122	900.927753584542	930.576037498854	976.833311140268	1005.11132628191	1004.57056624926	1020.01332748228	988.912996763794	962.226880391964	974.607191456658	985.683889095051	1019.30548095634	1155.68285559675	1258.19626845394	1434.11300302105	1537.39384276472	1710.16810533317	1847.85496632893	1992.1142496865
440.505	0	0	0	0	0	0	0	0	0	0	0	0	0	0	0	0	0	0	0	0	0	0	0	0	0	0	0	0	0	0	0	0	0	0	1675.77313515922	76.5797564354422	45.3252341909882	54.8132058995011	74.9275242263861	99.375282700064	121.340777971156	161.272175900099	205.494148214288	254.192186839597	282.528229180864	341.903368574652	412.870883129097	478.172094530868	560.172106410972	631.579283536016	646.391694682336	722.230440272561	767.596710344357	812.296277367469	845.170265364981	885.36740531733	911.180710068646	941.646964078868	957.381165835867	966.002359565025	979.771918130946	939.453431755274	913.260472974067	947.17851398635	958.844162885173	1012.95779012235	1099.81862276218	1220.03438633081	1356.91260940436	1549.19208392782	1617.70386471761	1732.94662189477	1739.63809336906
443.808	0	0	0	0	0	0	0	0	0	0	0	0	0	0	0	0	0	0	0	0	0	0	0	0	0	0	0	0	0	0	0	0	0	0	318.025819174753	42.486712929832	56.5042425091747	76.6489917307587	101.345523310545	116.082019800684	159.815239882492	185.623717495462	205.313590022583	272.04059272516	322.835305401598	349.100272090552	423.981694049949	499.422769688218	573.856499080939	625.32981936768	681.679244298447	737.685733688716	739.510188536948	798.619172466596	830.698153294277	887.390276461592	902.160273211575	943.570187698122	955.195359627055	950.164790003936	936.442048922081	935.006023527374	928.338481426353	941.567979167386	987.646172953958	1036.13603984403	1098.16401263272	1258.50628346046	1404.23856307432	1557.44771551067	1705.03421789828	1779.222503409	1977.37985187487
447.112	0	0	0	0	0	0	0	0	0	0	0	0	0	0	0	0	0	0	0	0	0	0	0	0	0	0	0	0	0	0	0	0	0	777.08101087334	30.777166479462	49.9963596668998	66.9034143979515	73.0474449016343	100.397507573554	134.513869230023	168.849666407946	196.44670739187	221.173982924586	271.926397009795	305.760499624084	360.535294977541	431.30534960994	487.912138371024	557.546309023451	617.230668956261	657.827029905765	724.521144186734	741.486701901477	778.153314151433	823.096697821544	857.192813265591	870.948969852336	899.836215087186	924.164017089045	932.579347506659	929.877710490368	892.723424317712	882.127883514851	898.871093590916	949.205550878295	987.53521190087	1093.08045441456	1194.68718991665	1344.27232968466	1549.0516441887	1552.67774676599	1648.56839158657	1762.39820461505
450.418	0	0	0	0	0	0	0	0	0	0	0	0	0	0	0	0	0	0	0	0	0	0	0	0	0	0	0	0	0	0	0	0	1478.4228550447	78.5549315949972	38.7812269108072	40.6356416291894	61.8317874488047	73.0968727743228	90.1597206823512	111.73016844875	146.332378709913	189.535708835935	238.538162371215	256.60728538257	331.689720120889	341.539144862633	418.47869245352	476.213860367503	554.744282190845	596.949660042057	641.247459681835	680.09519170463	719.555601101594	749.889375970184	781.297884409231	797.80562367255	836.34210177416	859.696933200666	879.915730051952	894.822608423001	861.343653857149	863.127397257836	844.250367825074	887.433336109184	880.284956604582	953.868642986514	1068.30373597181	1154.5404741035	1237.09092701534	1352.96711594977	1533.7671849644	1446.02634678284	1578.06351641151
453.725	0	0	0	0	0	0	0	0	0	0	0	0	0	0	0	0	0	0	0	0	0	0	0	0	0	0	0	0	0	0	0	0	272.112755513298	28.3990162612984	27.4301838386869	51.8640134930769	72.167831736607	92.5789120381761	123.00284316026	137.196185931794	172.242390393401	217.882944373825	255.537456353829	293.568349812603	321.011366744454	386.25351250743	423.012325560544	503.311295417481	539.595935291414	611.228643812805	644.754230271591	677.147290102989	718.905004686757	753.672272417379	773.894317636165	807.52367631222	824.741744554668	819.001674375447	837.520129359675	838.766279491786	864.56527121601	849.067345087503	830.40306797031	862.135739633385	906.077407763838	949.838052151988	1069.30377494449	1190.55524162893	1287.57697701094	1383.5460367103	1507.44786813176	1604.08329146849	1610.2887752279
457.033	0	0	0	0	0	0	0	0	0	0	0	0	0	0	0	0	0	0	0	0	0	0	0	0	0	0	0	0	0	0	0	630.296501941905	35.0808531829741	35.8238716698874	52.5788359691852	60.4072019047305	93.3662781865213	114.758292943967	132.974669414692	166.981424936556	207.767439043239	237.49725361604	280.686932466696	318.676987166919	365.919796113434	389.259094255622	442.67134723039	514.661667711809	580.445998265501	626.24318768681	650.434300385081	684.599723643645	716.503228812443	736.552569708595	762.805637186195	791.543054843391	825.571958869562	837.330293412946	842.120057074811	842.826954463195	831.155320193312	848.495956090537	855.177400237264	854.933944588553	912.086217019326	975.360168416029	1035.92557193513	1213.97924443375	1348.94042779382	1458.44307643389	1528.16543952908	1616.3876675645	1740.54577811504
460.342	0	0	0	0	0	0	0	0	0	0	0	0	0	0	0	0	0	0	0	0	0	0	0	0	0	0	0	0	0	0	1144.59296037573	68.1465732346221	38.806345458445	57.5983580278613	66.6219735839888	93.9128317407577	97.3225682199531	125.492197860015	149.252402066443	182.429171890123	209.17124308627	222.677692678335	279.68323291803	321.126503612021	371.501575061702	394.860679161926	438.493113113255	493.297474097378	561.225289978175	597.584242600083	656.40007449048	669.325754688457	684.177614094173	736.360599882172	740.61682879165	779.061882888804	786.549518638394	802.482362784022	814.255470247473	822.903229763233	846.163552602137	818.48185592459	835.526166842985	843.277343796404	862.390410887265	947.387880496655	1033.99199162215	1197.13680845475	1300.44881167851	1449.59279862488	1563.75586469646	1576.35149690515	0
463.652	0	0	0	0	0	0	0	0	0	0	0	0	0	0	0	0	0	0	0	0	0	0	0	0	0	0	0	0	0	0	190.364556312938	29.9854310722206	11.4045120577275	27.9065847169301	48.7556195904082	69.8710358769944	111.767056383083	107.170474836138	137.091620393888	164.486700743688	196.351084244139	236.841420005759	251.051529918773	309.481891375629	324.356328529491	382.196521140482	434.235079667021	463.344696195113	528.317646335443	568.727456210398	617.25042755312	634.447162143661	657.266679241475	682.281389843004	695.634994058089	717.852179683626	730.960055017971	739.573971572455	777.416366207824	774.985189313007	766.912449801198	761.382351567442	763.257985126211	769.586105765083	822.485292033081	857.046624282439	984.058227757315	1117.56887358156	1195.02991317317	1334.52637955693	1385.99008468242	1378.28833374986	0
466.964	0	0	0	0	0	0	0	0	0	0	0	0	0	0	0	0	0	0	0	0	0	0	0	0	0	0	0	0	0	483.538172247321	21.5179988707898	27.8722846761763	24.3749593346849	47.0580834124041	55.4478338530352	81.8416721125948	103.671151651341	119.126332653603	144.38206492031	182.527931193368	189.497584773436	233.325858217438	275.664882725452	306.649198743971	362.467935170846	371.383221300269	424.814832283333	470.639695041041	529.142443813047	555.865326996529	586.072249845358	612.30018949419	635.859819862537	657.42560457177	695.141273712027	691.827373835683	707.286182396016	711.774965775861	744.45295086464	743.696597016683	727.537506646415	730.785784978802	757.168916027241	768.067590749535	803.701621602452	840.60414647875	963.753711655357	1083.47563737707	1148.21619387199	1279.61619479747	1401.82086129394	1467.0401384777	0
470.276	0	0	0	0	0	0	0	0	0	0	0	0	0	0	0	0	0	0	0	0	0	0	0	0	0	0	0	0	949.730657527879	39.8382502688705	20.6266059658293	29.6633697067389	40.9501134116982	54.454326754819	68.0146508169802	84.0874357108342	102.735733346701	137.270678698074	155.388520808504	186.21900904897	211.802576760324	250.332006741804	288.312004320614	319.010642233983	339.282358256929	390.622280982577	418.639706776179	474.212190521019	487.934055432931	560.128078141099	581.591586088592	589.548114071382	607.00708672868	648.131117378619	648.987227061475	688.819148413314	697.39312290022	698.070581366742	700.244189970089	699.347954930449	720.558016897642	709.324491299379	729.412219447925	755.76539607792	791.811779103999	848.167973682457	905.021374795923	1025.5975180167	1221.0545472408	1275.55772370566	1230.62217299693	0	0
473.59	0	0	0	0	0	0	0	0	0	0	0	0	0	0	0	0	0	0	0	0	0	0	0	0	0	0	0	0	143.717857105569	27.0575708970439	27.3279709195331	44.113507969782	50.8345708100982	65.1076583699134	92.4021972184452	106.524069876494	127.093671696067	145.254107691344	166.8121863764	216.147890904806	231.454719937154	263.28550247393	296.19688203522	327.260362683721	370.718027639762	387.983156154758	426.958467609512	465.870632454627	524.258244650686	562.853321096943	571.139230014304	590.871066287333	625.232646056366	650.10134316378	645.977120584747	656.444282519816	677.153837836074	688.165588098874	709.447170696552	706.086672552276	719.562595086427	708.800999811015	716.237451975507	749.227812541947	782.100511116764	871.21630852132	914.227596676957	1094.94282909798	1136.89404178146	1292.99136506889	1432.41475355407	0	0
476.904	0	0	0	0	0	0	0	0	0	0	0	0	0	0	0	0	0	0	0	0	0	0	0	0	0	0	0	403.473692448012	25.6963542438084	25.7565703855155	28.5809978656032	38.3006717542443	50.8519866080617	71.6190455823992	86.0235801522382	110.121910836321	124.886940153342	146.574763555121	174.868957853484	190.039317708617	240.876212586964	253.321159674377	285.63380353159	326.53550672607	341.841362904452	391.273184036573	403.126138254962	454.206746790238	499.106364328792	535.652516154309	544.272924413213	571.561318190647	588.998984562769	605.241239971425	616.921442661666	625.472712520396	635.823957441067	642.498683314808	656.797465590299	663.722718622613	668.756834454767	668.740439692188	685.028500965151	716.531272518319	762.115364501573	820.698385500418	905.230615660573	988.898078112352	1209.90646014843	1191.55961843895	1318.81491207311	0	0
480.22	0	0	0	0	0	0	0	0	0	0	0	0	0	0	0	0	0	0	0	0	0	0	0	0	0	0	821.890065401489	36.0619756846249	21.1803765723719	33.3066915088524	45.2556195031133	52.9634319691968	55.5096898309532	75.103190940893	93.7361692241634	106.24512587113	137.745077745822	166.493348654415	190.226385884441	201.540318136612	243.867430219905	255.789151612242	285.985857990218	315.5670826203	359.179083965196	362.333901488426	411.406080965229	461.343801130566	487.839009858432	520.814131308369	539.75271000968	551.613000442741	570.456426791124	580.470488055893	585.910428142605	602.739329226558	620.07445134864	624.546466043267	634.971519771817	641.589948522768	654.774977628942	652.222926546244	668.915866315284	675.708968753871	741.958173449637	822.86248244852	943.491974538946	1012.4594576922	1106.34566063668	1187.73465050765	0	0	0
483.536	0	0	0	0	0	0	0	0	0	0	0	0	0	0	0	0	0	0	0	0	0	0	0	0	0	0	122.022375745594	23.9718307379974	26.3441141837166	29.2388846928463	33.9221077771658	49.4607792681325	60.4978244974002	70.4218602961315	86.6075675958566	110.414111409552	130.46611546544	152.816741803765	171.636861320136	214.684570412366	224.000690117158	243.653195075508	284.952351230548	301.056681860212	344.952693189235	366.479070000985	388.991965404457	452.744089761277	469.098620159222	513.400649231202	520.085986896078	523.430601184027	523.594659998097	557.98431661824	570.640647715775	595.828978326285	581.777979543506	606.599719173291	603.865018603416	622.978293421245	611.120418866398	631.971808177553	625.837845394737	653.201057019945	730.314407675397	782.29141411524	869.111346233246	1006.10117690848	1085.96652049625	1102.86593720071	0	0	0
486.853	0	0	0	0	0	0	0	0	0	0	0	0	0	0	0	0	0	0	0	0	0	0	0	0	0	342.46594897001	20.4626605039885	18.6076044984234	22.2621300188977	39.0784521083029	40.1472224390781	46.8811150264893	70.9547042314946	76.0368979279414	93.8907918969231	118.321193989653	141.525182595723	163.662605822368	175.426935212086	209.873688353636	225.627599537175	264.885949351098	289.699600747678	299.476664806423	317.421939066655	364.072588837222	399.283185324432	420.352861103127	454.408482981285	476.871720398764	509.787850416429	503.728592533029	525.023954708903	535.25733932909	539.960616367659	545.302004606665	580.00285295722	579.655907838742	579.739060284661	580.634585457627	609.475732677269	597.396299420919	620.204813150868	656.442540088074	710.932749106472	763.790465334979	854.04988964104	948.493481489271	1019.44423163693	1158.91942981159	0	0	0
490.172	0	0	0	0	0	0	0	0	0	0	0	0	0	0	0	0	0	0	0	0	0	0	0	0	693.232831988966	31.0958507672243	20.3485128302973	18.1964358720076	27.565132840418	38.0673431775498	49.6269948098275	67.4223089065876	71.8250063614376	87.7138206293507	111.107761259635	128.914646765897	159.847999801871	168.758169475638	190.293149279676	209.986415363664	220.274656974758	253.734840067487	285.155022550485	305.573674534959	331.873663216591	355.16575133161	371.108735886939	415.376145731033	450.376693855368	482.247239069748	485.606620464013	496.91022728744	514.27347864358	520.309171644101	536.187088380147	551.313746037192	537.514247037858	548.925294123965	587.117508172508	600.781510330843	591.053536575025	591.23922942339	621.823017609179	659.536387935977	685.874278181327	731.041442008542	809.443012395623	911.608229172606	1096.60157953976	0	0	0	0
493.491	0	0	0	0	0	0	0	0	0	0	0	0	0	0	0	0	0	0	0	0	0	0	0	0	97.28697068729	15.9674217268502	24.1885875513653	30.4909690095556	32.4114275481365	40.7266064399479	49.7947990584049	58.4260853092992	76.0934670800929	93.2526825099607	102.96955104088	132.876983016583	154.018645758154	158.323282390726	185.374597293591	210.029630746522	218.468712082802	269.109073035066	288.40290764162	304.47158637305	311.926154565532	349.899770435933	369.968452125354	405.213520867018	424.612746939505	449.692566301671	482.330865936514	467.789175089191	488.655401467909	498.337666644134	499.745759546316	516.08206623461	517.925805673251	529.139088799602	529.47340370624	549.975514622514	560.93089307025	567.491989051242	585.322921136877	630.183489130949	669.478403305031	729.238550943104	780.441948825639	860.493567150516	978.142920394109	0	0	0	0
496.811	0	0	0	0	0	0	0	0	0	0	0	0	0	0	0	0	0	0	0	0	0	0	0	362.693843473242	24.6951654926201	20.6226191303109	37.3614120865887	31.6322392162471	38.2681963460885	47.120786823159	60.2500534638685	67.311254148338	91.9098188487794	94.1446199465997	111.220164908432	145.048061345721	165.516396399888	190.880552408057	205.077919863036	218.105001089821	245.610911880095	254.392506486949	282.007595329462	296.903413903096	328.184410674228	334.193904284786	367.033938681919	399.096320723451	419.309868539977	458.031864134709	459.202987305835	458.10176167603	492.421239681022	484.804698269413	497.731259541312	500.000329668748	518.496365787393	527.446234170258	524.384700549496	530.398119924299	553.56826254803	551.541409143829	580.598701241571	606.102114220477	651.222156421436	737.41274901409	803.911418000945	898.958596025993	959.776419656646	0	0	0	0
500.132	0	0	0	0	0	0	0	0	0	0	0	0	0	0	0	0	0	0	0	0	0	0	739.378155305464	23.4249688136664	5.92393376601032	20.6265592350804	21.1236178767639	30.3338106175456	35.9967473867003	49.2616394782502	54.9089579434172	68.5943311236785	77.8606263381344	94.4541428288519	108.582802995614	144.182498828121	144.719333677872	164.07207973192	170.508475800307	208.263386375736	244.556701603121	254.443471988416	251.955278340785	283.554017854973	308.488227453509	321.258919603534	346.612997517963	374.335425429841	393.731552146525	424.858900402426	437.059655337635	427.625672773458	455.132092493151	450.796324933614	475.214720633972	488.526957826873	480.74746087794	492.596571483237	501.841177874475	507.134667143904	511.30720808731	530.335912135165	556.165385461554	591.325236408079	608.726923775778	666.81263521488	775.472138746793	854.476472093385	0	0	0	0	1006.75200723701
503.454	0	0	0	0	0	0	0	0	0	0	0	0	0	0	0	0	0	0	0	0	0	0	107.70767483524	13.0360084327751	28.5470690053667	13.1433030880783	34.2598127706003	37.0116025423438	43.5942524642642	61.2942060206664	65.4833911486992	59.7184444468681	86.1591353796699	98.6263457175949	124.150106879604	121.845683163884	148.450244652857	169.46291474319	184.34427009346	203.257290919076	227.397164463094	246.704533014866	260.741589869667	272.625623881461	309.016452065127	313.499475096935	337.206470339704	352.032950730011	375.618871965903	410.766809477714	406.933342859263	418.818370980009	432.81382698113	422.14808217623	452.342122295023	445.896651159552	452.579294890869	461.358419576854	480.972731408502	492.625988898537	508.610332398493	507.726670068824	527.56634819962	548.92888446091	584.371409052538	676.923577276029	740.99369572392	827.91869805401	0	0	0	0	899.603386774631
506.777	0	0	0	0	0	0	0	0	0	0	0	0	0	0	0	0	0	0	0	0	0	373.315630730309	-11.6992184682699	2.87288787539741	4.8073942959899	15.987496136346	19.3741178524767	31.4462555002481	38.2382853001292	45.1550913076531	61.1919173654207	69.5413090896495	79.2721207739607	100.748108576317	109.793308514661	129.728349143662	133.673229209815	152.589391133766	172.182797738164	178.476847239328	193.516579297527	213.992856684649	225.877934755885	262.83376291991	276.96309633666	280.704773321374	313.755371080182	333.981642552267	356.552113167606	373.295027354958	372.291253777346	374.983376257815	393.118231670633	398.136642235311	408.428241489157	419.250055637536	410.71899997134	436.254609444879	445.748952780688	461.727008663088	446.841994214523	474.728896119571	511.669927852619	522.678259060198	533.726782439531	594.6936104363	649.69337468271	740.433589943956	0	0	0	0	930.348374893095
510.101	0	0	0	0	0	0	0	0	0	0	0	0	0	0	0	0	0	0	0	0	846.292570742371	36.3903319874678	21.3684887138609	12.7128274820119	32.6006676993241	23.9331701610501	45.0777908265141	34.6958199862645	45.667270125312	51.7639248324541	71.0527038488854	70.0035708150117	110.852720974927	104.817970352614	121.382674486136	126.877435654953	145.992416517561	167.613345756615	175.715114712349	211.873877254778	221.470054976414	227.187114471751	263.698713691048	264.683894613781	272.424984541398	296.128479166933	292.517559539823	333.384428773448	348.710160603647	369.767810365633	367.131552062714	370.084749836928	398.544375145847	398.81330642953	393.882230525113	408.37902571487	421.898465650242	443.124732866848	429.8108787027	435.174346109046	458.143523080601	453.861367253711	476.304921748708	504.463342005139	559.101509426597	580.252415457266	671.774398262972	0	0	0	0	1043.97522621752	959.250172135975
513.425	0	0	0	0	0	0	0	0	0	0	0	0	0	0	0	0	0	0	0	0	132.94841177766	13.8944327136168	18.1858095763272	19.9803029776142	21.8950486351255	24.3657024590078	31.8368907282024	45.3478799469274	43.4806608028658	64.1080015241583	65.9210919573732	86.4238580605322	83.4937699229961	98.4682477266594	120.271808396779	144.387250265012	140.628003560088	154.974943528369	185.580352434594	193.568548715689	213.382859445292	222.754155230703	226.359697264109	249.301047862548	276.713186608331	275.417519824359	290.643589340702	311.755929460905	330.807300958574	352.014841623794	349.593261706291	359.821805560316	361.559685906737	383.53503146046	388.8035831985	394.473801770537	378.286859344944	392.233785998408	395.061429715404	425.177813975894	432.556184813427	452.464216385758	453.985319993408	483.749762989547	541.154995632923	616.790015249751	673.555955929898	0	0	0	0	905.014780725313	767.60915377036
516.751	0	0	0	0	0	0	0	0	0	0	0	0	0	0	0	0	0	0	0	346.329330911126	12.894244685795	13.4073873518254	18.7247707125001	23.670738128137	35.2124720890607	32.9149966608043	32.4404185430596	32.4459963918718	51.6830042706849	63.4333537764077	77.67995803239	84.3357476065565	91.1687574303111	107.057189867003	114.07267265564	133.517153069079	143.692608240328	161.706664296725	184.488524667399	187.137507557096	203.638200111387	227.428908593882	234.561179277614	244.274739101437	247.573900357172	263.737148214152	287.696107505519	306.824556012142	318.634404043639	340.545253195867	340.99229294864	347.881514532874	349.261195434627	358.227847915285	371.845016085142	358.525680578065	370.431391269403	376.972606211533	402.251169078592	406.941033365477	423.262793696118	427.022054308005	442.590421143754	467.590589167922	498.323393380671	558.498657330143	616.700479301306	0	0	0	0	752.210672204106	712.897821836872
520.077	0	0	0	0	0	0	0	0	0	0	0	0	0	0	0	0	0	0	743.432843803535	21.5445273375767	17.8393857444638	20.1032872846796	31.82963615184	17.3732275885045	23.5255731961772	28.8234910263397	36.656409227363	51.6797038133258	56.2265576318789	67.5272107005325	68.7696599875015	83.422619137032	99.8903425560876	113.52704828465	117.668211401813	121.8023762712	151.237808525479	160.174316971247	169.775089429923	175.450110552653	205.818073171105	216.511482271353	222.062418939687	241.057076606257	261.505565939515	241.299661740406	262.835798929551	299.144833730546	318.830232143779	322.204347381617	328.325578397058	332.713324599054	348.379670844734	349.794506880294	350.924149643775	361.927360233192	372.354041021065	366.830705247922	402.740523835718	393.773396861628	403.979306519565	429.265338893145	431.227829055428	429.361429629026	500.704724872399	552.525725758639	0	0	0	0	880.802949075852	822.57802833137	705.988092906143
523.403	0	0	0	0	0	0	0	0	0	0	0	0	0	0	0	0	0	0	114.769545753853	1.90664040375841	13.5710058348436	8.23177066862681	22.7652487534604	25.3023652373011	25.6684752360692	28.1486813816625	38.3411957202187	42.6334588174066	57.4574841102654	52.5259372884657	76.0257921066058	79.7191997127423	101.78628672583	108.677651725326	119.126224179663	135.771397197602	141.477508399829	164.019983517629	175.642412417062	196.834702114483	187.517332004276	208.074309661629	212.998959765436	229.444465014264	243.681103970543	261.973641724358	262.168556913812	286.050977700156	283.884534844788	306.945263250741	314.994661666641	323.878549931351	314.40056459028	336.430793598056	336.554304415729	351.549505016552	358.52721817526	353.207996721669	344.877696904362	377.482175940779	388.702680023961	396.038824425016	425.518247083371	455.562837612999	486.203331476121	535.994380746925	0	0	0	0	725.930723774002	756.559664728263	862.352444109259
526.731	0	0	0	0	0	0	0	0	0	0	0	0	0	0	0	0	0	247.447933641619	-5.64318853851391	18.4254195452025	17.0473805120572	19.0005741696876	16.8970513335269	20.4995101682516	31.7297196837211	28.9299470455079	39.7534397380115	41.5279547145297	50.376099260767	64.7745703649649	74.02313508629	81.3351329459552	91.6699645777827	100.406111946641	114.59118548492	118.974463522876	146.954636918104	140.942061125181	152.176411426629	161.494429143862	189.770222507234	198.308650634088	196.724816694158	226.539532089417	206.218423519178	232.75783838514	232.714408946618	257.727351335814	287.61717967563	280.643179436538	283.376439741202	307.190271830146	311.959363406639	296.243690204557	300.961605218511	320.650799614073	325.458457718828	334.401643058799	341.052330926344	346.724402076136	359.808534675516	368.628139640383	378.091236337373	415.336696480426	457.729608261898	493.337307840361	0	0	0	0	727.50059037375	732.132851708203	615.818619754014
530.059	0	0	0	0	0	0	0	0	0	0	0	0	0	0	0	0	-150.663682760468	15.7046162099267	5.53087364634858	7.91485749091319	12.8395397990014	10.681674981697	16.5953199697641	23.5615628796586	22.3237801907409	33.6301870213816	25.0972134258076	44.7922891249173	56.0426903202329	59.3799704446361	72.3704661727011	91.3641174654193	69.3909991220244	108.072940467273	117.589557458294	130.902244370099	132.461884939898	134.293092088065	156.735922942323	158.177214814401	163.826977150932	179.041582868207	192.536526205817	199.000358754397	211.999123004249	218.612213622884	223.86471497713	239.483499510081	262.501898848121	265.936464695206	271.908491645345	268.714153143382	277.420274849091	289.262180689367	302.909463698744	292.639413631621	290.038078378448	312.427147347984	320.70394150043	331.545578661923	341.858260027144	343.410725612394	379.727681389216	398.27430081209	420.410922573506	0	0	0	0	699.212411172745	685.001608368723	616.312567162122	645.176718348836
533.388	0	0	0	0	0	0	0	0	0	0	0	0	0	0	0	0	-9.39870169032783	1.22441517478042	17.2724284045035	22.0735583620255	10.6014422534821	23.4915240798367	21.3702646389008	20.2375035544382	29.2652379707111	35.8929997506721	42.709281851163	44.5375709555682	52.2429742584864	55.4871491429455	75.9845176062165	77.0835159784175	92.4747705176203	100.221509343855	104.314365683125	116.555054058871	135.465741101472	138.256913583122	171.833561913576	175.777854913725	169.077248308151	185.03233980985	186.618090721499	183.981661188894	207.983249675125	203.83844545023	214.619687749774	235.662695225268	249.754206001885	259.372131147996	257.269065551605	276.38345349677	275.721834690217	285.868941732272	280.318768564112	290.866612753223	286.834743801715	308.050344625259	309.701496293279	306.746350698763	326.479613234481	326.145664370585	359.197142313311	371.100880570255	422.127426220502	0	0	0	0	610.322215183713	603.01681524671	657.031278679784	692.678974884381
536.717	0	0	0	0	0	0	0	0	0	0	0	0	0	0	0	34.055512600531	17.6134950147877	22.1869079329026	12.5958280464137	15.0062681960373	33.311701282808	20.2299759439894	28.0676969916914	42.4056703554496	35.533901275911	35.3323329037015	47.3732854519741	45.2767991506326	59.7511867704829	67.0338875642022	70.9993595137222	94.6770001617949	83.3685447902304	100.73956017454	103.699090359302	133.757556120567	134.571452119244	154.744596309762	152.163843806083	152.33947458013	168.044805857579	201.3755088555	178.966601844568	201.448447207688	209.653517096745	195.742647538603	211.487606589251	222.814377527458	243.562869554779	259.966822863086	252.149423630572	258.671020825619	266.339975045739	265.80743182069	267.335279929075	277.203817081715	292.022797317841	278.792344958247	285.648961334593	308.46560399308	304.303041455267	351.18778949925	334.272106354282	358.503322967821	412.123103410169	0	0	0	0	630.613416622127	686.072365596378	679.257299445531	736.929612429075
540.048	0	0	0	0	0	0	0	0	0	0	0	0	0	0	405.40874127536	-17.8628158783445	1.25716639786356	4.58355383545839	17.5733576587903	16.3765171762639	22.6681424598832	13.1292582228035	25.5649326007219	27.4652584353636	20.5795243208333	36.0983166590475	32.7638079191178	42.7833953760146	53.9782669821854	56.8618832558455	64.5860236940965	68.993998310406	77.776162662877	89.3956490391018	87.6585085701587	111.346751636968	125.078745164189	136.93533646163	128.698737946963	147.780831065019	169.213575844315	160.927935007932	155.174104082636	177.321773057737	182.770998068073	186.905898654873	204.301329853218	213.24611947637	218.472777937273	225.71857632671	225.161195108923	242.437247897361	237.031499406557	249.174888118222	253.737452820069	262.907312573033	273.859027276995	269.02909016414	264.856967479822	295.813677139746	282.527576749463	307.656470607002	308.756641285041	334.863376830879	0	0	0	0	677.593537392611	554.814420899318	553.941506482001	522.182841589185	553.208814412074
543.378	0	0	0	0	0	0	0	0	0	0	0	0	0	0	41.3543889640859	-8.36344478535169	1.80748538258467	-2.97111321300003	12.6494359612811	7.38774106791303	25.3102315609837	-4.46985889418988	15.5745405012085	23.9672865743393	25.1836652881922	32.8065001858498	35.9113001215669	43.6215748869827	47.6965810420997	57.1878911095716	66.9906776442684	79.219308610743	61.434903259557	86.0633409136592	99.3824815363682	102.209308405409	116.288091414469	108.265536171799	128.520193925875	127.004495530168	140.923725276481	145.415750409774	166.528900891171	166.038327229819	170.927048550203	170.130660666324	187.76650637327	195.142248601077	216.565552551781	215.052091800007	220.791708081219	235.842466640407	228.526571598812	217.157391158084	240.31196654631	237.151663270931	250.083307679462	241.257319317956	263.966488521956	264.580948871026	277.769913934075	276.425882794317	295.687584020596	323.097854611291	0	0	0	0	550.835821070624	558.027558644514	533.127954101246	454.403981016816	464.3138250291
546.71	0	0	0	0	0	0	0	0	0	0	0	0	0	432.678982504563	-3.96171413548337	15.5437176555345	8.96703345191022	13.7765451574005	33.0058080718403	17.3015760990186	25.640454840601	22.6004125486391	31.5555791354972	23.1780339200338	39.5135171399562	46.7116438706419	41.5490578821745	50.1068598561369	56.4078579426568	69.7239622523739	68.1108604845711	82.5740625227015	93.9622670871571	93.2206713479058	106.660961993399	110.47446077321	124.124780261324	132.656003802952	139.906008087157	152.617378664585	157.275991226849	155.30143440349	169.737415878395	174.842588349477	176.354240781513	177.759125377464	186.153998578562	201.215367686477	202.587344327982	224.027068388607	233.952419717706	220.258943664734	219.922213098779	222.239449625356	237.722722143888	250.489193385004	248.932406294909	257.325598646256	255.411602385932	268.755558532511	280.678765530279	306.732560343984	328.711592693754	339.500815234312	0	0	0	0	494.016410283972	533.344458514482	536.191025581189	571.570864072829	724.345518978971
550.042	0	0	0	0	0	0	0	0	0	0	0	0	1123.21611470015	10.9578767812037	0.48515126575765	16.0689794113104	-4.98684671488109	7.33610226719848	-4.98676711412559	27.5963987947535	13.0346163914978	18.4748893384218	17.9459502737511	27.0774811473186	39.3699315554992	32.4240881524614	41.2472307277196	49.0823094389323	50.6083134543465	55.345435820904	60.0110934744186	67.3163573100721	84.102495579228	86.1856277463422	95.8587170584782	110.164579394639	108.030015600783	108.135089084483	124.885841593757	133.310498916571	143.152186945352	146.618762296149	148.106155134627	156.061419868745	158.986087454783	169.822117499354	171.993657428443	190.309470328647	194.23666474921	211.991761673998	211.427251059502	212.175390894695	223.828981969088	216.959225893705	218.562390005578	223.446879724477	230.854949590072	231.146234577625	242.040211847497	232.964528548091	249.900748459983	267.046519450589	284.03669060982	0	0	0	0	541.888412433157	436.034334627624	490.44902878634	491.641538302116	556.936581917145	486.67072500374
553.374	0	0	0	0	0	0	0	0	0	0	0	0	94.1606502432863	12.9401011090694	19.2058748560262	7.97622929751073	16.5746774386033	21.0564895724245	34.5812720810183	17.2529021620104	29.2890725097416	27.0646828691599	22.0785921418409	22.0331552434491	33.438194617782	37.2004012228593	37.9225997215916	46.8607997283943	53.1682426069998	56.6431933688952	57.3728561711788	81.1162290063544	74.8280544922034	83.0519988245654	84.6683684838663	103.630553046891	101.861069369855	109.13099855693	115.96104147246	126.264554883943	131.713112350903	131.800429422755	148.756097432639	151.675300408753	160.132102467828	147.822466062925	170.883486971462	178.900183352845	190.659649096126	193.452473569116	181.992691877449	194.196279063111	196.848453939672	212.0391333573	209.819040902927	212.494037175262	224.70129038828	223.115224976176	226.559271363802	259.73574905563	238.013380037498	254.818841754193	268.142731944401	0	0	0	0	448.064065193383	457.321186753214	424.24330088503	529.093689320149	435.366854959169	439.717098715715
556.707	0	0	0	0	0	0	0	0	0	0	0	308.064245342289	-20.966017674803	-31.8360573939342	-9.29251772601429	-18.2128995626485	-22.3122424542341	-14.9346052807356	-19.2338354379059	-2.33655518106348	-5.52968237155746	-13.1014340118482	16.2398828956381	11.8922944344101	9.4133841816913	23.1418352154944	26.7521916494184	39.8380898162225	39.396571804465	40.0929199994222	52.7510609858582	46.3894653739931	58.1475227008632	62.6906888017244	79.0429815937959	75.1609889006338	80.2289889308815	92.2167885355347	87.6946757950999	102.349127381711	99.8372610660937	109.299833519382	115.143776665175	137.478231749747	122.161087376735	135.800047333809	141.585243227426	140.545105442667	153.033657417614	146.23913394559	168.562919322364	171.277492464144	172.190315788951	177.981847346081	177.728129786748	183.013448081709	182.321364655733	190.405455081395	214.139625110088	202.251430034949	222.046548661277	216.484553599207	215.300035968378	0	0	0	0	344.136782709726	332.025206785656	368.413344081759	312.036841017276	284.448161420663	218.317487888136
560.041	0	0	0	0	0	0	0	0	0	0	758.368041804239	8.98955115645867	-20.4244384921194	-1.0292233624175	-7.32994134813316	22.380458328545	10.7064783271735	12.3528555180986	8.9901253845109	3.86277731516149	22.4222323601044	14.4502234717625	20.1140190474987	15.6454865847192	29.6962655444275	34.6653161760724	35.9607325277138	41.8859811333815	47.9861788306265	54.0185061543194	53.3815050091929	52.9430481208773	76.5560547697511	55.0835104005881	78.6349659903307	78.6317112821767	93.5139262004408	103.148967068044	108.363742787714	102.217575525188	122.510380453082	125.307321199459	126.381548173005	132.376761949839	149.025635008404	125.548571632876	149.783253947048	148.166936948117	145.520238905421	168.353418817619	177.917756930434	173.802371869567	165.1201952157	169.472242679009	180.318207543201	185.440343287724	187.084941576309	186.219278583938	198.939316464578	203.376452162298	204.176393369083	215.802468451313	0	0	0	0	438.993596153725	380.259916803704	359.608456291209	419.175194564573	321.532254271011	329.669426312586	280.772627617747
563.375	0	0	0	0	0	0	0	0	0	0	114.081467976116	36.7062390579688	29.1092130888685	16.4458370857986	21.569309414485	11.6910626616468	20.5411990151612	14.5342489055065	40.5781618232307	23.0576109936543	34.6839969031954	29.702783537029	24.7047811229303	38.4661576449976	38.7398628433139	35.6738124347557	51.5643041685223	46.6094511100302	48.1422728997627	57.3193969336244	64.5369438550363	62.827122826202	73.5780240895437	85.9827421849489	89.5835776303886	98.3267484692567	112.587228062224	106.811737348311	97.1360689292286	119.574710483964	131.41184863629	119.245613166941	125.459834251609	156.159601403349	136.278175103831	153.295355448712	142.151139443182	162.595002731499	146.598173430143	159.908078754725	164.086801429177	166.636356007712	175.003226960825	174.46326884333	180.63624214543	187.248846088983	184.886023296891	194.394763274639	196.912672050539	211.78629485245	223.592050785144	214.569361968293	0	0	0	0	404.166318543542	369.316073177345	408.507940652869	414.538958329034	470.956810404535	464.972807140433	500.436104477678
566.709	0	0	0	0	0	0	0	0	0	328.813246211916	14.3170501350901	9.75691918087036	-3.32263587859898	1.07167251884656	-0.0113171991377317	-15.2358554357381	5.4118372453789	11.2897651459823	2.05678056058231	0.749636469953845	4.11473655258347	7.00294785524048	10.3962693501306	1.90561054962637	27.2392750839309	25.3693483965525	34.721173864643	40.5509676302632	31.4484873702043	48.9266392898227	44.6815627320459	48.5181917249922	59.4901168630835	69.9024484876942	69.0081673873837	76.5108951701362	90.563996924699	86.2176442481963	100.382445401458	90.8566115185872	99.0066659900856	99.1845236630376	99.1053586905808	107.220939128279	113.789288324889	115.912289134015	129.402707725235	128.326246257739	148.931494454543	155.367594045299	149.464085467527	140.609340046624	156.335067858638	145.789782156297	156.966737753013	150.579292478106	169.304458212048	162.471713493687	176.905455619958	184.139545454622	199.922259346619	192.68987563243	0	0	0	0	335.857561342409	278.776297407423	333.019536265481	350.431311727881	339.79213240681	347.085507950431	301.331953525508
570.044	0	0	0	0	0	0	0	0	802.015146431439	15.7741818581375	14.5799389334994	26.2276054144019	8.33346608848437	17.0057080980398	32.8755485909043	8.20566653855028	25.821292740834	-2.65620710093863	27.0510385072854	25.398804357904	24.7490626116626	32.0735471494689	17.7075923051088	15.0832634680006	27.4179367817826	43.7197080793868	29.9509145163724	44.2519877064747	44.1036435446498	39.0380734615085	57.9257901617211	60.8863388672508	46.760067951489	74.7543076613569	78.0633244478675	82.9697862449724	71.0154445380652	96.286001740238	88.6167581516557	102.177762358946	90.2896348967877	106.333547544879	107.960197042256	101.800539937506	124.367515875556	121.727396147447	113.48465566864	129.755421614949	134.347925910162	145.227728538952	149.200572992807	135.409613752827	140.129067042626	168.926158838966	150.368935639001	164.023557683341	164.849900986763	172.159342551848	184.646347041042	172.602323773143	185.286835323293	0	0	0	0	330.512591026709	323.7352669374	291.636997254208	326.933669934212	327.878374095696	465.626633273943	327.494065313689	348.134586515848
573.38	0	0	0	0	0	0	0	0	108.189757090896	30.5076686038658	7.32881219384313	15.8437972961532	19.5728622962539	22.9791851117146	14.7661226464557	12.6419981578323	19.9674834171094	17.3203947617703	9.34870666239405	22.7130083698874	17.9970810873223	21.5108461044872	30.0407106903001	32.6220716850997	32.7429047894466	35.1883292934271	28.4365591827085	46.4020546621149	40.634002294858	48.5845674375992	51.7162613022266	51.1792627633832	61.4195216530051	57.1088205463362	83.1620906204633	65.785933681171	69.824212445005	78.1861063129187	91.2129228347274	79.9510664593006	106.936280448675	95.7595622664835	122.235885498365	108.553870198339	111.36401096005	119.688981967047	123.511470373482	136.87060447631	126.025567049635	134.941733289406	137.182390131577	147.156465061262	153.229375583874	149.8585183967	144.206220253851	150.469786429632	153.448479409679	167.069365634989	164.976072371643	177.66306981306	187.177499394127	0	0	0	0	288.864548235456	283.565022786092	280.703899023488	325.111336819706	372.303873609649	279.456599692206	290.373434484149	381.022548229465
576.716	0	0	0	0	0	0	0	304.215496982497	26.3560558308373	34.9152833002364	26.8156870002734	36.8880047755198	14.5222568321174	10.1194324565378	12.6965520157486	32.4876178220766	25.489000585502	33.6836069948536	26.7606712565872	9.28991428533426	18.7399980815329	23.6216526528227	16.2347312417475	28.9086760285254	26.7607605917065	33.7405044133767	38.9024053756561	39.0561316663529	44.1229292292203	45.8737312162828	45.5710250978822	51.6210817077794	58.878142503056	47.0239053715953	61.4916926852177	91.3864623675602	81.045814910879	92.6587391875012	81.0851871065221	98.942717963721	93.7419098209856	92.6066322683714	97.6206218645125	113.815045111383	122.613352246083	111.483242921923	115.178485531526	128.810877380808	128.238917832463	132.902715950615	133.718383353014	135.137503188398	135.335584200938	149.310343497251	138.070855292631	156.689352848968	156.440500445248	160.993973124842	167.16318903094	177.357503163206	189.519682841144	0	0	0	0	246.164278505449	295.352786430907	286.56913344409	329.625509993473	349.702042238984	387.659940733978	281.598091601851	384.189661177496
580.052	0	0	0	0	0	0	705.991409733447	27.0305499804022	37.9432090995201	20.7698120439272	19.3716045579807	21.5069192613239	23.8422335833742	16.9920689120207	11.0909480881002	8.64983607837297	28.5028666439538	15.8482590799914	22.3434685442206	6.39834592490941	22.4087847610714	23.8215342600383	24.4927202399806	26.4845732698521	26.3243864845732	40.181159617826	40.5616599056756	31.2271639527612	35.7501022629075	51.1994400752009	46.9721760315683	47.8671695216145	66.6748524103625	62.5022137493748	69.0376275803491	68.0164836052359	68.2934556125875	67.6277179621341	70.0055105566526	88.0677115730884	91.9962247514658	97.9444187139944	96.9918739865413	104.285629620858	94.8756766432562	105.861485278488	104.875184502481	113.329990975834	119.570578854812	119.165699413936	126.736672173051	122.006742041995	131.635896033753	119.880115656036	122.541392157637	120.08293369009	135.3517162185	147.105943029611	153.127082872476	158.149996794846	0	0	0	0	295.350237163373	224.643830307453	277.756247742051	280.503406699772	277.115689738404	322.509529477346	252.766914291881	290.908575066053	293.999974916468
583.389	0	0	0	0	0	0	42.3952948819483	-11.4506304329361	-18.8548473572433	-34.419801104366	14.3999024359763	-10.4154574581988	-20.3710743795019	2.12361428886358	-3.52355920480435	-1.92144813631109	9.55671716209955	8.2912629217696	0.391527359231236	-0.430142120339922	15.437733095384	5.63412058418805	4.90469926895373	9.65956772200073	19.5053893984956	15.7070495829838	25.2663989622121	30.7962228231544	27.0860493972165	33.0483844166669	37.0118259708671	32.0722019280043	26.7300553394302	36.4895445210437	43.0039451660967	51.5656913609534	56.8514883365081	62.1585615716964	66.3455415339639	57.6315742267781	65.9594813800452	71.3602393291026	62.8542478625915	64.128693390652	84.7198365876107	65.2327048143522	80.2894862853827	90.7268305742614	93.4054463821158	91.4303496751827	93.5970811165055	97.5077923899544	105.866638333826	106.434764206038	114.545881152623	120.267116192811	104.337834546444	116.0129071938	128.230250009873	122.409120675651	0	0	0	0	196.577131624529	183.243275649099	209.765891200158	178.108144927198	223.553719126584	208.531082236026	232.390676114342	148.592128949456	151.439973104685
586.726	0	0	0	0	0	194.83308132729	-4.83444067258804	-10.7013513125441	12.8879790446593	-11.2125920907061	-3.00735666928862	16.5904750826472	-3.29365413626075	7.87176381747103	-11.455410408036	-1.91705488646142	22.6359474432425	1.72145246669305	17.8434013697595	2.34441806153163	8.97313863597471	14.6960720042461	17.0895738312816	19.201066652576	20.3778885687811	23.5092440154119	20.2532872095633	32.0786653065442	25.4019258233296	25.9005499064722	36.7651974014512	44.7958243193018	58.1795763888932	45.3822334152028	45.7110233791293	49.0834686634643	59.3028617939761	64.7714953574974	66.5683432132099	69.8062529615355	45.6616646284259	81.4488109401568	89.0128703077889	72.6795585054966	74.2205173550547	78.3311430719822	80.0210951458868	93.0324531437196	79.6732907630928	101.107990986343	107.278595950703	95.1397994018431	98.4492324421595	107.370301904083	106.534224364982	107.94088313896	116.998519745602	114.19957194207	122.854964851062	119.418349553066	0	0	0	0	183.050467144643	170.766213073025	172.286166720154	232.712460528694	220.746787997768	230.077045116256	118.471555358324	196.464704021686	109.061896785395
590.063	0	0	0	0	561.248839549907	63.0809364028548	71.3762541820268	30.8017846373322	15.5308705125816	49.8777725752072	40.7427032329881	33.9318516736051	36.2028805077109	17.81082906113	38.9281334062372	31.9114292061542	25.9636263050455	44.3997907913697	10.0013614081147	25.4290829573069	24.7861006032053	31.9835141426364	25.4545969881609	28.6583790640098	40.6889056684751	34.721580836713	44.9616418483853	31.7134322819083	37.1616924025952	39.6857932962218	42.1256535043586	47.0507219467514	55.7214132836609	54.4624304807952	56.7611869800148	67.8350927162358	70.9847082230357	76.3424230803157	72.5314594713049	74.3943135883722	77.7737782768731	89.1081686151926	100.989921969002	92.6874253370409	92.4660546209933	94.0356391024941	93.0165800431887	91.023463277243	113.092156733382	113.932592599247	109.133722970694	110.44256853395	126.474221120549	110.595216864351	106.672758546217	121.390354885149	119.055355485163	118.987215617163	140.655694098233	0	0	0	0	245.748173924685	186.097422213167	234.001076425232	242.693429977916	276.20817034776	263.914896281744	294.125602463786	314.170982464924	405.071750464306	294.305368714774
593.4	0	0	0	0	66.6399810678104	-11.6029239362706	12.6109187755566	-4.74682754859869	12.4393803748984	8.18085641395113	13.3161670846918	11.5876517866493	12.7322285505616	17.5054663579895	6.54469141070135	12.5030705130157	2.73508397205764	8.3523592972668	5.87373172246969	14.8674964362971	20.1201665375877	9.94282722495616	14.8457109281974	26.1725448935877	20.4363526664427	25.4695124626218	19.4970119456355	28.3610172650914	32.860163505011	37.1202178072574	32.2656536489223	42.3156416158824	35.7270448202652	42.3532013163039	57.0841761992597	66.4336777844966	53.7610881281729	61.1176133518013	59.7128233892903	75.2283873830638	74.8388033973476	78.5986738630523	56.4296015584256	76.8069821757467	83.7639988296858	84.0865557985609	79.1251816629451	88.4504260697602	89.0123529159508	86.4702188482259	93.7542155069912	100.273964922851	82.9913500371066	108.696540196443	105.222611373878	95.1403803944265	99.3407261054087	110.16950803595	121.930625905546	0	0	0	0	184.370036307307	145.81079139332	175.459404120275	168.786158989939	199.463567556482	210.215492809136	252.228705307501	240.316636800213	213.210516723043	221.27499971871
596.738	0	0	0	254.102292179422	26.6605652245957	11.8136559168079	37.0886935525134	11.7505339990931	24.6410973398458	39.8032493959016	17.8884044335614	15.9998888688221	10.740676600556	26.4127492055025	23.6327474259291	18.6293894297976	32.3508054427147	18.3728437700562	27.4882450398876	34.7977934829492	24.7339938275166	30.3827537289725	28.7079254229944	21.2707222958613	36.1588690576839	27.5602752439849	34.6001218523692	26.3127629448591	35.6705599319144	39.6161911121952	47.759342744742	38.5253252719225	49.6409384893514	53.228422057894	52.5160811358863	51.3424224746973	59.6245882916889	77.9608734135114	77.7489243850461	63.5535784443701	79.268390670087	76.23724672253	77.8646299235347	77.4795637003995	66.4200832274029	81.218903786863	84.7791408257651	79.6856617179373	97.3487857516907	76.7468860671643	90.9783893659752	89.597434242841	100.280894686759	92.6784003537056	95.2170162160647	102.123605096899	104.083652002459	115.2324966021	131.266206779536	0	0	0	0	139.6111461002	165.205654504483	169.233516272169	207.258288312885	238.3278749084	225.486364935298	271.008334191972	232.1583446887	267.350229009798	337.751728300595
600.076	0	0	469.917984791218	-0.790488502837944	-9.2753208537057	3.74549743330573	-31.1241630557565	-4.93473771084675	3.3762130966482	5.85252550797842	-18.1540116600997	-3.59748568165919	-2.30447690116765	14.7821669658151	10.4193225246276	14.9152158220572	11.8895799545446	2.7227538354394	9.14463136600527	4.13930785671145	13.3287293826803	14.3047111738827	16.3242746439422	23.0299861188815	6.59381515719608	15.4060973382512	17.5354672556342	27.4002814244402	27.5017363389077	36.2691530155258	34.0564278317023	32.8513059236216	26.5860187202973	36.0899082915127	47.9305786380394	44.7942423448759	45.8847829812781	60.2868253359076	53.5779430339878	45.657355269693	58.4704040383986	56.2968453135861	64.7199683682914	62.9137879897456	74.4509529957446	57.1727039941414	61.693516758588	80.2571733924278	68.5753381583095	77.5777785550795	73.3851617366233	84.7479631109313	74.6483708530852	86.122646072693	94.5095740028248	96.9947803623417	80.5563660530029	83.0842984900476	0	0	0	0	207.624843466975	152.467127148706	143.34854501321	187.895628896911	173.471450560146	196.298709484412	172.940584444519	221.948577564788	147.254853645056	240.114417782596	149.758285583823
603.415	0	0	85.7216365731413	62.7457556053558	10.1409146579903	43.0082319749645	53.2645464360069	21.7995582435765	38.1329158556912	44.6237070002165	48.5474440426873	44.7636289904797	36.9512160212485	21.0097650305679	22.5823754252006	10.0027200117362	33.9898945720025	36.660122268307	32.4922761772257	38.0757538428375	30.0461169911238	50.6863073636427	31.3102077945349	32.2127131381807	39.9142060658715	24.8510500990063	37.5847284277421	25.8691478751729	32.8155242573729	46.3863352414687	47.6183600976708	49.8153526496907	77.5952864867042	53.465536911793	60.7186211461934	65.0203466239486	69.3889177859405	60.1118425962333	73.903351922552	71.8796997361946	77.5406238514911	79.1469489334558	85.7949944981696	83.158600923798	58.1755108392422	84.0636117511204	71.8300027273904	93.3542797503057	96.4653997803578	92.8542517473694	95.8110717456581	93.1508670149288	97.3056227043333	74.0841879274178	105.924377921977	105.451803880136	104.801713242899	116.136495791154	0	0	0	0	158.244068823015	141.800175270212	173.904021457339	189.390397359699	197.536833071619	241.626134374761	271.343479148138	222.133743128997	273.588985821038	337.120743313059	337.709269642788
606.753	0	224.865763013088	12.1527637592848	-0.800381966553545	15.6315102881873	23.4470298997469	14.6284240395146	35.9864694279246	-2.76321332087831	15.755543181473	32.2151835525423	36.4141020187091	28.9250324944606	41.4713721186557	48.45114033253	28.6485765675322	23.5230138737025	16.539489945532	14.0595629036405	28.5254371659103	29.7262075480098	14.076812576797	27.5073848265451	15.991659875745	23.7429333500001	27.0698044818381	26.3757906581957	28.9204966501753	28.3259556218472	35.8218483997179	34.182545828633	48.2952819066236	26.2238379180065	60.3915377500569	53.2244761449951	55.5501327154206	66.1988525883477	61.8778710757349	58.7743179946161	53.0079820543876	69.0113101191317	56.1253962106098	72.2803707486208	72.4125552047508	63.0518454535628	67.6817311040231	77.3111094481986	72.0720357977664	79.6996260701701	87.4667835280992	59.8884652384014	84.4647255102186	78.9838951053778	92.6876259517799	91.5491039945761	79.1396169915241	105.067601231421	92.7933513384816	0	0	0	0	126.182638482085	136.454301065432	136.272423900319	178.750496771627	214.38483507586	183.036282414211	186.613453791834	209.6947887959	253.029302635692	219.828913203314	266.85859165428
610.092	389.360301502832	37.1435354501236	44.4319191534985	23.7452338953417	15.6730045984847	-2.27607042710535	29.3454422415435	24.7768841696627	51.3942042798415	23.1208449101503	40.5852141140857	22.5109052911445	31.9447017287992	61.5528210656492	22.7075394538679	10.0879840708732	2.3863940069152	27.1913609252013	30.4734343187654	23.5627282513316	25.0365787780075	30.1340831498359	35.0683813288833	23.6337207769333	18.4608498546843	31.4723195696074	23.1055148324028	27.2467293311649	35.8103681282843	29.201514163466	46.6115240773297	40.4535466802256	40.594316314096	41.1370567854166	45.7062800907761	39.9330424860987	49.2030834640504	62.4095669430074	62.4947750800392	48.9347438565541	67.6171291073113	79.5806098896884	53.6417669942916	70.4895304542119	73.7563939890839	74.8971625057685	70.6447221208304	75.3971513522266	78.3429932836782	74.8741892244578	81.9999317748185	77.846359332077	81.8712085931684	89.6721358656568	81.101183746175	89.9542644150185	77.9258388424069	0	0	0	0	172.056716002914	125.160470426194	131.122964137827	143.453222488538	142.077794289688	121.14751704493	204.466078648354	192.409628030647	169.539702158151	247.341550425262	309.616340009217	179.717500683517
613.431	62.3667979585	18.5285941261773	-1.73547393306391	-15.5488491791824	8.60338828807898	-3.78148566060883	8.79209572322306	4.99051635553627	-15.7410070801101	0.65070560037193	-19.0096884717676	32.8466010380779	17.4044748270174	2.7621490273018	29.0279813826095	14.1027340220713	16.8573685148678	17.4946285666497	12.3378580985752	17.6305598390286	11.1096800830542	4.82391069528176	18.8109422122047	18.3667276335761	23.7864063575548	23.033727191094	19.5502039242924	26.6894699738236	29.7716548275897	31.2581045581863	24.661896606653	28.5824314287743	29.7700125483426	36.8779804453715	49.4804344934097	28.3004927629583	40.0474915731812	47.7953188227712	46.0144571495658	51.1601517068286	47.2701914856679	63.1942744278662	70.2170132324036	54.4885904318406	61.4386167559126	57.229083378625	70.2339464381547	66.5533950422787	77.290157199251	67.5791346996395	61.4972412504226	66.1283293433471	77.0423468704265	76.1648314696218	85.2802299582207	90.7932840116579	83.5776406925443	0	0	0	0	121.956450364543	89.7430646873377	98.2139348662195	111.296799524118	145.624779962067	151.954630429123	164.678740204515	153.986184747064	200.2601848287	168.215393637729	237.041256053812	83.721984597877
616.77	22.7296411664962	6.56636337096986	40.6093981289439	14.9525795644154	22.2390214775529	7.68683816562102	28.2462566161634	30.1185030947411	38.1674136890323	20.7232473257756	1.90643412995245	-0.035355837433357	22.9384789193242	14.613059775257	23.0047273323629	32.6698454944842	18.5355403336167	40.6159413223584	22.3586947018154	16.5914148987653	16.5047015277432	25.2539302123753	20.0623571213778	24.5362791559884	20.0598231143714	20.2043792277077	21.8389262014132	22.7940055816443	32.17679793436	22.5636878828746	34.9916794935577	35.4125361786094	40.1639583540996	45.6014385798567	37.5656481122838	51.5538851314064	43.3719019895581	52.0762135830386	59.3519080276724	55.0087770119587	57.2295184931098	64.9001246130633	51.7829237766473	75.0119502946885	64.7528442754564	56.4437519852144	60.8228302777442	67.2073607986828	71.7034706201719	69.5172304921903	79.0732269660581	83.4114389371363	69.1785423742935	64.9055602496544	79.9965411205053	79.1119284479911	89.6002238897515	0	0	0	0	109.702504211643	118.458441881743	135.497293477883	114.154872047998	133.39691934581	156.92813996305	172.635890587248	142.897346045636	185.001918027636	226.851326339428	255.25826089424	339.948113509061
620.109	-14.6118390842955	35.885868540014	-10.8644811376782	27.559944480161	-51.7762193458406	-23.6634715234201	5.48639598181468	-4.40107611350226	-5.12982947241477	-6.58504060551841	-15.809579457472	3.03306618001205	18.8162212891946	4.15077710507095	-3.28993952186985	-11.9383144554867	14.4045253126591	12.0646273624103	20.34520973238	18.8554563704644	16.3488965621391	19.4718135410463	10.9269610986288	13.0959159190583	22.6811834694421	22.7599036598714	25.7744245739199	10.9387542814803	22.6498551897537	21.2139150865117	35.4876333457152	26.4135114494998	36.7641656717819	29.8811730544329	37.8506354393233	37.7315273759407	52.9317263332238	43.5222136061414	50.3012348837984	49.0873850119566	57.5131881552051	69.1949008249511	57.8282349052451	71.0888264350073	42.8066486853633	68.6342133406378	60.3956495768189	61.6205917520515	78.3619911824381	66.3851126488863	62.698190817186	64.6911069858762	69.2637038225645	69.0736614754343	55.3115686642826	65.6902928677389	0	0	0	0	150.887889879015	85.2569462811489	72.5887204900236	109.614958127239	139.673223613982	120.530522626599	118.095909469709	153.45940719623	144.562377681137	125.99179476876	146.158007711009	101.274760003775	49.8110913762864
