Sample - Blank	600	595	590	585	580	575	570	565	560	555	550	545	540	535	530	525	520	515	510	505	500	495	490	485	480	475	470	465	460	455	450	445	440	435	430	425	420	415	410	405	400	395	390	385	380	375	370	365	360	355	350	345	340	335	330	325	320	315	310	305	300	295	290	285	280	275	270	265	260	255	250	245	240
nm																																																																									
213.328	0	0	0	0	0	0	0	0	0	0	0	0	0	0	0	0	0	0	0	0	0	0	0	0	0	0	0	0	0	0	0	0	0	0	0	0	0	0	0	0	0	0	0	0	0	0	0	0	0	0	0	0	0	0	0	0	0	0	0	0	0	0	0	0	0	0	0	0	0	0	0	0	0
216.504	0	0	0	0	0	0	0	0	0	0	0	0	0	0	0	0	0	0	0	0	0	0	0	0	0	0	0	0	0	0	0	0	0	0	0	0	0	0	0	0	0	0	0	0	0	0	0	0	0	0	0	0	0	0	0	0	0	0	0	0	0	0	0	0	0	0	0	0	0	0	0	0	0
219.682	0	0	0	0	0	0	0	0	0	0	0	0	0	0	0	0	0	0	0	0	0	0	0	0	0	0	0	0	0	0	0	0	0	0	0	0	0	0	0	0	0	0	0	0	0	0	0	0	0	0	0	0	0	0	0	0	0	0	0	0	0	0	0	0	0	0	0	0	0	0	0	0	0
222.862	0	0	0	0	0	0	0	0	0	0	0	0	0	0	0	0	0	0	0	0	0	0	0	0	0	0	0	0	0	0	0	0	0	0	0	0	0	0	0	0	0	0	0	0	0	0	0	0	0	0	0	0	0	0	0	0	0	0	0	0	0	0	0	0	0	0	0	0	0	0	0	0	0
226.045	0	0	0	0	0	0	0	0	0	0	0	0	0	0	0	0	0	0	0	0	0	0	0	0	0	0	0	0	0	0	0	0	0	0	0	0	0	0	0	0	0	0	0	0	0	0	0	0	0	0	0	0	0	0	0	0	0	0	0	0	0	0	0	0	0	0	0	0	0	0	0	0	0
229.23	0	0	0	0	0	0	0	0	0	0	0	0	0	0	0	0	0	0	0	0	0	0	0	0	0	0	0	0	0	0	0	0	0	0	0	0	0	0	0	0	0	0	0	0	0	0	0	0	0	0	0	0	0	0	0	0	0	0	0	0	0	0	0	0	0	0	0	0	0	0	0	0	0
232.417	0	0	0	0	0	0	0	0	0	0	0	0	0	0	0	0	0	0	0	0	0	0	0	0	0	0	0	0	0	0	0	0	0	0	0	0	0	0	0	0	0	0	0	0	0	0	0	0	0	0	0	0	0	0	0	0	0	0	0	0	0	0	0	0	0	0	0	0	0	0	0	0	0
235.607	0	0	0	0	0	0	0	0	0	0	0	0	0	0	0	0	0	0	0	0	0	0	0	0	0	0	0	0	0	0	0	0	0	0	0	0	0	0	0	0	0	0	0	0	0	0	0	0	0	0	0	0	0	0	0	0	0	0	0	0	0	0	0	0	0	0	0	0	0	0	0	0	0
238.799	0	0	0	0	0	0	0	0	0	0	0	0	0	0	0	0	0	0	0	0	0	0	0	0	0	0	0	0	0	0	0	0	0	0	0	0	0	0	0	0	0	0	0	0	0	0	0	0	0	0	0	0	0	0	0	0	0	0	0	0	0	0	0	0	0	0	0	0	0	0	0	0	0
241.993	0	0	0	0	0	0	0	0	0	0	0	0	0	0	0	0	0	0	0	0	0	0	0	0	0	0	0	0	0	0	0	0	0	0	0	0	0	0	0	0	0	0	0	0	0	0	0	0	0	0	0	0	0	0	0	0	0	0	0	0	0	0	0	0	0	0	0	0	0	0	0	0	0
245.19	0	0	0	0	0	0	0	0	0	0	0	0	0	0	0	0	0	0	0	0	0	0	0	0	0	0	0	0	0	0	0	0	0	0	0	0	0	0	0	0	0	0	0	0	0	0	0	0	0	0	0	0	0	0	0	0	0	0	0	0	0	0	0	0	0	0	0	0	0	0	0	0	0
248.388	0	0	0	0	0	0	0	0	0	0	0	0	0	0	0	0	0	0	0	0	0	0	0	0	0	0	0	0	0	0	0	0	0	0	0	0	0	0	0	0	0	0	0	0	0	0	0	0	0	0	0	0	0	0	0	0	0	0	0	0	0	0	0	0	0	0	0	0	0	0	0	0	0
251.589	0	0	0	0	0	0	0	0	0	0	0	0	0	0	0	0	0	0	0	0	0	0	0	0	0	0	0	0	0	0	0	0	0	0	0	0	0	0	0	0	0	0	0	0	0	0	0	0	0	0	0	0	0	0	0	0	0	0	0	0	0	0	0	0	0	0	0	0	0	0	0	0	839.178631281323
254.793	0	0	0	0	0	0	0	0	0	0	0	0	0	0	0	0	0	0	0	0	0	0	0	0	0	0	0	0	0	0	0	0	0	0	0	0	0	0	0	0	0	0	0	0	0	0	0	0	0	0	0	0	0	0	0	0	0	0	0	0	0	0	0	0	0	0	0	0	0	0	0	0	-106.974081602051
257.998	0	0	0	0	0	0	0	0	0	0	0	0	0	0	0	0	0	0	0	0	0	0	0	0	0	0	0	0	0	0	0	0	0	0	0	0	0	0	0	0	0	0	0	0	0	0	0	0	0	0	0	0	0	0	0	0	0	0	0	0	0	0	0	0	0	0	0	0	0	0	0	418.162722772274	156.044272773903
261.205	0	0	0	0	0	0	0	0	0	0	0	0	0	0	0	0	0	0	0	0	0	0	0	0	0	0	0	0	0	0	0	0	0	0	0	0	0	0	0	0	0	0	0	0	0	0	0	0	0	0	0	0	0	0	0	0	0	0	0	0	0	0	0	0	0	0	0	0	0	0	2239.95621268512	37.3104426409304	-172.272984632034
264.415	0	0	0	0	0	0	0	0	0	0	0	0	0	0	0	0	0	0	0	0	0	0	0	0	0	0	0	0	0	0	0	0	0	0	0	0	0	0	0	0	0	0	0	0	0	0	0	0	0	0	0	0	0	0	0	0	0	0	0	0	0	0	0	0	0	0	0	0	0	0	80.0645380953442	128.29651838411	-207.849704961332
267.627	0	0	0	0	0	0	0	0	0	0	0	0	0	0	0	0	0	0	0	0	0	0	0	0	0	0	0	0	0	0	0	0	0	0	0	0	0	0	0	0	0	0	0	0	0	0	0	0	0	0	0	0	0	0	0	0	0	0	0	0	0	0	0	0	0	0	0	0	0	821.536332068453	-58.6902017114877	-174.540714340168	-480.504796365026
270.841	0	0	0	0	0	0	0	0	0	0	0	0	0	0	0	0	0	0	0	0	0	0	0	0	0	0	0	0	0	0	0	0	0	0	0	0	0	0	0	0	0	0	0	0	0	0	0	0	0	0	0	0	0	0	0	0	0	0	0	0	0	0	0	0	0	0	0	0	3270.55858073569	72.683131000618	-81.8662625938379	-407.470008237871	-396.884004422101
274.057	0	0	0	0	0	0	0	0	0	0	0	0	0	0	0	0	0	0	0	0	0	0	0	0	0	0	0	0	0	0	0	0	0	0	0	0	0	0	0	0	0	0	0	0	0	0	0	0	0	0	0	0	0	0	0	0	0	0	0	0	0	0	0	0	0	0	0	0	285.071592093516	-2.2372073385206	26.5533748937218	-490.462911791196	-29.3936312564189
277.275	0	0	0	0	0	0	0	0	0	0	0	0	0	0	0	0	0	0	0	0	0	0	0	0	0	0	0	0	0	0	0	0	0	0	0	0	0	0	0	0	0	0	0	0	0	0	0	0	0	0	0	0	0	0	0	0	0	0	0	0	0	0	0	0	0	0	0	1434.18164304411	-32.231075219997	-73.2144886181519	-343.75674940475	-369.565058672443	-230.606523418564
280.496	0	0	0	0	0	0	0	0	0	0	0	0	0	0	0	0	0	0	0	0	0	0	0	0	0	0	0	0	0	0	0	0	0	0	0	0	0	0	0	0	0	0	0	0	0	0	0	0	0	0	0	0	0	0	0	0	0	0	0	0	0	0	0	0	0	0	3789.38521507623	168.604865935188	105.080413543026	-33.9839597201213	-290.482285259266	-172.8486310128	181.240545598493
283.718	0	0	0	0	0	0	0	0	0	0	0	0	0	0	0	0	0	0	0	0	0	0	0	0	0	0	0	0	0	0	0	0	0	0	0	0	0	0	0	0	0	0	0	0	0	0	0	0	0	0	0	0	0	0	0	0	0	0	0	0	0	0	0	0	0	0	579.010780219445	108.04547299441	77.1245092058382	-123.475092831898	-100.749939776358	-54.7015112044512	49.9229198324526
286.942	0	0	0	0	0	0	0	0	0	0	0	0	0	0	0	0	0	0	0	0	0	0	0	0	0	0	0	0	0	0	0	0	0	0	0	0	0	0	0	0	0	0	0	0	0	0	0	0	0	0	0	0	0	0	0	0	0	0	0	0	0	0	0	0	0	1786.81728359889	218.19118594807	180.581429461692	106.834502465152	-205.042894686366	47.5775271913093	129.074243437823	-318.329704133907
290.169	0	0	0	0	0	0	0	0	0	0	0	0	0	0	0	0	0	0	0	0	0	0	0	0	0	0	0	0	0	0	0	0	0	0	0	0	0	0	0	0	0	0	0	0	0	0	0	0	0	0	0	0	0	0	0	0	0	0	0	0	0	0	0	0	3889.46766679512	293.151219457052	269.838382095518	236.792075950935	-71.6329488201662	-131.980970523582	51.7472524494801	-115.320646906115	71.6962491838501
293.397	0	0	0	0	0	0	0	0	0	0	0	0	0	0	0	0	0	0	0	0	0	0	0	0	0	0	0	0	0	0	0	0	0	0	0	0	0	0	0	0	0	0	0	0	0	0	0	0	0	0	0	0	0	0	0	0	0	0	0	0	0	0	0	0	694.812226124042	340.623425250138	362.508417576071	276.619551600499	78.0182533526219	175.061346135341	116.71165649282	116.493441618914	159.428656009567
296.628	0	0	0	0	0	0	0	0	0	0	0	0	0	0	0	0	0	0	0	0	0	0	0	0	0	0	0	0	0	0	0	0	0	0	0	0	0	0	0	0	0	0	0	0	0	0	0	0	0	0	0	0	0	0	0	0	0	0	0	0	0	0	0	1905.48065780972	320.922019188292	497.430162685861	533.688623212858	279.017649909343	226.364659800568	331.924028853178	270.049749131198	182.284724777644	4.72621774861911
299.86	0	0	0	0	0	0	0	0	0	0	0	0	0	0	0	0	0	0	0	0	0	0	0	0	0	0	0	0	0	0	0	0	0	0	0	0	0	0	0	0	0	0	0	0	0	0	0	0	0	0	0	0	0	0	0	0	0	0	0	0	0	0	0	277.463664169338	354.027005222889	543.798559165552	497.501023291002	260.78517393037	321.311192542872	169.811115412098	74.5446325164823	33.6824398587912	91.9222605858238
303.095	0	0	0	0	0	0	0	0	0	0	0	0	0	0	0	0	0	0	0	0	0	0	0	0	0	0	0	0	0	0	0	0	0	0	0	0	0	0	0	0	0	0	0	0	0	0	0	0	0	0	0	0	0	0	0	0	0	0	0	0	0	0	743.677530451872	291.487301338011	494.398546941689	658.735816233855	629.229091413255	557.936560567062	504.553460711863	465.550661607572	316.963106059464	377.76294671245	416.082445680071
306.331	0	0	0	0	0	0	0	0	0	0	0	0	0	0	0	0	0	0	0	0	0	0	0	0	0	0	0	0	0	0	0	0	0	0	0	0	0	0	0	0	0	0	0	0	0	0	0	0	0	0	0	0	0	0	0	0	0	0	0	0	0	2051.18680029981	150.204374738035	278.812568325653	464.308919541542	535.805057263435	571.907585279194	535.056084319095	401.62281275565	347.856148974395	269.998742101072	113.76336012955	155.64327129748
309.569	0	0	0	0	0	0	0	0	0	0	0	0	0	0	0	0	0	0	0	0	0	0	0	0	0	0	0	0	0	0	0	0	0	0	0	0	0	0	0	0	0	0	0	0	0	0	0	0	0	0	0	0	0	0	0	0	0	0	0	0	0	270.235146950215	174.900196397416	321.225481041577	527.219347631718	641.114798579267	670.279907596737	687.727493580343	568.129035044754	526.29717100608	387.675082644292	305.38350758387	436.116095297077
312.81	0	0	0	0	0	0	0	0	0	0	0	0	0	0	0	0	0	0	0	0	0	0	0	0	0	0	0	0	0	0	0	0	0	0	0	0	0	0	0	0	0	0	0	0	0	0	0	0	0	0	0	0	0	0	0	0	0	0	0	0	912.145757359774	107.700590477295	201.587700900459	408.216042200182	524.90361216361	603.288802783803	683.462830888906	650.0743291342	500.34669396392	423.577145040092	431.561543692732	386.119156449491	259.611742763864
316.052	0	0	0	0	0	0	0	0	0	0	0	0	0	0	0	0	0	0	0	0	0	0	0	0	0	0	0	0	0	0	0	0	0	0	0	0	0	0	0	0	0	0	0	0	0	0	0	0	0	0	0	0	0	0	0	0	0	0	0	2331.3203691684	118.185206620498	123.963979092659	241.058595499688	387.491083953381	487.517970530147	686.722661563515	674.356596692043	618.755333746951	519.79572599783	422.181156732333	392.987676332132	397.078360257036	370.018234544946
319.296	0	0	0	0	0	0	0	0	0	0	0	0	0	0	0	0	0	0	0	0	0	0	0	0	0	0	0	0	0	0	0	0	0	0	0	0	0	0	0	0	0	0	0	0	0	0	0	0	0	0	0	0	0	0	0	0	0	0	0	329.805551159566	117.16871887303	163.598413131821	281.127095105613	439.794468761193	548.563178971076	762.812229360483	726.512297858584	755.262456948727	592.870210635274	539.411980125407	502.890374643272	412.080022504215	544.6945708657
322.542	0	0	0	0	0	0	0	0	0	0	0	0	0	0	0	0	0	0	0	0	0	0	0	0	0	0	0	0	0	0	0	0	0	0	0	0	0	0	0	0	0	0	0	0	0	0	0	0	0	0	0	0	0	0	0	0	0	0	-695.701444567876	88.5897320269992	157.370137264203	219.388369855438	284.386997558645	415.31069608759	583.521823300549	679.104447935791	722.556725982018	614.12193432951	527.166422449267	412.704462987382	381.219380634952	366.575151774235	289.422641908579
325.79	0	0	0	0	0	0	0	0	0	0	0	0	0	0	0	0	0	0	0	0	0	0	0	0	0	0	0	0	0	0	0	0	0	0	0	0	0	0	0	0	0	0	0	0	0	0	0	0	0	0	0	0	0	0	0	0	0	-22851.9422587041	86.135501871707	149.366114175998	211.118933114538	266.765339534226	348.181103285308	538.356304453201	656.546325699928	770.55842883554	710.437598871873	702.768776246999	606.727112756964	549.842624664677	498.956897985291	612.593771907944	583.296008258086
329.039	0	0	0	0	0	0	0	0	0	0	0	0	0	0	0	0	0	0	0	0	0	0	0	0	0	0	0	0	0	0	0	0	0	0	0	0	0	0	0	0	0	0	0	0	0	0	0	0	0	0	0	0	0	0	0	0	0	-3790.05547292242	98.9301349391941	169.689646215809	230.305728738772	287.473433570318	386.079581972512	517.079434160154	670.686565839174	736.931934922042	671.208190702663	685.098224558681	512.919804969981	480.295732085294	429.004763280784	367.959709168683	478.38414239487
332.291	0	0	0	0	0	0	0	0	0	0	0	0	0	0	0	0	0	0	0	0	0	0	0	0	0	0	0	0	0	0	0	0	0	0	0	0	0	0	0	0	0	0	0	0	0	0	0	0	0	0	0	0	0	0	0	0	-6641.64653527824	31.3860351063985	168.843088807129	222.855092863296	300.582930467762	365.953207386486	430.617924868464	653.156713166775	719.708120060521	805.229584950919	729.749271453291	768.929835967981	670.189569411985	650.611513508406	543.490984269722	737.218302138943	958.475103371758
335.544	0	0	0	0	0	0	0	0	0	0	0	0	0	0	0	0	0	0	0	0	0	0	0	0	0	0	0	0	0	0	0	0	0	0	0	0	0	0	0	0	0	0	0	0	0	0	0	0	0	0	0	0	0	0	0	2310.08374225426	-281.335461889304	50.3060601968272	187.729345353658	260.195370285093	352.36346636198	365.534356852238	502.301140187145	645.329078862513	698.182771762802	697.231377676993	750.21798536828	583.028353867993	626.325407716345	457.021541746332	508.189851402487	512.605630609367	600.29579850823
338.799	0	0	0	0	0	0	0	0	0	0	0	0	0	0	0	0	0	0	0	0	0	0	0	0	0	0	0	0	0	0	0	0	0	0	0	0	0	0	0	0	0	0	0	0	0	0	0	0	0	0	0	0	0	0	0	378.429923896959	-8.36288575126143	92.5503049099268	211.280908814903	293.415958641314	361.789050523856	401.965394038562	548.348059484869	656.608971589662	736.137477262594	723.519024737004	711.539061385002	613.97003438769	552.63259235496	485.137885173832	492.665352513516	554.280146844865	642.145099414979
342.056	0	0	0	0	0	0	0	0	0	0	0	0	0	0	0	0	0	0	0	0	0	0	0	0	0	0	0	0	0	0	0	0	0	0	0	0	0	0	0	0	0	0	0	0	0	0	0	0	0	0	0	0	0	0	1263.9321458004	80.251037240842	62.4507773617206	125.358665219523	286.821735290026	318.470443209495	403.189475490653	486.278194037711	550.777319997045	695.851992282519	705.837837881071	701.999849261437	698.978940937563	685.134114109065	652.741371957669	621.023937571399	523.994790150595	574.133174745015	780.117784595268
345.315	0	0	0	0	0	0	0	0	0	0	0	0	0	0	0	0	0	0	0	0	0	0	0	0	0	0	0	0	0	0	0	0	0	0	0	0	0	0	0	0	0	0	0	0	0	0	0	0	0	0	0	0	0	2394.92912113143	121.792360631143	61.3603107846835	86.2217050953978	180.959478179555	283.990387051481	385.967995919834	406.864047471168	547.759973083867	597.915782434149	658.886236702359	712.817164553768	680.522355051748	655.183519474244	642.963683581285	556.834295811658	465.570244895986	532.309259025403	558.462153710008	509.500651143963
348.575	0	0	0	0	0	0	0	0	0	0	0	0	0	0	0	0	0	0	0	0	0	0	0	0	0	0	0	0	0	0	0	0	0	0	0	0	0	0	0	0	0	0	0	0	0	0	0	0	0	0	0	0	0	471.663474364435	96.836453679019	133.38098839313	166.41962766342	238.643552814608	355.274179395208	406.298166560741	499.283579827411	586.201087470535	638.733374398179	719.389824516724	711.374625609549	724.795166393389	726.510209155251	659.154355172744	703.7705634169	625.19740089658	549.682260859685	704.312723009879	690.561230328585
351.838	0	0	0	0	0	0	0	0	0	0	0	0	0	0	0	0	0	0	0	0	0	0	0	0	0	0	0	0	0	0	0	0	0	0	0	0	0	0	0	0	0	0	0	0	0	0	0	0	0	0	0	0	1112.30703248948	93.6633298204998	89.0217394416825	138.92817383882	186.1490523503	275.654029117847	369.137099910451	450.346230599156	536.129063419022	608.071494257232	666.245221702897	719.99140942117	732.560840633612	701.013754094772	671.079794017947	687.877845462791	572.07597396507	526.686911019463	694.948467869707	518.660705313357	667.783397761648
355.101	0	0	0	0	0	0	0	0	0	0	0	0	0	0	0	0	0	0	0	0	0	0	0	0	0	0	0	0	0	0	0	0	0	0	0	0	0	0	0	0	0	0	0	0	0	0	0	0	0	0	0	2115.08072510259	132.676746786295	80.720041809202	129.589020411243	174.657095968755	221.061008609535	321.259583913595	421.185424033811	510.47757754272	586.236113616309	615.174637479381	685.791399074149	705.844688594118	703.486016168708	698.768231946281	661.068264258301	660.899967045088	662.821222475431	586.015791290383	540.582255054868	683.41987357454	729.081493189347
358.367	0	0	0	0	0	0	0	0	0	0	0	0	0	0	0	0	0	0	0	0	0	0	0	0	0	0	0	0	0	0	0	0	0	0	0	0	0	0	0	0	0	0	0	0	0	0	0	0	0	0	0	451.706565672661	94.1575566203165	136.74153586386	188.893039748254	231.439554374969	274.742837399819	379.041669394938	472.429353134243	554.156990015027	644.674147352325	686.813674318506	712.245745029606	748.031570331764	768.249740753851	754.42496023846	730.045373295188	708.464097715016	661.273179239453	710.579850386699	741.441930619324	747.732306239284	1012.14995386985
361.634	0	0	0	0	0	0	0	0	0	0	0	0	0	0	0	0	0	0	0	0	0	0	0	0	0	0	0	0	0	0	0	0	0	0	0	0	0	0	0	0	0	0	0	0	0	0	0	0	0	0	1110.07211356233	66.88702505912	100.156448068605	136.534831848717	200.43932816445	272.545316704045	319.65229829377	410.574098434976	477.734749509975	604.574141832886	654.926844729232	701.782429130969	698.676299181507	695.005879804654	731.685120263629	682.402242628917	725.475274992389	666.974781113555	711.366818583388	617.699957903905	645.19510524586	718.002911182149	772.99445547798
364.903	0	0	0	0	0	0	0	0	0	0	0	0	0	0	0	0	0	0	0	0	0	0	0	0	0	0	0	0	0	0	0	0	0	0	0	0	0	0	0	0	0	0	0	0	0	0	0	0	0	0	152.960343908473	98.3712386758101	139.421428314089	180.051224860591	252.457447200681	313.347068358944	383.410181492236	451.24703910502	574.085430800961	640.30031665118	685.932404880729	725.428523111841	728.416869167679	735.993274197103	766.765152978159	726.39490535903	709.259251295612	708.239167580827	710.992942378549	781.64742820407	848.884055737505	750.866982436302	821.985573379353
368.174	0	0	0	0	0	0	0	0	0	0	0	0	0	0	0	0	0	0	0	0	0	0	0	0	0	0	0	0	0	0	0	0	0	0	0	0	0	0	0	0	0	0	0	0	0	0	0	0	0	461.489013271169	59.7222068641103	95.4460332952084	144.081740618938	183.335530106519	237.347943489769	331.140792478543	377.8796601016	484.74331923203	585.077600061177	644.592306256249	681.105477501352	724.368030221693	718.719329511228	680.285959090111	674.153063357387	684.114461334663	663.299816015806	626.279280438712	557.453164858714	650.55655228963	667.181895707325	645.13482214429	791.167496278395
371.446	0	0	0	0	0	0	0	0	0	0	0	0	0	0	0	0	0	0	0	0	0	0	0	0	0	0	0	0	0	0	0	0	0	0	0	0	0	0	0	0	0	0	0	0	0	0	0	0	1162.43160111053	69.6406060628055	106.068015700706	150.74199477942	180.744485560552	257.945124132148	336.48589046751	389.39525132751	459.656875989453	560.733895452775	658.603636544929	711.911995410372	735.320479852114	780.132869441991	778.187008558057	745.182136427748	767.073297590961	791.164379210525	719.65018899594	784.093272214084	751.226135576443	801.381554142977	908.424347489191	898.265952403306	1383.62044572196
374.719	0	0	0	0	0	0	0	0	0	0	0	0	0	0	0	0	0	0	0	0	0	0	0	0	0	0	0	0	0	0	0	0	0	0	0	0	0	0	0	0	0	0	0	0	0	0	0	0	152.115806120832	96.3543579408707	127.905232143096	167.650285258649	235.675978482634	309.663635247289	373.897444033748	440.085702923984	543.232659745908	618.463207850687	688.292667611199	747.793518146427	795.102500877622	817.124101853367	806.528161226227	804.264306711645	803.210961605544	765.436986685442	761.486197694254	766.795802876721	800.508375096205	844.321004221496	984.58521485493	1039.86838926641	1069.75329320271
377.995	0	0	0	0	0	0	0	0	0	0	0	0	0	0	0	0	0	0	0	0	0	0	0	0	0	0	0	0	0	0	0	0	0	0	0	0	0	0	0	0	0	0	0	0	0	0	0	474.56331085564	61.4292657077219	90.8470945330677	152.435853398795	200.700617677583	265.320410395325	354.304762174477	417.863323159863	488.681377265743	581.085615730599	656.34610811091	740.163679212796	769.603886702078	829.325375068631	779.24432629051	821.685127358703	762.666046177248	779.559363298732	802.155340095161	776.203715824618	818.818260487749	840.771850767324	882.058727836607	886.197306602689	1138.95213653161	1150.27979051811
381.272	0	0	0	0	0	0	0	0	0	0	0	0	0	0	0	0	0	0	0	0	0	0	0	0	0	0	0	0	0	0	0	0	0	0	0	0	0	0	0	0	0	0	0	0	0	0	1174.9789200883	63.7921050677731	91.5696405175702	134.286256048662	169.05250809048	248.663006510566	325.785266723599	392.513747795596	468.758093070681	549.786303147253	626.713233543819	699.377488694564	763.361563946657	819.314343301949	848.188071417004	859.561578034975	844.708735048384	854.695711703768	822.638518713664	797.918569777428	832.128796957447	878.201574280738	909.020912269319	999.03356456348	1101.67370582387	1051.4989790643	1371.65703679905
384.55	0	0	0	0	0	0	0	0	0	0	0	0	0	0	0	0	0	0	0	0	0	0	0	0	0	0	0	0	0	0	0	0	0	0	0	0	0	0	0	0	0	0	0	0	0	0	153.130163178685	45.4625878020123	97.6677567006585	132.525487076376	204.541956462615	264.235598474954	319.307342892041	428.328773948425	477.586005729442	577.589316117564	648.056523044546	706.995480049887	757.572179866084	819.018319360441	844.540886780656	859.321065838593	853.547452627204	798.832885709046	822.492941611304	765.752672798023	728.056988566648	813.418584497207	849.877872585236	895.275865756991	973.71825342787	1068.50579659946	1060.08707077168
387.83	0	0	0	0	0	0	0	0	0	0	0	0	0	0	0	0	0	0	0	0	0	0	0	0	0	0	0	0	0	0	0	0	0	0	0	0	0	0	0	0	0	0	0	0	0	537.037166556093	72.720576348285	110.784422331319	149.192704715958	196.161608599021	272.43930914738	328.438781214715	392.543197493582	464.015753669596	570.25955234461	640.511848276554	709.020096657901	796.061323465494	863.213569606215	865.723498811293	923.699324172183	904.075023585549	874.305593078114	881.82699925394	879.275110234785	875.85833162582	881.386331892245	936.963328322679	1001.5072206787	1200.11798926609	1256.57675014558	1342.48953982533	1619.3875628744
391.112	0	0	0	0	0	0	0	0	0	0	0	0	0	0	0	0	0	0	0	0	0	0	0	0	0	0	0	0	0	0	0	0	0	0	0	0	0	0	0	0	0	0	0	0	1283.18521575996	60.5868178527525	59.0612711191108	104.44393594961	137.452241685557	220.086619817134	272.308067034268	363.119813317188	416.357815756757	518.443372538603	582.493237136086	650.167672790112	743.532704401266	790.925108988635	852.64960604756	879.719313351548	922.315124149697	907.439221587577	866.047481802303	864.839936511415	814.924421342289	829.102909449435	792.903205834705	823.216379179621	893.044525167882	1011.46453593884	1141.73538735149	1327.65610425342	1341.9302209815
394.395	0	0	0	0	0	0	0	0	0	0	0	0	0	0	0	0	0	0	0	0	0	0	0	0	0	0	0	0	0	0	0	0	0	0	0	0	0	0	0	0	0	0	0	0	225.466588907522	71.8155657304925	105.251496707698	145.905009712359	214.939518938297	287.159497072973	340.064257744833	417.99848061715	488.000358202328	543.731123057407	662.91915782841	713.306357675958	780.159380020742	852.534778851352	907.523987420811	915.746030672896	970.574983618419	937.180175514694	909.577651450292	923.361449402964	910.800667639181	909.168228610033	913.672152777526	1022.47755509628	1043.62483301332	1208.51698397647	1352.1868338402	1586.69536382905	1905.7570300889
397.679	0	0	0	0	0	0	0	0	0	0	0	0	0	0	0	0	0	0	0	0	0	0	0	0	0	0	0	0	0	0	0	0	0	0	0	0	0	0	0	0	0	0	0	640.4213483933	37.2387596566112	87.0904817573922	110.256466660379	147.29113484026	222.057881822898	304.281643269832	346.998239671331	420.540375302219	505.561666054715	598.646717392762	661.104982163409	719.573958906819	781.41269656783	853.237928627332	896.033506351465	930.811176040985	914.495855200039	910.201533718163	891.202596468238	894.318708517029	852.947613408347	789.134776493169	887.105942076753	972.097964252992	975.232661950334	1051.82030412353	1292.70247099886	1279.06614769245	1400.78981737727
400.965	0	0	0	0	0	0	0	0	0	0	0	0	0	0	0	0	0	0	0	0	0	0	0	0	0	0	0	0	0	0	0	0	0	0	0	0	0	0	0	0	0	0	1472.2012563147	69.4569689513434	76.1031960673034	95.4569053635729	150.638910243378	188.952895710585	257.053814352271	333.271359116586	394.379896523689	469.08343885733	547.346444291283	608.586817296524	696.530305034503	746.456300507046	803.01470293709	868.540372732067	907.365411404892	934.444391805623	974.93119663169	918.692060615569	917.654263388254	920.139250571282	884.679146515449	917.674473444682	951.791902528782	993.771518644257	1099.70136029328	1221.35675243027	1289.26620502803	1506.10441588963	1735.23101089061
404.253	0	0	0	0	0	0	0	0	0	0	0	0	0	0	0	0	0	0	0	0	0	0	0	0	0	0	0	0	0	0	0	0	0	0	0	0	0	0	0	0	0	0	226.632758181755	51.3009014385602	111.681024701106	134.622726466755	163.840254229022	243.321133159642	298.323359485621	379.405816997906	442.160971937991	521.646727025271	598.019077079757	682.693713347857	745.236679865242	810.336697109303	866.569897393208	889.029383392936	942.000953457974	967.601845010354	969.401741334903	971.632156955454	933.110406017107	953.123781927172	935.676445493297	928.797476156534	977.159841782876	1054.34506772914	1159.68313686021	1379.87302857994	1629.50985548501	1680.95939999372	1775.55601166671
407.542	0	0	0	0	0	0	0	0	0	0	0	0	0	0	0	0	0	0	0	0	0	0	0	0	0	0	0	0	0	0	0	0	0	0	0	0	0	0	0	0	0	657.971112426174	33.0464106887715	53.4455235770489	93.8566016505414	118.545441979686	164.122563308316	225.022720179729	311.295446402265	397.295697796325	479.058826056404	525.883523867743	599.775368649033	681.342423314032	715.252511967468	781.834585340271	840.193096056341	875.845875064347	931.803146189228	967.91971155066	964.032086510742	923.597392092139	888.126615494638	891.028033832629	920.971371613784	939.189553052005	899.55134373024	951.167372237583	1087.07269948374	1174.18529329303	1286.44304475349	1469.5093553038	1480.08247820996
410.832	0	0	0	0	0	0	0	0	0	0	0	0	0	0	0	0	0	0	0	0	0	0	0	0	0	0	0	0	0	0	0	0	0	0	0	0	0	0	0	0	1530.86638970582	89.1350227877709	68.5176125092339	113.921284302136	120.179916584353	176.1229187776	230.536867468834	298.025233785857	371.413218038316	432.798681514326	505.540704474874	583.10802860215	636.417699953268	712.739833658668	790.560444984824	841.799781848507	893.95121828856	919.310515415997	975.865544818426	985.793568805068	978.385606356227	982.092116714555	930.721940809122	982.969545804672	933.938281943534	968.245683594918	1040.87596241301	1102.11656787235	1293.70230556326	1412.7281204806	1564.28202236497	1600.41254462809	1892.25685639988
414.124	0	0	0	0	0	0	0	0	0	0	0	0	0	0	0	0	0	0	0	0	0	0	0	0	0	0	0	0	0	0	0	0	0	0	0	0	0	0	0	0	262.734459848883	38.1180838100541	71.8929892295796	117.734501984613	142.778615225434	183.800761167278	225.0898675655	310.212392572897	382.768277548683	485.701269040395	535.835635728924	569.30820720594	679.046863520404	743.112415022571	772.243330693545	823.469853431867	863.299600137802	920.305891602275	973.300533865286	972.615150239056	978.483918267084	968.206010875795	923.673741744788	926.728018256309	946.071944760827	943.371763961464	971.430452148367	1095.68070563388	1219.70327619262	1264.93995132365	1515.68861782486	1573.91566998584	1748.47050312163
417.417	0	0	0	0	0	0	0	0	0	0	0	0	0	0	0	0	0	0	0	0	0	0	0	0	0	0	0	0	0	0	0	0	0	0	0	0	0	0	0	676.944257897662	77.1881438372906	67.7919667265902	102.085257257611	91.0954341493204	155.408578013836	197.284497072409	259.468108681115	332.626511227988	390.555562134364	472.800363263622	553.323884298576	625.119087848847	691.012194419191	727.631303193344	793.761673450415	849.607173076172	871.104279431821	901.270887205196	939.751572554112	958.607260815692	956.785836550755	914.125034106271	926.008902129341	921.915127799999	919.65296237659	972.13414707517	1005.86683562176	1089.75930758228	1235.56192786828	1399.55725600238	1445.85597309983	1596.07603193565	1798.44446113258
420.711	0	0	0	0	0	0	0	0	0	0	0	0	0	0	0	0	0	0	0	0	0	0	0	0	0	0	0	0	0	0	0	0	0	0	0	0	0	0	1302.77580183143	68.0764967040448	35.981416256387	71.9524494692482	94.4487208910659	135.890199610581	171.788586569517	230.59020301802	278.429966085749	353.590691737187	427.662538800738	498.712191252103	567.773075215613	642.838445368391	697.244415828425	755.230772891843	790.332973693253	835.077309008294	856.222683073241	889.272139722042	945.12303956646	959.137580432738	935.437714087394	923.193342732647	924.533210798374	918.124860614666	905.152534379077	952.332646493627	997.537570985766	1190.58684585274	1170.08944144421	1383.09592733828	1500.98728885816	1619.15200408273	1828.50145566184
424.007	0	0	0	0	0	0	0	0	0	0	0	0	0	0	0	0	0	0	0	0	0	0	0	0	0	0	0	0	0	0	0	0	0	0	0	0	0	0	231.666205301128	34.6521306485699	54.8346950647421	71.9393755516065	105.171144112159	125.384154667969	194.127858181747	224.247730802413	294.633442391947	375.514518843699	435.063082311336	527.360678703384	581.516583423623	642.717881904204	680.556626666898	740.336965603833	806.502134640426	801.88875249061	845.727777447755	880.602282555062	921.595534486543	920.738019317894	915.592658261116	891.913201995141	893.244895202194	887.401403674474	879.265755271142	948.509096061169	988.046819051787	1111.14630749195	1250.68346152597	1283.6414974239	1336.97566478815	1582.62503988396	1364.22184494994
427.304	0	0	0	0	0	0	0	0	0	0	0	0	0	0	0	0	0	0	0	0	0	0	0	0	0	0	0	0	0	0	0	0	0	0	0	0	0	576.70798544343	39.2703848087588	32.9014086733295	55.5873436895449	91.2847770085451	114.711945515524	159.678336358768	200.108546962593	248.459513587839	295.601505110418	383.646123281507	473.441064751488	532.402457537264	588.771358426563	653.243157689839	700.100712515333	762.827019772081	800.014107600292	846.717596758363	833.682038645384	881.252914564934	928.917160956679	908.456645097863	912.945085705071	901.692412312533	900.007142333363	940.70520563279	897.395652812116	956.094642856071	998.291832384799	1060.06635615337	1238.44454482359	1397.02359369346	1536.22372181077	1482.96701433239	1596.33739343531
430.602	0	0	0	0	0	0	0	0	0	0	0	0	0	0	0	0	0	0	0	0	0	0	0	0	0	0	0	0	0	0	0	0	0	0	0	0	1057.48192812224	61.0486946283586	19.0521590473842	34.0456271792385	74.3706015870617	96.4413476218121	137.269317478214	160.158745243583	213.48656940257	265.891380811513	336.476455202224	388.005033527474	476.058211605373	558.26395307487	604.570096926115	648.48739835821	701.374491778347	751.785162962718	778.432397286071	811.499836727923	821.902017350901	877.85236152942	896.742567629264	883.612816066834	904.416916840938	851.901723157568	887.938063862704	849.982801457284	890.240200425876	946.812200091942	1014.2438707716	1132.76768627128	1200.98166451869	1324.30756767378	1373.76211496441	1493.09347385872	1627.87483896272
433.902	0	0	0	0	0	0	0	0	0	0	0	0	0	0	0	0	0	0	0	0	0	0	0	0	0	0	0	0	0	0	0	0	0	0	0	0	207.121999060518	41.8189381731566	48.6182986974835	77.664047673678	109.364790532823	139.906079475721	172.321131748088	202.502086906217	247.080395692486	295.805389146165	367.931546474219	423.291501253913	520.354152820196	571.67912121086	626.443776167443	692.185171703956	730.456000956203	771.372725313979	810.057424898912	826.734693272939	856.794656182996	869.263048699649	893.537700778047	905.516892924399	906.607160162596	888.637148958646	888.406662472793	909.65864969231	910.553220481685	960.999405460267	1044.6786313034	1199.06287483927	1317.45406519242	1436.42752627292	1584.67737514066	1635.47788833238	1718.59876027453
437.202	0	0	0	0	0	0	0	0	0	0	0	0	0	0	0	0	0	0	0	0	0	0	0	0	0	0	0	0	0	0	0	0	0	0	0	512.876040043055	44.415154425927	46.5927707002151	71.2343245994076	95.5745944834001	116.206638267158	137.036812877857	166.183454751779	216.489384057338	260.278447582903	309.68665991012	373.623748244458	447.759907416254	523.968320797125	581.101305570529	635.046279952562	674.368355142715	722.223513210789	764.15225978053	784.890555271274	820.596021320233	853.108979124187	857.993772208378	874.496163190369	901.963706853792	880.641638449921	872.370241608066	869.091740887891	891.231883488478	917.941349796743	934.333890061865	1054.79826967558	1173.78151197648	1330.0731592255	1375.60408835437	1519.2646037368	1664.33930204115	1756.04170118787
440.505	0	0	0	0	0	0	0	0	0	0	0	0	0	0	0	0	0	0	0	0	0	0	0	0	0	0	0	0	0	0	0	0	0	0	1008.9811481527	54.5088655686085	39.8111914492007	57.1836585913942	61.9518302723006	100.578540181335	111.323301902277	166.209907791076	181.561201106949	239.163466288282	262.584200273721	333.576207167084	382.824988798647	449.38953007246	544.74251701438	589.159745357362	629.984682383655	680.618914708291	720.448705726433	752.613610516467	795.578011211933	801.0389100384	814.463257372413	863.022986083868	866.125504856574	866.305498805716	872.650057125267	848.099087108172	838.794491449876	845.20504453633	922.225036957167	923.772111573196	1048.63382780173	1185.54180264735	1358.99074617688	1446.72040928329	1564.08547011393	1637.43316885349	1477.80954001643
443.808	0	0	0	0	0	0	0	0	0	0	0	0	0	0	0	0	0	0	0	0	0	0	0	0	0	0	0	0	0	0	0	0	0	0	186.260472232701	31.758234203089	54.473323243387	67.5141578385339	101.818760669774	104.39410585001	142.129883691808	173.208844259002	209.775817195133	246.327795181129	307.934472635841	326.264410407872	381.902886702144	460.788359027952	557.121681425795	599.948841214049	630.416214042003	687.144002910662	731.418902557281	748.806431519564	778.593537312593	811.119936787925	803.521719949868	833.847513718327	845.352980479194	858.36135208457	846.981932482867	836.782188486934	867.082837634903	882.668018548315	905.014046476365	960.619361163825	1032.20153110602	1182.99290143868	1258.58204144432	1501.32743551668	1592.62698082771	1641.51571868722	1670.7339370591
447.112	0	0	0	0	0	0	0	0	0	0	0	0	0	0	0	0	0	0	0	0	0	0	0	0	0	0	0	0	0	0	0	0	0	483.431031088049	41.9481853690922	45.4484505390203	63.2994380095027	68.7969276050941	91.6982834585142	124.156417847196	137.644996943184	194.155161857113	207.760079938368	262.874054788451	300.637696921398	342.42120480907	406.630249009378	467.209979562923	536.562945255983	587.762174566512	636.763890105133	666.496362181688	696.74660977495	737.000024325741	752.753457745891	771.418127612795	802.911275572104	816.166181089846	812.775454992816	825.991652266705	829.190080808163	822.635527624599	830.86613263202	838.934357625776	873.366586060489	941.964164598384	995.477497586357	1185.825977177	1259.58229692925	1370.3306393697	1435.76742646455	1544.38716594456	1566.49397626296
450.418	0	0	0	0	0	0	0	0	0	0	0	0	0	0	0	0	0	0	0	0	0	0	0	0	0	0	0	0	0	0	0	0	948.098719524738	55.9445039428642	36.1453181885037	53.3740124673198	68.7706627085947	78.0764707371362	119.148578815115	127.126724106161	164.248262616465	194.824427974941	240.848991051328	261.067227287343	312.907553864991	342.314440653615	396.509770918429	474.618594018325	543.588885293452	579.701755233371	618.331200840989	659.558244535574	707.021200439428	721.655490348609	737.029469407967	745.448049666633	763.115467645984	769.381292698659	802.199601793581	807.119339947487	802.934231992611	774.62591849939	784.209523694141	820.653815509671	842.381666282301	942.827491675438	1006.43274401081	1110.49245554887	1304.37257785136	1337.85113795538	1564.49629067871	1439.55109972699	1585.36099559571
453.725	0	0	0	0	0	0	0	0	0	0	0	0	0	0	0	0	0	0	0	0	0	0	0	0	0	0	0	0	0	0	0	0	157.57902279419	25.7476565317333	19.8025692762093	46.7905338191743	51.6772680567214	92.6515111968421	101.779599300041	117.056291699655	152.399242213666	182.277047378159	226.968615586808	259.055685426178	290.209716262231	349.729536517092	401.836894349361	467.051101822245	514.411396037448	574.775464503919	602.859644267027	632.519543737697	685.31130372563	688.181902943505	709.746666181599	729.140133401253	757.905674682361	777.809136781129	756.32259985701	769.055151367989	762.193125292535	763.181170730639	782.736450255548	812.876798166704	832.824051167374	859.116720112314	996.4528896807	1069.40177791763	1264.27053819151	1301.03532264139	1384.69642436495	1435.79583627014	1484.62234363394
457.033	0	0	0	0	0	0	0	0	0	0	0	0	0	0	0	0	0	0	0	0	0	0	0	0	0	0	0	0	0	0	0	407.828516053693	41.127997742019	43.5541834869802	64.2431535466945	73.7489392699777	94.8818629724405	113.396907082668	144.309129090346	162.183758293225	207.727436461523	232.449261671237	278.111768921486	295.002153793896	332.141470337352	387.489917078476	435.203979485876	479.154085053699	542.086095089593	584.520702709878	626.35229186472	640.419169528352	681.833682703991	711.173859606106	702.29968933189	722.608005893652	744.201202462282	766.265986344227	751.611110775374	782.065021317619	763.302308383216	761.200768423684	776.332381265929	799.295198888013	880.597644882093	912.186528623141	1038.72170624132	1199.09200814685	1310.49243465684	1473.13645415258	1458.73674175614	1699.20478197502	1781.99748314337
460.342	0	0	0	0	0	0	0	0	0	0	0	0	0	0	0	0	0	0	0	0	0	0	0	0	0	0	0	0	0	0	757.952579417753	32.3036889279367	17.6944761781114	33.6395119306676	38.3704965657285	65.8841756111156	67.1051369771529	98.0747157214555	121.133441113087	161.570049293133	164.072977621298	222.027641780835	245.812394801685	273.473777934828	318.714269721474	353.474893486501	409.174006236019	457.024746093403	513.309701441734	551.747507846259	607.614378230973	611.32461401846	639.924217243242	669.947711047615	671.828864594507	691.974826635178	693.17861435419	719.518807808141	719.990043778428	733.09513498914	723.741258545059	726.787604482859	756.676169333727	746.570953891303	807.361420557116	860.298873917089	960.834372883544	1054.92470476198	1111.01493625335	1317.89297652999	1340.35817207636	1237.26919773478	0
463.652	0	0	0	0	0	0	0	0	0	0	0	0	0	0	0	0	0	0	0	0	0	0	0	0	0	0	0	0	0	0	140.57703391205	29.3766643562455	24.1893670785477	41.6546895091151	53.5304085214903	80.295937621646	93.1478029497211	103.675098621157	129.576816001351	152.471903345841	184.127895517826	231.811495857481	238.78918324703	310.091806573114	327.114695402755	378.907309262625	417.347051056125	449.610618433868	516.781866785361	546.463343079386	575.139289630111	613.731008509513	613.58477272932	635.821092873215	641.244269627153	658.221606502998	686.89840550812	696.186213282526	675.888649342022	712.428928508354	710.797402874406	720.206552126333	692.364600216629	737.332137496322	781.90690642972	842.603298906565	931.364913362233	1065.19266817783	1192.08868512643	1287.39729915156	1364.36555773508	1318.31753621839	0
466.964	0	0	0	0	0	0	0	0	0	0	0	0	0	0	0	0	0	0	0	0	0	0	0	0	0	0	0	0	0	325.796384066829	14.0128287213832	24.144829612446	29.9252104958653	45.2001127218299	46.6504032431983	79.7797439246021	92.8301636573157	116.658553484437	148.09110601645	175.763976177339	194.178914763001	226.505327038912	253.469131614563	306.920755071235	319.310629730484	362.973300497738	406.317203357664	454.432965007646	486.207538197802	533.785321520656	563.231183367933	606.895182572169	593.382489320459	626.511433754259	650.848622191526	637.552441328169	656.596422157199	664.767894682484	687.589404276397	690.940682949887	658.864084811141	681.660409152381	684.865414018582	732.732789661755	772.183447117406	819.995675523884	906.439267084126	1020.22713414011	1100.81737924626	1245.25743084897	1294.73086190158	1406.76155592679	0
470.276	0	0	0	0	0	0	0	0	0	0	0	0	0	0	0	0	0	0	0	0	0	0	0	0	0	0	0	0	621.014718303294	23.9733836534462	16.4773369455256	23.4176892907179	37.9544164033728	46.9076100166697	62.9383366791673	79.3470838770854	95.7821163311895	140.712580045553	130.105538806924	174.1786048581	186.066099926786	224.837654953715	261.310915370615	285.61767661625	320.829508320761	354.595063698225	387.170281477484	443.588193766175	476.776403107894	521.609067104412	542.176139974441	569.646271365915	592.6751196815	606.638929349461	605.168590462245	634.147080666845	627.555864833553	647.504640227944	642.744768397104	650.474648054115	682.00643806206	641.805680048322	676.495810331099	691.675335597479	767.449053840633	804.221071130112	915.135897223061	958.756756860075	1083.46487115905	1203.68824493973	1113.40390654053	0	0
473.59	0	0	0	0	0	0	0	0	0	0	0	0	0	0	0	0	0	0	0	0	0	0	0	0	0	0	0	0	90.3929369329445	26.6169184396568	26.2700064841562	41.2894391215901	64.4388615785901	70.3114025663171	82.9899181822674	110.589929861273	129.384744204547	139.689449109853	164.591373503897	212.44370037364	209.938680717089	264.300083005795	262.255863406681	304.206476028506	333.781079760332	372.290983194907	401.13437010653	436.742003141819	494.740309788842	534.047918263891	550.19756666896	560.455321756639	575.482033698264	594.561609858667	599.64041501299	630.453540584691	612.763742991478	633.729778930942	625.561061932446	626.780586763125	647.603126914581	663.271529129237	661.287200789654	710.386127263272	760.586598862677	819.100408535701	914.116910449738	1069.13328968649	1126.62792703205	1183.51632527659	1353.81049968951	0	0
476.904	0	0	0	0	0	0	0	0	0	0	0	0	0	0	0	0	0	0	0	0	0	0	0	0	0	0	0	229.230350942593	16.1573239737873	24.3409648318211	28.233720866219	39.8070675698714	44.9924301611469	51.3243133177254	72.4862366369515	99.8733894080114	101.866089135015	137.460089671206	147.562358230061	175.967087439128	207.380186923637	242.801546505802	258.506118455386	286.880565653556	322.605640115725	346.34942821267	375.045772901621	427.805847519733	459.995949827512	497.007408529902	511.211171280602	532.960504236658	542.633737925823	572.43400832518	568.4176499104	579.560329256241	583.860168773267	599.338216267883	592.137401677922	613.0099255078	610.565334824779	634.581601768326	615.494388592689	670.631603567747	698.581381709334	739.907615165034	839.500188863138	910.302344845906	1081.8926490986	1054.31727610653	1131.70754539355	0	0
480.22	0	0	0	0	0	0	0	0	0	0	0	0	0	0	0	0	0	0	0	0	0	0	0	0	0	0	502.322655874461	26.2299121767545	29.5377633956135	27.2929736247828	41.5117986357313	56.5660832240322	65.2000406404797	80.6038027628814	97.0927188543184	106.12562558867	133.867035712168	162.039325867204	190.78727123025	218.944272344187	238.814862014821	255.374077548922	290.363968247891	317.849709256895	330.16062207464	368.539811537699	405.964903931364	437.184847764805	474.529292575605	506.012920086279	515.038368918843	521.70457195795	550.709237283992	553.273109642729	570.543660658739	572.109496703015	570.26346576694	588.777907234408	603.610062511102	589.054519582033	608.915865216518	610.147658638212	636.41494508604	664.916759111118	735.910719237621	767.862374571297	904.187601804139	964.67081406816	1105.94213611731	1240.76092981472	0	0	0
483.536	0	0	0	0	0	0	0	0	0	0	0	0	0	0	0	0	0	0	0	0	0	0	0	0	0	0	80.1140928188172	22.6417006689942	21.2174239940996	32.5122683925044	29.3991006477639	54.3420035168485	52.6348448186219	69.033197909556	78.3954529376549	105.234806790483	136.209760276316	155.764748919458	168.131117018771	189.399673334893	210.365049245981	236.694034700724	264.876970793364	288.510737782267	318.519411502583	333.00842773864	366.365416470186	413.914262364319	438.051071369579	486.823196556458	496.522792770237	495.683926325415	519.89788180455	538.4959382262	530.938526782732	548.589327775879	559.398066305028	549.592948335406	567.437950482135	591.701690447302	584.571833119069	579.058228993461	604.048997510233	634.589151718793	692.872031664811	731.657561347979	808.371409914387	974.207761347055	991.98786428032	1108.27800078261	0	0	0
486.853	0	0	0	0	0	0	0	0	0	0	0	0	0	0	0	0	0	0	0	0	0	0	0	0	0	239.697619718676	15.1985932573904	24.4093718003741	21.5215077078779	29.7586979327287	43.1142235673451	48.9410341916723	69.6237448926343	77.3726680541037	108.778515882782	123.007729684695	137.653338096386	156.824614617649	175.901918515875	209.704609204985	232.600430204822	258.382923177117	271.987661905683	293.478571891641	310.986184078623	347.489088802153	357.653902493278	407.742939908787	449.899873757855	466.356569857234	478.579164813157	491.631106366622	499.714370733087	515.677700707816	496.421588534608	529.078031938061	549.165200042771	540.903197846267	551.016335996155	549.24360002891	564.281680157427	585.10985851122	589.94362706584	643.595743969603	667.20663806803	784.523035971194	811.800356229577	927.663524514736	1033.50684953468	1060.82734947935	0	0	0
490.172	0	0	0	0	0	0	0	0	0	0	0	0	0	0	0	0	0	0	0	0	0	0	0	0	516.626706385491	29.9117953178335	18.365617107416	20.9128703139098	31.2683318079155	39.6367389638311	46.794891218504	63.7177357311926	69.3089223449669	93.3342521126325	110.988456138519	120.503663347536	140.389104453762	158.358853848477	185.19119175676	190.643755681005	221.344473395156	249.665362467227	268.037514778846	300.228597993135	316.638923531155	340.248302625543	348.632764462843	394.55730650803	408.859567659597	454.51447527319	466.608579436394	467.278626195574	490.698292318392	482.593650431609	502.927573900515	526.36117175413	504.500032109857	513.84192004567	534.189970504679	541.626238884975	542.300482922701	548.107028130012	569.356261392911	629.275251155992	675.554613974436	699.39839199146	795.612305892657	866.19134252199	1004.74111314085	0	0	0	0
493.491	0	0	0	0	0	0	0	0	0	0	0	0	0	0	0	0	0	0	0	0	0	0	0	0	75.1379324580586	15.1577479519518	22.4248292052616	21.855714035835	28.2779713786286	37.0485611700557	37.6220450525418	53.6667002872458	63.0268491708204	81.1662388467042	103.410526027524	115.243682517156	140.842178664902	154.825243685567	166.685811147092	189.304799197411	223.587056480194	229.494569121881	276.329240187716	265.638991407505	286.267045922366	312.447063783999	342.322114717188	365.573049783886	400.935013955702	430.304513437987	440.20365069968	430.371426049423	460.364239514046	463.929531276755	472.924041644204	484.790113168	478.641252642487	478.020643756643	501.191628942252	504.07866522393	539.663366838348	534.88053268542	547.308321187528	586.471044060264	615.29862217608	680.473041180346	753.983889285955	838.479363010766	964.297043409903	0	0	0	0
496.811	0	0	0	0	0	0	0	0	0	0	0	0	0	0	0	0	0	0	0	0	0	0	0	266.884603027786	20.58874427472	17.3835648473518	27.6267557699059	28.7112295527555	35.4679856624118	46.5973240058422	51.8634902342477	66.172591211078	85.3911985419228	95.2902884643722	117.627623778786	124.485431925044	147.41049029072	168.01965952929	188.804046260966	202.034258314481	230.586146383789	255.744323561293	268.633223938166	271.519291599837	302.616297004554	322.79813894396	337.954895679865	373.081078826599	402.061661767772	406.991183427763	423.774239462848	434.479354152647	451.813786835052	457.52997533481	469.453855074852	468.339920023001	467.298990509883	478.629142421758	515.401510184136	502.291020628135	509.202531095238	513.048250165158	536.661306683538	595.564431885946	611.822240113735	694.871178790922	746.340665336602	888.194678361289	994.62689895775	0	0	0	0
500.132	0	0	0	0	0	0	0	0	0	0	0	0	0	0	0	0	0	0	0	0	0	0	548.075143140398	18.6329266982939	13.8881911617522	18.5014478475717	23.058631755498	26.9173338720313	34.819765410946	41.7278872527092	44.8624193210785	64.9079768894859	72.4547588849566	91.0941135093806	95.4136643156357	129.579738326415	131.831379782844	152.416228768148	178.916202731478	204.907253666261	212.576430511102	236.730348141048	246.165511546123	270.584352492275	292.279155816321	296.448823047135	326.730827618828	354.893729640073	375.780090466884	405.326134835193	409.158554034037	425.711706922446	414.066440937964	435.800336024775	425.491869004762	427.897069736292	442.585298086739	453.486554691687	452.444689570338	492.239497599479	491.343790493856	504.189528906673	530.395752578269	548.991308801237	595.414294549398	634.435147506045	757.431798273945	816.189832431205	0	0	0	0	885.928984585934
503.454	0	0	0	0	0	0	0	0	0	0	0	0	0	0	0	0	0	0	0	0	0	0	96.4255912985969	14.6846675835617	30.1467680675985	9.68784813235758	24.4265290940751	29.0037922643471	37.6214881362224	48.9124870531275	67.6117669452192	53.5121457449625	80.8684867056749	102.160346826466	118.541151104893	125.90516819311	143.768873889101	163.294124595559	184.545059374105	195.032610604244	221.970701891546	230.259807380636	244.81954189317	253.954297334299	288.066164493372	302.175988683598	313.849294885186	333.642303670823	355.525383699313	380.229475478469	390.724828002185	398.082555417668	403.272025767453	397.974672083255	427.546042906102	417.647247251078	427.836514028107	423.954564739949	466.284659817581	460.272670255432	464.666956850139	476.862007873316	516.750980571628	545.092509022809	576.260098034042	621.885085542075	728.137641641222	797.108701711259	0	0	0	0	957.04953962838
506.777	0	0	0	0	0	0	0	0	0	0	0	0	0	0	0	0	0	0	0	0	0	255.641541266158	-0.889655832694748	0.236989596847114	16.186052102009	14.3328030108472	23.4610204756891	34.6448708665704	40.7660628559528	46.7301527481225	57.355773133317	71.9408995875877	83.2006095048085	87.5656196096147	105.92375557965	133.766890885759	144.815891510856	149.341245737136	189.43600110463	176.82218755313	199.154931201492	203.603977815991	237.51150627102	253.663561152625	263.875844929869	275.479987725791	297.123033287001	328.206500496375	341.230783463469	363.676969397486	370.2165540153	351.67649357194	368.086064262148	395.463511891568	398.969301413941	412.753462956222	414.005168290724	412.383146694746	415.304934076714	438.25614738103	422.234582935795	446.465024359104	483.217542794766	520.719212497183	551.692674602043	593.203392929056	645.064337068721	752.488951143586	0	0	0	0	929.769007987405
510.101	0	0	0	0	0	0	0	0	0	0	0	0	0	0	0	0	0	0	0	0	509.889945433647	17.9040111387842	28.1632758909227	29.1626718141422	18.4023612580755	28.1309422545517	27.9849940748943	31.5905104547181	41.2620041685806	50.3539209586913	65.275335225115	73.122427989729	97.8855905939809	104.265304882956	129.590978247037	133.736359258893	150.441330476716	159.567458201089	170.452121879736	184.76922014297	213.66115134818	215.916631845797	240.417975246068	246.444818633903	257.029628382497	275.017643526795	292.468665075791	313.71822830441	341.140951971933	340.628005286593	356.07217086829	369.119096096658	369.316768983361	370.625620399939	378.703534895755	380.66179364095	390.100997641773	383.225520904811	394.740634305225	421.308300484035	425.706028156035	423.959717960451	451.758634518164	501.551695671871	524.767523102399	561.494483065678	643.670626369129	0	0	0	0	1061.72389408386	1003.1425894281
513.425	0	0	0	0	0	0	0	0	0	0	0	0	0	0	0	0	0	0	0	0	98.8062191111995	11.2730866721831	12.7742823585749	8.3199770117048	14.8182796819277	13.9643774466826	31.9612978033959	38.9963412154577	39.3820960244905	48.6690281236005	56.517303780536	76.3401155810232	79.4718034763186	82.8314494348763	113.912781718856	126.012778704589	130.877388649321	140.786480091175	185.15436687769	161.254405192054	186.374488904196	209.052494970058	224.297063312707	235.749014235501	260.742124785697	253.074742058386	263.257711112386	282.521988869725	312.161058921413	325.029388146755	313.96015700708	334.582630590054	343.785443113329	340.118703101959	347.02704626546	354.065963883691	347.549234621959	358.064272365623	388.290111379517	390.725779701127	400.041440160721	413.560355567321	418.368693931158	461.807556653455	507.331904848119	551.696633928023	620.295785375205	0	0	0	0	685.096916570888	752.622097906433
516.751	0	0	0	0	0	0	0	0	0	0	0	0	0	0	0	0	0	0	0	238.763776210933	-1.0811627037643	0.321194453206272	0.881867680525641	18.7404049022892	31.9785191843653	11.7520588396172	24.115741379286	27.8582652087292	38.1451084029376	51.5886883661121	60.218329623231	76.0910041205186	83.9648524369186	98.30268708734	99.7833834284024	122.432969132855	124.353089075568	149.377600403913	162.693836321442	177.209007494116	167.606493010827	193.880912503742	204.319747438067	223.137763868124	237.7437304266	238.435618217946	259.091625464063	281.431993342344	291.096423724453	306.871893841486	319.738909186843	318.469557022833	323.399884486677	328.947486343463	334.937088983718	334.267939028096	332.197209168966	353.172255803918	358.335295624605	384.259392020913	398.502112969726	395.476352655717	416.00540726485	412.902785567221	464.491153023307	467.56302510418	597.178543303305	0	0	0	0	737.921868406492	586.042610010478
520.077	0	0	0	0	0	0	0	0	0	0	0	0	0	0	0	0	0	0	509.535349496792	20.5355209287803	21.5875475942584	23.2479560472639	27.2118872834185	19.0468830736258	25.8451319832501	27.1976859850846	39.8679999474902	47.7555020278971	54.8141144285345	66.7218094511665	67.4399754282662	71.9920991478384	87.6520403816521	110.023877152147	106.105106713138	117.58732414648	139.979834478944	160.121713726128	167.264419261259	172.325351776285	205.76151139063	205.569536036821	220.272119680793	232.907818935903	247.812058443983	250.213208628095	256.070501653262	279.347554502866	313.19625330279	291.612645186014	316.462953019014	321.115475883524	320.155838912899	351.209785321484	344.255129000064	357.357174826559	336.28672570095	361.768063898253	383.62912513201	378.987576728838	382.365985915289	404.12009787047	410.489658508548	451.042619429725	501.909862685262	545.415191119901	0	0	0	0	868.016812083209	833.633438362479	900.117146940402
523.403	0	0	0	0	0	0	0	0	0	0	0	0	0	0	0	0	0	0	83.8336800740321	5.06439813243547	20.6394119117576	15.8248062396265	16.8647568535141	19.715244278219	27.2664638134467	30.0699766548974	34.1633713735509	44.9910074718101	47.5341610410814	54.3634193171643	65.8359125373599	77.8839394484259	93.8861010927245	98.8036892010631	103.628644135088	121.728176380959	134.143515249081	153.483515265462	179.411886302884	190.9296559071	175.581760866701	199.869624245442	201.079207388603	207.702679763085	234.519396558037	237.505773941823	249.554605891089	263.139021270405	275.982179744569	284.145350772322	310.582347130981	302.460238128538	304.144773848034	315.417653070721	318.654992715184	334.060865814371	336.855636442169	331.008628689142	335.906728871414	357.613568378349	385.883939254437	374.837805647478	408.396177532199	428.850189859564	454.892017655983	520.50354553665	0	0	0	0	743.314255851755	720.904802284069	737.077633183417
526.731	0	0	0	0	0	0	0	0	0	0	0	0	0	0	0	0	0	173.183306578841	18.1997814497738	28.9591989384635	30.9761173153443	14.9682571807829	37.2256122544605	28.5866575533544	27.6996382111947	40.9595239325775	41.1281490627669	43.8498717840034	49.4230976643316	54.3246392687864	77.3297496226459	74.7447563765137	105.056809074605	110.190509589837	127.079103935787	131.276484606346	151.164678091756	139.585990939634	151.547478497153	173.024863898833	187.456379660791	202.607772956954	198.168781951396	217.37141110886	218.521147736281	221.646575233013	234.739487935263	260.761300062556	263.909241454794	276.647643589935	283.363652056318	283.770450240687	298.008329949345	300.416156272885	299.909398369363	310.887029345034	318.807745169471	328.262536011911	326.806465550767	345.655294634914	342.815856496554	365.238197426534	367.785163299126	407.881368065064	427.26627793534	511.930152796622	0	0	0	0	719.515292562729	637.069840469401	857.327725769673
530.059	0	0	0	0	0	0	0	0	0	0	0	0	0	0	0	0	-349.758752189035	10.7785887158995	-3.98984151575199	9.49057522827711	-2.12746306346247E-4	15.7381915331855	6.73271443761358	12.8673903454754	17.5966039648805	17.7663390921721	23.5834492741445	41.0725574674698	50.0463141604843	60.4484185777515	56.7728301036301	68.8106242702894	68.4250271091881	88.8181173493892	93.8851376705914	109.11387006112	108.567803569868	128.540722064276	156.150494156634	141.60802137623	142.48244540887	165.373519849256	176.010102598957	190.5254314223	195.688861366764	198.99252666915	203.621444403148	224.395056267997	243.370725311946	252.065546888829	255.394123488551	260.059571798088	257.43706246226	264.373732241538	280.922718289867	273.674241322341	262.043678530006	290.101662335822	306.31540853111	287.632419497581	319.76846042145	317.359953920044	349.830013167661	349.305099826165	389.829276184875	0	0	0	0	557.586477760742	582.188907735729	557.354019782101	590.332316652269
533.388	0	0	0	0	0	0	0	0	0	0	0	0	0	0	0	0	-20.2134692783655	0.402213950619867	20.9045346995538	18.4440678852264	15.9854878071323	20.5834160392713	28.15840694993	26.5550175793703	36.0828752914963	35.2077377208994	46.8441026859297	43.0556702538035	53.2206615310858	56.7194043178998	70.2197997577603	79.2756691908467	86.241955768722	111.784985705538	99.8991684575168	117.339782627328	130.791948912173	136.076207275425	149.950620267101	170.713566532472	165.708988621186	180.53174032826	180.580581431061	197.041153090011	206.055236251215	194.922417058335	222.430969955953	224.622785075288	249.372396634844	244.766853925564	251.744619635013	242.821520496389	258.821235502049	268.117915466433	257.879032088254	266.621257771261	272.091882830677	281.506236288776	285.623170726065	309.664487770102	319.020331643236	320.497476614866	343.429554501032	351.264471130978	382.502032163715	0	0	0	0	619.203984983776	592.049153363709	705.047233889456	769.617440480602
536.717	0	0	0	0	0	0	0	0	0	0	0	0	0	0	0	-54.0076638647043	23.7231306205656	40.4197644889011	14.631170670489	16.9791432725862	43.0849947533996	25.289748356855	19.2013281464282	37.0843006964262	25.6291532870349	33.9980150330231	41.7914259994703	44.421134474977	54.2898583385086	60.4209464315202	70.8361274835428	77.9643949706747	80.4637555590588	97.8178561714051	102.419019325616	115.594046761106	127.158526578977	137.246881811571	157.643979557143	140.997594271513	169.650032954124	179.571649264428	173.5538682944	179.10309887774	188.316448515571	194.793219513819	202.264241992322	220.381419106633	225.339304045742	237.736715768417	229.950109615497	245.243882952738	251.472635252497	254.863648115558	259.552613248488	265.201199283887	267.563309165563	265.066915784128	291.197205774409	290.451531965142	288.623017465326	310.692190813998	318.017999274159	360.908456915731	385.027438707624	0	0	0	0	627.900389718827	712.498116455895	581.665638323129	708.42626521492
540.048	0	0	0	0	0	0	0	0	0	0	0	0	0	0	248.858004726796	-25.7467235531461	-28.061662570828	-10.4733742463281	4.01105781175467	4.59875941205363	13.3787520913334	5.73331273897782	18.0218417202307	8.21042142962071	22.6122109884068	24.9097850248296	28.6401223993531	35.3431796638466	42.1467429627595	48.1819719684289	62.5520930691396	51.1243808444272	71.3163596091452	86.9490223495074	96.446684477661	100.988011212799	112.283804150178	124.941432009631	108.163988954643	143.877797914852	129.648361542321	162.592788264179	151.238082768579	159.346531813573	181.659462688027	170.761755308835	176.745309778078	200.508502548789	201.852286877165	212.354214619167	213.017845250779	215.440025731092	216.12897199934	230.125521033596	222.909797270797	234.283108995202	243.707818475011	256.649199403778	229.881939558963	282.265743531425	267.595347965019	296.867099078421	309.226311712847	304.228507306213	0	0	0	0	580.552358403976	493.309718674386	470.177906507352	445.660656447753	471.488390934571
543.378	0	0	0	0	0	0	0	0	0	0	0	0	0	0	48.4066604026453	17.7426120934704	18.7698796017692	34.5764651440317	36.4384495088473	27.3415885194184	30.2260781180728	12.3779858725251	25.9002622605268	30.0018663845328	33.229600479857	34.7482179598303	43.8791059973575	41.0912190370748	46.8859522748601	59.2536820512532	69.8322487834301	80.6948526925025	71.2283974960849	96.7598021581886	98.6219633341011	110.110250078366	125.373508348107	119.256593396335	138.705538842057	130.375758701463	144.69631699569	160.717354600729	182.701414744725	167.689441142426	175.447757302558	183.858925739099	189.436100454499	191.661164814462	215.420747781883	205.145857502321	219.410165279598	233.990546064079	239.224375936464	229.071172793934	244.262822337588	239.708625810315	242.16571885402	247.550899070429	272.326206812368	267.115123353131	258.876193814128	290.174136329315	281.336749401568	309.663685147445	0	0	0	0	557.848790647932	556.950653890494	663.245807796507	573.070993477535	679.155321802659
546.71	0	0	0	0	0	0	0	0	0	0	0	0	0	219.586534739624	3.95673031460219	14.6539834775954	-0.939924378751353	8.6369467367125	16.9992373875884	20.5752675684302	24.275200043033	12.5504617436344	28.0711520984156	21.6125838271426	30.8958585453514	37.2383628432392	36.7040264177608	46.0920715524548	43.6946152407323	59.2500854435425	62.0031543231253	76.0701463305103	82.0058874750736	91.3225135935273	87.0130515319671	99.4664030773863	111.20511045838	122.044523432875	134.175044821727	136.041074886091	131.28835566213	139.496817373249	156.209736544352	167.239700672473	172.340078793457	159.84511975003	166.722318874453	179.518755334183	193.357919873714	214.322278096706	208.856077121692	206.561766492482	211.0113635864	203.291624408183	219.872230663712	219.053158393777	247.580999640907	244.178147759987	237.784522386868	255.044076354489	258.206502531602	291.644256218259	302.217719022348	316.66852482834	0	0	0	0	481.447586896527	465.387068641646	515.352951078975	551.227171922923	589.358937198955
550.042	0	0	0	0	0	0	0	0	0	0	0	0	490.811562570905	13.5733084397605	0.489073300063653	9.49635355215745	27.1673830477665	14.7306385882829	12.868923310518	18.249336618525	34.0738122277495	15.379804754791	21.7202972089942	32.1180899696659	35.7673397625981	32.5867297769222	37.6445059606028	45.8808215978345	50.6131382785081	45.170208288298	69.2745735675208	66.6775490957703	75.0497922215243	84.5465149798473	91.1547190231864	105.495461010503	108.012198088836	117.18920101412	120.080156734985	133.883620522024	147.360056323554	129.650209303475	145.048956088927	152.353459223862	152.031206709994	174.427174112734	171.869047377871	188.822910135472	200.708500248899	199.550174891698	203.387448240394	193.080359811422	207.112522978099	214.481713511165	206.605086321325	223.265757280451	220.83455200264	214.224890950195	212.276644715558	224.087692757317	245.133811255152	259.294309044929	262.557217128987	0	0	0	0	524.190030133586	441.981580153337	510.864014874871	500.826470552139	466.877811083073	642.317969393181
553.374	0	0	0	0	0	0	0	0	0	0	0	0	71.6904383483043	3.63453034876718	0.985652438693892	-11.3466630137854	-18.5366923483592	12.9385300494897	9.10154309957742	12.2358110309974	15.6512025955879	14.2667562907342	5.16529248474793	11.9924998446216	20.8005133721846	31.7546601821209	28.699106230194	41.5260798287085	46.4056003806033	50.4559823926972	45.5717068881302	62.2215783748179	64.8719155707716	72.5954083771606	73.6462083413447	90.1997350672334	88.2172701272188	97.7986358460968	118.834826447849	115.339103983163	123.19678755801	125.758064626186	130.454778370524	142.996192302789	138.908368448396	140.617191500139	150.873544483142	166.550793800488	174.889530117284	183.316124651646	173.29704388246	183.218883897719	178.980539742744	186.949652737286	195.56455547765	197.809464704162	201.701138447254	218.828346237968	219.822188150983	225.16835108382	213.234833922688	243.915906329011	268.588853521117	0	0	0	0	376.885421864482	380.888801602563	356.610452497429	415.352468813923	408.572818428191	171.840350814547
556.707	0	0	0	0	0	0	0	0	0	0	0	197.584476825873	3.77929084757818	-23.7052163258691	-13.2665375540401	-13.5995761592104	10.2829594293597	-1.28230531138695	5.32391152043288	-3.52805364546013	-4.07204509355459	0.671500513533527	16.0255061727574	15.7328546901491	12.1918995862426	22.3616335056085	33.8820729048353	31.5637248445481	37.220461776786	42.2744375987694	47.3491135056732	58.1912751364653	45.7995971428626	64.252366259919	79.979748691769	73.6886803326397	76.9248393143318	103.737430386751	82.1144045763911	98.1626859021156	102.742203351075	118.022496281854	116.076174342177	123.209702403834	129.410082340209	135.156894950715	148.072688537353	146.484448076784	155.441197481971	155.777774874567	160.450887431993	172.499127004844	166.436091073388	179.537340803328	175.648696940581	178.16685534976	183.90518485408	194.275022398426	193.129213216349	201.10777849253	207.685260633816	227.37335288296	210.966724756439	0	0	0	0	358.940227480937	339.164322077489	375.242027401831	422.266211044923	326.097287320007	257.627202213885
560.041	0	0	0	0	0	0	0	0	0	0	463.177160018336	10.1731529865585	-11.8904465870622	10.295226359696	8.33946061525826	16.852525347058	12.5440729693562	7.69022138087861	27.4939094703038	9.38697335223359	15.8893854079502	28.9970542900589	15.6995669499542	19.2159764722343	27.8408028926593	36.4018049696677	31.9710962723307	36.0922288315346	45.5278122673699	53.7247063922199	47.5232306379972	55.0478276190634	74.3577006393498	57.8230622187879	69.4695327081379	84.0602006887231	93.4171734970102	94.5671576525691	99.2407543258591	91.2904963359773	105.566405106941	114.982027125217	121.654803278087	125.680139016438	138.388908897525	136.763767457877	131.345886504881	152.967480099463	152.596339452297	165.47046075155	169.581774967931	164.240184430828	157.703335242211	175.704682399129	178.548771557229	173.756760042171	178.630392697759	190.408610428138	196.59475479285	196.289543245635	198.971440989377	207.993411935288	0	0	0	0	347.747172708397	359.484536511706	339.937655531567	400.328630791704	413.812407710074	405.112712065553	478.127655980153
563.375	0	0	0	0	0	0	0	0	0	0	66.8121069239401	10.7899095349106	17.3350372667355	20.6520371488541	26.0999543738449	12.2029181234486	-4.0512150133549	3.42658413682404	30.0702663031762	18.8652104182759	29.2934791728842	26.3553084813171	15.4507068149786	33.4532160302382	30.4345672095757	32.9375460293651	37.8899356351803	40.3237297022333	41.2456410349329	42.5351130832861	61.058220225821	59.5924490703918	70.7563340691223	80.718450229477	82.2303531091283	84.9547529126452	97.4865699574295	101.828594063531	90.9237880386426	114.746916663913	111.11392516388	115.371887026896	118.359291168103	119.496332157957	127.147497112756	130.057312310702	131.212670973083	140.09382310487	126.314745590494	149.940830917061	154.240585151528	166.457628652681	160.701032239977	164.905417663415	152.861542214693	172.82577076139	171.024223982562	196.643414150806	183.298502333623	185.349561393377	198.895058944589	218.042594446512	0	0	0	0	350.656328582257	393.385845718441	344.765607113512	354.879119015299	409.355356606177	448.911151781738	316.20351236145
566.709	0	0	0	0	0	0	0	0	0	171.080602271788	-4.8189648989454	3.4635823786961	-27.5256794290559	-12.0618233456347	-4.01102407947894	-5.76999102614247	-6.87622605989769	-1.75412141881939	-5.03627802218034	0.383858077127778	7.15514187647822	9.11774432970914	10.4600227608403	-0.591359891227747	16.4631386218896	22.0834686603148	27.267426990077	29.6293781135834	29.8791174255234	39.2345648338244	42.0040406557017	42.2862346850148	45.7209013158541	56.183271662385	59.9174832247145	73.4855414855568	82.1321049709984	70.3082042518273	75.4675741139747	93.0522140359681	88.7819954658565	100.664300791709	71.8974035371384	110.66928630811	103.452119806854	104.859218528027	109.347840093211	117.450755870814	128.919636745538	140.456620544688	129.860864635443	142.849019042543	147.304733845569	136.229904504651	143.106350513456	154.020029140797	149.702282508295	155.603209892784	153.305167517825	166.834061679187	170.260465742547	172.722612869902	0	0	0	0	276.194029633595	209.677595157167	344.023849865501	288.361139983809	323.863669657803	329.295530509665	214.266825339161
570.044	0	0	0	0	0	0	0	0	487.297070986208	-5.09231941400513	12.2114759695963	7.03380816391467	-4.47282025205315	4.26459167588483	-3.04904905728534	-10.1731493416095	6.01906717504129	-3.56003087185156	8.06875488338084	12.9788721428443	16.8366360581723	21.8186396261863	9.99815167747781	14.567826510838	22.1328073399888	34.4561934742866	32.1895774340674	37.7336947503207	35.9534251323758	39.6532564842291	45.0815290650818	57.524744671056	38.8078045847824	61.762613300669	59.0267034917222	69.3897824381005	67.8447704575857	74.5292551130208	80.0840800848141	89.7379140586224	76.8044750360681	107.108875432857	111.691378649305	88.5741264292744	107.712556481506	112.670402232809	111.079156374314	118.414220098081	122.754746484997	137.546874037309	129.273668131732	124.457613986785	145.362993199746	154.421861605741	141.534190327201	152.091802623364	158.257352353092	162.141638594876	161.379156412217	171.302422376541	173.327888445008	0	0	0	0	258.339236924812	262.2133824742	278.372667888434	266.200711155744	252.399653864362	341.210111778666	211.105492903537	262.534818155259
573.38	0	0	0	0	0	0	0	0	74.8568267822334	22.3520021287554	17.807093094619	48.9200334994428	19.0889123859576	17.1590650519344	21.4789546013501	28.2938553384137	37.7624115313689	9.8153787339177	17.9445183464393	30.1886892266151	13.0882493727759	34.1740509365451	28.3143318016862	44.0317457318512	29.5218649827514	37.9264118010147	33.4830950592168	40.5316782739382	31.0539650739339	45.5886453983546	50.7192695519634	46.6799190172919	53.4883537112275	71.2416011703258	73.628259733394	67.3192167029616	71.2011562832959	93.8109002111658	86.0997213276034	83.9949566280487	113.826694888369	89.3683875633906	115.19263946667	108.651703011973	110.018209303539	119.864968582624	109.950729741704	130.944511640182	140.927208953626	133.536780434564	135.670304502191	145.136555961143	126.504774956538	139.22728861721	142.403133353516	142.138158881246	158.902106609261	160.400650021285	169.800775877516	162.498848679497	173.6266389293	0	0	0	0	269.327578914389	280.529762590866	301.300179109049	361.774749855598	418.641121166726	341.232031936416	391.687382894075	433.906678487677
576.716	0	0	0	0	0	0	0	175.526551157152	29.7813373396488	44.0039237177196	15.3194050644009	32.9566530802319	15.1432410153244	42.2896675335659	28.0664632523376	23.8529320767004	14.4383002559468	30.2559402817056	25.1832647641994	13.0241550548371	34.5899445975203	34.117520588857	21.3516210519616	27.6020709929068	28.9461189463734	29.9656402777543	34.1154352953076	36.384461801813	44.2896558007858	40.02560481526	45.0360887303323	55.9132374615215	67.5105369760399	51.6852883032211	68.2406531708337	82.4577772734852	87.0448352040795	76.424679152082	82.1496541746523	85.330822320893	97.1230878356732	95.2139560727116	111.837627294774	95.4619068853885	117.371357041031	102.347381752329	113.078222483349	114.413889758852	128.172942315741	141.47629925185	128.959364249809	122.417041387849	137.432970079619	148.769466462058	127.052428037612	148.085835991918	141.293397708023	151.589502884356	164.572520161199	167.68950823037	175.616695672876	0	0	0	0	247.373600578381	287.958493714891	314.552063352359	286.37211946871	336.521763545663	412.062592887572	335.963012599711	497.168285728376
580.052	0	0	0	0	0	0	322.739205110365	-6.14497945025747	-23.0275431974272	-25.9924529122981	-10.3593077839967	4.08824143292998	-5.02893129503028	-19.1422803630176	-11.6722786454319	13.9886593008742	-0.951120825645401	-7.08189721845648	-2.12894788672456	-4.86641424926121	4.1990149732609	8.55907214352714	9.35210511991739	18.4549137960363	15.1355989421229	21.0036164292716	29.6268970372315	24.1441006497639	24.1988175388694	35.7296252985713	32.8994393182855	33.8656047254468	53.3554237729555	51.3492846602313	57.3701577265695	52.2365037791348	53.141951945643	51.6641763789888	52.4929572025439	86.6104881643206	83.5191681615481	75.2302278236284	82.6285713792934	81.2478558128453	82.0686231044353	93.3871811399108	91.6722050211853	96.5716144083031	96.727330906123	99.3351173391993	121.981034367319	128.777949217808	102.480845557645	107.504521761683	113.586364791546	107.996101014414	119.254801045169	130.93363632657	130.510841635769	145.590446000511	0	0	0	0	227.073075437874	196.594522754265	191.879296312914	216.758037718345	293.321709113909	222.357550442178	155.995454314447	221.632383341906	127.375574411917
583.389	0	0	0	0	0	0	19.5747327319924	-22.9554280742304	-24.1573273771423	-20.762926315662	-4.23373211596538	-20.8856342204684	-13.2805264734528	-7.3773182646868	-28.1687784099979	7.65132175656717	-7.81446282365497	-0.446177899037402	-8.42574740090277	10.0162008096723	5.29877469141863	13.7775901908334	10.8189662021324	5.79244595436141	15.766246070459	12.3601821501921	24.5171487514412	23.9389367483117	24.9989153870806	31.6268194574047	34.5308668356197	27.5515266353192	31.4431237853991	40.103300473111	43.7889730335719	48.4101247673557	41.4433220628672	53.6886123927715	68.3488954209385	58.5970000729634	70.6983893361091	76.8014532376602	69.8546403023564	73.1406692153818	87.8306807028266	76.7570626526973	82.2689966672423	83.8428378362346	90.7903406697101	94.9122654307297	92.8087302136799	88.8033709169931	101.326863152422	95.5287002486953	107.649471129208	120.206717121517	105.346892607517	108.627451591617	126.24923317678	115.599342673954	0	0	0	0	180.689674594631	160.295144282271	188.497897325419	205.514868327827	202.183945434534	208.094701375396	202.917684262163	154.684635751281	118.841221329689
586.726	0	0	0	0	0	139.517986194809	-8.31880880674474	-19.4482246111021	-10.3538210815156	0.586419733623895	-18.6001697609641	7.47452292811063	-2.21581900011092	-16.7462159922209	-12.0030825828251	-6.69416207991261	2.25964185034318	1.71691175530108	-0.845045738976292	-2.79860103709767	-7.25106637739668E-4	5.95423469607519	9.82228921665687	18.4264045420906	12.3719909666378	14.3161881970499	10.2460617976936	32.9245872116629	26.4902885949576	28.8274374834288	31.4411445062586	41.1536035600259	45.0268854234361	33.391967690968	45.9031804479258	37.7262714512151	60.5987108167572	64.3403919977962	52.0174756954268	56.3720104525315	52.1606656851974	59.3857532792541	59.7991870070557	57.5687304556814	52.8963421820825	59.2840715716207	70.4847961329512	85.916905356822	81.5008731359239	90.9815496460314	101.949896962723	89.8740071819172	88.8799233446923	90.6392395472984	97.3436997856223	99.6359333250787	107.492197662653	100.854830149739	105.331741700156	116.931467932219	0	0	0	0	152.723358087982	159.883560523181	174.295858091321	175.071514535631	171.01784995819	182.14616392592	129.608238512012	245.142088496621	118.072644865835
590.063	0	0	0	0	417.12336703656	58.417586506909	49.4380909103683	28.9261065752057	20.1492979044087	49.4881024861203	33.7262431580007	34.6795114286272	25.3459128111929	25.2341511940341	35.0984514329568	38.2513473571805	32.0198914649041	27.9789710862808	21.7838760858274	25.9910041965755	36.2325192873122	28.9263552881719	34.8469473187553	37.8857038813451	33.5101252709518	35.3505475430594	37.1368869401286	29.5542499691171	38.3070490226572	32.1177727449297	46.8523164424405	42.6181880529893	62.9803971319247	62.7696693020962	61.8631268628931	61.4163738362242	74.5844610878028	74.4318884552099	77.2767762040358	73.2699365498673	79.1641606903285	93.1529292747907	99.9060716289266	94.0807296526631	89.8277484738005	87.1400401477971	87.654038445163	88.639607067761	106.385917438566	102.34053170735	102.352568481645	112.013938562374	109.140866731211	110.770173064885	111.969835356117	121.337447474255	120.445154953659	105.277164489737	144.276913528752	0	0	0	0	236.306393134756	196.475558888852	207.725548297236	251.743522252554	264.172384487087	291.200316781878	313.59281791965	358.603013383576	346.125940979364	340.369799289407
593.4	0	0	0	0	77.4326854728301	10.2280765474945	19.0128878158278	15.5896014013448	28.2634282944635	13.2848094143985	13.3893508775088	-0.0207171639319323	1.64528827295765	22.3320312340363	9.11101144114934	7.22934856749761	6.44053144071736	10.1451100310331	-8.91723242787018	22.2372826688227	21.7507094076975	15.3145363018248	9.96205831930883	10.3022952583113	17.7024810456385	21.9083581015602	15.9434920319347	28.3548472019089	27.2286888494487	30.2618449523678	25.6322595286714	41.2443196724054	33.2167436979065	37.9396420634315	49.6661514596526	59.6213752428466	53.7534985897451	54.425769988141	62.0468138657009	59.4167819172412	58.3084965209384	71.8329931385162	55.8312014420638	64.5498125141937	69.0051821902396	71.8409830559104	66.4659571260693	85.7221916050136	79.6958481089496	90.8525384450568	84.1949881325724	96.3811706547063	86.8204981561456	101.145235949709	87.6312883085601	89.7314841371138	88.6540097568652	106.105244955241	109.39357234597	0	0	0	0	166.751020423463	132.623635140046	152.323477875153	171.69631451052	162.99063106162	186.191221427726	203.578837380665	220.762093785105	164.07473603065	329.181605384587
596.738	0	0	0	142.329900500262	48.9751161459826	31.1659771895281	54.4623516107263	29.7738147952991	27.4271841537237	52.8739052008124	40.2788558834092	37.4760851742794	49.3191805168416	17.3103878796774	38.1828150529232	34.441767811362	57.8841991510875	22.051296639661	39.2613746527573	31.2897761585753	25.6363168342831	32.3051852165158	34.2708387782721	28.1773691553133	37.8911692195824	34.2670637181796	36.045932892646	27.836205400905	33.2281798450992	41.4697245197241	46.9853833461599	45.2027277976422	53.961797507507	57.957336111634	72.1023944425004	55.9733311523344	57.9831350520465	63.3025451774968	78.8096527531734	77.646540357219	79.9332566890502	83.7550330171431	80.1995191355326	83.3375997077131	81.1764321821365	82.8074402610528	92.961770010797	99.7702135162541	97.7677938422915	82.9841624032625	95.517847584473	97.5234127400616	96.1517538091044	105.858218061896	106.846746194815	108.862399051116	110.075538749179	109.037813876464	141.363815643242	0	0	0	0	153.019064830841	190.214105560033	171.030172779412	219.158906981491	311.4854038505	262.561212021181	281.608590645056	235.030752980094	361.728097545644	395.787465871199
600.076	0	0	185.266663386232	16.2331738160443	-10.0964145745032	18.8353697200069	-18.1781536010589	19.5698210338974	14.2495270172125	24.1891300472203	8.79183898030279	22.9306348787715	-0.593607747870093	25.2619416161535	24.0790365972925	10.9786672909959	13.8523809023846	6.38088569697379	15.3174145962136	23.8026178208943	13.7960649917653	12.1284098763088	19.9655976690444	21.9591921426565	14.3117348241802	16.9165620325975	22.0084506686875	30.3456001897997	28.6537401208928	36.6746514037083	37.4528445161934	39.8754386695252	36.2010455117892	35.6627498179151	45.2909845557334	41.7990890620646	50.8319807419914	60.0732075646372	54.1844002379228	50.7796056218038	66.1508324638713	61.1322112129783	59.1548696665144	71.596482606883	68.2611992491859	71.0443149157336	65.8734025170311	75.5471287680774	68.5587733539635	82.9756361594263	85.4662756968627	77.9972078332978	79.4281655174578	85.0082634171439	102.672308391734	90.7589436027891	95.6099665523305	86.8489210887725	0	0	0	0	164.933919171327	136.281611524917	158.329336827841	189.025572498613	160.279209707115	205.315798307135	163.748441695052	189.440144546587	238.526501708771	163.81541641922	239.594882969229
603.415	0	0	-20.969786162147	7.36327604316654	-7.04724565402732	-9.1094981790332	40.3314977177853	12.6943355258692	10.2520884184827	30.9986514783938	19.0209345781863	-1.22258921570938	27.2514706016221	-3.8640410880862	8.96961020846036	10.029355436228	4.80138451008608	14.7220668217698	28.2438401304336	21.0551721888152	19.0765871567501	18.9184141571991	23.7012500846988	30.8751967204552	25.1265101531828	18.7340421735138	21.7548383953863	24.7882073762849	24.4838984366047	27.9435113633296	41.5361616093802	38.5482399135701	52.992845853476	53.4557430870154	53.324839542632	48.9069929348644	62.3778493556116	53.1213371270973	48.5531141392083	56.5367402441446	59.5359268282398	69.3796724926032	52.4067242618322	68.290662376817	42.6951895855111	58.8349277941369	69.2228841945973	78.0445026649073	72.2719879555829	78.6412046194001	84.3381214392836	85.1892098722564	84.7964123935499	74.994528150098	92.7996973399586	92.4616922114342	89.6287970850687	79.0861423214689	0	0	0	0	126.536047195185	109.901475906334	125.856688354728	132.704878080958	195.18092301138	193.852964114152	193.931434952673	178.04330678512	248.911449149711	244.87606522429	198.729212985227
606.753	0	109.491662690929	-7.86387142840052	-12.3003284436259	7.85004318473138	9.14971546197086	9.56058316277002	-2.13206882675269	-29.5345544801041	-7.2934203076775	19.05778313459	16.4796962873033	-7.57479351902971	39.9597371661949	29.1073714570993	15.1419301947487	11.0920449106472	14.7626357564376	-8.86454580072022	18.9987419829961	17.5320852774592	1.06467842027815	19.5310071471914	3.48342536557384	12.5960637540901	6.02170648900701	14.6887496683587	23.9753013438233	19.0717406882974	24.6478972301131	20.9553674361471	24.5688817094531	1.59952328670678	42.8803736774265	41.9398993994249	42.5766035791804	50.3571380790179	43.8407953087394	46.5305116726706	28.7314745493913	53.7272584296601	45.4706311154037	49.6369787579779	72.3675858485114	43.8399108571662	52.5772890504847	53.1448300598014	41.9286155067292	73.4080276153469	70.0491824669463	53.4229004780365	69.2829666033128	67.840374091862	67.7257000952939	70.3146554030033	70.5092900781571	79.0092970077517	81.7683762745997	0	0	0	0	90.683140445092	118.508971857289	98.4771027413605	131.566900299302	141.979712391028	138.350404006518	160.270104159091	160.660991604591	97.2760531156468	99.9819317565259	70.3181658377401
610.092	296.908245850374	32.646773918186	21.0128317759834	12.3366656456573	11.0222330351698	0	25.066222123776	7.11528468227627	24.1200096946292	25.2205032845272	10.2097628175568	3.06055942683423	40.2493749041387	23.9288890314931	-8.49001387761507	12.6619918536736	3.84714711676304	9.73021531035419	20.42312046156	12.704288751994	0.798103830301859	27.2557153583554	19.2678592794903	10.8352801092522	24.4611743253532	21.4914272642645	16.5031803292	19.0959193461652	23.0274170242019	21.1274482642439	28.5985828757601	29.8974404270796	33.8209808350879	44.309239570421	32.4307220816533	40.7680375774916	37.6273041474575	45.2626839312133	58.1320489351409	52.2320312632689	51.5013407537529	55.7506746778892	43.2331487184248	58.3456821498728	64.0909874971911	66.8671246298986	65.2224915778973	80.6748738914909	66.9533563396136	68.0420962501518	74.6983921178802	66.189914010641	69.8133569188117	78.6897690777821	67.7465471378954	81.6657447448229	75.1587429039557	0	0	0	0	134.3823987444	114.841503293996	84.9759975267487	120.379727137564	119.284607661885	147.85583160027	175.09829136685	172.618583000808	152.988384809286	139.992320847964	320.581672710193	109.622039572815
613.431	89.0806718322422	-14.917938207033	48.9394804161418	16.431290488225	34.5976903739727	11.4331571147976	14.7282067527027	21.3497511901714	14.4159602610936	5.95096758464586	8.90136481707795	40.9561969498289	13.4092095403203	11.117525980966	20.6877916468011	11.6377953466857	26.5992454366494	19.4251809505908	22.1510749511167	18.1783827833988	22.3491528328279	8.18761523816164	19.5691286673569	21.956072327789	23.901121065032	20.2588194443264	26.7703502191762	24.7248707907302	32.9055642363245	22.7818039929813	23.0051545295363	27.9280498299744	39.5168972476572	29.6123109072262	39.4540828843908	32.3084570849821	43.326983526475	53.3392035562673	53.4096470797927	49.4798780821746	57.4180304056265	56.8472806219256	64.2626468270302	49.0369157322729	53.7976432000842	55.8718150826298	77.0460980422694	58.6239826617383	80.4936474780047	53.8046069844019	60.2347605771344	66.4084025202745	70.3169156107145	77.3936945351115	78.1144176389155	75.7478731111662	71.3290393406294	0	0	0	0	103.912913420516	84.4161675505319	104.651634925894	130.094801179589	140.001121442999	157.729013319535	192.476504816794	177.675424886782	234.100985592994	203.377979806887	174.380165265861	355.894993980933
616.77	-1.021486243813	-14.2064341126905	31.0483226251662	-13.3356261371937	15.9557787783713	20.9030579355646	32.876235428388	57.6155749431628	21.6173146812781	16.1268563931664	-1.94794473431811	17.3323835110319	27.1742725702846	23.1280998000496	17.7426044286854	10.2375434521826	21.0736618668401	17.3473959001191	15.7338060094677	23.1574401518411	7.69215433690967	13.2367469662304	12.2412695213764	14.2411933303159	15.7973118860427	21.2912292165695	15.8233738642879	21.8548282120087	22.6148664929961	24.1916220888142	16.6807884404304	27.2119768523703	33.3041926762543	35.6476108970298	28.3020554869906	37.3721059137652	38.8281985898327	37.9526623414048	45.8240691574008	62.6606768654738	44.4827571996781	67.1522683450734	41.9624295988319	60.9266738011595	53.540581444744	50.173800346463	47.6548004094858	57.5702675700948	54.0236834625471	64.8020757546683	70.1121284602076	69.8075812238551	59.9151366135554	52.4592126496283	55.2388240804516	68.7074537643368	74.0937969508497	0	0	0	0	79.3975238686227	108.459423917322	127.845468006739	110.721562381329	114.065689615797	134.124503457787	124.983525548695	92.0953891279824	159.983744589144	176.251072829171	208.864450463718	194.462029011929
620.109	-26.9062424194785	29.0835436051781	-5.46583310127616	-2.05377110212762	-9.81547609078396	-23.7760287603335	-17.467204234668	-13.2777829681531	-31.744079323021	-1.66002679822786	-15.1022434452199	2.28766504626668	10.9070369944521	-1.38767823114755	-7.27608122829075	0.626483168466464	-6.63095132974726	2.89123022336714	11.6069655670512	8.96616655027327	12.4545511906063	-12.581177605412	3.6641072645995	13.5151051986021	13.4087488628119	15.3529844151409	22.2697313700805	7.4832839009961	18.1073384387549	8.17053828517476	31.8681649337275	15.1854045794223	29.0379927547376	33.7138672427662	30.0258938222477	41.5395046655605	38.0368950700464	38.9760513251317	26.3886501327086	40.2204687410985	41.7992798166803	37.9056457818237	38.5047938148468	58.1027719641412	47.5864774792106	48.0971895351672	75.0554754571727	48.9120882066263	67.2517574071364	48.3098271327764	55.3419400439491	62.7284004503958	57.4077801862798	55.5805743132069	66.8026356387141	55.9609048380829	0	0	0	0	105.916199468283	82.432485042507	61.266675120981	93.5958553828689	103.897532362991	113.381811084693	97.8590899478287	79.6269931764884	139.633703841422	119.730148098123	124.305942080234	-14.2424451377982	24.4677631664451
