Sample - Blank	600	595	590	585	580	575	570	565	560	555	550	545	540	535	530	525	520	515	510	505	500	495	490	485	480	475	470	465	460	455	450	445	440	435	430	425	420	415	410	405	400	395	390	385	380	375	370	365	360	355	350	345	340	335	330	325	320	315	310	305	300	295	290	285	280	275	270	265	260	255	250	245	240
nm																																																																									
213.328	0	0	0	0	0	0	0	0	0	0	0	0	0	0	0	0	0	0	0	0	0	0	0	0	0	0	0	0	0	0	0	0	0	0	0	0	0	0	0	0	0	0	0	0	0	0	0	0	0	0	0	0	0	0	0	0	0	0	0	0	0	0	0	0	0	0	0	0	0	0	0	0	0
216.504	0	0	0	0	0	0	0	0	0	0	0	0	0	0	0	0	0	0	0	0	0	0	0	0	0	0	0	0	0	0	0	0	0	0	0	0	0	0	0	0	0	0	0	0	0	0	0	0	0	0	0	0	0	0	0	0	0	0	0	0	0	0	0	0	0	0	0	0	0	0	0	0	0
219.682	0	0	0	0	0	0	0	0	0	0	0	0	0	0	0	0	0	0	0	0	0	0	0	0	0	0	0	0	0	0	0	0	0	0	0	0	0	0	0	0	0	0	0	0	0	0	0	0	0	0	0	0	0	0	0	0	0	0	0	0	0	0	0	0	0	0	0	0	0	0	0	0	0
222.862	0	0	0	0	0	0	0	0	0	0	0	0	0	0	0	0	0	0	0	0	0	0	0	0	0	0	0	0	0	0	0	0	0	0	0	0	0	0	0	0	0	0	0	0	0	0	0	0	0	0	0	0	0	0	0	0	0	0	0	0	0	0	0	0	0	0	0	0	0	0	0	0	0
226.045	0	0	0	0	0	0	0	0	0	0	0	0	0	0	0	0	0	0	0	0	0	0	0	0	0	0	0	0	0	0	0	0	0	0	0	0	0	0	0	0	0	0	0	0	0	0	0	0	0	0	0	0	0	0	0	0	0	0	0	0	0	0	0	0	0	0	0	0	0	0	0	0	0
229.23	0	0	0	0	0	0	0	0	0	0	0	0	0	0	0	0	0	0	0	0	0	0	0	0	0	0	0	0	0	0	0	0	0	0	0	0	0	0	0	0	0	0	0	0	0	0	0	0	0	0	0	0	0	0	0	0	0	0	0	0	0	0	0	0	0	0	0	0	0	0	0	0	0
232.417	0	0	0	0	0	0	0	0	0	0	0	0	0	0	0	0	0	0	0	0	0	0	0	0	0	0	0	0	0	0	0	0	0	0	0	0	0	0	0	0	0	0	0	0	0	0	0	0	0	0	0	0	0	0	0	0	0	0	0	0	0	0	0	0	0	0	0	0	0	0	0	0	0
235.607	0	0	0	0	0	0	0	0	0	0	0	0	0	0	0	0	0	0	0	0	0	0	0	0	0	0	0	0	0	0	0	0	0	0	0	0	0	0	0	0	0	0	0	0	0	0	0	0	0	0	0	0	0	0	0	0	0	0	0	0	0	0	0	0	0	0	0	0	0	0	0	0	0
238.799	0	0	0	0	0	0	0	0	0	0	0	0	0	0	0	0	0	0	0	0	0	0	0	0	0	0	0	0	0	0	0	0	0	0	0	0	0	0	0	0	0	0	0	0	0	0	0	0	0	0	0	0	0	0	0	0	0	0	0	0	0	0	0	0	0	0	0	0	0	0	0	0	0
241.993	0	0	0	0	0	0	0	0	0	0	0	0	0	0	0	0	0	0	0	0	0	0	0	0	0	0	0	0	0	0	0	0	0	0	0	0	0	0	0	0	0	0	0	0	0	0	0	0	0	0	0	0	0	0	0	0	0	0	0	0	0	0	0	0	0	0	0	0	0	0	0	0	0
245.19	0	0	0	0	0	0	0	0	0	0	0	0	0	0	0	0	0	0	0	0	0	0	0	0	0	0	0	0	0	0	0	0	0	0	0	0	0	0	0	0	0	0	0	0	0	0	0	0	0	0	0	0	0	0	0	0	0	0	0	0	0	0	0	0	0	0	0	0	0	0	0	0	0
248.388	0	0	0	0	0	0	0	0	0	0	0	0	0	0	0	0	0	0	0	0	0	0	0	0	0	0	0	0	0	0	0	0	0	0	0	0	0	0	0	0	0	0	0	0	0	0	0	0	0	0	0	0	0	0	0	0	0	0	0	0	0	0	0	0	0	0	0	0	0	0	0	0	0
251.589	0	0	0	0	0	0	0	0	0	0	0	0	0	0	0	0	0	0	0	0	0	0	0	0	0	0	0	0	0	0	0	0	0	0	0	0	0	0	0	0	0	0	0	0	0	0	0	0	0	0	0	0	0	0	0	0	0	0	0	0	0	0	0	0	0	0	0	0	0	0	0	0	865.199769401352
254.793	0	0	0	0	0	0	0	0	0	0	0	0	0	0	0	0	0	0	0	0	0	0	0	0	0	0	0	0	0	0	0	0	0	0	0	0	0	0	0	0	0	0	0	0	0	0	0	0	0	0	0	0	0	0	0	0	0	0	0	0	0	0	0	0	0	0	0	0	0	0	0	0	-18.5572124850951
257.998	0	0	0	0	0	0	0	0	0	0	0	0	0	0	0	0	0	0	0	0	0	0	0	0	0	0	0	0	0	0	0	0	0	0	0	0	0	0	0	0	0	0	0	0	0	0	0	0	0	0	0	0	0	0	0	0	0	0	0	0	0	0	0	0	0	0	0	0	0	0	0	525.864085172121	202.752857114956
261.205	0	0	0	0	0	0	0	0	0	0	0	0	0	0	0	0	0	0	0	0	0	0	0	0	0	0	0	0	0	0	0	0	0	0	0	0	0	0	0	0	0	0	0	0	0	0	0	0	0	0	0	0	0	0	0	0	0	0	0	0	0	0	0	0	0	0	0	0	0	0	2578.65739066635	39.1698460787487	-122.62384361737
264.415	0	0	0	0	0	0	0	0	0	0	0	0	0	0	0	0	0	0	0	0	0	0	0	0	0	0	0	0	0	0	0	0	0	0	0	0	0	0	0	0	0	0	0	0	0	0	0	0	0	0	0	0	0	0	0	0	0	0	0	0	0	0	0	0	0	0	0	0	0	0	134.611265200648	-21.2285908302436	-592.921274712448
267.627	0	0	0	0	0	0	0	0	0	0	0	0	0	0	0	0	0	0	0	0	0	0	0	0	0	0	0	0	0	0	0	0	0	0	0	0	0	0	0	0	0	0	0	0	0	0	0	0	0	0	0	0	0	0	0	0	0	0	0	0	0	0	0	0	0	0	0	0	0	995.223416322673	34.8355561776109	-57.0956100740953	-499.097175336507
270.841	0	0	0	0	0	0	0	0	0	0	0	0	0	0	0	0	0	0	0	0	0	0	0	0	0	0	0	0	0	0	0	0	0	0	0	0	0	0	0	0	0	0	0	0	0	0	0	0	0	0	0	0	0	0	0	0	0	0	0	0	0	0	0	0	0	0	0	0	4244.88636773334	8.11871804897058	81.8046066916198	-162.754876515957	-99.2089607292458
274.057	0	0	0	0	0	0	0	0	0	0	0	0	0	0	0	0	0	0	0	0	0	0	0	0	0	0	0	0	0	0	0	0	0	0	0	0	0	0	0	0	0	0	0	0	0	0	0	0	0	0	0	0	0	0	0	0	0	0	0	0	0	0	0	0	0	0	0	0	358.501587670792	42.2886544286109	-107.499904946654	-257.572004799923	187.428143172518
277.275	0	0	0	0	0	0	0	0	0	0	0	0	0	0	0	0	0	0	0	0	0	0	0	0	0	0	0	0	0	0	0	0	0	0	0	0	0	0	0	0	0	0	0	0	0	0	0	0	0	0	0	0	0	0	0	0	0	0	0	0	0	0	0	0	0	0	0	1641.46370377608	45.8101813572737	133.358424322234	-35.1825688827693	-212.938905766916	77.5884493593011
280.496	0	0	0	0	0	0	0	0	0	0	0	0	0	0	0	0	0	0	0	0	0	0	0	0	0	0	0	0	0	0	0	0	0	0	0	0	0	0	0	0	0	0	0	0	0	0	0	0	0	0	0	0	0	0	0	0	0	0	0	0	0	0	0	0	0	0	4474.58055205437	181.1595992709	118.278614506357	-124.22973601044	-74.2864712443113	36.5047947878684	146.166247232018
283.718	0	0	0	0	0	0	0	0	0	0	0	0	0	0	0	0	0	0	0	0	0	0	0	0	0	0	0	0	0	0	0	0	0	0	0	0	0	0	0	0	0	0	0	0	0	0	0	0	0	0	0	0	0	0	0	0	0	0	0	0	0	0	0	0	0	0	571.993593112836	156.575852568288	109.157398718997	42.5427455368152	44.6472293850152	271.819647515805	251.295557811747
286.942	0	0	0	0	0	0	0	0	0	0	0	0	0	0	0	0	0	0	0	0	0	0	0	0	0	0	0	0	0	0	0	0	0	0	0	0	0	0	0	0	0	0	0	0	0	0	0	0	0	0	0	0	0	0	0	0	0	0	0	0	0	0	0	0	0	2076.16187999905	154.034859576914	152.627864267519	134.946700185245	-7.06364096142001	170.903160946994	142.511424346785	247.092524355083
290.169	0	0	0	0	0	0	0	0	0	0	0	0	0	0	0	0	0	0	0	0	0	0	0	0	0	0	0	0	0	0	0	0	0	0	0	0	0	0	0	0	0	0	0	0	0	0	0	0	0	0	0	0	0	0	0	0	0	0	0	0	0	0	0	0	4348.32255748249	254.334194409156	220.209731672487	198.837425767316	61.7945186834853	152.074606455407	50.6935362230717	78.0840035557079	120.753154081951
293.397	0	0	0	0	0	0	0	0	0	0	0	0	0	0	0	0	0	0	0	0	0	0	0	0	0	0	0	0	0	0	0	0	0	0	0	0	0	0	0	0	0	0	0	0	0	0	0	0	0	0	0	0	0	0	0	0	0	0	0	0	0	0	0	0	712.006805574729	257.172615656608	288.507581176781	143.330277208252	-17.5503705687737	149.945429652204	259.592598660375	46.8408990196095	90.9794578287572
296.628	0	0	0	0	0	0	0	0	0	0	0	0	0	0	0	0	0	0	0	0	0	0	0	0	0	0	0	0	0	0	0	0	0	0	0	0	0	0	0	0	0	0	0	0	0	0	0	0	0	0	0	0	0	0	0	0	0	0	0	0	0	0	0	1948.15591600832	206.359897735355	334.736894740033	320.47445458227	134.784320238713	95.7720899256868	171.88338305023	163.528293454947	101.829498597117	85.3337007832375
299.86	0	0	0	0	0	0	0	0	0	0	0	0	0	0	0	0	0	0	0	0	0	0	0	0	0	0	0	0	0	0	0	0	0	0	0	0	0	0	0	0	0	0	0	0	0	0	0	0	0	0	0	0	0	0	0	0	0	0	0	0	0	0	0	338.792140212644	325.937544483579	398.552419708393	348.912229852383	187.125022180588	280.30903410522	310.436684648153	281.535249544159	333.230764148363	286.171748235816
303.095	0	0	0	0	0	0	0	0	0	0	0	0	0	0	0	0	0	0	0	0	0	0	0	0	0	0	0	0	0	0	0	0	0	0	0	0	0	0	0	0	0	0	0	0	0	0	0	0	0	0	0	0	0	0	0	0	0	0	0	0	0	0	792.013410319349	241.210738032531	353.814385104806	428.763025328913	309.371222424599	329.745854189989	346.675127897923	196.458020270174	271.126750583671	286.751497878183	293.861128057855
306.331	0	0	0	0	0	0	0	0	0	0	0	0	0	0	0	0	0	0	0	0	0	0	0	0	0	0	0	0	0	0	0	0	0	0	0	0	0	0	0	0	0	0	0	0	0	0	0	0	0	0	0	0	0	0	0	0	0	0	0	0	0	2403.96093649897	156.685371931111	260.649713800292	392.472419040069	409.646639284652	370.229298589764	356.620435645618	310.875029318417	300.384194516326	101.936628247287	136.984474224606	111.346745618723
309.569	0	0	0	0	0	0	0	0	0	0	0	0	0	0	0	0	0	0	0	0	0	0	0	0	0	0	0	0	0	0	0	0	0	0	0	0	0	0	0	0	0	0	0	0	0	0	0	0	0	0	0	0	0	0	0	0	0	0	0	0	0	328.287674092139	198.102115293095	308.507358922149	402.329841758517	461.79535934748	411.751141616115	464.885476143326	329.902305028308	258.515214768774	342.33350798605	117.826045010788	111.769352079421
312.81	0	0	0	0	0	0	0	0	0	0	0	0	0	0	0	0	0	0	0	0	0	0	0	0	0	0	0	0	0	0	0	0	0	0	0	0	0	0	0	0	0	0	0	0	0	0	0	0	0	0	0	0	0	0	0	0	0	0	0	0	1151.26852657782	149.87678160651	223.573835916463	375.328205175688	445.969640205312	477.244291032284	527.396697620723	472.982320787634	364.863578592847	382.833697173392	277.025899677913	557.695076496521	437.542192114302
316.052	0	0	0	0	0	0	0	0	0	0	0	0	0	0	0	0	0	0	0	0	0	0	0	0	0	0	0	0	0	0	0	0	0	0	0	0	0	0	0	0	0	0	0	0	0	0	0	0	0	0	0	0	0	0	0	0	0	0	0	2358.36387066846	222.366230283541	232.553180656953	329.457584145622	491.817121981825	492.893268928483	587.68655316358	580.739312880933	473.881660464864	452.996177451344	415.152948411197	442.959980379585	403.237622790348	396.351711374267
319.296	0	0	0	0	0	0	0	0	0	0	0	0	0	0	0	0	0	0	0	0	0	0	0	0	0	0	0	0	0	0	0	0	0	0	0	0	0	0	0	0	0	0	0	0	0	0	0	0	0	0	0	0	0	0	0	0	0	0	0	484.112936851032	367.29212367205	413.974664979318	497.344942567196	579.861710223798	624.821164787028	668.566943985292	643.592577136069	563.692736135322	472.126579109044	452.518249602875	373.245613411708	569.8652324949	755.641602895868
322.542	0	0	0	0	0	0	0	0	0	0	0	0	0	0	0	0	0	0	0	0	0	0	0	0	0	0	0	0	0	0	0	0	0	0	0	0	0	0	0	0	0	0	0	0	0	0	0	0	0	0	0	0	0	0	0	0	0	0	1352.08228844407	376.529094475673	511.283567998973	591.732850890151	638.968501108646	697.700766205054	822.139044757595	773.71375106528	740.491253914072	631.592086781847	481.829686513756	481.682039051948	435.50271597376	490.557910332579	581.244004496836
325.79	0	0	0	0	0	0	0	0	0	0	0	0	0	0	0	0	0	0	0	0	0	0	0	0	0	0	0	0	0	0	0	0	0	0	0	0	0	0	0	0	0	0	0	0	0	0	0	0	0	0	0	0	0	0	0	0	0	2638.26115417293	420.151926428719	465.165879446964	581.74366383688	712.589708344712	717.61751195701	817.481641381853	838.139847707825	840.105098734342	772.465365119884	754.456324952905	581.054398784607	485.496348215305	543.503507668499	543.805041494278	700.030039653609
329.039	0	0	0	0	0	0	0	0	0	0	0	0	0	0	0	0	0	0	0	0	0	0	0	0	0	0	0	0	0	0	0	0	0	0	0	0	0	0	0	0	0	0	0	0	0	0	0	0	0	0	0	0	0	0	0	0	0	548.947470429523	396.050328134396	496.647083714825	654.153573068025	760.255815170644	813.189761762504	918.117101020525	891.944638465591	928.229191172964	858.948357786654	709.542764357107	699.835323383185	592.012343954423	554.8180464646	800.294567857981	890.660127532608
332.291	0	0	0	0	0	0	0	0	0	0	0	0	0	0	0	0	0	0	0	0	0	0	0	0	0	0	0	0	0	0	0	0	0	0	0	0	0	0	0	0	0	0	0	0	0	0	0	0	0	0	0	0	0	0	0	0	1181.45783584526	261.153245046383	446.335777298708	609.168614523573	779.17348758011	891.840425583523	898.852322676782	990.8410350058	1002.36895731063	938.490110275332	881.000392665946	722.692107992392	681.783950835735	707.796581513393	715.037487364876	806.101879858295	1125.86485130502
335.544	0	0	0	0	0	0	0	0	0	0	0	0	0	0	0	0	0	0	0	0	0	0	0	0	0	0	0	0	0	0	0	0	0	0	0	0	0	0	0	0	0	0	0	0	0	0	0	0	0	0	0	0	0	0	0	2617.36368612139	142.671918048732	248.117566694406	510.648553887556	676.307631066434	864.604464485994	969.112139666408	977.048280770181	1056.53732401366	1053.27872448191	970.989459854363	822.646362989005	798.571726244638	706.99979499698	621.980256003756	484.911238361666	713.85002411486	1097.880144684
338.799	0	0	0	0	0	0	0	0	0	0	0	0	0	0	0	0	0	0	0	0	0	0	0	0	0	0	0	0	0	0	0	0	0	0	0	0	0	0	0	0	0	0	0	0	0	0	0	0	0	0	0	0	0	0	0	420.750501607295	83.3906069897455	274.493220414944	583.536854437864	749.833778926296	930.834078633008	1079.00273933894	1089.94097783478	1099.16311008503	1059.36910019809	994.711801738407	900.384821884133	796.059564934035	685.282507622768	653.873460697804	667.199353560732	794.194153000141	820.141129305646
342.056	0	0	0	0	0	0	0	0	0	0	0	0	0	0	0	0	0	0	0	0	0	0	0	0	0	0	0	0	0	0	0	0	0	0	0	0	0	0	0	0	0	0	0	0	0	0	0	0	0	0	0	0	0	0	1542.08722608937	75.8556033275949	129.182005286675	308.340478500744	605.174544331821	762.790630320434	962.283809885279	1093.95289780499	1144.08356582451	1134.37553959025	1075.26933501644	981.966223466662	939.511438965004	909.019675233098	821.29848054404	712.778625662672	748.990158306959	889.608940609894	1206.19291591556
345.315	0	0	0	0	0	0	0	0	0	0	0	0	0	0	0	0	0	0	0	0	0	0	0	0	0	0	0	0	0	0	0	0	0	0	0	0	0	0	0	0	0	0	0	0	0	0	0	0	0	0	0	0	0	3824.8812282489	161.974003255584	80.8288695951393	143.385148555871	320.530880298117	571.10225346498	709.388378405056	910.588431453248	1064.77011272017	1094.9288168476	1071.72939648161	1005.34398716118	980.683104735705	885.423605541205	770.247941833275	714.054410310378	663.185172855672	648.301971314771	1064.75275975315	985.007385447884
348.575	0	0	0	0	0	0	0	0	0	0	0	0	0	0	0	0	0	0	0	0	0	0	0	0	0	0	0	0	0	0	0	0	0	0	0	0	0	0	0	0	0	0	0	0	0	0	0	0	0	0	0	0	0	863.683912032894	72.5269546875339	99.3951543406445	137.512256697063	353.909800684532	618.986555474715	740.449908788899	939.225911061817	1062.53288406102	1094.70502896479	1049.86342694917	997.21061284234	904.686413621355	857.064172171635	734.140892611677	666.81247028656	629.354053530946	832.667470210052	751.383593457129	976.571630430992
351.838	0	0	0	0	0	0	0	0	0	0	0	0	0	0	0	0	0	0	0	0	0	0	0	0	0	0	0	0	0	0	0	0	0	0	0	0	0	0	0	0	0	0	0	0	0	0	0	0	0	0	0	0	1127.4444502885	75.7354905378032	77.0508844727906	102.347896466261	157.18062616952	383.688885642714	588.472678917825	711.31586073573	950.786691808093	1033.8213559469	1051.17584151925	1051.44795985195	975.812513781948	909.254695753711	824.993952711056	734.863617978198	697.377118028095	687.771403671068	611.674061022672	890.484017123226	1186.85054041086
355.101	0	0	0	0	0	0	0	0	0	0	0	0	0	0	0	0	0	0	0	0	0	0	0	0	0	0	0	0	0	0	0	0	0	0	0	0	0	0	0	0	0	0	0	0	0	0	0	0	0	0	0	2160.7955038107	125.595426495869	75.5098256784114	116.216248706512	141.943826085322	209.374476524911	400.198081388999	612.219366716049	783.242698895966	970.983753895921	1075.73033071036	1086.04088274091	1037.230078596	944.896967578155	877.513750976895	804.231942320174	761.654148481672	708.093294048692	677.474954249439	806.751146009876	763.084238499643	883.447541800837
358.367	0	0	0	0	0	0	0	0	0	0	0	0	0	0	0	0	0	0	0	0	0	0	0	0	0	0	0	0	0	0	0	0	0	0	0	0	0	0	0	0	0	0	0	0	0	0	0	0	0	0	0	421.46197875658	44.9092036110511	87.4296248675213	111.471945503348	166.595598106384	228.905704562046	416.803782643749	643.26541204319	809.911234515407	944.648510565846	1026.67152061596	1064.56618858369	1010.48377590414	943.98051899694	887.053565085999	795.395258527927	779.9139736452	721.169664482941	663.942430435056	774.207333120734	1069.16619483966	1082.76699065976
361.634	0	0	0	0	0	0	0	0	0	0	0	0	0	0	0	0	0	0	0	0	0	0	0	0	0	0	0	0	0	0	0	0	0	0	0	0	0	0	0	0	0	0	0	0	0	0	0	0	0	0	1106.42911471398	65.3617324073376	92.7502877753168	112.06575060965	160.302070719581	190.608126804605	286.544303968646	427.831785009349	635.7698359588	758.503577483361	961.608328827233	983.203429793041	1029.81532118052	985.075255579229	917.04971085314	847.716653008941	802.694679122591	682.860351081799	735.495628959379	725.453705980791	703.616508499621	1008.46793999928	1064.99010012148
364.903	0	0	0	0	0	0	0	0	0	0	0	0	0	0	0	0	0	0	0	0	0	0	0	0	0	0	0	0	0	0	0	0	0	0	0	0	0	0	0	0	0	0	0	0	0	0	0	0	0	0	154.09994504187	82.2061972932038	94.3002087373507	131.713853715984	175.416422828732	245.342836021837	304.032215347914	440.12631112318	652.630850954045	773.538093831465	910.830071083185	970.472329913511	953.005641231196	959.819065776071	848.442878188033	759.118565394097	751.996408194768	716.173030585757	712.699656864284	707.003541077715	763.293857550765	870.084235745561	1136.13451514835
368.174	0	0	0	0	0	0	0	0	0	0	0	0	0	0	0	0	0	0	0	0	0	0	0	0	0	0	0	0	0	0	0	0	0	0	0	0	0	0	0	0	0	0	0	0	0	0	0	0	0	485.569647196111	45.7218595271884	81.827775323525	117.278897584854	165.710920866347	209.334734019323	255.646667139814	305.345995178088	492.014208943556	646.681384440371	746.294607461861	905.663044287104	955.776576080023	913.131628122395	890.391356312719	808.669574352873	790.860613007229	754.663053635868	684.905619246061	675.880847375981	616.472186122824	725.408365112751	923.303992860562	759.251611843667
371.446	0	0	0	0	0	0	0	0	0	0	0	0	0	0	0	0	0	0	0	0	0	0	0	0	0	0	0	0	0	0	0	0	0	0	0	0	0	0	0	0	0	0	0	0	0	0	0	0	1141.97779458298	75.0242711562789	72.2377110371241	119.27117444189	156.234492276465	187.635899898763	257.865635558099	298.330060478725	377.680421435228	545.182607663204	693.435823265428	796.524292947923	903.186691252711	944.093953274131	935.958524186601	937.669879509089	814.727763148966	807.422826729672	745.835462080664	741.761583998694	706.336960330554	804.844203392096	921.220139777016	970.351682212283	1144.01630294066
374.719	0	0	0	0	0	0	0	0	0	0	0	0	0	0	0	0	0	0	0	0	0	0	0	0	0	0	0	0	0	0	0	0	0	0	0	0	0	0	0	0	0	0	0	0	0	0	0	0	134.705477060752	42.8446726049133	75.2189019536576	139.247773687411	163.678796654489	233.613235989227	283.73939703312	336.633603813667	419.358986420189	555.424562337817	696.777747926816	790.318891750881	881.203383217192	936.719580292984	916.02818815465	908.57723139839	829.849517605258	813.396633467784	790.765013382348	808.745539171648	719.475473552419	701.917586428456	814.872188445466	1234.25037363575	1176.66822370256
377.995	0	0	0	0	0	0	0	0	0	0	0	0	0	0	0	0	0	0	0	0	0	0	0	0	0	0	0	0	0	0	0	0	0	0	0	0	0	0	0	0	0	0	0	0	0	0	0	484.0615006849	33.1650229629143	85.0956454851863	118.410372476213	157.555580895902	200.955652143576	262.557914871958	327.34870547541	382.053011073992	455.06087672775	589.739763233126	717.898997277107	821.051001005013	905.310041325589	931.066342527679	889.145751060673	914.644050044468	865.948336168732	788.600618322883	774.493608566206	739.17657624503	744.821910904019	811.381826019464	880.011619369863	1102.87064942934	1293.2422140653
381.272	0	0	0	0	0	0	0	0	0	0	0	0	0	0	0	0	0	0	0	0	0	0	0	0	0	0	0	0	0	0	0	0	0	0	0	0	0	0	0	0	0	0	0	0	0	0	1281.87959207677	36.3857041110277	68.0016720535087	108.921550929329	140.592221669101	174.290106166749	214.55781953668	276.835258403161	351.355863586525	416.497468807947	476.744298534994	590.204694776833	770.548404375277	808.841821383726	889.122692364708	911.704747075335	885.14866644696	889.413318393328	811.919689067946	751.929047781203	748.230651241981	712.31412108948	740.367170976016	818.238451081269	843.022219760959	904.747970413235	1150.8085228011
384.55	0	0	0	0	0	0	0	0	0	0	0	0	0	0	0	0	0	0	0	0	0	0	0	0	0	0	0	0	0	0	0	0	0	0	0	0	0	0	0	0	0	0	0	0	0	0	196.00656832823	51.9412876392268	78.5790323446566	116.470981491943	152.239005192283	200.094568268123	269.584690377226	328.274483489814	388.372845340675	456.008174366809	530.854806170258	657.540498408841	774.518506310941	829.498096283738	894.143798759558	937.490798256566	912.119958649375	835.999398627053	846.979937672147	767.216012885138	826.942519403765	788.9372963288	799.804386580054	826.58517451409	994.48940609116	1024.2374571756	1086.07982352762
387.83	0	0	0	0	0	0	0	0	0	0	0	0	0	0	0	0	0	0	0	0	0	0	0	0	0	0	0	0	0	0	0	0	0	0	0	0	0	0	0	0	0	0	0	0	0	541.709582075562	34.9266872690734	71.8653162094216	93.8834993571256	136.861408425934	185.543966914747	250.930332831526	277.929942278279	359.375203426173	421.984703124437	497.428482092438	547.285037232549	695.267112624797	777.050285893819	859.083457523305	909.748820804113	932.143569996844	895.540061297323	889.401484674287	847.218549427915	780.116074609637	782.466582769488	823.067856350584	831.673353658652	942.563970874535	1024.58166199161	1245.77287191734	1428.6242138878
391.112	0	0	0	0	0	0	0	0	0	0	0	0	0	0	0	0	0	0	0	0	0	0	0	0	0	0	0	0	0	0	0	0	0	0	0	0	0	0	0	0	0	0	0	0	1263.64905401739	46.0237540807163	65.5307727496699	74.3461875212139	121.912900605446	156.835837043962	216.818556449993	277.747442280061	331.766098102117	395.230371501689	462.189951971056	533.720743863336	612.734751568167	672.375494585021	807.900945296776	860.209733295781	881.217518867686	880.405206632661	873.806366763635	876.024321000694	821.72768703959	813.82986370375	814.433861968379	860.884502269642	830.978932182694	994.774177168804	1037.91916371466	1301.95138012996	1312.03061422388
394.395	0	0	0	0	0	0	0	0	0	0	0	0	0	0	0	0	0	0	0	0	0	0	0	0	0	0	0	0	0	0	0	0	0	0	0	0	0	0	0	0	0	0	0	0	180.74449418642	43.1291937961289	62.0450945581777	95.951855782743	125.263726044592	189.739133318625	243.264332872114	284.934036970459	351.701561372563	411.846625060034	486.755078646191	566.145783538355	613.638260492301	733.021401461638	812.374366594492	875.827647608153	913.44083673742	897.167223191617	873.444171683527	836.006410624939	797.07928752254	765.208668218725	807.075208095673	797.692024053128	781.374466425297	1008.68765296318	1019.47605153407	1116.50253417401	1175.14033111143
397.679	0	0	0	0	0	0	0	0	0	0	0	0	0	0	0	0	0	0	0	0	0	0	0	0	0	0	0	0	0	0	0	0	0	0	0	0	0	0	0	0	0	0	0	612.577551409641	20.5244822476935	53.8247766320633	67.7235895891178	124.043027132238	175.190446544785	216.322679155761	252.40613827525	324.181321422549	367.279124055689	459.204851192886	513.840862808575	570.091865292497	634.69806330848	720.998705405341	813.809581002466	865.524764088167	909.227185481128	907.244207375088	828.830004771778	825.835287896574	834.381304460102	785.305388582755	777.29126968332	861.790679155011	920.303524724466	939.92586965534	1175.66314076857	1251.58069943067	1324.34563928653
400.965	0	0	0	0	0	0	0	0	0	0	0	0	0	0	0	0	0	0	0	0	0	0	0	0	0	0	0	0	0	0	0	0	0	0	0	0	0	0	0	0	0	0	1406.63357063679	77.6632620575907	63.7602818269236	85.4511239613977	119.815124993625	161.40790875414	187.104176071461	257.648462385503	315.723084906744	376.251731259564	420.300065949308	482.041199877988	553.780141566775	618.543438390191	693.814332721367	796.839967756201	853.306479585244	906.70708762382	956.390505142763	928.376128924418	904.315909291318	871.684800831681	867.302400318764	864.525286429188	917.743431828863	946.20722518895	1037.93658237984	1158.65730184256	1387.12572800899	1541.42973052137	1450.60524600144
404.253	0	0	0	0	0	0	0	0	0	0	0	0	0	0	0	0	0	0	0	0	0	0	0	0	0	0	0	0	0	0	0	0	0	0	0	0	0	0	0	0	0	0	222.146817650293	58.3016149838281	71.5284538742174	89.4776710790866	120.048703206566	170.46981897714	240.519300698282	281.878643787582	343.844287130528	381.599089306401	461.668235159393	495.628548571898	576.525628873367	663.603616898226	706.467197497719	782.426717912178	865.764514308289	887.942822612174	931.64829450318	904.243725539964	894.665520396043	879.398449922081	856.73051044672	855.80791242119	851.065923389278	931.370410390263	1030.39550265761	1105.22256942703	1273.46674773279	1534.32525533691	1810.52601794502
407.542	0	0	0	0	0	0	0	0	0	0	0	0	0	0	0	0	0	0	0	0	0	0	0	0	0	0	0	0	0	0	0	0	0	0	0	0	0	0	0	0	0	673.741339442063	25.0818483457719	30.5513432089278	59.0081592952714	79.5520177766675	140.442980229561	161.118149876567	232.708840277645	300.382449166824	337.559115498439	399.473478573798	457.57783551064	523.542816957504	585.567314708847	647.514600240787	729.224879184053	777.660645108251	852.603075956531	881.292863044581	906.275836667238	888.910993575838	862.615985997318	863.029954377394	814.175616829116	801.033266470072	813.249934700783	857.708522824968	925.913556334915	1115.92701807361	1155.334627683	1275.7107685969	1377.78721516025
410.832	0	0	0	0	0	0	0	0	0	0	0	0	0	0	0	0	0	0	0	0	0	0	0	0	0	0	0	0	0	0	0	0	0	0	0	0	0	0	0	0	1421.93142728435	62.2635183531782	49.6100365075789	69.8558738092514	86.6078690355594	130.051752629452	158.589288659098	218.178085014992	271.382807349194	341.426323344005	380.005683403432	432.793975668198	490.096382166275	544.207684519693	606.244514755119	659.234102383187	710.952846268426	799.196580693906	876.82838098465	888.161046445984	891.354399568606	872.147110307588	877.343032795125	824.425723090645	838.486832743209	789.603739609641	824.482883623411	913.195443160442	1004.19929983429	1166.95040629651	1239.17743190639	1465.96064125185	1547.25796818996
414.124	0	0	0	0	0	0	0	0	0	0	0	0	0	0	0	0	0	0	0	0	0	0	0	0	0	0	0	0	0	0	0	0	0	0	0	0	0	0	0	0	230.35876356764	29.8290305056779	31.3981370543279	62.5882850090791	95.7899166973819	119.374549247804	170.688185441795	223.260838920787	286.208566253905	348.469484528184	392.456307361887	448.731981182168	511.917852277946	569.304149610772	604.843863994396	670.795219909145	724.349353106301	785.68486923058	866.539887510897	844.245768267058	896.18306675745	866.866772639484	818.625863504021	833.47978737735	816.293842470633	825.775419712141	823.383430107887	904.712756353277	1040.61761881999	1090.63711493966	1310.18406067919	1407.81835468165	1478.59209653065
417.417	0	0	0	0	0	0	0	0	0	0	0	0	0	0	0	0	0	0	0	0	0	0	0	0	0	0	0	0	0	0	0	0	0	0	0	0	0	0	0	654.664396848753	32.1573402629033	58.2103204590086	75.7849201358176	91.3584822669556	120.139841745188	157.368755239713	190.641276803265	248.402550137717	303.422073347305	377.536811066079	430.523791401376	473.378428747557	527.876766216907	567.488080290496	648.145417142924	691.341814485384	744.594933317282	808.673999479125	842.090333269858	887.429478830637	885.815437172767	851.877866938475	838.368104130527	812.908764529824	813.368802814403	826.570305651147	815.906516285758	954.261476794895	1090.77455859466	1298.37156613774	1370.51157450571	1455.72224145641	1490.22575648081
420.711	0	0	0	0	0	0	0	0	0	0	0	0	0	0	0	0	0	0	0	0	0	0	0	0	0	0	0	0	0	0	0	0	0	0	0	0	0	0	1260.57861962528	36.4855003101485	36.6371934142954	40.3043401061512	60.226861709068	89.3040086110503	130.580728982131	137.558476715629	196.158157374493	255.271089417191	321.368420665737	368.168445708688	430.550247126355	475.322305652908	533.189724769853	578.146293698134	607.448126271649	676.939171843671	718.710893331934	765.797451300032	819.654554735968	810.808687848681	841.52566560104	820.685282962531	807.962620641835	833.98698053264	818.233920770597	839.839416888327	859.41771119873	942.874508908061	1007.095691902	1103.31482381429	1209.72949185948	1349.98404291043	1548.62594570163
424.007	0	0	0	0	0	0	0	0	0	0	0	0	0	0	0	0	0	0	0	0	0	0	0	0	0	0	0	0	0	0	0	0	0	0	0	0	0	0	225.012840900712	28.4535046917665	42.0439529707262	52.0401039308344	72.8068312211815	104.981483504838	136.554021928631	183.913999085463	219.418748667077	291.983139407522	326.869923945113	389.155312907199	447.246589770957	484.844119573873	546.280247108116	590.865121966063	647.896670945302	683.622702389086	736.247717422674	779.250494974559	796.099969438616	814.172606562085	846.354012625796	809.980331600623	813.029123241566	798.460827566337	799.935867331663	826.385070338404	888.146940407053	893.633938814545	1080.6615468715	1150.70705436574	1237.26311374538	1352.43521958891	1366.52735535879
427.304	0	0	0	0	0	0	0	0	0	0	0	0	0	0	0	0	0	0	0	0	0	0	0	0	0	0	0	0	0	0	0	0	0	0	0	0	0	564.924390110578	26.563309725903	41.392273053141	55.7006301988513	81.5880565080625	97.7407587278162	150.740133074794	170.006512281318	198.046722312011	236.42043260997	317.124249269041	356.851855798201	422.362163112265	464.666566770974	503.893557526566	544.661984736547	594.995334010367	650.862732228064	671.808616832142	696.113857081636	790.902700120796	800.073418425821	841.301654359551	821.987578741593	811.843094554013	781.447426044815	775.851835400631	796.286737382783	825.010724355649	858.829149506373	986.914475946036	1102.86069939122	1181.08845778918	1426.68901705035	1488.52991021788	1774.14019448575
430.602	0	0	0	0	0	0	0	0	0	0	0	0	0	0	0	0	0	0	0	0	0	0	0	0	0	0	0	0	0	0	0	0	0	0	0	0	1031.83827583656	58.1135509947787	44.7623004746419	50.1999507333066	62.6638020505931	89.2264902798044	121.163111572154	142.673517105945	179.563103343705	223.787918514014	254.020402106957	324.127910478442	381.077194684505	425.815800371176	458.698579950368	514.058498673753	563.81900793543	592.183159041294	644.976389363093	680.773083327298	724.922374870838	776.401185770079	789.423708590231	805.943390301944	805.040553625063	811.197227225003	750.992255953212	784.787409373066	784.203020455903	812.159852877216	913.523373644409	1056.52483204777	1072.94362493588	1211.1363265225	1342.86641144649	1463.64233786669	1506.10392613675
433.902	0	0	0	0	0	0	0	0	0	0	0	0	0	0	0	0	0	0	0	0	0	0	0	0	0	0	0	0	0	0	0	0	0	0	0	0	191.683797944901	42.620959492745	40.1217034374906	46.3644862784757	80.6808620996648	115.63535687188	131.630124350011	158.108174587183	200.566366574941	223.101778841546	255.672662731846	315.792672764681	374.558707281687	452.397438521904	497.128731269117	526.619037355565	562.189171963126	592.481374398308	642.566183723916	678.179158161745	722.799592533926	755.892068771064	790.434462641609	794.477341949774	800.082833723962	773.731856812855	765.423838345314	774.488283207252	802.031524217799	822.701487929584	875.310287273344	1025.01305394495	1104.36441690826	1292.54332547012	1431.99018178238	1456.16706258554	1634.4798066132
437.202	0	0	0	0	0	0	0	0	0	0	0	0	0	0	0	0	0	0	0	0	0	0	0	0	0	0	0	0	0	0	0	0	0	0	0	561.301337171117	30.8792249240064	45.7482634853114	60.5103016075534	63.5410275094168	91.2181770437921	110.17550422131	145.407491448499	162.912727917056	197.854889044453	222.958292000036	290.030389506384	326.682523908276	389.796057891304	437.697044095717	501.914337054841	512.907927669818	562.40485366244	609.693822336974	642.912588376389	691.747301818055	702.766103273981	709.654317006783	773.840688294398	762.250303935607	766.092626622524	756.02908838192	764.744600924866	772.979346680229	778.504421079676	812.595659221162	924.843704450475	992.30885716633	1089.05575562724	1193.89451614393	1262.10075301256	1642.8124823825	1440.2833059254
440.505	0	0	0	0	0	0	0	0	0	0	0	0	0	0	0	0	0	0	0	0	0	0	0	0	0	0	0	0	0	0	0	0	0	0	1462.15051359257	51.2472703855884	26.3655861652929	30.9192439666478	47.3696139119449	77.484781974212	86.8686081237441	105.461091274201	120.509716312474	164.036878269452	219.203327675559	243.89851116389	288.898703641699	347.942278941651	391.444661350185	444.437773163041	492.036368316412	511.49534336008	538.620964892334	579.871881021137	624.46391211242	655.630098771903	690.841592211337	732.047135960277	752.838674660065	762.665946500801	750.82761602295	748.872763633263	750.794078310679	705.221157641897	776.683552761463	776.265174278266	868.128526781084	939.716893232608	1071.88609205685	1219.54285954094	1309.30560813186	1364.62196598971	1434.64567439862
443.808	0	0	0	0	0	0	0	0	0	0	0	0	0	0	0	0	0	0	0	0	0	0	0	0	0	0	0	0	0	0	0	0	0	0	379.35271893807	37.346845344706	30.7423703077964	48.2677775226466	57.8235225882362	71.2955130200993	97.315647643747	115.422065820785	157.189285959809	188.475838298541	192.14774802851	247.193065570778	276.337029871704	345.535671196336	407.591066769632	451.143854543724	470.792360500435	494.776046861724	563.51329412909	583.897773561782	623.412747324276	651.04370197119	655.301247801625	698.502665994077	738.853195409984	712.50910230216	739.961596242501	735.808250451629	693.495456568015	732.029856289542	737.010125258082	779.084643684806	870.711966401353	952.596751727319	1096.76096409687	1139.41085284561	1248.98763882334	1451.51203435586	1467.72480215837
447.112	0	0	0	0	0	0	0	0	0	0	0	0	0	0	0	0	0	0	0	0	0	0	0	0	0	0	0	0	0	0	0	0	0	615.265912419977	31.3939024113581	28.44099358471	46.0083018396523	58.9687244364981	69.2203981638121	87.8998811643302	103.412688570277	155.869384273085	159.607483470431	199.185583751866	236.994068859351	269.714757321286	312.956105833494	354.532673260929	399.105481331512	459.433308826887	478.560759895349	525.13414756132	542.801330392629	581.279810333411	610.588488532293	629.776701917884	679.565597511472	706.449480999795	712.463896582058	723.536870117084	726.010594841627	693.937688839569	699.872141022744	711.894115029414	718.044609952431	781.805379928696	874.790063363022	960.518905034061	1082.56305254215	1225.42988781805	1204.58423350957	1278.50373968083	1374.87948803654
450.418	0	0	0	0	0	0	0	0	0	0	0	0	0	0	0	0	0	0	0	0	0	0	0	0	0	0	0	0	0	0	0	0	771.340907254136	81.2528604887547	35.0379683706551	48.703186106367	51.6621357020719	67.0704373130436	76.0243132363227	90.174592926777	132.232400374267	157.74466068287	178.035828383956	213.900178332825	256.185627854546	267.383075193352	309.465365824647	352.065222548623	411.073138516507	461.431962316393	494.264086361254	523.390472350265	538.804369131282	566.450102310204	585.116713256013	616.552718410984	642.868571596261	679.728512429664	699.217533448148	694.650554565355	696.16888237435	671.737605096669	680.340398624239	693.753597905681	731.235924984491	732.413783039022	845.047513049283	963.527413090521	1095.73861028688	1110.29418246188	1353.22284218344	1382.2636557072	1436.17809769072
453.725	0	0	0	0	0	0	0	0	0	0	0	0	0	0	0	0	0	0	0	0	0	0	0	0	0	0	0	0	0	0	0	0	135.184974154142	10.0074495093801	24.6477364282481	27.2814939406327	49.7114342101889	66.01836627871	74.1641085199131	84.4400864278367	103.806263469748	142.152806855595	166.422941171876	194.429501258246	212.67877903149	254.597759145215	301.484353556183	347.716540847055	401.481977789986	430.528638883639	455.713723483926	496.278013562925	512.911940541504	563.150934285662	573.142413678586	594.422146196693	607.918697332583	622.296908869637	647.543952017544	654.257973798444	646.538502233673	636.84320745126	626.403812288521	665.438563976695	662.487428300898	758.93643768279	823.260549846727	878.402982260297	1007.99682612689	1077.20679984262	1126.37881963001	1257.59394491933	1242.62966189198
457.033	0	0	0	0	0	0	0	0	0	0	0	0	0	0	0	0	0	0	0	0	0	0	0	0	0	0	0	0	0	0	0	333.786254241633	29.0634806430773	26.2219946282713	32.5823248028927	46.4188523456321	49.9135808368006	77.4036476591954	87.0542612552981	112.186908569459	134.892263456243	153.368946500673	169.831493262873	196.050569416499	241.857288565747	277.343862592596	292.338351789849	351.658705101574	390.192897730685	444.774103017165	461.599378729482	497.056049270048	518.725738501284	549.459498505036	560.550078984601	588.337675152201	581.45553646374	609.209483986507	637.159804386148	651.196832000542	635.468409835312	626.428507656696	614.781779437749	621.571044016278	663.782443994426	678.637167100331	809.138576643391	877.263595875944	1015.42631802611	1102.09443898694	1175.40286699249	1197.86223899714	1235.93481230543
460.342	0	0	0	0	0	0	0	0	0	0	0	0	0	0	0	0	0	0	0	0	0	0	0	0	0	0	0	0	0	0	783.939087676304	41.394379437935	15.2000464903331	29.4783559679791	25.9657626694227	52.918848753071	60.2444069584641	82.8369137286228	97.4650344646433	114.806351446428	146.239431826121	171.739672180622	190.619169238801	221.321546790831	233.921595881163	275.99203604343	306.999422414937	361.195737300615	398.692839217608	426.904837106427	461.739333667317	475.316117179268	506.861533794815	529.960997701315	544.623841731197	565.223041361239	578.347849190857	596.764961402194	608.88176511061	599.365304874063	609.8221261883	628.675367692678	617.197930358146	671.675706913783	673.814435484369	745.508385508602	767.36509705119	935.956722320854	1054.93960867042	998.133312410748	1158.43024371581	1233.64110444839	0
463.652	0	0	0	0	0	0	0	0	0	0	0	0	0	0	0	0	0	0	0	0	0	0	0	0	0	0	0	0	0	0	124.289649569105	16.2004816077335	25.6128941403443	51.9798798732208	64.5253760184128	61.5854213834985	79.8189814093085	89.1648890886166	91.8634221051442	123.559227355353	151.686682520132	179.01763932704	187.545027638508	227.419998001429	257.866257067883	290.481906709266	328.192924191061	355.591939097243	377.525562889604	421.011448499026	447.241326225639	466.826679873268	494.776418280463	513.0898765859	533.938380721208	544.066118500597	586.587370241159	592.412191237195	589.561730429856	600.058736367211	611.100529168665	608.775374974726	634.079682084414	615.729696898624	643.480207476684	687.298349720491	809.818944699554	933.670387510268	1030.81799478166	1093.14578293831	1232.68044890135	1280.7978902315	0
466.964	0	0	0	0	0	0	0	0	0	0	0	0	0	0	0	0	0	0	0	0	0	0	0	0	0	0	0	0	0	390.424313915952	15.4093810207417	18.8777434954174	29.2440911645138	25.869543334048	43.7620710848953	59.1295221040763	67.3137320091606	105.605181342277	110.711762838184	117.280967061905	156.473114731426	184.47392195064	202.957639791166	222.459219475786	260.016247952302	271.327502692651	298.806016283228	351.683195102144	397.89305954713	424.330783357773	435.294757210913	461.239136012333	484.441214210632	500.615905504086	515.616776852196	525.315784073455	526.579934815539	550.617615522371	571.219202515418	576.982704846376	590.805420381035	568.08035930009	589.609557632142	591.061474764981	652.3799138403	698.902643111418	788.963815235666	821.030770054318	911.543133521472	994.019037454269	1005.94257558939	1162.87313080702	0
470.276	0	0	0	0	0	0	0	0	0	0	0	0	0	0	0	0	0	0	0	0	0	0	0	0	0	0	0	0	626.883578644384	25.5975351043806	9.16105066975167	5.87957442712276	21.8725703912789	30.4669678907401	35.9421753224268	51.7231993861737	83.6132206620094	90.1718056526123	115.356084265007	115.862334056833	138.056193530238	164.414504864659	179.93231090026	210.894222172877	247.567092098563	259.366343530872	312.048970476468	337.461891182766	364.43242833529	387.444072258307	425.128612653329	431.913585339309	453.979527335277	478.113308168098	493.875617849813	491.384726159439	498.946007339814	516.731823637394	536.82206427749	541.272948398627	539.336857756686	540.008671471907	541.932723534547	578.476536048253	599.396628493961	646.811618921931	720.044765863011	800.559577846446	899.666580009316	1042.66291706725	1068.15560741698	0	0
473.59	0	0	0	0	0	0	0	0	0	0	0	0	0	0	0	0	0	0	0	0	0	0	0	0	0	0	0	0	88.0772099901402	23.3433616406219	16.1653419708341	34.2596517412595	45.1220450384488	63.7716082987262	62.520352891438	78.7298217675763	94.6138753766784	104.348142194509	116.351473112053	150.968778075375	166.017908093909	193.786727293614	205.581536561494	221.786320326564	252.203050088327	276.997059397155	297.273404744196	341.69740389842	373.59234839067	398.480371317739	424.756723822658	426.534213977654	446.671133640353	472.599373145802	487.631977868052	493.833106396638	508.763781219764	506.407277450649	547.480915281473	539.022275169271	554.602365073869	526.837633171204	551.351718372649	554.821301918073	627.644515671981	659.263764368497	741.27729281697	847.237789287146	938.875684294632	983.585579016357	1061.02728288784	0	0
476.904	0	0	0	0	0	0	0	0	0	0	0	0	0	0	0	0	0	0	0	0	0	0	0	0	0	0	0	207.271987722643	11.2794356318542	24.2127081803895	31.6990636690776	38.1434867540473	33.7211189384331	51.1689812408208	58.3416195696395	83.3405874749735	91.3278398976051	108.589213056808	125.984697486753	124.096357327843	135.85026411717	187.058802162806	196.504506160637	233.67696994628	248.702512586914	248.428038575969	291.700598510995	314.314568514481	360.915118557406	373.676779722076	395.687744714538	419.661514332832	429.950520971273	455.086517696413	467.638008628386	471.192967759161	484.064029516967	499.548169454543	500.144803319357	505.290892412539	508.849956196237	535.66208424449	530.430816576693	557.645046559339	552.402809320271	651.774427132674	730.814298202342	807.042961857863	909.059043080447	950.641951453512	990.632765090977	0	0
480.22	0	0	0	0	0	0	0	0	0	0	0	0	0	0	0	0	0	0	0	0	0	0	0	0	0	0	390.27037186464	21.3203349369454	20.9667021896545	15.7198746797311	23.1712940890638	30.8523340515625	46.0719109880396	64.5649529447865	72.9600308791478	88.1993975768157	88.6447277252574	103.211938438939	119.381906215439	147.5751330769	156.577677282654	193.815408438972	206.992824684629	217.756432020142	254.438021773296	269.879091212649	286.889568229762	317.672107920454	337.207140822931	380.709608799485	396.212154022563	401.189596441209	415.544303069625	411.603580201278	436.385031111825	452.063752324307	468.96230367978	484.052399717776	488.915224136538	475.112020273515	491.494924117954	497.35449214089	520.298738128299	541.202650721082	570.469887468554	626.494778472491	687.142987687008	813.304299397286	835.359471834406	940.835271408917	0	0	0
483.536	0	0	0	0	0	0	0	0	0	0	0	0	0	0	0	0	0	0	0	0	0	0	0	0	0	0	61.659290846963	17.7024790611526	27.4626863564135	34.1527039843879	36.6012233140369	38.916081046367	45.7564269319683	56.8535355068788	66.3033449787214	80.9670390738698	93.506545448314	116.668740293106	146.458550613444	161.471982231034	160.786384335708	205.665923306604	222.870205717119	220.615811210236	244.332295935352	255.213387858461	279.340292408473	322.961310450071	356.853807789257	373.989176692029	369.680944572863	398.024233052916	417.409841299521	446.867939303815	424.822332557649	447.294865792033	446.179728854741	450.720460647568	471.853170260476	471.252550371512	488.512149852633	495.988340666606	512.807120715452	561.464952065157	585.040845282898	628.75728912666	707.680509892694	763.334856896619	846.129138310699	855.35879545642	0	0	0
486.853	0	0	0	0	0	0	0	0	0	0	0	0	0	0	0	0	0	0	0	0	0	0	0	0	0	197.369347666919	11.8710153090655	18.0130553674156	19.1097144420427	22.0350411435144	20.2559791689528	26.6625562306256	64.7702453622212	54.718288175487	72.4395892890784	82.0962003498689	119.497902900166	109.69140935453	131.192696297062	154.640229837228	154.062941664125	171.538341054385	182.00500651391	204.464208749445	236.933156368855	255.008182060173	278.23918978078	306.578088519759	316.23537012346	357.591626834693	371.032086232786	379.879569082526	395.015183521907	410.053938777231	425.838831260982	416.821941615692	423.161129977007	429.837250096101	463.367765084244	458.001044627528	460.88945043106	466.682732650545	476.699812597481	490.569367912949	549.107454728435	597.756088605361	640.082263568569	701.100895409328	803.819821446802	869.228996830816	0	0	0
490.172	0	0	0	0	0	0	0	0	0	0	0	0	0	0	0	0	0	0	0	0	0	0	0	0	424.865634887075	5.36111377173503	-1.4562108262737	18.083257875649	19.8423848456797	27.217349219729	32.7355520061445	35.9677170776541	49.1387745664864	69.9429545842641	68.5863380620178	96.7124710307984	89.753529921115	110.127719929309	119.801300697315	157.384925999713	155.419521746754	181.917261722095	193.787214638136	228.203538066451	230.041421091468	245.3809590833	260.023385516201	284.714007237763	322.164923889275	335.667664738915	354.849137179735	355.285478719699	374.220825489729	388.05992888441	377.23451511826	379.407705452715	401.804816844039	403.140307435722	426.351219759613	435.78937259977	461.637916404401	431.835596017759	454.195575743026	475.363030459394	532.734733186769	533.570257949955	606.131602967344	726.863361319223	764.15393438377	0	0	0	0
493.491	0	0	0	0	0	0	0	0	0	0	0	0	0	0	0	0	0	0	0	0	0	0	0	0	68.0159972180132	24.7254911943198	31.212201567798	29.4387440865408	35.8563134014096	34.6111427292185	51.3708560813204	65.4794375228007	70.2147649309384	80.9259782553239	91.2197097190267	106.365867760359	116.059717297098	143.21644469734	151.957837083125	155.724173738204	180.124571116914	210.290773175092	208.184824760147	247.479211499821	253.179372125198	252.388383974355	289.581571957232	303.568972058462	318.74391880039	340.327920532257	356.518678094552	366.252244337155	374.708693177352	392.103896401204	391.293072308529	400.98375464387	413.954475492769	431.830812692649	422.641030849337	435.798670237088	442.017746338406	472.840979307904	462.293207170339	497.478896268416	552.699027580027	616.165265951248	672.286651529692	752.618276301185	803.398733718377	0	0	0	0
496.811	0	0	0	0	0	0	0	0	0	0	0	0	0	0	0	0	0	0	0	0	0	0	0	213.476012100923	14.3428168652291	12.4750054379048	20.3248820092371	13.6665409679791	28.4852466977285	33.0305871245131	41.0924302968882	53.9889255091436	56.103146114947	79.7175702645278	90.0218419338439	99.4956350040308	103.91611646696	126.122009041068	132.116233397997	141.935762666325	171.298494695711	186.981568825072	201.476399452027	208.540098360798	234.664223325689	222.534084722472	259.869756054815	281.058873671559	291.671054714846	329.632298063787	343.033730643914	341.232531772991	351.751399463093	349.244414736621	366.733286407734	372.551695461673	362.568946414523	385.495149092893	408.413105437657	398.853875007739	409.923638692848	427.629310350111	455.941576518107	451.175262735379	499.69448153868	540.115418066253	572.786804839274	686.826192033318	768.813544823275	0	0	0	0
500.132	0	0	0	0	0	0	0	0	0	0	0	0	0	0	0	0	0	0	0	0	0	0	411.628852227114	10.2867408586951	5.69020484495301	8.6919040711362	20.1226700569332	20.6604820015509	28.3278869425987	33.0433311712672	32.2226407895527	44.3124351349989	51.7075941166433	49.4514266523478	74.6640181216445	83.4154134381113	102.695848626225	113.864924657822	130.487376250289	140.200506918535	162.162596645439	174.123376784277	162.747928769552	190.905906714673	207.764489197939	226.71526454021	249.263986916726	273.620973675351	286.785476024901	289.662507783513	308.914170652594	311.651582391363	340.936362144685	345.741829751579	352.962972698801	358.142682806789	355.184820468169	367.637239907008	380.47897806298	379.793080096457	380.550619928879	386.416680282012	395.898112816038	446.97905813327	449.113148988364	528.692177207203	598.605347640002	614.270596683642	0	0	0	0	812.198389426603
503.454	0	0	0	0	0	0	0	0	0	0	0	0	0	0	0	0	0	0	0	0	0	0	67.0650948612101	18.4315420246882	16.6070071172167	4.84193901318303	23.3257062788421	29.8832299485258	29.2723832315506	30.3152182341395	32.5154608225286	45.7904912819288	78.9420332345179	82.8992759176154	94.1842135066474	101.481476466677	102.657239850148	129.635762646225	131.481155192604	153.820327163726	145.671573441187	166.671183088554	176.263133492078	200.541256839255	213.871424148532	228.311602716567	241.356127639964	261.981977768673	268.305024839412	294.076848757005	306.202670447341	306.989839141348	316.500745966065	327.08583533425	327.954986556929	326.561545568094	337.93467647565	345.69964197905	381.131539479862	386.805350525483	387.388982906887	394.617221090143	396.385075169993	421.196923008585	458.575692963042	470.560180589446	574.808768954778	620.494576912808	0	0	0	0	844.21783236653
506.777	0	0	0	0	0	0	0	0	0	0	0	0	0	0	0	0	0	0	0	0	0	215.355521639721	0.589941256566476	10.545449445457	5.54362585217511	12.3722049670786	13.3921522487177	25.3556362834502	32.5407736596727	40.1915013929708	50.9541266722105	62.5443424295113	67.2612710743561	76.7917233864203	86.2472671627642	96.8383966097719	100.947173611957	128.151910092315	126.14627952013	134.512865876815	147.247590109289	170.321586444197	183.289494229156	207.332352578912	212.163579815148	206.193120878263	229.909324378909	233.97058043586	279.086594506186	270.962073899219	277.991829870205	291.288854225686	295.721671357822	306.037592084784	308.35498446471	320.076548408862	322.99721467002	326.997769225134	346.638482778647	351.664821151186	369.652321301171	378.684659124655	384.008713385776	417.774670069984	431.457636688201	480.649536555563	530.617529901686	627.502768840205	0	0	0	0	822.269669364515
510.101	0	0	0	0	0	0	0	0	0	0	0	0	0	0	0	0	0	0	0	0	419.400323672765	35.4181474286029	24.5978913667285	21.6332311977166	24.3053003638977	32.8396638520253	29.4792285648218	28.6850398991411	44.0182543645217	34.4780194434834	48.8240639562149	50.8068623189121	59.4410206725296	83.1770729892842	102.928225020156	105.277023743943	107.339187618676	125.60013040364	123.178626833356	150.400010460926	161.908961296459	178.821342907792	173.56353365375	193.116009418377	191.129821082725	215.330302185479	220.460414008053	245.025874329107	236.264741456334	273.008161833001	268.201450146803	279.122527775248	286.170074380034	283.647014508318	302.803504217289	310.030343849479	322.76361951489	332.20734081372	330.497652877281	338.103956748112	355.479635858942	354.47085927887	370.088645648727	394.353613256633	432.706375203981	473.433121897194	560.754108130081	0	0	0	0	724.857761665543	571.639021976473
513.425	0	0	0	0	0	0	0	0	0	0	0	0	0	0	0	0	0	0	0	0	70.7564975968318	17.2231961157251	2.89917617995954	24.5060999990991	23.597378941663	25.7650919446886	28.3037021903018	36.8433278339449	38.0347341713247	44.2811582224326	46.5898513751336	58.1994537798354	68.2469223650906	82.3275713837414	87.2805976518557	95.3084785793988	106.469107345795	135.747906600763	134.99274998962	155.210106988912	158.776461992073	150.212963676488	169.751783162891	172.990544016239	188.770826589627	185.793636120085	204.417065383523	231.766157413818	239.12375555186	256.992632139847	259.639459721669	277.613048037871	275.21291821389	281.352823339565	283.8627490418	302.997844485355	291.077442615774	304.027796125878	309.445748539872	315.389376807076	324.694342010601	342.298236413722	342.218954730769	389.419669324039	431.744964862478	465.722395790585	468.291023475439	0	0	0	0	729.788079321688	806.719643172659
516.751	0	0	0	0	0	0	0	0	0	0	0	0	0	0	0	0	0	0	0	208.70918156881	17.9360738998411	-0.00779027520524808	6.16116292703485	15.0564350695486	16.1803755180101	22.4056613146792	26.6724047987196	32.0867894322981	38.8544266527919	49.4401691511121	51.0801408623837	59.7102099586619	65.693505901722	79.6033244176099	85.8625223988926	100.680401612696	125.188414833735	127.877309000653	126.122197179905	137.595633690293	136.503874001723	158.487652003219	140.652035298644	163.764197832607	175.647875219386	194.881719088559	206.544825865359	204.966303250429	241.415368068955	237.889925580968	247.717499515818	250.967465474186	267.645780066446	270.306011537799	274.892570126275	281.570003693378	291.588620776304	285.082655636678	296.044669067496	302.882086966799	334.330979385976	331.345988977567	350.822924649735	357.282868310213	364.811204380765	436.730533536305	524.605714615541	0	0	0	0	545.198233247126	503.460208788439
520.077	0	0	0	0	0	0	0	0	0	0	0	0	0	0	0	0	0	0	420.132755288052	12.0217909791238	18.2193923450705	5.10654804819851	5.36790437639727	15.3011311571009	13.7407423970008	15.4772562549046	24.855662446489	37.1224651390718	39.8034405838913	43.4554991904746	43.0850545256721	60.4049474901573	83.6501287768112	79.0899923698184	92.5346142534179	101.415941449306	108.366431625138	116.250472747435	123.559038677119	137.701379433384	136.866580725962	154.986559023451	159.158719567985	195.288146825575	185.92855829636	193.308932044515	189.558884337575	212.544751784616	224.514423449129	230.27198297848	253.372841507649	239.738705976507	259.233971180568	270.270790527323	250.750598161319	275.526147756449	274.94618121457	275.115596254427	296.106499990729	298.416488398098	310.074621736975	309.852873628519	326.409628277939	327.530265074778	392.454751389986	408.076143225605	0	0	0	0	664.785586923679	625.667352029007	721.852667857782
523.403	0	0	0	0	0	0	0	0	0	0	0	0	0	0	0	0	0	0	77.3220004655029	7.44248172638236	8.43517239025186	19.2393603055327	15.9110816313577	18.1170814261418	5.44234188444565	30.7240498763242	26.8753413669418	34.4670574666992	45.1668744288174	50.4100777294779	60.9118241063262	68.2376586049611	67.4961941631034	83.5651653594602	92.9282286232787	95.5923335516298	115.998950930758	120.093815750856	113.570443194977	117.882906473861	130.899404145613	167.577233571941	156.645772759537	176.109467035992	174.444927344433	179.97328429839	188.638022460496	212.945700322101	221.499861101792	214.38172436303	235.052539151676	240.939781946521	247.249473461579	248.935459424179	248.058459617636	258.325602856448	262.356473352532	283.302021087527	267.225396975917	287.026511309664	293.06548521198	332.562529554259	318.282724649649	368.999632511989	387.450656004177	426.629190111717	0	0	0	0	510.533084539093	601.93822845695	532.911459732313
526.731	0	0	0	0	0	0	0	0	0	0	0	0	0	0	0	0	0	191.503335815537	-6.84829432465866	1.55166386227239	10.1674008980449	10.517243463163	26.7105124094588	22.1874088498148	18.5720958598899	25.096611714114	44.2413659125524	35.8499380960456	43.8497774982875	41.1595191058597	53.9971314178927	55.6217829444179	83.5881973284501	79.3763085292538	93.6354133510631	92.7811431087497	110.696679951025	110.453371036326	103.813011051543	143.428218419205	149.374226685365	139.138779180968	156.206616055945	160.896108907329	165.671003147729	170.956182036449	175.696496194543	188.049014459551	194.58810956883	217.68686096375	222.982781649883	220.865895544819	232.035914810568	222.52186878051	231.301426994137	252.78842339721	261.246190207757	271.087860145733	262.886525906983	265.911348729328	289.437311003655	278.470294004311	308.881320904976	324.312672987958	364.701062493443	380.928787471351	0	0	0	0	623.900643217748	686.79322024849	582.780390177125
530.059	0	0	0	0	0	0	0	0	0	0	0	0	0	0	0	0	400.028889727108	21.5334292560053	3.55230380857213	17.8367527394237	4.62455996658098	2.98471608339848	-1.16080718946107	19.1973164962603	12.0252053146162	17.7599108407101	23.5442098941057	28.7806542876463	37.2436132791785	45.2300578022272	46.973425705656	50.2151880206168	59.0686373356417	54.1750278785877	72.2908320146869	79.6870000595625	85.2948855977109	108.933604968038	105.96943851957	123.917391517563	109.471858223001	130.592127854136	136.103319244859	139.483762239903	128.843810814107	148.911737815158	155.733444485619	184.133251611678	195.643306475601	193.672204218373	193.462234625124	205.511271561774	214.995762912606	206.616447149353	203.127792920402	223.932736556932	219.768202553117	238.453942715358	225.76490223401	242.270684505617	249.284400470567	261.529696521692	269.085184357394	300.007842624	306.74464584248	0	0	0	0	450.216946561834	427.367773649494	500.002791616198	466.761375000829
533.388	0	0	0	0	0	0	0	0	0	0	0	0	0	0	0	0	77.2914659392229	9.85671033276294	21.5951058344191	12.3856212408034	26.9218317119474	11.6038971126879	22.8546321941306	28.6619914714005	26.9177073059643	28.7539993659395	35.4177186937369	37.1368990124925	38.1742748174512	48.5806542746436	54.2115106111861	65.7400738530187	78.6858996044674	70.1734376020942	84.2074037306773	95.6416035381165	116.609349011521	110.28141324732	120.598594845131	124.178278236034	126.539453206722	129.434743615139	130.714065122203	146.784915565106	147.625583592355	155.865731046159	164.625961160368	176.920963253686	175.672389889079	198.634935392024	201.169052623405	199.975986958407	216.209915830441	216.913898453336	218.947334073087	228.492590828002	225.664170089475	245.721942050582	244.907916473169	230.060774032476	252.741232956483	258.090288451565	264.233692605023	283.99046924185	306.682537920691	0	0	0	0	540.732857274505	534.111719487998	527.753853113306	489.987727253956
536.717	0	0	0	0	0	0	0	0	0	0	0	0	0	0	0	194.94785906492	17.6417988482045	6.99127257460914	5.90337435927372	0.388705336211487	15.6197835275919	15.2708744694353	12.4706840778704	17.5024315274892	17.9096338492742	16.3494263587353	27.9533775843777	29.5304360072543	39.5268325371721	46.0637995788998	42.1459901798801	65.3942377459883	62.1157748596408	77.5668859056207	90.3708649818665	95.2665946958293	87.433741750857	95.4840374331339	93.4592392790462	116.619472566185	112.299650829794	120.735622552308	120.042679909143	133.861051955728	141.306327925922	134.536657932026	132.723767191072	155.0640898621	165.421585478182	186.01369083434	171.61185908286	168.359482892239	180.129932120445	194.087502861107	181.857570197718	191.325905865345	189.184221105508	201.591683664848	225.255101064701	226.888627358943	232.900341909239	237.808465003798	244.949074164903	265.318317969548	285.651773118911	0	0	0	0	418.598825940717	428.05019837931	451.695553948932	491.05610339875
540.048	0	0	0	0	0	0	0	0	0	0	0	0	0	0	400.475384678139	28.4029105335718	-2.17002612535765	12.1115760206204	5.18278233231007	16.4784177235028	13.6777523825027	28.3080888574084	29.7444055646504	19.6333267673971	27.8873283980002	34.9475163737942	29.1875464610379	35.8883559310848	37.8898384442269	46.7918478082392	61.7881411016587	60.9244849038316	56.4496091260495	66.4171937874009	78.1428605243653	76.8835348321035	92.1397983997608	104.009738896364	107.854855166302	101.107089589007	107.192776890564	122.247271356321	124.18744501402	132.381493416683	127.202909630509	140.955341524246	142.965821784751	164.533808263856	168.825095521522	171.363396416591	171.233640767659	180.919060156411	189.629539573093	190.369569094012	194.363026731342	196.888134944462	212.231352076251	215.250076515075	223.766198062961	213.665693620142	236.866004004577	239.588315810256	265.230551238142	271.28505878303	0	0	0	0	487.913097476152	433.783677943563	446.15191473035	511.955030146632	422.356694955847
543.378	0	0	0	0	0	0	0	0	0	0	0	0	0	0	78.2196107636939	6.54286060109279	7.13121177691969	32.3841509037032	16.6985715459407	24.5543415357423	19.8357862322121	10.9893427083009	17.4144598885825	31.6302621875622	27.4359573511147	29.1675718134772	38.5878894853932	41.786853996487	43.2074789541473	44.1852334063107	52.0299809329354	56.2630489193946	69.3083306561175	67.7107198466869	88.8227417509078	91.4941223720245	97.037402045248	102.138432923069	83.2101736435245	118.953654295029	131.658358524629	119.607293996368	132.614065577143	130.063492462999	152.850830186112	147.251168491112	141.133639184133	157.637586879078	153.789901709031	162.329385634479	178.754511022326	169.062151557067	177.712963674092	187.733008639224	180.632052579505	196.864491578376	192.427689410265	202.466686004659	210.226460480929	211.899581900054	223.285540379919	238.835751403845	245.984665331605	270.81328059362	0	0	0	0	446.175865861506	481.73298085084	452.657012357937	601.720910943387	554.259385701416
546.71	0	0	0	0	0	0	0	0	0	0	0	0	0	194.666438052757	-17.8241950730918	3.79519711002203	-1.7999189980119	14.2448493598876	21.032660348851	21.3327962856265	17.4884798854399	5.21741511043339	18.2523409181519	18.3553925515514	18.2845906735962	27.2980134697886	33.4850727853872	35.9131856071779	43.2809474757746	44.5881754817353	44.9105442599289	49.0106852244177	45.8251561746396	54.9378869123046	69.954231064038	69.803443493274	84.7691193592086	106.823198049611	101.020940534925	92.6287073462925	107.00888615329	100.868380218724	109.316769392942	112.561397100876	103.77470111504	130.05159201244	132.199511369086	134.02635834935	161.997165900339	154.546297621577	159.256369098956	166.287042060278	170.146417632231	181.593989789852	175.003185158974	175.806611138704	191.527177231172	182.35672738541	187.700062113497	192.134538096966	213.695174002203	229.479335991102	218.144351506687	244.446455399315	0	0	0	0	345.987334413083	392.930275552231	355.811768313586	345.630230498023	518.621870952637
550.042	0	0	0	0	0	0	0	0	0	0	0	0	409.062269290497	36.450233566069	15.3903735666561	13.2577504640995	16.7303540935017	5.19081664088604	21.1091004116139	12.2597658421939	28.7424785650477	23.3988328846046	30.1898966802946	33.2332466111805	21.8447908193244	25.5632728770755	34.8284060401924	36.009224717484	38.9093017475386	43.9095158622697	47.1819507700111	51.9956939492161	75.1954377585574	69.1016994149119	80.3651375902632	76.6700455264987	97.0040164421654	90.377637685216	105.6494217308	91.4451780579395	96.1232695243425	120.42469649499	122.514089610057	105.240832142864	123.149096521	119.322793249342	133.14394786446	141.404562169862	150.91260164307	162.007862114686	160.528354252055	143.311610699417	154.520529310878	180.120452451259	170.853865922011	172.976649447907	180.361917114265	177.871693166817	196.783687950903	203.614524602246	200.619387735632	204.621901534124	219.135479582304	0	0	0	0	418.528124462705	352.937632052057	431.133157153919	395.471952068801	453.856911270606	444.777954688558
553.374	0	0	0	0	0	0	0	0	0	0	0	0	55.3620751016848	7.77169903379832	1.9787775869164	16.5094463493202	16.6676680555443	18.0922412607963	23.8719361822	29.2081670574677	32.3134625791504	25.3707593979811	22.4633214965845	19.9612624806434	21.7470787181953	24.9890544585418	23.4380355301259	38.9644488084204	41.0401066659382	51.3986649204922	41.0485878054006	61.7969313440852	59.9812930845917	75.4258975172867	67.4256685878062	84.3644060594158	76.4157707861623	96.9083863747191	81.1231380604817	96.7166703576425	106.413091518083	105.00105520682	121.585087793178	126.543336425348	110.523939021054	119.335168781085	111.24461926751	122.961609069326	146.374343314036	130.653643327548	133.433946744931	148.450039483617	146.652209884291	156.52178585477	159.224305196251	167.067156443412	162.491537405277	171.093060642058	176.389394948541	185.046472870042	184.192734227332	197.788520120869	213.011198094005	0	0	0	0	369.247328784745	377.728632865001	337.143160927671	417.131818704971	412.654169441327	446.123437744094
556.707	0	0	0	0	0	0	0	0	0	0	0	355.765539513645	29.1157159785681	14.3993622550552	23.5513874537272	37.4605222261527	30.4030828875148	23.5277116221581	32.7118179691496	21.5113809634813	32.8184050283123	37.6111619756405	33.7542023050887	33.9243319814208	33.2479123064604	42.2425044284972	43.4830084576892	40.9759768380483	48.142346861305	45.1268351832139	56.474566359388	65.4646175094778	68.7035327567776	70.085288649753	79.7030636180432	79.3245448295553	93.0431924578828	94.1193555391225	85.8463860944361	103.827031262796	107.871281185863	111.088660205225	106.640902816525	120.748650524149	136.154290978382	119.09669858507	141.397598312362	124.399907526516	134.827718288647	143.030188476776	147.09230971315	141.614687162548	150.485957817415	157.595836811521	154.393004393994	157.573806652702	183.540065600555	192.11113167293	179.206101357685	176.051190532064	182.92059150159	201.035001077825	212.733928722031	0	0	0	0	327.688838215988	397.7104470605	434.863906141578	396.635716641176	456.161219524268	428.805874802106
560.041	0	0	0	0	0	0	0	0	0	0	378.637171460795	25.9403731601986	-15.0915172789913	6.68103584813164	7.84230246761584	-17.2831502543599	-3.56702305185875	1.27734951599011	2.44358625641216	19.1575099424984	19.8744337019917	6.87604416778768	16.8571097668979	21.1435213489575	20.3228671338409	26.7890055979967	30.4424302277152	38.1535743098526	37.2476360057153	38.207905902715	36.7274161971867	47.2165540642111	47.9865897879717	46.8553811146436	66.8525938960918	74.7322149155707	80.7581452111226	81.6768114491787	79.1131100291165	90.9456810957561	81.2466292065419	76.1102462172308	90.4169748123996	104.508010848146	101.740282788458	96.1353051337853	104.818186707002	115.861058465135	119.494280505532	131.578651608431	137.635899719999	133.995536839679	128.719225097673	126.039383460537	128.764356832236	142.245899534822	138.98533304783	157.215390394013	158.322403789265	153.484975394372	157.469383275929	176.39046776421	0	0	0	0	300.810606024505	287.320807831307	277.938977477087	222.504328452332	280.849023270728	427.180170845593	357.452998990674
563.375	0	0	0	0	0	0	0	0	0	0	70.8791500561796	9.61801119125306	-2.14653884410375	15.9920670297695	10.3250945446446	9.35705367519076	0.441216046445816	-2.56708663786632	14.3421322449668	20.7682175545447	8.13477756597926	1.04378151838225	22.0414304982877	19.3085057416515	22.8712639962548	23.0704991067072	25.3882980234835	31.5751897649915	34.0819336682333	40.6789641168634	35.2243359127964	50.7372518047823	55.5520917112547	41.593050668146	58.487518438758	59.1711580547009	78.8436001708515	78.6443479892056	69.4102946760458	77.4100338045836	78.5840082260241	83.9392361193924	101.487340915783	80.867548547542	80.3490285348058	99.4527677647087	93.5901301933267	115.37125645079	115.79473100832	116.112923849251	123.724722335898	127.273278682852	131.879677224844	139.151307342626	134.257699658573	126.974290403964	142.023949197142	145.602781349601	152.081052726447	145.262844907261	155.12716252397	164.187489856512	0	0	0	0	270.100894174254	288.325951262539	309.977481935616	274.769306337256	291.299002980459	192.378758533927	237.968463363112
566.709	0	0	0	0	0	0	0	0	0	150.560769746485	24.0000425682782	44.2626641357388	31.3038964521919	38.2478577175905	28.9704277732624	10.0058052185447	10.469027740645	23.0751077966537	29.5548465563589	23.912986580176	22.1519593898095	29.5105531923099	26.695721618111	25.9783166351841	34.1035739981666	19.1217092516403	30.610423471384	32.2499486772116	36.9706964181127	36.5522887961672	44.3725682399942	49.7197528275914	61.5408624028639	53.5937311298881	82.0693761948251	82.9009424755127	68.3491752744183	73.1701295528825	67.156951817221	96.3315560198811	83.9624751450333	90.0442164088315	84.6762083018729	86.8524993435131	96.0459901110431	95.3110198233867	99.5093359974876	109.565995119241	109.051372838239	121.219914966575	126.575627671703	120.620887123612	118.391588838935	127.35645885996	117.115732496238	126.293777465665	140.778477023194	134.304274148564	159.006967445814	151.50676542672	179.178246082453	164.852009588056	0	0	0	0	260.00851043447	305.167825801581	366.02864568181	306.220091998139	374.345315821541	369.417952328773	396.966740381283
570.044	0	0	0	0	0	0	0	0	513.580558905285	24.1376689334509	3.04967988653583	-2.33271974023385	-0.0108004116233318	19.1634103311174	14.2173639412735	17.460516386698	34.6948602936017	11.0598842530649	20.7126444665091	37.6836800501497	22.8782767694154	22.4719011147782	21.2018869746377	25.556135142484	10.0166091206867	26.826311975659	30.2364219214153	29.5536910325823	39.7705745667489	41.401957403477	37.8045791969214	42.8431636346288	44.5225052242827	69.3782019047324	64.9612752723013	69.6976481809333	65.8884105512135	68.7380702465576	72.3445754809328	69.6454544167358	76.1605657543791	84.0452569769503	95.741597257679	92.2949880637637	80.0152547438064	87.328332553817	91.2264752531234	103.249817211354	107.479646441331	96.5245874353174	104.46254793308	128.247167764734	116.933012269743	122.283074840713	123.385837794302	121.251413857404	140.104631291041	142.19868929859	138.767026500208	137.665698990064	142.733737982946	0	0	0	0	305.753598083639	234.076847885647	279.017808422182	281.706581726355	268.53922793602	269.09054882282	281.833644351271	348.234004694092
573.38	0	0	0	0	0	0	0	0	86.1317372936062	-6.36129910663343	4.92308417597929	9.99255959071633	17.9534465395025	9.10025384899352	-11.7466739771123	-1.43247682703956	9.77137572682682	-2.67212537947891	4.6790077144171	1.22229784576924	17.6373579384377	24.0532930928171	23.8418157799233	30.2286575395816	19.3747394377457	29.556672815876	28.7181562116028	27.5288094824689	33.8621964936568	30.2320753831486	40.4888665492124	34.8496067371303	43.8820097594306	46.6465184023941	58.8903428329029	42.5034605910618	61.0995251892585	70.7369839149731	42.4491493219994	71.9253027817971	78.9432244797482	71.0985678594723	61.7799499022569	78.8756825285558	77.8973574506442	76.7731270627842	86.0790445191938	98.7751402804192	89.9260343474164	97.1420458026	105.690863347208	93.2104807658679	96.5822624520776	103.545922680744	108.828654103588	110.581237023231	124.741840062023	128.776682358551	122.355679782494	131.983308515399	128.058091542284	0	0	0	0	192.108038163902	225.139486051543	206.932036839148	236.231073589004	279.372276787228	224.489625697212	348.116198229764	51.5361093348121
576.716	0	0	0	0	0	0	0	163.359263062466	-11.2093604551323	1.948344623218	-6.73013308949148	-9.97109026584536	-1.68484839702251	-11.7677663979541	-10.7006472195479	-6.79715137526177	5.11988260772837	2.66300391367102	-8.08447920140491	10.1770653084549	4.58232375324739	2.50208707894486	-7.50734251044367	23.6966573254137	12.385627600439	13.2510959359815	24.8239352897984	29.6861779651731	29.7106076302167	36.2931974234801	19.9571647006454	23.8857785924253	30.01509883786	24.6832818188936	43.3976260324885	58.5556236732595	52.5668829357243	64.0575802380201	50.645253799958	77.334056884366	59.2976698612488	54.1721390481773	67.2559600456095	51.4506379138488	56.2053986427367	80.3446376505055	77.2263600748114	84.4943922325737	88.2666235025206	94.8774426232341	93.5436982842612	95.6343012002415	98.1215418351567	100.809650623686	93.6537404124083	114.722119987934	97.2763560380725	109.209883754362	118.637845495896	120.51807604961	112.643206051964	0	0	0	0	179.776738234354	148.75117590525	203.472891228211	230.899055061599	130.424956231126	206.176788176308	210.299126383403	257.727276479598
580.052	0	0	0	0	0	0	299.1884572114	29.2136020668595	0.626944762153753	38.5838451348696	40.7646592630205	29.1506885914124	17.2674086096749	28.1625937792974	16.2081562269323	45.4550440346959	27.6940328941879	16.7782234776385	27.8653668283727	16.5607315328728	33.5146157919544	24.5770041485901	33.9150119663744	29.7065505851641	26.3957273571361	36.0119961687672	29.1463014312206	31.1788447156291	32.9139617784165	33.4200008737876	45.4950873330802	40.1325589500731	52.0696104357586	49.3863265674488	54.1566079978645	47.730591934416	74.7986951932848	65.2060966430803	68.7916162366215	65.8643103023342	68.8136881616614	76.4742092362424	63.3706170320544	58.2639576565996	75.6543251702704	76.1693022492419	83.902622101584	94.9815254292068	99.7442555534854	102.651156772521	87.4229880530181	100.422914463488	100.862388343651	110.105880584649	114.665751852988	110.619273282813	120.564568205945	116.933383677625	128.731047844692	114.340977674875	0	0	0	0	224.799914148206	202.499976414311	236.213198638776	222.840350707181	266.383622168397	302.942498946647	250.454109377617	200.811127433785	325.741527082056
583.389	0	0	0	0	0	0	42.4460125908202	6.06301776233767	-1.30555347161014	21.9544808219572	16.2895570434962	21.3857687211981	6.07021322351972	3.16034927366227	24.1117114788342	4.79873148958619	30.2127814828972	21.8872359620349	19.6715774914373	22.4411370470092	20.0195728874951	28.2562892361388	24.0690108866687	19.7395862035822	21.8530165307634	21.9717158870547	21.090396470247	29.242507608233	26.4086864588555	27.9234968811519	28.7801545424143	43.7146635673924	46.1840946903051	52.3479307295307	54.5928611207721	64.1011930343291	49.2264692070428	57.2575426159646	35.978748072778	61.6716895483556	58.7940386908149	78.0258214174462	64.5410362868226	77.5900815182751	69.2108771577938	84.012231833984	71.9329816865723	57.1695054662074	81.8629584544233	83.7156356727931	71.7073578308237	91.3848310171553	93.8465927793543	93.6471825717288	89.6356171841419	90.8360225928141	96.4844675104238	102.205334007818	115.83587016413	102.989623770532	0	0	0	0	175.974243194431	161.747762499591	165.225004395982	241.370374003835	250.660967098986	205.312571979227	311.354391685259	191.209014877626	362.868196849303
586.726	0	0	0	0	0	160.062542720226	33.2280815022021	14.0392899132086	42.6742231193454	21.815176113056	10.1924307319602	20.0901047395317	9.86202884131696	7.31822786893904	19.9519993029529	20.0040072541741	34.5423924334354	19.5665644406993	31.578474627127	25.8748841676124	30.7287919454576	22.788900486138	38.6021602400558	34.4958242039101	29.2655948128028	33.4013536161388	29.9522595691793	32.0213148613154	42.5885730713541	37.2881463661249	41.683778078601	44.6967157328962	36.5542869261371	49.2251687427016	52.3883146221931	55.4617552898007	58.3993985342916	63.8828700259495	70.7449845214897	61.5954733342355	63.9924713980265	76.0128153428652	78.7464175693486	80.7034166242867	66.1641072213871	69.8544450707727	89.6476692567707	84.9803703533801	95.8127065467448	75.1813617673491	92.6363292483878	92.981163337894	87.3649957882114	101.944905606104	90.9996464434043	119.450966527884	105.963704286819	117.758904638739	106.060024651648	115.398670679634	0	0	0	0	169.552837618869	195.201806324933	211.405794858347	181.763900548065	242.827758289531	284.790682136838	188.108770231374	329.5656467892	302.58902222605
590.063	0	0	0	0	443.639073555019	-22.2945083292111	-33.3834638934181	10.068564738484	-3.24552537203484	-25.0197724526382	-16.8341768052842	6.33419188302336	7.15498403247748	-17.853444695442	-5.00931982688792	-17.6649547503805	-2.73431033264793	-5.6727529697623	-13.7685012759808	-1.1964512689895	5.64087467041363	10.1974168531711	0.313746319019701	9.42862598549832	8.61284949585304	14.8271338058403	26.0742790367276	18.1581664525133	23.4716542058107	19.2196466789197	21.993298469867	28.6905999550984	25.8725139090215	31.3038377469191	40.2027080497902	29.8122209972824	55.1164910445792	46.3312767143976	32.8147297964325	59.6616244193954	53.7198627359367	39.6170432283513	41.7427924551308	55.2321380767196	48.7701399015469	42.9219748134545	61.370944208526	49.8998390124324	64.3278232422108	66.6344404018217	69.7430284419134	56.7946571891892	73.1614771659812	69.4539558958624	77.7701954682669	78.7277844852144	84.0667715303254	93.8468549441563	87.8002949895736	0	0	0	0	145.10403491609	117.118452840175	125.77551969842	142.609446181358	141.686087074423	146.263400221976	150.519586469844	123.777704866798	142.897662549478	43.3849033782475
593.4	0	0	0	0	27.1113598344703	1.45425103545398	4.23626505450019	-6.78779666115053	-9.2041265830861	17.1172129835654	4.26233641160691	-4.07267143561743	-10.0051297564993	-0.530753510510609	-19.2313644537637	1.92843172643805	5.07330518591609	1.76293151063326	7.58427190292546	16.9579477432914	17.8708285265317	-0.369967123870756	-2.78916475905361	23.5298161198263	12.2918826024046	9.45754261961715	14.2404424794537	20.5444965372781	21.6972260271658	38.8538797865093	17.1609721422945	24.2592613743963	26.4585625253677	26.6802341764869	28.7045760554766	23.9624994403791	38.6552108811673	41.8768346954134	43.4295261974234	38.0205611061162	41.778684012298	45.2486295473777	58.4691126263367	43.9828101982557	37.6304883221474	62.9647288605326	51.6084496358427	63.5752893488635	76.1781256454392	62.2909126924401	67.3242148356641	67.3665846162841	64.9639997352753	75.0509109779683	69.0029042663834	76.8446439462032	69.8691206706011	73.6207236197322	71.9920653463082	0	0	0	0	113.606483750176	125.43513987124	123.656575772245	171.664433474183	151.501481681283	138.032220980146	82.2518770368545	178.753457378975	45.5650606936799	131.588259839717
596.738	0	0	0	698.997691806991	4.58117314177573	14.0528529238046	2.16013094404158	6.22274218500973	18.6887879448803	8.3234571554957	24.7440668958142	27.2661674138325	39.0784086920054	19.4523606522394	15.9680344398812	25.5515248581275	8.91853242380647	10.3369687502056	25.763447189465	4.11322836585661	5.42321480061008	17.7321949323861	25.3173759040061	16.8184128264299	24.2284097116892	26.9884681021516	26.8406153240334	22.9642038548404	21.7379492021897	30.0671297616371	26.0836351811587	37.3339130791834	42.4213102624606	42.3265548643383	45.1192873387309	52.0005182341008	50.8168007575314	46.4154976595959	45.9277417461918	54.6975393948875	54.1287091077441	72.103134700648	49.3016554506285	54.788748874786	63.3947783528143	63.7796698139671	69.5313827141486	56.7950900726036	64.9654654334156	69.1934816856954	69.9870061841741	62.7761512039669	66.9262128417006	83.5924655460782	71.0912378144034	70.1096843815217	87.5462002915519	98.6114050403011	97.8249568285314	0	0	0	0	124.636243420776	132.961508840626	110.113163203712	167.676997804332	170.99501701033	180.568643249248	224.411515411719	173.766456945289	174.180126264085	212.194919147857
600.076	0	0	546.658817725354	65.7285771657549	23.3224943882026	-0.734678128909223	20.3084294412148	28.7382846184025	-13.5286438196273	11.1196911129715	16.3253966665945	-13.828739809592	14.3537862856747	10.9597740342085	26.6716855177686	6.99466768870408	30.4955647658219	6.82480076140477	20.9091767083734	41.7293631821377	20.8111524690594	18.7105809255355	16.7101770753032	16.4927157362339	7.14485420927744	18.5800829462106	14.7054715137692	21.047238838397	18.3838057442748	29.4763390203393	35.9542142514145	34.8621252756482	30.4637241856301	39.0964840524944	38.817522137617	53.0424387673147	36.9328016500645	43.5731465204118	42.3890063868722	49.0874925537223	56.4851953654919	56.3129931736947	41.0933181967633	53.8298366742578	53.6099926196835	49.2321758268111	54.2277118814024	49.6385915729198	75.8773890318105	51.7140209251471	49.7657343639426	67.5245017094178	63.3034252255363	67.8393800856918	67.6349244587745	96.4430042474466	71.8296870118508	77.4369746158178	0	0	0	0	147.12343650144	120.370225084439	133.754268430983	143.681480218435	131.210482318657	194.802174477776	183.292624608977	143.004348997652	221.632565013228	232.10886208882	226.55141417068
603.415	0	0	82.5768766918943	-4.90415371244107	-16.4383512115314	3.76676298009884	-2.93588300410844	14.8403565803478	48.4903071892777	19.7268986721983	8.86338031725138	5.46015883858147	-2.32297176862523	9.94988629693478	-4.21972118389936	25.1584324361445	24.4882309756601	0.00577547312701073	20.199395041165	-4.594787190804	4.33915334027891	7.38607290160668	21.6939582291694	-2.03542544524048	15.4585258071967	23.2888469863263	24.128806176373	24.1948536746491	27.7088217421616	28.6558655969704	32.4738711531596	27.1972089975408	31.6699709465849	29.7250970690167	28.6475046348415	38.450084141293	42.5942174874809	54.9126073200624	49.1317988226596	39.9676881183621	54.5793242477152	39.3899084635404	42.1453436438465	45.1168981481334	51.3410380946721	31.8118807491975	62.7423153213554	58.4200243860677	42.9536056479332	50.5847617641855	62.5419473408289	44.6950335504422	58.7956045039539	67.4858235447032	67.8654401473034	73.9514556592547	83.8323796244674	92.1051440796973	0	0	0	0	122.882447329741	125.440665189793	119.645299008127	140.446421739123	142.0767851452	152.387570852751	148.826830490293	220.134630866616	105.538700490691	181.142274545931	121.80650338398
606.753	0	166.238611244702	-2.61266242508439	16.4118588500219	18.8372888389895	19.7506012560829	2.22051219473798	2.83280858037977	-2.06417140547033	-0.00784184868905668	13.9606301730026	12.1587155451769	16.8408445029729	3.87645212350786	3.69721735052636	-21.6677917050078	12.9968001481941	22.101864977238	-9.68633833700243	12.2346284741842	3.56797198813371	16.6901747125728	-3.56302695754637	16.94893204428	10.4222585512965	8.90738290489788	24.6333676578077	16.8745658407965	25.8310474394375	23.6487710717975	14.8896574628064	32.7597953555818	25.0771854369306	26.8840502735747	28.7149812218205	35.9696708826512	51.7775477781456	32.380016706605	42.8216061333744	52.2775346890522	51.1457546654001	24.3882040141448	47.3058187699473	50.8802524538828	37.5853276623134	57.108878621659	49.19730776937	45.4865285926099	48.3967010087098	64.4122686736487	66.0277978998949	48.3628981004907	71.289621065432	43.9266031827325	56.1376303235987	78.9283044594775	61.5101422876522	60.6363348553995	0	0	0	0	105.908198843116	87.6133490641843	110.801063883735	94.6010335879918	114.688463317079	114.034609212087	122.185447216468	123.862994072756	124.246928885951	186.95798981915	175.519961652598
610.092	243.901104436846	11.1531458182431	24.4720134727033	11.5182285721899	-11.0115095234966	39.6339358986753	1.46163371015014	2.83767031147245	6.18218822378115	25.8431237087737	40.08229530707	18.2929125514351	4.65733853220222	25.5573715881447	-2.1137005538399	32.8821480495802	3.86697238645208	13.8592798658023	25.1532881982514	20.3134527443231	23.4754338987383	11.1364721752679	18.2290252612914	11.7269470547379	21.705987445628	14.9676072571734	16.6863358678088	15.5122527217398	16.3231185915671	27.5346932462927	28.3387058818774	26.7762691955625	35.3401700078082	17.53322598115	28.7830686601382	35.0981938453885	28.6596279113328	38.6393016586331	45.8107881858802	30.9952038130895	39.7590869063854	42.7042447112379	55.767463200037	36.8276221056145	37.0112897861073	47.3442904147751	52.1451726934256	62.15886663762	66.4962052452909	62.0847037212036	46.4757372010259	58.3131590746292	53.7986404496766	77.6499386237601	52.9373088181611	60.8862251995233	53.2395849693841	0	0	0	0	133.01548238599	62.9309166256232	102.343733203519	104.413848192528	133.844448048806	127.587448218636	142.403164882219	147.035949962004	127.380801740903	135.200436128268	64.5723392619733	110.952272952238
613.431	27.3869995294838	-9.29226095721034	-0.878657632706617	-9.04088295158667	-13.3745473835458	-38.0290597581054	-25.0176363918274	-3.54482185004217	-19.1922823148199	3.95062395952569	-12.7015167427602	-3.0394523758762	-1.17119581052024	-4.99517359769034	1.0603502265318	-12.1163640183069	-6.75025072990686	0.913263875957752	15.430931142002	-5.04933170370747	4.75432763394732	4.81076605536447	0.974277049326911	7.6131008117515	2.6769567278714	-3.13207073130009	2.87718744022353	8.45167087109861	14.706510892105	2.54820025046249	9.08948655505177	19.3046999248586	30.8364257369852	24.6485002061439	27.4834423887832	20.5645807453694	20.5404667513079	20.1035495631013	22.8759992906789	29.8066642440918	28.1832242730258	44.583609557289	21.6967892429733	43.5134906827344	42.3864733259753	27.7873148416531	33.0527585362467	23.3987729351631	46.8892791645578	35.210423683829	46.4078966495584	32.388227797197	34.548556769508	45.7554994210584	49.1897433442013	43.2025241626593	56.8876545317606	0	0	0	0	85.2145988183977	73.2892266883006	65.5577481431908	92.0581193407465	82.9863693989933	82.5515063654577	96.9590781714675	137.808445945209	136.668495973559	41.6205436003733	11.2700925635236	22.9366862452902
616.77	12.9027396882791	8.47109897356344	8.8339756037501	-35.0268258427365	27.9387847618617	-4.61081993114825	10.4227681752152	26.6259907342052	18.0929660870661	1.38157110522117	21.9220659362633	-17.2890349775471	4.75953667301728E-4	13.5008439076641	4.29749689215508	-0.996673742751988	36.6924915235192	5.61438190209114	12.0666934319764	34.2996354216801	19.7462321171895	24.9018557173514	11.2149121805962	9.50847621550126	2.71951582128912	11.4941852655535	15.325320261031	18.7515364136315	16.537719763256	32.1813645935084	16.914287135482	24.3320935655226	36.4475559180065	36.1968686686681	31.1074177323263	35.2159173062657	31.769131783224	30.2634902673075	27.2027195853512	37.2174104818713	47.9311052967457	56.6374187681807	44.3914434029728	50.2316028253865	44.0335657595576	46.339657616687	41.4410172957862	42.0966303895631	41.8355290050797	43.9343528983348	39.0905694215721	39.49274000563	42.243406667186	45.8311943917047	55.4841689890239	63.9556871373405	67.6013069229434	0	0	0	0	82.21279668179	81.7399522423386	107.874706052865	76.099000597816	103.561992400449	96.486622379365	137.71110442363	159.44299078913	119.373863837526	65.548555184809	190.11155033331	193.825380099474
620.109	48.8615806480137	24.4163994257229	-18.5212450133979	25.6455907981868	-7.85582331099121	11.364564399892	-14.6255791422293	20.369112082639	46.2027545851112	4.92380750154762	10.3022783245025	23.550914277384	18.1487338264456	2.77319574153518	-0.00321475983493559	13.2213237043627	16.2348760781656	5.1778143432933	31.9119479320118	12.1299022300167	13.3854556258409	15.8029481465495	27.1696851566073	17.1638719791699	29.3802821938598	30.0806005319204	28.2920959863471	15.8161610977632	30.0720359287998	23.7583927987253	33.7544231030571	17.5543187061358	38.8950778569201	40.4882139329134	27.5207152753048	27.705366056259	55.46313638244	42.4921319334369	36.1258049212769	56.7511939359288	54.012854438734	37.2546435796359	40.6195362963042	46.8123723875792	51.628626779868	44.6628969704942	44.3627619722967	59.9490576451375	55.758642052425	56.785589399427	64.7179152433354	45.6086825506344	59.6392655440816	56.7211461564343	67.076086562097	55.11359804257	0	0	0	0	112.497292133589	82.3661299534666	72.1464856615493	101.764220136122	92.8149600145076	96.2277771498758	128.722239381584	126.408311526327	181.60301000838	220.228835284971	165.677267324572	258.099185810829	329.202131867161
