Sample - Blank	600	595	590	585	580	575	570	565	560	555	550	545	540	535	530	525	520	515	510	505	500	495	490	485	480	475	470	465	460	455	450	445	440	435	430	425	420	415	410	405	400	395	390	385	380	375	370	365	360	355	350	345	340	335	330	325	320	315	310	305	300	295	290	285	280	275	270	265	260	255	250	245	240
nm																																																																									
213.328	0	0	0	0	0	0	0	0	0	0	0	0	0	0	0	0	0	0	0	0	0	0	0	0	0	0	0	0	0	0	0	0	0	0	0	0	0	0	0	0	0	0	0	0	0	0	0	0	0	0	0	0	0	0	0	0	0	0	0	0	0	0	0	0	0	0	0	0	0	0	0	0	0
216.504	0	0	0	0	0	0	0	0	0	0	0	0	0	0	0	0	0	0	0	0	0	0	0	0	0	0	0	0	0	0	0	0	0	0	0	0	0	0	0	0	0	0	0	0	0	0	0	0	0	0	0	0	0	0	0	0	0	0	0	0	0	0	0	0	0	0	0	0	0	0	0	0	0
219.682	0	0	0	0	0	0	0	0	0	0	0	0	0	0	0	0	0	0	0	0	0	0	0	0	0	0	0	0	0	0	0	0	0	0	0	0	0	0	0	0	0	0	0	0	0	0	0	0	0	0	0	0	0	0	0	0	0	0	0	0	0	0	0	0	0	0	0	0	0	0	0	0	0
222.862	0	0	0	0	0	0	0	0	0	0	0	0	0	0	0	0	0	0	0	0	0	0	0	0	0	0	0	0	0	0	0	0	0	0	0	0	0	0	0	0	0	0	0	0	0	0	0	0	0	0	0	0	0	0	0	0	0	0	0	0	0	0	0	0	0	0	0	0	0	0	0	0	0
226.045	0	0	0	0	0	0	0	0	0	0	0	0	0	0	0	0	0	0	0	0	0	0	0	0	0	0	0	0	0	0	0	0	0	0	0	0	0	0	0	0	0	0	0	0	0	0	0	0	0	0	0	0	0	0	0	0	0	0	0	0	0	0	0	0	0	0	0	0	0	0	0	0	0
229.23	0	0	0	0	0	0	0	0	0	0	0	0	0	0	0	0	0	0	0	0	0	0	0	0	0	0	0	0	0	0	0	0	0	0	0	0	0	0	0	0	0	0	0	0	0	0	0	0	0	0	0	0	0	0	0	0	0	0	0	0	0	0	0	0	0	0	0	0	0	0	0	0	0
232.417	0	0	0	0	0	0	0	0	0	0	0	0	0	0	0	0	0	0	0	0	0	0	0	0	0	0	0	0	0	0	0	0	0	0	0	0	0	0	0	0	0	0	0	0	0	0	0	0	0	0	0	0	0	0	0	0	0	0	0	0	0	0	0	0	0	0	0	0	0	0	0	0	0
235.607	0	0	0	0	0	0	0	0	0	0	0	0	0	0	0	0	0	0	0	0	0	0	0	0	0	0	0	0	0	0	0	0	0	0	0	0	0	0	0	0	0	0	0	0	0	0	0	0	0	0	0	0	0	0	0	0	0	0	0	0	0	0	0	0	0	0	0	0	0	0	0	0	0
238.799	0	0	0	0	0	0	0	0	0	0	0	0	0	0	0	0	0	0	0	0	0	0	0	0	0	0	0	0	0	0	0	0	0	0	0	0	0	0	0	0	0	0	0	0	0	0	0	0	0	0	0	0	0	0	0	0	0	0	0	0	0	0	0	0	0	0	0	0	0	0	0	0	0
241.993	0	0	0	0	0	0	0	0	0	0	0	0	0	0	0	0	0	0	0	0	0	0	0	0	0	0	0	0	0	0	0	0	0	0	0	0	0	0	0	0	0	0	0	0	0	0	0	0	0	0	0	0	0	0	0	0	0	0	0	0	0	0	0	0	0	0	0	0	0	0	0	0	0
245.19	0	0	0	0	0	0	0	0	0	0	0	0	0	0	0	0	0	0	0	0	0	0	0	0	0	0	0	0	0	0	0	0	0	0	0	0	0	0	0	0	0	0	0	0	0	0	0	0	0	0	0	0	0	0	0	0	0	0	0	0	0	0	0	0	0	0	0	0	0	0	0	0	0
248.388	0	0	0	0	0	0	0	0	0	0	0	0	0	0	0	0	0	0	0	0	0	0	0	0	0	0	0	0	0	0	0	0	0	0	0	0	0	0	0	0	0	0	0	0	0	0	0	0	0	0	0	0	0	0	0	0	0	0	0	0	0	0	0	0	0	0	0	0	0	0	0	0	0
251.589	0	0	0	0	0	0	0	0	0	0	0	0	0	0	0	0	0	0	0	0	0	0	0	0	0	0	0	0	0	0	0	0	0	0	0	0	0	0	0	0	0	0	0	0	0	0	0	0	0	0	0	0	0	0	0	0	0	0	0	0	0	0	0	0	0	0	0	0	0	0	0	0	475.136164291394
254.793	0	0	0	0	0	0	0	0	0	0	0	0	0	0	0	0	0	0	0	0	0	0	0	0	0	0	0	0	0	0	0	0	0	0	0	0	0	0	0	0	0	0	0	0	0	0	0	0	0	0	0	0	0	0	0	0	0	0	0	0	0	0	0	0	0	0	0	0	0	0	0	0	-50.9156957829042
257.998	0	0	0	0	0	0	0	0	0	0	0	0	0	0	0	0	0	0	0	0	0	0	0	0	0	0	0	0	0	0	0	0	0	0	0	0	0	0	0	0	0	0	0	0	0	0	0	0	0	0	0	0	0	0	0	0	0	0	0	0	0	0	0	0	0	0	0	0	0	0	0	190.565551151055	36.9509557675829
261.205	0	0	0	0	0	0	0	0	0	0	0	0	0	0	0	0	0	0	0	0	0	0	0	0	0	0	0	0	0	0	0	0	0	0	0	0	0	0	0	0	0	0	0	0	0	0	0	0	0	0	0	0	0	0	0	0	0	0	0	0	0	0	0	0	0	0	0	0	0	0	1028.33128840699	49.8584014028508	-61.8664325443327
264.415	0	0	0	0	0	0	0	0	0	0	0	0	0	0	0	0	0	0	0	0	0	0	0	0	0	0	0	0	0	0	0	0	0	0	0	0	0	0	0	0	0	0	0	0	0	0	0	0	0	0	0	0	0	0	0	0	0	0	0	0	0	0	0	0	0	0	0	0	0	0	-54.8199700900035	-191.392506440449	-639.501463223914
267.627	0	0	0	0	0	0	0	0	0	0	0	0	0	0	0	0	0	0	0	0	0	0	0	0	0	0	0	0	0	0	0	0	0	0	0	0	0	0	0	0	0	0	0	0	0	0	0	0	0	0	0	0	0	0	0	0	0	0	0	0	0	0	0	0	0	0	0	0	0	493.576456404744	9.78721172015478	-137.987273462619	-568.259864646924
270.841	0	0	0	0	0	0	0	0	0	0	0	0	0	0	0	0	0	0	0	0	0	0	0	0	0	0	0	0	0	0	0	0	0	0	0	0	0	0	0	0	0	0	0	0	0	0	0	0	0	0	0	0	0	0	0	0	0	0	0	0	0	0	0	0	0	0	0	0	1752.66253048429	-7.34541117678384	67.5167113538136	-178.383639742586	89.2773504355778
274.057	0	0	0	0	0	0	0	0	0	0	0	0	0	0	0	0	0	0	0	0	0	0	0	0	0	0	0	0	0	0	0	0	0	0	0	0	0	0	0	0	0	0	0	0	0	0	0	0	0	0	0	0	0	0	0	0	0	0	0	0	0	0	0	0	0	0	0	0	186.533143940717	25.8325170563869	-24.8385654098901	-410.47401606715	13.7359894343896
277.275	0	0	0	0	0	0	0	0	0	0	0	0	0	0	0	0	0	0	0	0	0	0	0	0	0	0	0	0	0	0	0	0	0	0	0	0	0	0	0	0	0	0	0	0	0	0	0	0	0	0	0	0	0	0	0	0	0	0	0	0	0	0	0	0	0	0	0	793.146652704641	24.1210977714367	47.845418918568	-135.440434877002	-147.589892345447	85.6964382400109
280.496	0	0	0	0	0	0	0	0	0	0	0	0	0	0	0	0	0	0	0	0	0	0	0	0	0	0	0	0	0	0	0	0	0	0	0	0	0	0	0	0	0	0	0	0	0	0	0	0	0	0	0	0	0	0	0	0	0	0	0	0	0	0	0	0	0	0	2216.64507753986	-9.29265920260297	17.7891499147579	-162.056593024562	-226.825938288476	-107.970086668983	-33.3532321600124
283.718	0	0	0	0	0	0	0	0	0	0	0	0	0	0	0	0	0	0	0	0	0	0	0	0	0	0	0	0	0	0	0	0	0	0	0	0	0	0	0	0	0	0	0	0	0	0	0	0	0	0	0	0	0	0	0	0	0	0	0	0	0	0	0	0	0	0	308.221607115229	123.608752466288	123.379934679034	63.6171615034245	11.235584891988	280.970538608627	161.496450822048
286.942	0	0	0	0	0	0	0	0	0	0	0	0	0	0	0	0	0	0	0	0	0	0	0	0	0	0	0	0	0	0	0	0	0	0	0	0	0	0	0	0	0	0	0	0	0	0	0	0	0	0	0	0	0	0	0	0	0	0	0	0	0	0	0	0	0	1028.47464612685	107.662274920287	89.9468775088826	0.166019513135734	-100.337426355105	203.016960741682	116.103641491829	158.701521627708
290.169	0	0	0	0	0	0	0	0	0	0	0	0	0	0	0	0	0	0	0	0	0	0	0	0	0	0	0	0	0	0	0	0	0	0	0	0	0	0	0	0	0	0	0	0	0	0	0	0	0	0	0	0	0	0	0	0	0	0	0	0	0	0	0	0	2233.25711899144	172.244835074443	137.421604666992	142.188697106363	34.1866495511681	81.2611089077587	109.125043605679	150.195623372409	246.340800529478
293.397	0	0	0	0	0	0	0	0	0	0	0	0	0	0	0	0	0	0	0	0	0	0	0	0	0	0	0	0	0	0	0	0	0	0	0	0	0	0	0	0	0	0	0	0	0	0	0	0	0	0	0	0	0	0	0	0	0	0	0	0	0	0	0	0	372.293949083252	97.347813925942	171.555089722799	41.124941134326	-97.835471295389	67.4670285577135	46.1335972098905	-58.7798084232439	-102.889664674049
296.628	0	0	0	0	0	0	0	0	0	0	0	0	0	0	0	0	0	0	0	0	0	0	0	0	0	0	0	0	0	0	0	0	0	0	0	0	0	0	0	0	0	0	0	0	0	0	0	0	0	0	0	0	0	0	0	0	0	0	0	0	0	0	0	1117.75059802583	157.266505400874	204.851216095076	234.657997960943	52.2815127521667	19.542325583137	117.751754138732	93.5031114665081	77.4828285103092	97.1370742219139
299.86	0	0	0	0	0	0	0	0	0	0	0	0	0	0	0	0	0	0	0	0	0	0	0	0	0	0	0	0	0	0	0	0	0	0	0	0	0	0	0	0	0	0	0	0	0	0	0	0	0	0	0	0	0	0	0	0	0	0	0	0	0	0	0	245.196772522474	261.34504433918	319.145086261117	267.90804563932	182.669410761803	221.098242735544	272.743140811536	229.050402053389	440.233974597993	395.4895279014
303.095	0	0	0	0	0	0	0	0	0	0	0	0	0	0	0	0	0	0	0	0	0	0	0	0	0	0	0	0	0	0	0	0	0	0	0	0	0	0	0	0	0	0	0	0	0	0	0	0	0	0	0	0	0	0	0	0	0	0	0	0	0	0	470.177768768464	180.227944837051	277.81173892608	263.058122711322	193.882326509267	193.868261888847	167.02009733468	166.117446611345	142.707192573039	99.3061610047364	157.527128298103
306.331	0	0	0	0	0	0	0	0	0	0	0	0	0	0	0	0	0	0	0	0	0	0	0	0	0	0	0	0	0	0	0	0	0	0	0	0	0	0	0	0	0	0	0	0	0	0	0	0	0	0	0	0	0	0	0	0	0	0	0	0	0	1172.53866164112	119.681219171442	208.282898273509	322.889626737234	334.100497156144	203.322332855933	287.849867580324	254.436241914121	250.225395507774	157.147044521854	266.099384114976	113.694214269765
309.569	0	0	0	0	0	0	0	0	0	0	0	0	0	0	0	0	0	0	0	0	0	0	0	0	0	0	0	0	0	0	0	0	0	0	0	0	0	0	0	0	0	0	0	0	0	0	0	0	0	0	0	0	0	0	0	0	0	0	0	0	0	190.266560964285	169.478326771355	293.534964378462	310.535161119153	315.644516701456	307.274267328547	307.325622379352	250.818144497749	210.719286566947	219.611795087354	122.268004250981	145.056065979562
312.81	0	0	0	0	0	0	0	0	0	0	0	0	0	0	0	0	0	0	0	0	0	0	0	0	0	0	0	0	0	0	0	0	0	0	0	0	0	0	0	0	0	0	0	0	0	0	0	0	0	0	0	0	0	0	0	0	0	0	0	0	766.207696502747	125.281275238214	223.145475121166	308.33626837906	346.585828151074	376.795023675427	399.877152367017	317.775956948403	293.648135073159	303.292678813791	221.755682001865	357.056856763739	381.414319291438
316.052	0	0	0	0	0	0	0	0	0	0	0	0	0	0	0	0	0	0	0	0	0	0	0	0	0	0	0	0	0	0	0	0	0	0	0	0	0	0	0	0	0	0	0	0	0	0	0	0	0	0	0	0	0	0	0	0	0	0	0	1625.34361180664	238.050210698107	267.438084289401	341.35646007594	427.483646476384	417.374696321389	474.087827566753	495.767215709169	426.411374654159	334.536500995961	334.495731219207	360.333766287561	495.234973638655	447.95881906782
319.296	0	0	0	0	0	0	0	0	0	0	0	0	0	0	0	0	0	0	0	0	0	0	0	0	0	0	0	0	0	0	0	0	0	0	0	0	0	0	0	0	0	0	0	0	0	0	0	0	0	0	0	0	0	0	0	0	0	0	0	516.819850337869	447.944324649014	557.551631634811	547.884818652256	612.339361526322	607.964477221158	595.886171619447	547.438484314199	487.853719502244	410.416353587573	381.93870217463	426.257168134454	477.900591237434	616.39522539792
322.542	0	0	0	0	0	0	0	0	0	0	0	0	0	0	0	0	0	0	0	0	0	0	0	0	0	0	0	0	0	0	0	0	0	0	0	0	0	0	0	0	0	0	0	0	0	0	0	0	0	0	0	0	0	0	0	0	0	0	1019.86052103798	544.717524909997	702.970322049983	802.158538267959	777.032410758827	838.77028779602	816.043205674764	746.929462916579	683.059803178188	625.770246546996	517.383923253885	540.553014277087	538.996806342168	705.878155806019	844.089192857735
325.79	0	0	0	0	0	0	0	0	0	0	0	0	0	0	0	0	0	0	0	0	0	0	0	0	0	0	0	0	0	0	0	0	0	0	0	0	0	0	0	0	0	0	0	0	0	0	0	0	0	0	0	0	0	0	0	0	0	3150.3655492524	501.896175489623	602.448948314933	777.121372390826	912.181900390914	900.155196981934	885.589922684838	867.790253680261	765.478825840553	721.840289621423	609.470028116718	530.619042182766	488.860916604194	453.579125699816	549.297347229148	726.555184578613
329.039	0	0	0	0	0	0	0	0	0	0	0	0	0	0	0	0	0	0	0	0	0	0	0	0	0	0	0	0	0	0	0	0	0	0	0	0	0	0	0	0	0	0	0	0	0	0	0	0	0	0	0	0	0	0	0	0	0	653.580383126404	513.536084137142	675.415660608397	897.378335583435	996.653582681268	1009.08215950831	980.737825325657	963.250066290585	899.635108641985	823.715974940803	781.657386836606	697.325885509011	614.230659714747	655.420658196416	924.742388788155	1186.93675647302
332.291	0	0	0	0	0	0	0	0	0	0	0	0	0	0	0	0	0	0	0	0	0	0	0	0	0	0	0	0	0	0	0	0	0	0	0	0	0	0	0	0	0	0	0	0	0	0	0	0	0	0	0	0	0	0	0	0	3082.03579994603	314.566238611029	577.290394351585	782.185000981211	990.383695266426	1099.9418440113	1066.86874093207	1137.60979359322	1018.62262180447	888.549451188979	825.167534747339	709.887535958556	588.848794136171	614.780469866073	673.238840348381	942.119364787663	1008.06171481489
335.544	0	0	0	0	0	0	0	0	0	0	0	0	0	0	0	0	0	0	0	0	0	0	0	0	0	0	0	0	0	0	0	0	0	0	0	0	0	0	0	0	0	0	0	0	0	0	0	0	0	0	0	0	0	0	0	4048.42986536484	246.602228587154	329.832908216495	690.219183426219	906.368189797559	1123.4659705073	1254.88755254506	1228.82795286809	1183.417187246	1142.66335254468	987.664496111904	852.645564970508	805.527223643307	672.151279424277	652.535163610291	553.846049687377	951.132152529652	1144.45904998032
338.799	0	0	0	0	0	0	0	0	0	0	0	0	0	0	0	0	0	0	0	0	0	0	0	0	0	0	0	0	0	0	0	0	0	0	0	0	0	0	0	0	0	0	0	0	0	0	0	0	0	0	0	0	0	0	0	589.612530739473	135.194053616405	368.328668547412	745.26032103837	971.679763336156	1249.42813670229	1361.87718982376	1341.95171665576	1285.71396042444	1150.57582250263	1018.73250154417	912.594038562456	845.677930429269	719.392072365237	678.130915799803	728.580361638783	1006.22737595013	1204.74980552039
342.056	0	0	0	0	0	0	0	0	0	0	0	0	0	0	0	0	0	0	0	0	0	0	0	0	0	0	0	0	0	0	0	0	0	0	0	0	0	0	0	0	0	0	0	0	0	0	0	0	0	0	0	0	0	0	692.751027497909	84.2713065878926	169.197638222963	385.476961762073	764.85989158256	973.619937355248	1235.25495355669	1352.47239520118	1394.04774065746	1311.95453429229	1178.29377631471	1018.47712030489	959.419295965264	860.117968893305	824.443434988249	702.065406643224	769.93228362147	1012.19732851736	1411.8036764661
345.315	0	0	0	0	0	0	0	0	0	0	0	0	0	0	0	0	0	0	0	0	0	0	0	0	0	0	0	0	0	0	0	0	0	0	0	0	0	0	0	0	0	0	0	0	0	0	0	0	0	0	0	0	0	1290.18598450555	98.8557744186702	97.089566873863	169.708250531248	404.845811643859	729.22759741236	942.748948375045	1206.9124745444	1346.06677749544	1315.92786682617	1239.92106904989	1105.2558774128	1024.16321975463	884.380689192438	830.4264173664	746.645824667594	634.817291029891	734.495701940164	1232.17044071932	1194.98596220286
348.575	0	0	0	0	0	0	0	0	0	0	0	0	0	0	0	0	0	0	0	0	0	0	0	0	0	0	0	0	0	0	0	0	0	0	0	0	0	0	0	0	0	0	0	0	0	0	0	0	0	0	0	0	0	263.274211532492	62.722686733362	111.983727660241	158.992844396491	441.314333833593	749.754453248616	968.152909318946	1183.29998641555	1350.14565330382	1289.01524714653	1233.93176071621	1128.68032740136	909.772677187199	887.934079592529	803.965257310264	695.508475671089	671.230068742224	850.498795015118	1138.5766143976	1204.24198908288
351.838	0	0	0	0	0	0	0	0	0	0	0	0	0	0	0	0	0	0	0	0	0	0	0	0	0	0	0	0	0	0	0	0	0	0	0	0	0	0	0	0	0	0	0	0	0	0	0	0	0	0	0	0	662.041618124574	70.0809712186429	67.1451922538656	125.633215568464	197.033461106377	445.060484001987	755.850670224289	937.31691464924	1203.71705725385	1310.11191270513	1220.96432769507	1222.48538872568	1079.80848136132	995.52741401255	837.982383532784	795.700940817145	729.632352582873	777.564303168857	687.384014607439	1116.23190153764	1304.98596553917
355.101	0	0	0	0	0	0	0	0	0	0	0	0	0	0	0	0	0	0	0	0	0	0	0	0	0	0	0	0	0	0	0	0	0	0	0	0	0	0	0	0	0	0	0	0	0	0	0	0	0	0	0	1241.74205975868	85.0382583910759	60.6708439524893	98.1472005582936	152.866845126071	195.961125554197	436.303995239634	767.975075950732	952.893927867773	1204.01586765491	1302.44746905858	1255.40068094594	1166.7908594364	1066.14021629042	908.746152590283	874.969269796526	777.277783173117	718.486571148354	652.500349267319	646.743934986633	960.186590291473	1083.25351220128
358.367	0	0	0	0	0	0	0	0	0	0	0	0	0	0	0	0	0	0	0	0	0	0	0	0	0	0	0	0	0	0	0	0	0	0	0	0	0	0	0	0	0	0	0	0	0	0	0	0	0	0	0	282.824276546573	55.1859791922073	76.8000620839353	114.601882478029	168.407619796867	254.017242810064	481.061129920098	737.357415460955	975.392918488937	1164.75672076933	1250.35713154285	1201.52080772588	1138.87829695923	1038.63349536343	947.192791219005	806.851990506277	773.899120659608	697.136320571556	702.95566929954	860.558135848534	994.720222244382	1256.17350916902
361.634	0	0	0	0	0	0	0	0	0	0	0	0	0	0	0	0	0	0	0	0	0	0	0	0	0	0	0	0	0	0	0	0	0	0	0	0	0	0	0	0	0	0	0	0	0	0	0	0	0	0	666.582208484627	57.5991888145587	87.1878286915176	101.983063522385	150.268355093757	192.284450900132	286.21167531258	515.45787615339	742.124415481115	913.026379813113	1111.39610696874	1172.33447765181	1141.13334272028	1114.91746146561	996.462755650425	857.28824089218	813.087059812672	753.698329271938	759.911679177535	736.233015595161	774.921572200621	1183.22304542709	1193.86414467876
364.903	0	0	0	0	0	0	0	0	0	0	0	0	0	0	0	0	0	0	0	0	0	0	0	0	0	0	0	0	0	0	0	0	0	0	0	0	0	0	0	0	0	0	0	0	0	0	0	0	0	0	93.6555874806712	55.2002001169493	73.348090520753	116.152919263376	149.306910072696	197.648645220478	285.607109587893	448.410985930006	704.828314805316	873.617970911468	1022.47417016019	1081.96468161704	1055.33638377415	992.549868784631	904.376005075655	755.756303239068	691.028099132602	637.45190058115	569.416840226731	579.72581404834	622.937824753349	797.434422683555	943.678784032066
368.174	0	0	0	0	0	0	0	0	0	0	0	0	0	0	0	0	0	0	0	0	0	0	0	0	0	0	0	0	0	0	0	0	0	0	0	0	0	0	0	0	0	0	0	0	0	0	0	0	0	309.098048411904	55.7179967901233	84.8762099686039	125.953079028207	164.146057139191	208.846518843484	261.153142402052	324.280249976284	485.081298355134	745.36243097041	848.181732457187	1007.20617572983	1068.57653275784	1012.85475603568	988.784677307669	905.262942967216	822.027352541927	813.079693521408	723.73339522812	781.356224004038	759.949383790484	858.531193318873	990.195229088745	1187.20999413845
371.446	0	0	0	0	0	0	0	0	0	0	0	0	0	0	0	0	0	0	0	0	0	0	0	0	0	0	0	0	0	0	0	0	0	0	0	0	0	0	0	0	0	0	0	0	0	0	0	0	727.77334641972	62.9225123987739	81.1628272019126	90.7148164440743	148.598181466539	185.912417608646	229.259959247549	287.842893184618	344.411364174858	524.097821313569	711.66461542571	864.251193184112	974.825355788245	1004.3546719996	1012.0676183408	926.425640866382	872.831221271703	794.665075267457	749.592374954689	721.707752128714	659.979230325854	776.177651589716	866.65573786565	1017.28903853301	1045.77310992705
374.719	0	0	0	0	0	0	0	0	0	0	0	0	0	0	0	0	0	0	0	0	0	0	0	0	0	0	0	0	0	0	0	0	0	0	0	0	0	0	0	0	0	0	0	0	0	0	0	0	119.695911071947	41.8593091048476	85.7840541549475	135.059058332684	165.548171023544	221.535211997741	273.705232888258	295.560141765473	439.394976719855	560.530380031884	761.478291326492	873.51758677819	987.760781379263	1032.74793479262	1009.08226074806	954.075522450708	850.145201857889	824.4051838424	736.064902126791	811.298192532684	756.226819653264	728.008553794111	859.423319514595	1307.91833409415	1257.59207380637
377.995	0	0	0	0	0	0	0	0	0	0	0	0	0	0	0	0	0	0	0	0	0	0	0	0	0	0	0	0	0	0	0	0	0	0	0	0	0	0	0	0	0	0	0	0	0	0	0	331.250480635658	55.8172779811572	87.6696298167879	122.837934625983	161.156538940433	210.26756423358	228.442779088741	308.812730695974	345.823327554611	427.466812762294	580.368220267601	741.784589455357	870.678583578098	960.798866825784	1001.13778440052	942.936446591536	925.54922666922	837.825376996105	769.439547647452	771.834522785433	762.196127824973	720.904774004579	781.015351965194	886.898343592685	1176.26528686957	1355.30862396203
381.272	0	0	0	0	0	0	0	0	0	0	0	0	0	0	0	0	0	0	0	0	0	0	0	0	0	0	0	0	0	0	0	0	0	0	0	0	0	0	0	0	0	0	0	0	0	0	719.496428826538	58.794284658643	58.5507091325978	110.134687575028	137.285932863736	166.476802453859	222.37367734553	259.658756183709	325.296985553275	372.775006452018	448.621437812248	588.244723387792	735.151093801197	831.188413324084	914.52897572704	948.063854423418	906.602811019006	868.765301062509	808.335940475997	773.27134805948	729.482607381105	756.011698851531	783.466583912949	880.767064933743	866.215378417486	924.980459748913	1223.35449299116
384.55	0	0	0	0	0	0	0	0	0	0	0	0	0	0	0	0	0	0	0	0	0	0	0	0	0	0	0	0	0	0	0	0	0	0	0	0	0	0	0	0	0	0	0	0	0	0	109.819745748048	43.6242742806243	83.2814585377264	118.423458497818	155.456155292031	201.328598793027	265.825968608045	296.221906327483	357.321095082413	426.401501717551	463.578953021901	621.37720218017	729.076763960541	827.607343372948	900.799621469056	924.41067133758	895.153228586959	858.676910305896	805.888711518831	778.470407453142	768.971779991784	724.238181220363	767.737099371214	871.332599445349	902.088709995544	1077.51955421284	1181.52578307737
387.83	0	0	0	0	0	0	0	0	0	0	0	0	0	0	0	0	0	0	0	0	0	0	0	0	0	0	0	0	0	0	0	0	0	0	0	0	0	0	0	0	0	0	0	0	0	353.511521184505	32.8581749323197	65.1319767903751	86.9940288515078	136.350417192891	175.593768809787	233.216991487475	282.780472484377	340.625850687434	397.107562346788	440.012196168711	538.88470329504	627.623915314916	729.089275437977	814.107105668283	904.76935879986	934.350800221249	852.199043699888	846.760810182289	783.184449716491	728.752480911396	761.572455721983	754.963638954102	796.442533376738	874.298435790905	1018.2903969876	1218.77020964597	1271.20607079281
391.112	0	0	0	0	0	0	0	0	0	0	0	0	0	0	0	0	0	0	0	0	0	0	0	0	0	0	0	0	0	0	0	0	0	0	0	0	0	0	0	0	0	0	0	0	839.521528648243	22.5002548102176	53.5207186416871	68.5238666339482	113.876869856619	140.713509933197	190.711687833916	238.611225379158	292.845906576081	342.948951625018	412.943994498413	470.664527319244	524.384591723226	617.444373339758	717.993982256945	798.106150958668	854.963486400918	851.401550062915	814.07861000359	783.970039499431	758.841800919156	736.781542891352	653.708309367054	803.345455530946	754.529691991871	831.592149588911	933.558631093846	1233.96863058623	1155.42983939466
394.395	0	0	0	0	0	0	0	0	0	0	0	0	0	0	0	0	0	0	0	0	0	0	0	0	0	0	0	0	0	0	0	0	0	0	0	0	0	0	0	0	0	0	0	0	156.219194522961	42.9344645408661	64.0751268355618	99.0344079898051	135.786565581956	185.311352219665	236.573177405223	265.660667009589	337.089617220194	396.171600278593	450.363636254113	497.14389841138	547.108129049063	651.677209368317	739.289685575445	826.519585907642	884.383786829782	881.334730084756	861.795991155708	824.325138912078	759.910029751312	744.740273141596	766.14612834444	735.061215201095	750.905183148308	964.88266296796	993.119882896765	1221.37546351602	1413.0691387764
397.679	0	0	0	0	0	0	0	0	0	0	0	0	0	0	0	0	0	0	0	0	0	0	0	0	0	0	0	0	0	0	0	0	0	0	0	0	0	0	0	0	0	0	0	433.907100472417	22.8186820625557	57.3588839969216	78.1789292744226	130.588566792727	168.168196702836	212.963751578587	254.60899233408	308.313030785459	338.310870379929	409.177742370924	465.911303495488	504.362572273278	579.447939462369	644.289604501423	750.835912040037	788.610624313698	833.302862075626	835.438464227144	788.718143994113	802.189815190553	760.776641563983	746.771569230114	690.855201163019	772.809497381101	810.04938934289	927.303203236932	1067.30432295379	1035.07800007848	1252.12489967999
400.965	0	0	0	0	0	0	0	0	0	0	0	0	0	0	0	0	0	0	0	0	0	0	0	0	0	0	0	0	0	0	0	0	0	0	0	0	0	0	0	0	0	0	1175.98054177827	56.4216388615411	61.8813374923399	82.8469763080026	95.7869645515567	146.257000602589	168.045242661019	248.37233576001	287.823056725658	364.091299773599	400.205720437822	453.686070669776	506.296553410795	558.720185492803	599.98452376198	688.81448235619	738.888194532992	803.120677609635	855.674718083308	851.167060935379	818.796799872219	806.148650470885	781.095871160186	755.255069824369	851.860614395214	872.661885108622	890.822178684018	1059.14720536481	1090.91280052397	1243.91275561943	1280.9363644121
404.253	0	0	0	0	0	0	0	0	0	0	0	0	0	0	0	0	0	0	0	0	0	0	0	0	0	0	0	0	0	0	0	0	0	0	0	0	0	0	0	0	0	0	184.343841589182	41.8676195773601	71.580953383338	82.1212230922377	112.821715819244	151.839319753649	206.974378358577	246.567148871531	303.460784359232	344.446561157914	397.34555524871	459.021439498197	520.681416853847	562.814246543529	642.442752128175	665.758829638523	765.644964981859	783.63771433615	826.074210908096	806.202484868275	792.581298765903	783.293508936493	777.882331187213	795.695194798698	757.963256320651	817.066386087633	914.497505107548	978.49513718754	1145.28634050559	1316.88085473109	1442.37597423168
407.542	0	0	0	0	0	0	0	0	0	0	0	0	0	0	0	0	0	0	0	0	0	0	0	0	0	0	0	0	0	0	0	0	0	0	0	0	0	0	0	0	0	578.801685696891	36.780506988523	47.3263732901099	82.1426855378995	90.4209948832775	124.760274154019	160.748047483818	230.550160040565	293.084377118477	311.779401229357	372.868645206137	427.070545302343	473.427438512823	518.95941973537	577.053598116231	620.97204579208	694.79656039691	721.690911908368	781.342415102559	807.57284696537	815.798163185344	789.816705797505	780.479376056691	750.41927384928	762.841052183156	730.776632643408	863.373615785005	847.364733795035	1031.76529649722	1027.72183510155	1400.10887965487	1547.20021899604
410.832	0	0	0	0	0	0	0	0	0	0	0	0	0	0	0	0	0	0	0	0	0	0	0	0	0	0	0	0	0	0	0	0	0	0	0	0	0	0	0	0	3542.99512025884	66.659724732906	41.3202593437144	76.317833255098	78.6757846559032	120.981438579859	135.8566957868	200.186947118407	255.747573306349	318.577292839554	351.881633138367	410.163135289837	467.792164687378	493.578190834376	542.403108819055	583.982464550443	610.460612732795	680.967210231163	722.705870600684	754.146061649752	795.01508577413	795.399745909155	793.144832963088	761.967860547076	738.620879987218	730.258755911499	744.355423555477	860.939896691651	872.163625786949	1009.99613045431	1090.0028134376	1252.81746086205	1336.87249238372
414.124	0	0	0	0	0	0	0	0	0	0	0	0	0	0	0	0	0	0	0	0	0	0	0	0	0	0	0	0	0	0	0	0	0	0	0	0	0	0	0	0	618.812499045949	28.400655061627	30.8211981555844	56.9864938621779	78.278191173047	121.66499675543	159.172172521722	206.823270056231	273.690191026104	323.875562725652	360.774542339963	412.683076784916	463.303027019356	510.141938112662	546.238515245678	586.728786728463	634.456566870603	677.681342469773	733.394432271341	744.487983447142	762.492320705868	749.754687368445	725.132845039532	734.678099158005	728.6184318567	762.058951358707	773.603427484557	807.426917605736	946.364154912165	1062.82673766155	1177.837213205	1292.35826656698	1209.68687166143
417.417	0	0	0	0	0	0	0	0	0	0	0	0	0	0	0	0	0	0	0	0	0	0	0	0	0	0	0	0	0	0	0	0	0	0	0	0	0	0	0	3521.04957646052	35.9256776597639	52.9342751504878	79.6738567549209	98.6848310658419	112.662983808376	151.896992898332	174.883927340524	238.724220067706	286.17428972775	346.807526494656	398.866600556717	428.855109128686	494.839837894496	517.917074093729	585.61498499623	610.261859565468	630.384035468038	700.396928007726	730.919534736383	766.765264410896	767.916319019356	752.475253503921	750.1377594163	746.844951227657	747.316788542179	756.750975512093	778.455144160048	899.550951055439	967.159403598874	1119.06601875072	1150.85175934542	1380.20074640339	1425.07466711496
420.711	0	0	0	0	0	0	0	0	0	0	0	0	0	0	0	0	0	0	0	0	0	0	0	0	0	0	0	0	0	0	0	0	0	0	0	0	0	0	21359.4251270851	121.927512130067	50.8217397796485	72.0163473458859	58.7518012051085	83.0665159801731	132.135201601188	141.704663144216	190.573096575101	246.225336694489	297.656290575126	343.252214327389	403.246083683738	452.794982075686	487.874750721948	523.385916269943	565.167115278738	589.568975394191	649.013103025158	660.785031031722	686.308490550763	714.59658584759	741.723214769303	731.120972915473	715.704998761198	721.562757277491	733.317887523497	747.08300871665	756.088378906442	878.999110842935	916.125006667748	980.880887628091	1134.75935641902	1297.23477628365	1299.43075047399
424.007	0	0	0	0	0	0	0	0	0	0	0	0	0	0	0	0	0	0	0	0	0	0	0	0	0	0	0	0	0	0	0	0	0	0	0	0	0	0	3067.46649612183	44.7035628379181	40.2819400378644	35.1856495744204	58.4401412698724	100.61957641653	129.915464884946	170.478844994958	207.97090161428	246.623010271901	323.500700252405	377.133242282632	419.218803699643	447.32627627013	493.693798567185	525.793882238174	565.104604487687	593.204614267655	610.324538996957	643.353060351572	685.728946039539	704.902678591438	720.595952744903	688.469755371189	716.080389183699	718.715980932055	705.355705406438	723.340047290523	736.316625890409	835.474337496674	952.456085424417	1058.75908725489	1059.53004944457	1201.60715262656	1237.01998884311
427.304	0	0	0	0	0	0	0	0	0	0	0	0	0	0	0	0	0	0	0	0	0	0	0	0	0	0	0	0	0	0	0	0	0	0	0	0	0	4536.86009294701	54.4361857622836	33.7683019025391	44.9251058956723	76.0262907579991	84.2463027390177	117.908250029539	145.567660138937	179.182818950792	199.158527299631	293.488968463397	330.520640323425	378.034427169585	413.628437939859	458.328948882393	494.706242569602	527.272157495733	558.081966868692	587.463524451704	612.136726137816	665.01082531673	687.648057589174	700.351172168284	694.340658079484	687.074267057592	688.563283757781	683.268381151625	690.140434888069	725.044260268283	750.859416208555	862.503063954894	1011.81322779165	1007.37354997253	1181.65299774411	1201.62557477348	1279.69217580164
430.602	0	0	0	0	0	0	0	0	0	0	0	0	0	0	0	0	0	0	0	0	0	0	0	0	0	0	0	0	0	0	0	0	0	0	0	0	1735.55740730829	210.033729227212	67.4838171621501	55.8173833909362	37.0927859123553	101.382262573369	111.391530998816	132.55448380952	154.691977448424	203.748387906134	239.339797441702	283.450393691847	345.081011514911	390.246154991201	427.951721764988	475.885677936164	500.572641002135	546.045552123346	573.445561376965	598.043999280906	619.629385171101	663.572416062517	676.21437575168	695.906623963933	704.926364946168	686.67335481261	663.129261264351	681.251221378782	697.225034912036	749.763517856882	807.168892255086	910.111733836606	1002.6807036779	1181.64449972431	1212.38021915193	1337.92065017403	1324.41829176141
433.902	0	0	0	0	0	0	0	0	0	0	0	0	0	0	0	0	0	0	0	0	0	0	0	0	0	0	0	0	0	0	0	0	0	0	0	0	248.700413803535	57.1131249895851	45.0479982052035	32.322872363747	46.4328005521979	88.939870321358	98.5752493409507	131.958005352932	164.838719848388	195.788590964799	229.46422205508	271.730162246123	321.080577188105	384.615966028978	445.910537401593	454.241368183243	486.313515745082	528.088551461884	548.162378680027	575.740656060478	616.531357403905	625.873807275732	628.083615950884	663.312485089286	679.708625643559	666.233718072249	670.689676920874	675.320012630288	670.257009643233	677.503586125644	769.073205940586	883.067434931265	951.689862884817	1015.77498079427	1052.42970703563	1166.51779981242	1181.60075138904
437.202	0	0	0	0	0	0	0	0	0	0	0	0	0	0	0	0	0	0	0	0	0	0	0	0	0	0	0	0	0	0	0	0	0	0	0	636.646974936596	36.2244813326242	65.7055992351314	79.7113759970651	59.8321019101918	84.5764772151645	115.858104857662	121.80221074728	144.310682035027	192.851980563641	202.775032350129	260.925252158433	309.588308708409	366.685595735919	397.41643192413	464.16952934365	472.660755612406	515.098480328838	543.29329812501	576.591590902553	588.565498709866	607.723289659708	641.448897124139	671.310764606272	660.730973347137	674.68177656328	664.438089451109	658.91211545695	668.440457343062	698.417874858654	738.234849405591	796.028950634659	956.554834560096	1024.26120818854	1096.53418240029	1164.6268502968	1543.59597052006	1302.68730214401
440.505	0	0	0	0	0	0	0	0	0	0	0	0	0	0	0	0	0	0	0	0	0	0	0	0	0	0	0	0	0	0	0	0	0	0	1123.70640669314	45.0523766411657	28.000359479471	45.9948959108711	51.5215729139785	56.5395335314515	72.7278098453923	108.023049285157	129.957343200917	147.281206842607	190.379416143304	222.743253946562	251.447473720842	325.497682229922	360.527085970012	406.766080321206	461.734040688414	479.689452226192	499.560630521236	528.710965315036	566.712959155308	589.119818100662	601.633162120344	625.576210963729	645.012064421909	661.887446779106	641.043734322897	641.444160147364	640.925239832065	614.500432885677	664.790915063295	676.234991979286	762.620636089647	861.763608371425	955.044282745729	1060.65960102302	1133.32430794145	1119.50245615735	1358.12558309187
443.808	0	0	0	0	0	0	0	0	0	0	0	0	0	0	0	0	0	0	0	0	0	0	0	0	0	0	0	0	0	0	0	0	0	0	165.711785980561	35.9829811399054	28.6685753873306	54.4478214737851	64.0143623719333	82.7170324010513	81.3240176310445	117.53392376401	140.656199491422	162.058032141955	189.211260119539	237.311460715875	272.329719132433	336.889566611778	374.149859194517	413.868768578244	447.53206076765	785.35310723437	501.741091702282	529.167565321427	540.136494948193	549.628429947342	596.148103908809	600.753373959085	636.268667697685	617.290338467971	637.663301788657	629.242318867356	587.973214771363	627.324695749719	642.2899197408	728.445522305731	768.068591161856	882.675593852167	985.928676344998	1014.3116843119	1075.71127024849	1270.99042100281	1279.36828772541
447.112	0	0	0	0	0	0	0	0	0	0	0	0	0	0	0	0	0	0	0	0	0	0	0	0	0	0	0	0	0	0	0	0	0	358.196863441036	29.1344108178865	31.8497371895912	29.0621231465093	61.8740701051169	78.1172580131501	83.8044850353683	103.910803225819	123.256757038073	152.391545752342	188.257264335392	212.304366624142	247.94626220465	286.241165049639	321.814496451456	364.759794817855	416.363125887399	444.480582594906	455.851190966685	499.584572537849	534.028238468503	561.853638680691	567.249134546527	581.933499571044	579.564865943214	799.214236361305	622.842178563288	632.419781557985	619.620637901136	623.658813177553	639.980224663517	653.99941660364	727.270534294192	825.357810678212	880.62333863343	1002.88640918632	1100.43856855568	1081.67662890759	1185.8196720267	1255.96214413518
450.418	0	0	0	0	0	0	0	0	0	0	0	0	0	0	0	0	0	0	0	0	0	0	0	0	0	0	0	0	0	0	0	0	631.709803998689	23.8888420164626	12.9959769984138	34.2675465903221	54.1416086360954	61.4350870441742	70.6064006869399	76.8743798311973	93.038021528919	138.23673007565	160.298942076586	189.046907398131	218.608801769095	244.329603171747	278.856239746045	306.761425212013	370.063520103754	414.935360691454	442.313483778936	464.65126637387	474.755510696065	505.191528427647	514.992816373476	543.389915867241	563.155160826589	574.925323078369	581.403113752431	590.608645495267	603.873262087334	600.842441718472	601.629526476816	587.059769878683	644.325862527042	681.044209953682	764.507641563337	834.693587314004	919.0020790109	1030.68965456188	1148.11506903203	1125.72488017408	1087.0950020658
453.725	0	0	0	0	0	0	0	0	0	0	0	0	0	0	0	0	0	0	0	0	0	0	0	0	0	0	0	0	0	0	0	0	135.997224550701	21.2376327441227	39.0544799159985	39.3061717118331	46.6811381870357	72.8783329530479	82.198176903406	107.972797070514	116.904258771859	143.673252788296	160.255807990761	198.056718031685	235.146690783935	255.377544518121	296.581686455368	336.83887622586	393.081449105642	404.517109039255	447.949252554581	449.168745053631	483.063751043431	514.81541200165	522.268947943476	525.224866785724	548.912039922692	563.183783651756	577.022719191476	574.246002526637	582.706288644831	575.847360960891	582.1528506621	592.716928579785	638.488733438533	691.465544423206	725.418317265437	933.484772045019	977.097733125798	1018.14165405576	1079.6192456613	1281.16855186834	1345.53093469546
457.033	0	0	0	0	0	0	0	0	0	0	0	0	0	0	0	0	0	0	0	0	0	0	0	0	0	0	0	0	0	0	0	267.091568055261	9.75476910804242	17.7544208774315	23.9271740147143	44.4676931553903	45.9242183053207	58.4063429494731	76.8496559270113	81.6976052923181	104.417231975263	126.95899545074	150.465949773317	192.833522386043	215.741114763525	249.860442778157	276.112467962101	324.68554224873	353.272100739413	411.005162770388	420.450916669143	451.48706995631	473.138906026618	481.160853327145	504.359725864309	519.048029973654	507.216519489672	542.924821441161	531.98373562696	560.252703142489	557.216838839327	555.693487977488	552.913353691168	574.053251077502	606.164524616529	617.711445779523	713.395918244031	804.811030238782	896.245389743891	968.728423878219	980.275894262072	1049.47529394675	979.570441991179
460.342	0	0	0	0	0	0	0	0	0	0	0	0	0	0	0	0	0	0	0	0	0	0	0	0	0	0	0	0	0	0	504.807888906422	31.7674057778326	12.1218422310965	17.3396999059384	21.0395428166287	43.2863999496787	54.9561105958145	72.8913260371621	93.0779801064874	108.525290807515	126.9040258823	164.218388441255	181.607238964925	184.60729438968	220.593569744737	260.54976615509	300.333562692279	330.466251060757	353.865376040772	392.808984681872	415.640503619963	448.242047527039	454.063028418616	481.685945106264	491.492139951374	481.577397540322	515.427753813832	520.238763774828	547.901622258154	530.803460388796	534.839419846456	534.936052366475	535.790639116426	575.529159432427	586.97023645408	681.500847220305	754.153334877455	867.391687109841	965.247801181213	944.910493524115	1031.29605457813	1056.51187225764	0
463.652	0	0	0	0	0	0	0	0	0	0	0	0	0	0	0	0	0	0	0	0	0	0	0	0	0	0	0	0	0	0	75.112725406944	11.1878832482003	12.0119369526696	32.5146365189099	42.917414011969	47.156089180709	48.7392432310049	88.7661074854278	90.5873846581338	120.187608682366	98.3804119620237	145.879492229968	168.763243447194	193.331937298091	232.067198864698	241.93281955009	282.618665844056	308.393409595582	348.020463757563	381.932069876912	402.486811688546	414.273761325449	438.614593444673	465.055042730146	471.278826305061	493.251669868823	503.81608340118	520.564568180653	508.265006455851	500.175899697132	538.975749313346	504.604097608926	545.530457433878	531.606794515108	580.575626255898	640.248785153535	707.845021126742	784.726846901774	853.942237403929	955.769176272129	1008.45193956433	1023.42638580735	0
466.964	0	0	0	0	0	0	0	0	0	0	0	0	0	0	0	0	0	0	0	0	0	0	0	0	0	0	0	0	0	425.701877708458	18.1426327647898	19.3163413194626	34.8032156742297	27.9463092110959	36.7950500453902	61.1246514579971	67.1609769777331	100.594109318301	105.70693032623	115.74945989657	143.096922958236	171.567164316474	187.028164005759	211.571719995866	242.708483013352	260.97092687094	287.341924458269	311.375911445527	363.294556821441	385.639774785381	395.570738101195	429.472103144227	455.607031279724	442.04990233581	457.390955546569	458.404514409646	505.322005108164	494.579312481304	495.965055230983	502.124413874922	498.642353272498	512.716156214846	527.716597475025	540.126580504405	586.583962527668	626.25985530734	721.503207463799	816.8713087429	911.052128493463	910.710421584387	998.308635048676	1077.89554819788	0
470.276	0	0	0	0	0	0	0	0	0	0	0	0	0	0	0	0	0	0	0	0	0	0	0	0	0	0	0	0	790.326406073033	31.6982896623911	14.7113424112202	15.3014853441046	33.3032175022991	43.637198546058	61.3665353496443	55.5032062692647	78.4212742690355	94.5805348780566	110.713606613024	120.016073840151	148.818127374082	163.224109195099	187.364609219958	207.364408143861	232.038596884241	256.846941935989	289.655668816519	312.900599134847	346.627469222027	372.91608601426	398.186030307945	402.252862326322	423.159530848403	447.673987097489	449.88277000175	468.763417050353	478.298677120959	488.810627250373	486.768261470596	489.944537000789	482.538680380713	486.116013356737	530.942392605049	541.920208327342	561.654331917826	618.578649602153	688.567229227927	777.72176077168	866.095282685796	915.6341004862	1023.56268250983	0	0
473.59	0	0	0	0	0	0	0	0	0	0	0	0	0	0	0	0	0	0	0	0	0	0	0	0	0	0	0	0	116.572812102344	21.2674144752176	33.3122194848086	25.2124711584255	43.212321008514	50.1059473984896	67.3976415430686	71.7155785439464	83.4807152737055	100.294986954666	117.991773394613	146.136637931167	165.997701830337	179.235966297547	195.522411150908	213.303433918052	237.935919028276	260.823345677958	269.207956352853	326.654495581346	346.19685326306	369.233590910073	378.563105667971	407.935540719601	405.622905436202	426.646572017875	437.599282604124	432.889968376337	448.588611847249	465.282300631355	489.381941171546	485.737079629997	493.100058030259	491.226064342524	510.956530825105	509.513699188561	553.297304484039	627.550165694166	693.136967219126	793.236663293339	909.623840720332	898.320707175892	991.982791459906	0	0
476.904	0	0	0	0	0	0	0	0	0	0	0	0	0	0	0	0	0	0	0	0	0	0	0	0	0	0	0	206.922944209688	12.8670250949376	19.0199596457887	21.0826908478967	30.645135367503	34.7864817772866	48.6548527835464	50.8701870443135	64.5243749053312	87.085509774893	94.9930232997997	119.048832636276	126.05571190989	132.264575666184	166.934463426078	190.846143017736	205.68253507272	229.841317642403	233.620498182041	276.987741344971	298.341684602704	332.269211928896	348.972944494217	371.863633811847	378.29892544698	393.250920112303	411.351272020829	417.135428535325	430.927653987334	441.30470681391	440.563360286706	459.060549254664	446.64846461653	480.070331247725	468.789125303062	484.970532405547	516.769554333141	548.17952127159	603.499147581546	663.329594407084	772.385006985494	887.272289581585	876.28052432325	958.558098776792	0	0
480.22	0	0	0	0	0	0	0	0	0	0	0	0	0	0	0	0	0	0	0	0	0	0	0	0	0	0	422.407119774635	9.99759204035668	12.470282554484	20.6502988871794	20.9546366547891	33.5024511110037	31.3931636826524	46.2991340571954	56.4307227148243	74.4713022177817	91.5215820416755	103.936643584351	118.732319386045	129.183790896721	132.222670449976	172.004113040072	181.509025538923	207.432169942622	224.826155220009	245.149962557953	253.752194455253	291.815635893384	327.800209140196	346.711904810158	350.673313976277	358.545977891269	372.467763407728	385.181694045348	396.687568293633	407.197413731212	421.8775670619	415.87813599685	427.181641883359	424.226774790506	459.422295448118	453.203584919775	459.013867993173	481.491167442106	530.153577128799	548.738412975842	679.11028271141	710.218015603061	760.719174904843	820.814416605504	0	0	0
483.536	0	0	0	0	0	0	0	0	0	0	0	0	0	0	0	0	0	0	0	0	0	0	0	0	0	0	59.019189225967	19.597979015897	24.9214286448947	28.9220135359508	26.2001176629096	36.9899297078486	48.5360750569614	51.3475125493725	68.8111809298565	78.7345731109315	99.80123385533	110.772502122806	135.863976079144	142.923694541796	157.083378998773	185.460176536368	191.191153199475	198.202929540248	235.149866548527	239.205262976757	259.801596714902	289.488287648391	334.020660416213	338.389108985061	350.459228313376	355.977607932834	381.909356207495	381.948060168513	382.179092686394	382.83939213567	407.901212996451	422.806565045634	427.629137579077	427.354539087414	433.579664409213	448.544221272038	469.572404800605	492.279166110455	525.392489166774	578.717252399488	619.139507251282	726.125077050079	783.89813091251	860.401985140611	0	0	0
486.853	0	0	0	0	0	0	0	0	0	0	0	0	0	0	0	0	0	0	0	0	0	0	0	0	0	293.693302660826	11.0183627616493	15.8624444495609	21.8080991074337	24.0489163218728	21.5171360935573	28.0714176833815	53.1722062486677	68.5954614625112	80.5080287741348	90.505236442938	96.6171458301727	99.0623615587589	123.295341168706	154.387768185932	148.554880197908	158.266685855196	172.43466249951	203.894079717803	224.681952973821	242.832295433566	254.133496640737	288.674516034779	302.582058967173	339.251653719794	347.674318618694	356.496186330753	369.97660260655	367.745364022246	390.530052609906	390.724972653424	374.162490919618	399.199562532601	412.562491091705	415.62510591289	424.588212452063	438.615640649927	457.523573577467	480.555420922615	509.39599483258	550.760141192496	594.88871777513	671.386942758501	775.010959541798	808.890347276905	0	0	0
490.172	0	0	0	0	0	0	0	0	0	0	0	0	0	0	0	0	0	0	0	0	0	0	0	0	330.424832899621	10.888384835974	-2.06423143843453	19.3342849830135	25.00206838886	26.872994175491	38.1283382203517	33.2851374168455	42.2403480581372	60.4965908714243	62.8392525588468	93.5484380492972	87.3941252715279	104.818051728368	122.461281251664	155.371648646619	146.960927090512	171.414723974199	188.477339642668	192.317843807524	205.602480940194	237.92250273239	254.597898550348	290.424770957508	296.578212567293	317.639036499241	329.270833215912	338.004242654023	344.916347673806	353.120704856274	364.051994966223	360.820720918701	381.58922606872	365.802244878568	407.532044259722	410.745946972668	399.91002678274	408.565416100593	420.528217854857	451.287412582046	481.297124173513	523.400908535407	601.426257910869	678.069932965146	745.165999148625	0	0	0	0
493.491	0	0	0	0	0	0	0	0	0	0	0	0	0	0	0	0	0	0	0	0	0	0	0	0	48.7493960775506	18.1943605337613	24.5659375209475	17.3534272710841	24.4737091023482	26.6356684645677	42.5044203689145	48.2287904066329	46.5682960797157	60.3975395719808	78.6498345110763	89.2520404443999	90.3673146204076	117.497410796747	133.425833208677	142.820520342756	152.947553155798	179.713362930813	188.515407329679	198.543120160342	215.267431149227	228.159014649829	255.053036516882	270.215914714768	293.804308874335	301.072375944629	325.150619956612	320.571907509237	331.109324333112	335.378626573144	361.52838889721	354.392054510457	358.983247273931	367.481152470649	379.748105380998	369.682717327565	403.644661082683	399.883889727315	414.010512943471	427.454204884576	480.575746536159	526.62711504899	592.275633093352	659.210064953619	756.94628684484	0	0	0	0
496.811	0	0	0	0	0	0	0	0	0	0	0	0	0	0	0	0	0	0	0	0	0	0	0	150.821401720766	8.61630708960461	9.31754259903492	20.4669471518163	10.5535585275055	25.775543696665	35.1875411400618	45.9815809185216	47.181219715837	54.759728557058	65.771190112896	79.2275476826788	92.193984377694	103.728005516228	122.253692210575	121.868626772884	132.248075966577	150.367893656485	178.252989144294	175.521104121991	191.017051312276	216.176009926844	214.003428473936	239.238062026098	257.561328960045	277.281546386423	296.72812547339	306.432372531435	307.697020655498	313.739638547914	310.232005657069	317.197712716422	345.529209461718	342.509135346751	363.888023289098	349.871046648373	364.106482659661	367.09974892645	398.300440153953	400.614945771431	431.640564646493	476.599485290832	511.775763233833	570.884625032437	692.684762175983	675.639192464999	0	0	0	0
500.132	0	0	0	0	0	0	0	0	0	0	0	0	0	0	0	0	0	0	0	0	0	0	354.2765889132	17.5096456084238	13.5433764962218	6.65633629671994	19.8555194797935	26.2836561846356	27.7380868026942	34.4154973923127	48.7609239753298	45.4042976798248	67.9498935310563	67.8876305327777	81.0049197547967	91.8889069683237	104.073010555169	103.788530743161	132.091691734743	148.455168100047	157.714356453299	168.653675082182	164.557075913862	202.131021535591	207.470196501351	210.51443261996	228.075991585784	256.464363298932	275.598404917739	280.419417513935	287.257027079045	307.752312523052	311.364643870553	316.019679089943	320.34116634216	312.96690240885	336.991095657038	342.907477897542	347.922502851303	348.27852317239	354.538841324609	387.648028353766	379.001402347604	426.523395716188	438.757997962653	515.900119658055	549.657271042193	633.637725766071	0	0	0	0	821.939658520741
503.454	0	0	0	0	0	0	0	0	0	0	0	0	0	0	0	0	0	0	0	0	0	0	39.5636363240926	4.79046010163311	14.5956583784591	-2.41092767348457	7.07847438715944	16.0209655681058	28.2020563076255	26.6940594616055	31.4102121502764	29.5696237117799	54.1031076767416	64.3787700176159	78.8476083240025	91.0570331708106	80.9985787615462	104.018755751329	118.736152538012	132.728522840283	131.915140892652	153.555795421034	158.618401646658	176.785734714149	183.350237208086	199.22408240812	211.637241052463	234.352076521333	259.636753742059	267.893727546519	260.339228447992	271.371000135901	292.810554655762	299.186487580181	299.234102665697	312.892072152985	297.62308033801	313.089168881901	325.431808362733	343.304765919594	343.778409716582	343.142583608904	362.75097148633	382.551300789952	406.387857936917	426.608223259286	522.612806430414	541.952499198993	0	0	0	0	740.067721452727
506.777	0	0	0	0	0	0	0	0	0	0	0	0	0	0	0	0	0	0	0	0	0	161.078639328525	-9.32842565074361	-5.24966022816737	-2.88073494759437	9.29472621474267	6.7716565422733	25.9203463445397	25.2731644705343	27.4649331174328	41.8501842759124	46.4812753465837	51.3597486411751	55.0615993262299	69.7293259308421	72.4493145384708	90.4686862565059	114.801717220342	110.063994852889	116.517754081024	125.481761754587	151.79940177656	155.798252244918	167.696154301901	182.970936171552	205.368720634056	213.506128714903	226.10945985771	234.675441264746	251.648324982724	255.681337416126	263.399122121736	271.671742918816	276.753480676155	281.489468566245	271.675810805947	298.388278797372	296.832306574337	317.714588703406	313.703253585442	320.059288385731	332.110501787385	330.976047754941	361.207938836088	374.750082785317	429.93809491755	499.493363610884	507.64768818548	0	0	0	0	573.632849809995
510.101	0	0	0	0	0	0	0	0	0	0	0	0	0	0	0	0	0	0	0	0	358.099097322293	11.2402522182231	16.1420708095871	10.3842806721506	12.3398450099547	21.3821711402119	19.1330085600578	19.7006545752495	35.3765860241549	34.8491575585607	37.1461287974293	48.166112807268	48.8205960623744	69.4454021707001	81.4606520095803	85.9716601985293	86.7729259564042	108.959146560149	119.660542404161	122.036638080116	147.739862566663	155.311612166487	160.840402584073	179.076119742259	178.278646224246	173.400539847448	185.730723307513	208.479021037521	222.649722613211	234.262094285205	244.59405041024	240.025715082064	262.720533176806	269.019364702984	274.659121349833	286.576880260875	282.008714977348	295.470974575711	287.461131887796	294.321736474817	323.224161747342	321.496761868125	339.448738290202	350.929305847532	380.370320186226	445.995247765884	499.604699539272	0	0	0	0	639.312467578237	553.790304187769
513.425	0	0	0	0	0	0	0	0	0	0	0	0	0	0	0	0	0	0	0	0	58.588820949283	6.28406222586382	2.58996046602385	10.6474603056642	14.9548509394803	19.2496540547611	29.4016249358606	32.9917360664708	32.2415041978537	36.7346151909531	48.3548403916667	59.9356882910752	64.9345630473582	69.4760408639058	75.8013637905334	87.4372541820718	100.546166691051	118.489423641408	115.881794196797	142.420605073869	144.961016882292	155.352558350112	165.704207558573	169.070211289779	187.358542340132	178.260589333865	193.263942503607	203.286685847859	222.444278654445	231.56626525933	242.24699677283	250.365843059089	251.316532311549	254.106743353987	252.315939958631	263.150493426248	281.496493017479	276.219496356844	284.316736260099	290.413736469485	279.089065689936	321.96282875712	324.261240159574	355.585700024161	407.895886647817	442.893628623291	458.651750674546	0	0	0	0	695.903759092891	664.906470889053
516.751	0	0	0	0	0	0	0	0	0	0	0	0	0	0	0	0	0	0	0	165.582229713742	25.4029276929989	8.71076171797209	8.76035744620073	18.4164961160143	18.5182633036122	21.4529691804338	29.3894923969234	33.4269497551758	37.127152084922	42.3449908994506	48.7664009927194	61.9609706288773	59.4893372982418	82.3649481672905	94.6384026632659	98.1677738969899	114.28734022258	108.39239657519	121.583466156933	134.672369711046	150.796559453181	157.754107832644	143.509871916208	159.191494841412	177.019968611066	187.222192810935	192.711671443174	210.162067511356	227.628264176449	238.535704750065	238.638818065725	241.132609699985	247.480263497931	241.989144175349	254.268174856897	253.122717527916	273.085561125822	280.160396828975	273.651350923932	270.949019790458	306.418162224401	315.720113955687	325.663792125039	338.576891115522	367.510314133217	437.56067790806	448.646560579978	0	0	0	0	588.03753602536	534.013998883415
520.077	0	0	0	0	0	0	0	0	0	0	0	0	0	0	0	0	0	0	337.364889524251	-0.763824539098657	-4.36408959377393	-4.42672919595788	-9.79645187877636	2.67269872332093	19.5481769322861	7.26483184179187	12.3899709839749	26.7223799867412	31.2458046822295	33.3757094955769	42.8331011328834	50.8544094965857	61.0198624812404	48.0883964816303	84.4669918422124	94.4464987694039	84.7136546542881	92.6524766201523	116.670793401542	113.09238403538	118.0027126639	118.164388546234	139.221614748736	155.925328099413	150.450231521631	159.57444403741	171.00689126556	198.462005783586	192.823938239983	221.281746000558	207.615257885534	220.360629786858	226.195616252271	243.429517565592	219.683513158655	231.807166837444	235.011706853242	252.533808260846	259.744784933884	259.862015137201	279.063605935109	301.015019795063	290.720189073111	306.971341378142	360.13137033544	339.251603183703	0	0	0	0	567.593565650645	559.434799951048	484.034239541429
523.403	0	0	0	0	0	0	0	0	0	0	0	0	0	0	0	0	0	0	59.2817640511123	1.95740950106186	19.7688968560409	24.6934819747316	20.6258227755556	9.42410327815735	12.0582921984982	21.0700630958252	16.5659662622078	31.1352520413014	36.2056973870158	49.3645304148715	57.1032521376046	66.71162852327	59.6940121535411	72.3492735751064	87.7415436773702	81.1982451585146	97.1277879733634	111.52503267247	116.220824167214	120.957552088962	131.672769847594	155.759177137497	146.558560081137	153.810936042261	159.351646475273	178.389242477595	186.625409702545	194.766062199159	206.38591969834	204.261888522915	217.219936575007	224.983995212425	226.244544705031	223.127824282685	225.785747283718	235.277173753393	253.166173978903	253.090569206721	272.71298188055	266.612297493405	270.292201064865	277.198013212422	300.373206173638	321.515080726079	343.827358435303	398.160664510823	0	0	0	0	505.55456264568	517.726511923847	581.36016189107
526.731	0	0	0	0	0	0	0	0	0	0	0	0	0	0	0	0	0	169.417553976006	-2.81138354542152	4.9979334417817	9.77848783233317	5.76349104280928	18.625583309998	15.1765739461359	21.4189829055324	21.0527911867204	32.9820701502379	24.3771658241294	39.6697821078816	38.4323824302667	52.1033027246013	63.4343514100914	72.3479940221333	67.9797935424695	78.8967323041744	88.5043696235222	94.8065209735557	106.741761253243	103.209563818101	122.037777502849	122.593585419338	121.22618974893	134.075937599607	143.38825350328	160.96159407983	158.089013255071	161.817743249305	171.616097031499	184.345554696519	204.810548078953	208.459082824388	205.470422600428	210.318095840528	204.441765299806	223.255836905248	241.647010129936	213.558206925885	247.68908908937	238.514250721619	248.937759746713	274.780885507734	259.70250618609	289.163168148299	295.499481135197	324.002659917794	349.873769916576	0	0	0	0	540.92922247881	534.412394816901	485.387393618409
530.059	0	0	0	0	0	0	0	0	0	0	0	0	0	0	0	0	335.851699334173	23.1524340572028	-8.29503632191528	9.06912225306903	-4.99653838024254	4.66663353927002	5.22538200060161	13.3560080700955	8.13549374383631	14.2361741237601	22.6790828357942	26.1864061715455	28.8679983327644	41.5838020754843	43.7651995649925	36.1971755916862	50.3639642650364	45.9499510027819	59.5607611500945	81.2786714397878	86.0255231463531	92.2173082124605	92.2377372452013	104.645010458412	95.3426447952014	120.967253375497	118.603778616126	113.1414520476	133.443423898695	143.471671576889	155.541291665658	164.342775226885	168.111841574158	179.408937715115	176.858058204424	184.854394347631	189.240660911223	173.235556090064	186.622874480248	189.111703727165	205.237243146623	213.740456525775	212.770471098503	234.108982485515	214.769733198959	247.627515468861	253.605830560775	276.875324344373	288.311646957362	0	0	0	0	438.248146968279	421.679478269975	436.558840051029	368.863070618244
533.388	0	0	0	0	0	0	0	0	0	0	0	0	0	0	0	0	71.0733841142434	20.0743306984764	28.1836906349289	21.3317484347723	22.2545172023159	18.5148359975516	25.9400070754791	23.1020757275813	28.0010271334186	31.2136877682867	36.0989035230303	41.8805990196066	36.7862930291905	43.8384193210317	55.4770224075771	53.9900605546873	73.3698875132486	72.5984744780778	98.7729708110607	98.2954803186851	95.3970290493039	93.7217149055607	117.080124013511	119.310009379665	115.633118057318	131.934858207904	125.576562887619	141.35596827581	135.872166424597	145.62497819692	160.505390707591	170.915591789796	169.411196433159	190.813855498689	195.181633300419	182.439097337674	201.636080414916	208.243309715553	203.876719823017	216.607442051882	208.487840486646	224.604692580661	232.846115348111	231.362961557398	237.621323401704	249.851031132614	262.177364729725	293.994078850618	298.138391078098	0	0	0	0	546.031649132669	496.251430587214	474.352508433867	624.503420186415
536.717	0	0	0	0	0	0	0	0	0	0	0	0	0	0	0	128.241125469847	-0.861339835918927	-12.3188196673712	13.3394732236281	-1.12002678421835	3.19265799681223	10.272901572629	7.51019902507818	4.68271147449362	11.415261804229	17.1425359274197	17.3936062374822	24.5985146190274	34.0350616733335	35.8640260025244	47.4902954636204	51.1692568010341	51.1862764002718	64.1069044424605	73.9655354673195	83.3373389376299	75.252569816698	90.4644296754414	75.7101809179568	100.898736186345	98.5908859859126	112.263395314142	118.167669365377	124.996585047497	124.137698601302	127.766803733178	138.97448378917	148.330313420257	141.030826879202	165.200071457603	152.552210072459	161.505186818455	164.460271684077	181.053659951113	162.66156715639	169.136015441434	179.931929805134	195.751899294926	199.072055476454	208.54120081581	207.792720850764	216.769326021845	232.570090981626	240.383087471765	262.196435561048	0	0	0	0	383.164945695584	418.826446114898	381.887051154175	339.820582572704
540.048	0	0	0	0	0	0	0	0	0	0	0	0	0	0	295.543959845335	19.582341794764	-6.08155117376535	-4.16845664217169	-12.3519719595698	4.58385849365927	12.2106090658395	16.4889485061094	21.9990316082274	13.7373050739269	13.2815337628084	27.6364582035221	27.6986532205495	24.9816475948947	31.0426550338633	39.0881040660573	37.2608841584489	53.4766239430478	48.5342422183628	57.7748863814784	65.8656367144216	64.5458258063537	73.9863938939577	86.6025420301199	94.3236265446835	85.9020757275555	94.7444033302664	112.945040296256	112.165693726223	125.652831409406	121.769834464124	123.982604037393	136.345927257449	139.380958589332	157.96934774705	137.924124857922	150.279233292949	153.577884119693	157.461825416873	164.325720423778	173.979511348391	171.187314638575	173.907336563825	185.765327072149	198.872797937019	185.006993804071	213.156090224434	196.092401253016	223.081607589562	219.562784747609	0	0	0	0	409.88609486434	339.303029585906	378.962842103716	397.863964561609	310.617317054152
543.378	0	0	0	0	0	0	0	0	0	0	0	0	0	0	63.3654158118875	-6.50255323536625	8.88884781976362	20.3987523386621	21.1199428888446	19.4132873578815	11.7260667867985	14.063265805924	17.9379476207594	25.8561249500952	26.5902727681386	26.6196688382086	27.4243221455375	31.6265211963397	42.0843798053781	46.4547098571324	55.6634235905399	53.2607084558772	62.0774886589503	66.363348116916	68.6179366437437	86.274563576812	86.2739111597073	105.596904758289	86.2839439291455	105.508395723205	123.268841160974	112.28755957713	126.986683049363	129.39611171063	129.444064497043	131.697702753746	128.646533486017	152.114583926767	149.177997219601	164.703606134498	163.22745008639	159.0105143824	163.207311903295	175.42438597044	166.707235174962	184.503325208485	174.799572136061	189.686662349016	188.991216702687	193.777921935456	213.683516646022	215.976464187674	226.984081212991	255.465520187283	0	0	0	0	386.03779848514	398.058330952245	424.095164710104	548.254509445167	546.988725841068
546.71	0	0	0	0	0	0	0	0	0	0	0	0	0	159.480430056244	5.93172955790429	7.99473220481022	-2.69337127656173	31.442114242475	4.52575143950641	24.7933756413718	33.0292298418691	5.56022398096031	25.1424369648949	24.5587140210778	17.958736445819	29.6676876740016	36.4962405070276	38.7796290344222	41.6476494454744	38.79356678258	46.0401925378523	49.8539476655466	64.380245742993	60.5839364453035	72.8032701055548	72.0812517381821	83.6448565674487	88.2435820912037	104.077482025715	86.9417500386724	108.595306705107	124.609324628457	110.122386400516	123.834055842356	115.972098921345	126.276262178412	141.39948558164	140.766630594615	147.634299150033	139.255555815525	156.631439753711	155.585725010763	159.608417387041	167.510659790898	167.488292611981	159.54415270219	181.814901279492	183.995660065945	188.425731380034	192.48322946477	194.913646413699	219.601145464009	218.575780023843	238.258419329318	0	0	0	0	367.281967810018	429.88846410864	364.532508145864	423.892905525056	455.281813337426
550.042	0	0	0	0	0	0	0	0	0	0	0	0	271.009635623564	30.1176953596856	-1.9856588549039	-5.18417591258631	0.883257922421844	-2.1588414433772	21.4575574439879	7.87995445122804	14.1522930518373	17.4266648870994	22.1814809914193	18.6069796330465	33.2680684622037	13.7469983250924	24.1222013230273	34.9274392689337	33.9713359346462	38.8991283586416	41.730596526531	42.2650588297311	49.9829290286173	62.2492856696031	73.3043083389294	68.9810676317047	77.5490070771762	74.5497754966307	80.2621587140751	90.3946280096951	91.048838448212	94.533862627943	102.003034966676	104.63501572209	98.8663857600197	116.475882833454	113.477895512041	132.139911092958	123.951089613805	158.875613627521	141.506375422069	139.11382433495	143.535382352248	161.034887979682	151.439090911174	164.161962257755	155.22809770746	166.070775568956	185.877468499961	180.7237005554	176.021567899264	188.294225972888	194.978536256221	0	0	0	0	353.871979939968	350.327842724489	361.508650636283	355.800544617074	318.601918896352	382.39927937504
553.374	0	0	0	0	0	0	0	0	0	0	0	0	40.618016853905	-9.30144495632243	-3.44746459214771	7.04364398347402	2.69799202170394	10.3128571964824	-10.2658701784837	-5.49263304018663	8.89808632129257	12.8346468322359	6.95247051268633	1.9053505454321	5.97131738069791	21.082359561464	17.9912483503278	23.1268850562121	28.8600605105201	34.7823106698806	38.2216576120805	46.6913597891094	45.2970490137802	48.0576656551983	47.6396541185058	47.0496553709476	59.312521740618	80.520002417492	73.247111221734	78.5812700977814	75.8185369351041	98.0330313938027	94.775191356118	92.5989494921899	93.9720401729929	115.309066291408	107.425963536624	115.273658447395	125.398800824426	129.678098479736	119.399126200963	131.829515159451	123.698988390646	126.056769622392	126.342539619642	144.656941089202	139.442075596228	147.277210368142	162.958810769234	164.835958998493	158.366170154153	190.099725913566	177.194281730851	0	0	0	0	287.303461709728	315.33349332718	273.255293441798	315.903779642426	263.011528209811	260.560872793482
556.707	0	0	0	0	0	0	0	0	0	0	0	168.183904059189	1.61466334626136	2.05059477383106	15.6523848161527	35.8982012138398	10.6927866402298	24.3214176354682	30.58082584012	29.6278082108331	18.7604192635682	39.6038215172516	33.0199941202947	33.5274109292718	29.9087086848594	34.295400992263	36.1638989309979	29.8064837858759	45.8502379997788	48.7840758637683	49.1923631236149	63.4437828864741	64.0889565390526	62.1147144430882	81.5995726074553	74.1091211690366	82.8527147028802	88.3462861769398	82.9668788160065	100.977404675712	106.86082262067	105.225068360254	103.789636735552	114.852937159339	119.303758363287	109.787624808839	121.06886179612	121.078381883193	129.736691684584	121.84882626941	138.992581583058	131.712502230658	141.559663366709	152.279871320822	154.705026937661	153.366983746456	154.011016132291	160.84255468035	163.489672007327	160.55030366592	184.093773109303	187.601049528396	197.270978196427	0	0	0	0	319.902799477764	347.352268892216	373.262362447327	387.725432430848	504.247673707559	440.586210452736
560.041	0	0	0	0	0	0	0	0	0	0	276.829836110709	5.07457023322035	-17.7302786680383	0.513093749173121	0.0012114298816327	-10.7139385584999	2.23414430579314	8.52614502711705	-1.62944061025834	11.2912698004513	2.93627084697311	3.43738750767567	6.29298896327093	15.1205835798534	14.0673381956219	23.1287402643607	19.892182285793	25.22375130658	30.0892473604512	29.4257557909383	30.6951289718395	32.796226492444	40.802158198952	49.1519922060959	52.5527021025767	57.3586464939996	61.2935720625373	81.0395342933003	64.7065793754842	63.4638576063554	67.8499405347553	79.3280201714039	74.9741246648226	89.5328486812221	89.4311521465982	91.936792677473	83.2065071963982	100.799535300934	106.952106740873	118.808049721866	113.656855411704	121.136724568645	116.954488491749	110.773526711555	111.510379116976	133.423608136736	129.569396927838	141.488496181732	134.375929233155	148.906519416439	131.690957359762	158.17199083107	0	0	0	0	247.507572388499	268.06142986421	235.992566613403	211.357318415719	296.14287095052	301.640262797055	342.263676174047
563.375	0	0	0	0	0	0	0	0	0	0	90.5100894969933	23.7285652617258	36.114686107277	35.480159886483	24.512700828453	48.1198303500297	22.3346614018109	31.6468177379394	27.3750274538722	42.1962906810787	42.0083884922659	25.1906216297374	36.702083612188	32.7839524023975	38.1454091993674	28.7874756045474	36.4320781088175	45.8603400691916	38.0696834325698	43.0219039391843	49.9934743740819	59.4857650834739	63.3395181623841	79.6926683722947	72.5844321870445	69.7898151409483	86.7756268080846	76.8209541492358	86.4414901364395	92.3422308393135	102.665599577167	90.3793489259523	106.357712197912	102.299180703235	101.032978868041	111.78834649002	101.107194821526	123.935749388979	117.796199308319	118.35092830995	128.349672228725	120.741077239716	137.771857423804	142.991471639322	147.702081596385	131.519951583337	147.161016748862	147.825665429075	160.123295467726	153.240568656938	166.31902745765	174.508635012021	0	0	0	0	254.940873905693	306.670851485213	343.346959835904	375.568880802835	405.671539624696	289.984648303207	417.081318836334
566.709	0	0	0	0	0	0	0	0	0	122.332878557642	-11.9329097202194	3.40942817175012	8.76622755840706	25.5985463205491	-0.00946809131248941	-0.471438423816745	4.98919785554191	-9.99495856263284	19.5101089976443	0.38853040374714	11.6104244431599	15.7786036657916	0.919632520485698	8.53321912324842	28.9395984835222	12.4688095323404	18.1807625981142	21.2345593222755	30.8413905037892	28.0115808291527	33.6904575002438	36.0493776615983	37.1121737475549	49.185633750881	75.2504089374721	59.6981442901785	46.941399297681	57.615269065727	57.8805620526286	70.0917228562564	67.6695984563073	60.1127487953571	73.7269136676584	74.6188381554734	77.7862317064979	81.4175689594831	90.9751870378317	91.6547827299978	87.4613212440489	101.470153963006	98.2206652123788	103.708486389096	102.899196016944	107.628940100673	106.524586439351	113.198140182655	110.546973801963	118.10733389154	136.991736286648	137.679046291679	150.159653721537	150.677845503513	0	0	0	0	236.36624674577	227.85177413303	232.142172578459	241.988550573185	259.242844024367	244.876801200075	256.528618042173
570.044	0	0	0	0	0	0	0	0	228.018745359424	-19.5599541113809	4.85049759076577	14.0169688827648	1.10871860320948	0.532301546790136	3.54546921449594	11.5659827907705	2.30478964109194	7.06015483555358	1.68599967338872	1.61346273295679	11.0275993125929	12.4635605269041	13.3456031052019	4.19316667504139	8.1749401119823	17.7317074049002	15.9092646925309	17.353366693126	27.0941013074134	24.8202674191075	32.5181740939912	34.244543956755	28.876075461734	36.6231145242341	45.2471277020061	42.7754776462368	52.5178065504457	47.0574642041625	61.8705762835309	60.6057792060515	54.6886206693049	74.3894262524075	69.3695726710809	74.0993586927137	69.9375222916519	77.50702103771	76.9169117284301	81.1860975087826	84.6351071201334	83.4046843225456	88.4745716742756	99.9636174423087	93.5740795331583	100.828105701515	98.3134773958735	104.915602915971	115.507381522724	116.268677662335	125.23348886423	108.291634756969	117.270423999073	0	0	0	0	211.926276202421	173.690627450037	209.972190782852	197.935450697085	170.522877211476	279.169368640673	98.060809282054	166.296402892362
573.38	0	0	0	0	0	0	0	0	32.96266030155	-5.08032216136155	-8.56497617245629	14.6729371836325	-10.0738616663162	9.07435817374093	-8.14315325128435	-8.25225892643083	15.30610163508	13.7667999032258	3.81781194411268	5.27549789270784	9.55717051317664	23.6474281487835	27.4835842308352	31.7888553062012	17.9992240694936	17.608498011915	16.8690094707723	25.419672252459	32.8831712677743	33.2963516845025	31.532271027788	33.3786077992974	39.4533476463629	36.5338969183917	49.2158040623298	41.7951743867573	55.4262511289817	70.1080951173473	51.6124243499286	51.4281006715321	71.0647532231251	53.6105536360554	67.3444755409194	68.4273683923227	68.4118417503491	76.139390775335	81.2857960777178	80.7884544905136	87.8722488323148	84.8181521519002	93.6851642633898	87.4518891147255	92.1692416742331	98.3126897595377	108.573550576195	114.458597029643	107.799893601786	114.276796934539	110.950517097652	121.947448111353	122.149561586648	0	0	0	0	183.773295527228	216.7301701516	231.87479020269	226.19887504623	247.394472242712	253.133650766194	335.606702625408	76.0706240749009
576.716	0	0	0	0	0	0	0	94.3806985553381	-26.9823923585959	-26.6178743094015	-7.93177276041083	-5.24568691393703	2.23328090170377	-23.9849367366052	-19.8113499083258	-13.562057992702	-15.7395510357981	3.99136948960202	-6.3546965787502	17.0171080992952	-4.20987118150977	-8.51492376527821E-4	-10.2997954029326	11.514504105437	12.0613877101381	9.4827659082756	15.1389023754746	22.1563742703775	25.3440513089962	21.0800389932732	21.515781161969	18.7531909000174	25.3357034720332	12.7929517829822	39.6132119819204	48.8393911969104	46.2855955919626	46.956858879676	51.1779168346995	42.906483067288	54.5521205689333	59.83707535794	48.5109646857821	31.6016515194502	65.0459993393548	65.2853509576114	66.4810240087407	66.3051939650064	78.9832008449909	64.329753327301	78.99905177934	83.902102124512	94.553419587072	82.7867060390951	77.128021358281	85.4702509328665	91.4621727098406	85.0740090374682	98.1851511150474	110.217473360233	92.1766856925485	0	0	0	0	144.25009542174	107.770493849896	146.118945085478	176.736410597635	118.344693624354	231.015909454537	191.54499133401	72.4403704515947
580.052	0	0	0	0	0	0	255.970214071079	38.5579056743017	45.1209741661221	39.6707830494975	16.9731371801496	27.3379699714027	18.321722117652	38.1307719768777	25.7463790926365	31.278056898609	22.9952849760776	22.0244192030174	21.042030737957	22.1304358100879	36.4439114658733	31.2770479996577	39.3536152510906	35.9989972560739	27.2930870020165	24.1331990117774	25.6546541422897	32.929767645148	32.4505279232826	27.7946192500031	40.1956810684163	41.543498822073	43.0898052632905	61.3235190301788	63.7754410612295	54.0638138387105	53.686618636377	58.1102597158178	56.2858558503315	70.6952378293366	67.0810845183702	69.08197577313	74.0580606392271	75.3085552218597	61.7263922481285	63.9628210237993	78.2461342594895	96.7876508411766	86.5740546026179	100.49223540321	82.5441045453852	96.9512559644471	107.125894659861	100.916770186117	105.095336559059	110.805147172687	109.824463895579	110.675273375863	120.133119724256	113.094916300359	0	0	0	0	184.786470736356	208.752680958487	183.545049721388	234.073497227763	285.343830397174	319.084233139084	331.50584220895	206.110271083327	332.198030561224
583.389	0	0	0	0	0	0	2.12221815501379	-10.0359139026075	-14.2639617668568	-21.8460107031479	-17.3994198198154	-12.1367753045569	-4.40318772767514	-12.0758069042028	-14.0220291398353	-7.155278629287	-6.85065867399263	-13.5395416427676	13.7689392644478	9.97055287633839	3.39893744831733	7.40232711394272	-4.60834370127376	-6.64178750857107	18.459173257011	18.2301216573389	7.14499422804831	12.9934513326139	18.2647792677763	10.5824440734837	22.8801394670215	31.5471391786394	28.5798151195693	23.9504543681108	28.7412067307336	30.7588600714932	20.4059552021452	34.6283478223508	22.6800449134844	30.3470891845238	28.9364544102317	38.4567466381274	38.5844072046705	57.2570472213955	40.6923158308971	67.0454907281066	49.2644428416428	47.3720933619576	65.9339222416111	68.9762816378578	50.6401760638864	70.3377360999888	67.8424269393265	74.830861871763	67.9255330144661	72.4319779681761	71.9548343593761	76.1516251235544	94.6673284826469	92.967659753657	0	0	0	0	127.104187662249	114.517156110849	144.069958562419	112.497113253412	175.306306574341	137.323608052268	176.944333156919	62.9113393993678	25.2892550964869
586.726	0	0	0	0	0	128.151492102403	22.8307179242797	8.63095582986054	9.65659244445755	-6.19841639561697	4.75804450613038	21.2051187191103	1.63876248387205	2.60581157468032	21.3761488339979	12.7886551300097	19.0224636336157	24.2814687107794	9.94349242867937	3.16719621040986	17.1895491505134	10.4980320303129	30.8057461728266	23.9006148869809	20.8412459908441	24.8912142122456	21.2941387505342	24.3157416755143	29.9510857641368	28.7516915217617	29.8467179361573	33.3863030046719	22.0979477763043	42.3849153944017	28.8380966162408	44.4519904665373	44.0039626355791	52.3382333735004	65.1435203721931	46.2790039366973	59.7045870842135	72.3782908518274	72.9199100300812	52.5320547203197	67.1330948284835	53.667809870408	69.1295162306087	77.7442004989842	82.2846523065203	55.0266006305776	75.0135677349236	68.4481073984661	72.3425864001091	82.0986352756164	87.7453389448989	94.4066691389123	83.7799436160162	97.3957574331449	88.8720547652043	90.2019095288392	0	0	0	0	135.88082906617	166.466601338052	179.868850806288	150.986231882455	178.883677584198	197.116413298023	146.849303942465	163.932951765689	238.041038147752
590.063	0	0	0	0	172.657562572477	-17.902942646158	-30.5488703366756	1.33718446517049	-7.75594784419464	-2.49022428304326	-18.557136206713	10.9092408682609	-2.19337249160927	1.56859295263226	7.98381525828837	-17.5997603048302	0.914556764691138	-3.04706712312601	-8.73499784870627	0.797160462520511	3.37520926024097	8.42965611465204	3.97349051823185	8.54768950852168	12.8558772531684	14.5386886135356	18.2357385070085	10.6365799745572	20.8806277302986	22.8917889646626	17.1086881318579	22.8593030337241	23.3897973678788	22.9609478999365	31.3647663566566	34.3033538211048	42.5740807429155	50.4030539487739	31.0357186421593	38.8973574142984	44.5780147241609	26.2655812042777	29.9401420211976	44.3921890084171	39.2868939961948	52.678294437274	55.871734581754	43.4069438271792	57.4358395343472	60.5328408263448	62.7560083831862	61.9995213361225	64.3062468316984	59.789055381985	69.149512984898	79.1287401987354	66.6518293091433	79.8873125549634	75.1514463739471	0	0	0	0	129.093489109455	119.86355653094	128.602471857912	146.978540867242	140.459309103597	116.91405280935	138.429129368069	160.926302565016	208.957177978715	131.943949272906
593.4	0	0	0	0	60.6859505895086	7.98371852546224	25.274577138142	7.41920844916711	23.5246731546934	-8.81285095927405	1.80648409933697	5.84521922997289	17.7527471692745	-8.99614976530998	1.01675152029502	15.3855054810164	11.4959286945224	18.9286883523695	-0.421304356982181	24.5325816074135	15.9262184556832	7.45613436291587	4.63307464711159	26.2111247378982	15.0374820583193	6.89011132123232	23.5177509324592	22.8372444850605	24.3202589072301	27.5735890875332	24.5119133207909	28.8890576194928	29.7090984764927	36.8397227609078	24.9992869122591	28.83857918501	46.2753270334652	35.8132954519857	45.0044904416196	45.1516699960892	49.2387617041403	52.7768007136723	54.0411281229985	45.5546092516184	49.7283911604064	70.6187787731348	66.5974282220034	61.6943737423588	56.5745613569962	57.9321167198059	63.4470199113528	67.7779010383673	61.3809887759196	67.2296338125181	60.6268573737243	69.9597469029747	75.7318895801284	86.474834441245	80.1414670109767	0	0	0	0	102.659553117518	106.168953234986	109.163299645861	126.528916624718	187.974727803053	165.735889244836	147.528434833354	217.584018384209	142.657264731459	165.797693548512
596.738	0	0	0	70.8343819578614	11.438200642373	5.12789938560559	-6.44090190685694	8.97808340117696	11.3070374860116	26.2629158182025	11.7191020121193	21.2664154115191	5.0876319619485	33.3977480504738	-1.54730576234939	12.7313477650321	-1.87751826943469	9.85191137492861	20.1193136528593	3.68545396122115	16.2148071897768	9.75943652524755	22.6894076365582	15.8948338323061	26.9879038104037	23.3793589954873	26.1072293496075	19.8209206750975	21.8330178196559	20.2822912259124	28.3928929630994	35.8559468774946	32.7180847463184	32.7581065263713	38.7990132773864	42.1910179373766	29.0970643052332	37.1021926914185	44.7406086141597	54.4874981851605	46.6395182709736	48.4765995018457	56.0714895818279	61.1474227667292	61.8052150345389	61.9733439253277	56.283210861192	67.0416353001032	50.2755083111314	69.8591245064121	68.1191155411392	68.4239480756596	75.0163015803992	84.2468632015572	63.4895332951718	79.8852628405754	76.7583315978927	72.9892811742654	84.7618047073287	0	0	0	0	107.002760388588	123.374966691854	138.01499206706	165.079933269205	134.126093281316	182.321914319164	183.648859531017	159.586325367813	134.338337559929	275.581346759552
600.076	0	0	97.544955161947	-20.2362740124838	-17.8009847593704	-30.726905522246	-13.0578879671307	-17.4440464698765	-43.2044131806024	-33.149935465831	-13.1152338578206	-39.6016761010191	-21.2055509174685	-15.855176611972	-2.08244012173119	-17.3840520022373	-11.8825446378855	-18.6399431687073	6.08249400635281	-5.82413719115162	-5.48757894260415	-6.60781035630196	-0.330234388386797	-2.01757401081586	-7.90396909354694	4.5080887150635	9.62734568647696	7.80943860434558	5.93190160706236	13.7224155624932	19.1236758014965	11.3917107269134	0.619969772467384	13.754382702379	15.43382204299	14.5799267829086	17.6091174164561	21.3644523807624	27.4816222287185	25.5779474346691	15.264280271186	33.9378285157295	39.1114184854601	34.5133453953439	26.0225750917378	32.3745183201266	48.2261276992641	34.6189598531477	43.2948492068172	40.2049487408036	39.0163483237936	48.1397261913634	44.012049287329	42.6051680984916	51.5457019423682	65.6801993744795	62.3239282799603	56.4420140166527	0	0	0	0	103.575459483822	92.4311805818991	70.9424742988293	103.436352094353	97.3780398590982	119.262649707441	81.8337923863356	85.4943634462396	111.388792670404	43.633357566876	-82.0036581593742
603.415	0	0	72.9731950069601	20.3882625438505	-22.6287477377147	53.6567741224638	13.1720694442845	29.5530453174828	47.6426870640872	24.250608110641	22.6827445360987	27.2681405400799	8.08639015104759	18.7407600610717	24.1745552658489	31.0474836862094	31.1228784339832	28.8811530823181	14.0160159970703	-1.23990650593403	11.049308986865	25.1506916543703	38.0448687534759	15.6825968876087	23.6310952517073	25.5973266482639	21.1896438220989	22.0338987909098	28.6734818755226	26.4132148931298	28.0570929639288	42.1474472091739	41.6828646360263	36.42737786682	46.6866778798999	45.0842318868831	45.8433945770439	56.9487230123178	47.9330693331348	52.340503420096	76.1311084516779	49.59166823432	48.3923581117703	56.5923750042144	74.6755363883497	35.1774285908426	64.410693698408	60.5575673351881	50.1945396701691	48.2717916825165	65.7861892514753	44.6983639970973	69.1793190109066	69.1405725440386	77.0501064175746	79.5280145961063	79.5466404135815	87.2638717593203	0	0	0	0	113.391295897336	113.56661046119	112.401529459792	111.530142448618	147.700832636952	191.513472199658	171.34361832656	184.853907365949	132.733949407167	206.334361911512	247.875372767975
606.753	0	93.5863815114829	-21.7690322630073	8.1826884021492	22.6878535443936	-13.6656175135588	-5.87676187386029	-9.17195031303189	1.36448866509865	2.62904694181622	-6.94297828904126	-2.4433384690949	13.3247837446293	-2.21091503006689	5.26764985309482	-15.5702552737895	7.19688078982322	0.458727564119182	0.438570007970446	5.04227401992666	0.78940961445444	7.04412794163498	-2.2709000920082	17.7641571183115	4.52480145270204	8.39454543719433	16.3780202965112	12.2760183160374	25.573709109852	20.3880847449957	28.1225415677362	28.2554198495522	12.6615621065837	19.3911829788946	23.8821212462399	27.2493542595305	34.8867464654636	34.8311727565178	40.5689556509163	30.0404629361864	36.7775188824264	26.1961767720705	28.3952420662902	35.2430708279923	38.1114356661824	49.908622288701	45.3282329937611	40.8839374099273	39.6997307342183	54.2942283974218	50.5989262315748	57.5028885205895	54.7197519727701	37.4623883591121	56.0444369507253	56.2282503276948	62.999211654329	44.8062826455011	0	0	0	0	78.4928232518623	107.223213270246	107.878768769854	84.2268212624157	82.473809301218	121.60920451703	91.6207171618351	102.119603066626	133.00329706744	162.613121789279	45.1340243118518
610.092	126.024316481637	-1.87233470561205	6.11434752826586	11.480379388354	10.9859059208529	0.760461259795752	-5.88076641442821	-4.26875473338694	4.79077753181244	2.63346590493311	24.1014497977691	9.74690420151033	8.71443087636836	1.10921867769746	-4.22193770657752	8.05795744462257	-13.9648376461534	8.29437682331043	-5.72586302915713	10.5383423535037	25.810886397853	-5.58403612857177	9.72386473677797	8.17712160200033	8.00878359021694	6.49466081426272	12.2044766083574	8.97158710007628	21.9337593997367	14.7557991530125	22.1545742582861	15.1305385321986	20.3229021730701	26.9130438934786	24.2694028326273	36.0059037163883	21.5405619329128	21.0223562679278	38.9127724870995	20.975425838944	44.4238635472409	44.4609784295169	31.0034336427976	34.6337263742158	25.702899802174	44.3085295761623	41.413899239917	58.727013435836	43.5782606299487	32.0483777567238	38.6584576918998	46.4396658643639	45.2042707347049	61.5366887583832	49.2190838959247	44.28057291446	50.7492398979542	0	0	0	0	97.1714053331226	57.4867210888194	77.8325980358627	75.5447222477218	101.221987404504	77.3797992969462	85.5879022270186	123.796856642976	124.463148868893	110.881150910631	11.1611797744285	184.99095862228
613.431	14.6346019270785	-17.6367717178739	-27.0280022917835	-35.2143227092225	-28.2130602974961	-38.6906945016301	-40.3832168150106	-12.7015432573561	-23.2404592046535	-7.23732549930031	-26.592687114166	-37.6940721787653	-27.2745093832586	-3.32196588648252	-31.6694695083847	-16.5981278580567	-11.5446388673989	-17.0324167594186	3.9595298441357	-7.98561962770208	-3.18294027530216	-0.00320592425284773	7.12498573438882	-7.29273112891697	6.13230409939793	0.720557610681807	-3.1125319718812	4.92358954141803	5.12324392959866	6.73576870959905	2.49352856253483	22.8152291318884	4.75497628676454	-1.61630201174847	27.1131248573149	11.8737859706073	4.04151300827272	15.1798211450883	17.4740901354163	17.5211027652707	9.90936995940649	13.1216340579605	16.556281633012	24.0043492526591	21.6188185912622	20.0518640362171	25.8151335548319	28.5450639119851	29.1224426460604	41.3331977589618	25.9455643364983	31.603964676587	35.1830494327709	43.1408588314084	41.270590805741	42.9537488465299	43.3016202365577	0	0	0	0	66.3602764892718	50.1604507040319	69.5531056351873	62.1844749450703	70.5509315964916	82.6127029106682	60.9100205932971	98.1464100048722	122.657178335049	4.1309448293692	-80.0612776354485	-71.646878285897
616.77	-21.7877345490075	-23.5654440262974	-48.6403217489247	-27.4488661907847	-18.2882967136284	1.57655741731337	2.98411145658778	-1.44480140300143	-22.8882454059185	-33.3935000318387	-19.8969340506371	-17.2386134253269	-1.17732921546476	-25.2768422237731	10.1785785672834	-11.7428348644045	-3.42065323786469	4.6713790186476	-5.80294281574977	-1.27319435950821	10.0541976750418	1.88560722903012	0.324683779146369	-6.51224674924428	-2.97924576418841	7.55697665685753	10.5670395739708	6.77438367074173	9.1418479211583	19.013005356506	10.7017242757148	20.0737761847243	9.00985245123394	15.1106030387178	10.679008737381	3.5780314896358	24.9019675203275	20.3151629546577	17.740301524897	26.6664918363549	28.5395508940094	28.9938167602584	36.160886543693	16.4726302333442	27.7636676641645	26.8066629282644	42.2867208720084	28.0182535699052	26.3665102473303	28.063271094195	20.4980048200721	32.0598339853681	26.1817856788487	38.0756794946003	40.6430513381956	52.3060807981885	44.9577839697741	0	0	0	0	63.5442081048575	53.1857223039576	61.2330598767265	35.5152440148933	64.9419588837494	81.1174094527925	80.2360976021623	2.59384359797046	94.1973026535359	-6.16012272889544	22.4282726878769	-45.9995917127303
620.109	53.6216126296568	38.2651138036342	18.5113940570972	51.1270905733744	-3.9133427877507	10.375221394852	-6.43531769590718	33.5598540981931	24.744419939303	32.8658767405303	-11.8325136880228	23.5044615938905	23.9063963089287	22.1134365532638	3.29140263730988	16.3272731579384	25.8048342620995	17.2442388459054	24.7107741775212	22.065954403635	2.96620029134493	34.3214519980454	29.922073513941	28.4031814591526	20.6432540588537	10.4974375999819	24.6310486979177	11.401074284081	28.2292761358212	13.929223369766	27.032807295012	29.5081930138822	32.0746635939364	44.8506746918816	34.2437656737839	25.2584833205909	51.5741992771285	31.8639321803644	40.4994854717462	58.9647824651407	70.716666313454	39.9987201878832	27.8718138959442	40.1034427373373	54.8262592886948	39.357438459978	38.0489260960952	45.330987888558	53.9472395360132	62.4611810625364	58.3876855636434	46.4644296531155	53.787818099085	57.1736033594155	78.421031130879	58.3886818087816	0	0	0	0	113.688314147607	59.022113618654	58.6657030443452	81.0885478487131	119.075706836518	94.42796960899	161.882154267032	156.025831780029	184.566341567395	168.884948971957	222.640729498449	217.137933762424	377.094752554614
