Sample - Blank	600	595	590	585	580	575	570	565	560	555	550	545	540	535	530	525	520	515	510	505	500	495	490	485	480	475	470	465	460	455	450	445	440	435	430	425	420	415	410	405	400	395	390	385	380	375	370	365	360	355	350	345	340	335	330	325	320	315	310	305	300	295	290	285	280	275	270	265	260	255	250	245	240
nm																																																																									
213.328	0	0	0	0	0	0	0	0	0	0	0	0	0	0	0	0	0	0	0	0	0	0	0	0	0	0	0	0	0	0	0	0	0	0	0	0	0	0	0	0	0	0	0	0	0	0	0	0	0	0	0	0	0	0	0	0	0	0	0	0	0	0	0	0	0	0	0	0	0	0	0	0	0
216.504	0	0	0	0	0	0	0	0	0	0	0	0	0	0	0	0	0	0	0	0	0	0	0	0	0	0	0	0	0	0	0	0	0	0	0	0	0	0	0	0	0	0	0	0	0	0	0	0	0	0	0	0	0	0	0	0	0	0	0	0	0	0	0	0	0	0	0	0	0	0	0	0	0
219.682	0	0	0	0	0	0	0	0	0	0	0	0	0	0	0	0	0	0	0	0	0	0	0	0	0	0	0	0	0	0	0	0	0	0	0	0	0	0	0	0	0	0	0	0	0	0	0	0	0	0	0	0	0	0	0	0	0	0	0	0	0	0	0	0	0	0	0	0	0	0	0	0	0
222.862	0	0	0	0	0	0	0	0	0	0	0	0	0	0	0	0	0	0	0	0	0	0	0	0	0	0	0	0	0	0	0	0	0	0	0	0	0	0	0	0	0	0	0	0	0	0	0	0	0	0	0	0	0	0	0	0	0	0	0	0	0	0	0	0	0	0	0	0	0	0	0	0	0
226.045	0	0	0	0	0	0	0	0	0	0	0	0	0	0	0	0	0	0	0	0	0	0	0	0	0	0	0	0	0	0	0	0	0	0	0	0	0	0	0	0	0	0	0	0	0	0	0	0	0	0	0	0	0	0	0	0	0	0	0	0	0	0	0	0	0	0	0	0	0	0	0	0	0
229.23	0	0	0	0	0	0	0	0	0	0	0	0	0	0	0	0	0	0	0	0	0	0	0	0	0	0	0	0	0	0	0	0	0	0	0	0	0	0	0	0	0	0	0	0	0	0	0	0	0	0	0	0	0	0	0	0	0	0	0	0	0	0	0	0	0	0	0	0	0	0	0	0	0
232.417	0	0	0	0	0	0	0	0	0	0	0	0	0	0	0	0	0	0	0	0	0	0	0	0	0	0	0	0	0	0	0	0	0	0	0	0	0	0	0	0	0	0	0	0	0	0	0	0	0	0	0	0	0	0	0	0	0	0	0	0	0	0	0	0	0	0	0	0	0	0	0	0	0
235.607	0	0	0	0	0	0	0	0	0	0	0	0	0	0	0	0	0	0	0	0	0	0	0	0	0	0	0	0	0	0	0	0	0	0	0	0	0	0	0	0	0	0	0	0	0	0	0	0	0	0	0	0	0	0	0	0	0	0	0	0	0	0	0	0	0	0	0	0	0	0	0	0	0
238.799	0	0	0	0	0	0	0	0	0	0	0	0	0	0	0	0	0	0	0	0	0	0	0	0	0	0	0	0	0	0	0	0	0	0	0	0	0	0	0	0	0	0	0	0	0	0	0	0	0	0	0	0	0	0	0	0	0	0	0	0	0	0	0	0	0	0	0	0	0	0	0	0	0
241.993	0	0	0	0	0	0	0	0	0	0	0	0	0	0	0	0	0	0	0	0	0	0	0	0	0	0	0	0	0	0	0	0	0	0	0	0	0	0	0	0	0	0	0	0	0	0	0	0	0	0	0	0	0	0	0	0	0	0	0	0	0	0	0	0	0	0	0	0	0	0	0	0	0
245.19	0	0	0	0	0	0	0	0	0	0	0	0	0	0	0	0	0	0	0	0	0	0	0	0	0	0	0	0	0	0	0	0	0	0	0	0	0	0	0	0	0	0	0	0	0	0	0	0	0	0	0	0	0	0	0	0	0	0	0	0	0	0	0	0	0	0	0	0	0	0	0	0	0
248.388	0	0	0	0	0	0	0	0	0	0	0	0	0	0	0	0	0	0	0	0	0	0	0	0	0	0	0	0	0	0	0	0	0	0	0	0	0	0	0	0	0	0	0	0	0	0	0	0	0	0	0	0	0	0	0	0	0	0	0	0	0	0	0	0	0	0	0	0	0	0	0	0	0
251.589	0	0	0	0	0	0	0	0	0	0	0	0	0	0	0	0	0	0	0	0	0	0	0	0	0	0	0	0	0	0	0	0	0	0	0	0	0	0	0	0	0	0	0	0	0	0	0	0	0	0	0	0	0	0	0	0	0	0	0	0	0	0	0	0	0	0	0	0	0	0	0	0	1313.05803317465
254.793	0	0	0	0	0	0	0	0	0	0	0	0	0	0	0	0	0	0	0	0	0	0	0	0	0	0	0	0	0	0	0	0	0	0	0	0	0	0	0	0	0	0	0	0	0	0	0	0	0	0	0	0	0	0	0	0	0	0	0	0	0	0	0	0	0	0	0	0	0	0	0	0	-39.7685097084698
257.998	0	0	0	0	0	0	0	0	0	0	0	0	0	0	0	0	0	0	0	0	0	0	0	0	0	0	0	0	0	0	0	0	0	0	0	0	0	0	0	0	0	0	0	0	0	0	0	0	0	0	0	0	0	0	0	0	0	0	0	0	0	0	0	0	0	0	0	0	0	0	0	607.044371727342	-7.69293779204459
261.205	0	0	0	0	0	0	0	0	0	0	0	0	0	0	0	0	0	0	0	0	0	0	0	0	0	0	0	0	0	0	0	0	0	0	0	0	0	0	0	0	0	0	0	0	0	0	0	0	0	0	0	0	0	0	0	0	0	0	0	0	0	0	0	0	0	0	0	0	0	0	3109.75453654722	105.074701267491	-16.7159012505723
264.415	0	0	0	0	0	0	0	0	0	0	0	0	0	0	0	0	0	0	0	0	0	0	0	0	0	0	0	0	0	0	0	0	0	0	0	0	0	0	0	0	0	0	0	0	0	0	0	0	0	0	0	0	0	0	0	0	0	0	0	0	0	0	0	0	0	0	0	0	0	0	31.9515211356742	-194.328808456772	-665.243712242413
267.627	0	0	0	0	0	0	0	0	0	0	0	0	0	0	0	0	0	0	0	0	0	0	0	0	0	0	0	0	0	0	0	0	0	0	0	0	0	0	0	0	0	0	0	0	0	0	0	0	0	0	0	0	0	0	0	0	0	0	0	0	0	0	0	0	0	0	0	0	0	1310.62668099568	40.7775109143586	-257.853853774281	-807.530152178941
270.841	0	0	0	0	0	0	0	0	0	0	0	0	0	0	0	0	0	0	0	0	0	0	0	0	0	0	0	0	0	0	0	0	0	0	0	0	0	0	0	0	0	0	0	0	0	0	0	0	0	0	0	0	0	0	0	0	0	0	0	0	0	0	0	0	0	0	0	0	5700.60065498474	99.7320421146491	149.366183961813	-158.437902460285	-188.966556677618
274.057	0	0	0	0	0	0	0	0	0	0	0	0	0	0	0	0	0	0	0	0	0	0	0	0	0	0	0	0	0	0	0	0	0	0	0	0	0	0	0	0	0	0	0	0	0	0	0	0	0	0	0	0	0	0	0	0	0	0	0	0	0	0	0	0	0	0	0	0	393.054938457355	53.2214033868582	-171.667190615623	-231.005396985187	75.1620598700793
277.275	0	0	0	0	0	0	0	0	0	0	0	0	0	0	0	0	0	0	0	0	0	0	0	0	0	0	0	0	0	0	0	0	0	0	0	0	0	0	0	0	0	0	0	0	0	0	0	0	0	0	0	0	0	0	0	0	0	0	0	0	0	0	0	0	0	0	0	2375.01315077211	160.34827895048	85.286026854359	-11.0604887384409	-175.297285132262	113.884574561418
280.496	0	0	0	0	0	0	0	0	0	0	0	0	0	0	0	0	0	0	0	0	0	0	0	0	0	0	0	0	0	0	0	0	0	0	0	0	0	0	0	0	0	0	0	0	0	0	0	0	0	0	0	0	0	0	0	0	0	0	0	0	0	0	0	0	0	0	5516.79903045339	86.042435897799	16.1136741355487	-195.834654049186	-236.469178500184	-69.3390510835433	-61.9321961914918
283.718	0	0	0	0	0	0	0	0	0	0	0	0	0	0	0	0	0	0	0	0	0	0	0	0	0	0	0	0	0	0	0	0	0	0	0	0	0	0	0	0	0	0	0	0	0	0	0	0	0	0	0	0	0	0	0	0	0	0	0	0	0	0	0	0	0	0	666.94558351594	146.958051375899	145.409651005423	-29.824674882055	117.611664388667	179.675496599349	165.546370074047
286.942	0	0	0	0	0	0	0	0	0	0	0	0	0	0	0	0	0	0	0	0	0	0	0	0	0	0	0	0	0	0	0	0	0	0	0	0	0	0	0	0	0	0	0	0	0	0	0	0	0	0	0	0	0	0	0	0	0	0	0	0	0	0	0	0	0	2431.51319523426	114.758187212178	106.344331525667	-44.0112053227454	-108.462228922132	98.3606701188567	102.03203151636	79.0662278929222
290.169	0	0	0	0	0	0	0	0	0	0	0	0	0	0	0	0	0	0	0	0	0	0	0	0	0	0	0	0	0	0	0	0	0	0	0	0	0	0	0	0	0	0	0	0	0	0	0	0	0	0	0	0	0	0	0	0	0	0	0	0	0	0	0	0	5403.17477242085	292.250720266483	212.569153299067	205.307408815067	115.128883343776	67.3572508600245	61.6147199614363	132.918336198218	231.676094479692
293.397	0	0	0	0	0	0	0	0	0	0	0	0	0	0	0	0	0	0	0	0	0	0	0	0	0	0	0	0	0	0	0	0	0	0	0	0	0	0	0	0	0	0	0	0	0	0	0	0	0	0	0	0	0	0	0	0	0	0	0	0	0	0	0	0	922.159762422762	253.8350637023	256.497129070411	146.497548439798	43.614260763193	137.679641576756	273.141279568221	114.116710944706	186.895166326114
296.628	0	0	0	0	0	0	0	0	0	0	0	0	0	0	0	0	0	0	0	0	0	0	0	0	0	0	0	0	0	0	0	0	0	0	0	0	0	0	0	0	0	0	0	0	0	0	0	0	0	0	0	0	0	0	0	0	0	0	0	0	0	0	0	3142.78074696814	204.043896263548	297.690416066068	300.420410701922	151.334624369762	129.087029532261	179.50406323119	109.633082912395	102.790344945371	131.731961699898
299.86	0	0	0	0	0	0	0	0	0	0	0	0	0	0	0	0	0	0	0	0	0	0	0	0	0	0	0	0	0	0	0	0	0	0	0	0	0	0	0	0	0	0	0	0	0	0	0	0	0	0	0	0	0	0	0	0	0	0	0	0	0	0	0	456.596657751253	312.803783435763	397.398791822597	312.224041680117	240.848706514991	268.859549078317	311.642472764296	344.127092598848	396.336281407789	410.879299138368
303.095	0	0	0	0	0	0	0	0	0	0	0	0	0	0	0	0	0	0	0	0	0	0	0	0	0	0	0	0	0	0	0	0	0	0	0	0	0	0	0	0	0	0	0	0	0	0	0	0	0	0	0	0	0	0	0	0	0	0	0	0	0	0	1760.84647793913	249.194745006608	308.763503162232	366.465500532648	299.469386948267	256.504320082935	253.086031820668	198.006166232673	165.430105579181	273.955672300255	317.757326603209
306.331	0	0	0	0	0	0	0	0	0	0	0	0	0	0	0	0	0	0	0	0	0	0	0	0	0	0	0	0	0	0	0	0	0	0	0	0	0	0	0	0	0	0	0	0	0	0	0	0	0	0	0	0	0	0	0	0	0	0	0	0	0	6839.31488653118	207.978584234068	290.709546494905	403.735481183284	402.882159336628	373.568848875458	402.662825390058	397.665837606506	236.335491004393	243.645248550972	242.337061346082	448.683874793469
309.569	0	0	0	0	0	0	0	0	0	0	0	0	0	0	0	0	0	0	0	0	0	0	0	0	0	0	0	0	0	0	0	0	0	0	0	0	0	0	0	0	0	0	0	0	0	0	0	0	0	0	0	0	0	0	0	0	0	0	0	0	0	683.614928394929	248.886417929303	355.65775853911	454.019275771225	455.68135323926	470.833420179895	457.426333555802	344.39376409625	350.259337131604	410.780416483654	361.614472664642	437.256843183076
312.81	0	0	0	0	0	0	0	0	0	0	0	0	0	0	0	0	0	0	0	0	0	0	0	0	0	0	0	0	0	0	0	0	0	0	0	0	0	0	0	0	0	0	0	0	0	0	0	0	0	0	0	0	0	0	0	0	0	0	0	0	5714.10572759298	233.529711339202	296.778229371852	417.776621791347	452.665058739962	469.592218465222	508.967827078274	437.015238550346	373.206039510944	326.078150368575	249.384296726339	306.932693139344	264.992579129275
316.052	0	0	0	0	0	0	0	0	0	0	0	0	0	0	0	0	0	0	0	0	0	0	0	0	0	0	0	0	0	0	0	0	0	0	0	0	0	0	0	0	0	0	0	0	0	0	0	0	0	0	0	0	0	0	0	0	0	0	0	12060.8749964548	586.614889598397	451.007962453038	526.76832948898	611.413723709622	626.444351851962	663.933269645177	629.001656858814	519.995785095788	457.235197077081	422.757051530555	516.356129096312	627.121165250823	571.350760609431
319.296	0	0	0	0	0	0	0	0	0	0	0	0	0	0	0	0	0	0	0	0	0	0	0	0	0	0	0	0	0	0	0	0	0	0	0	0	0	0	0	0	0	0	0	0	0	0	0	0	0	0	0	0	0	0	0	0	0	0	0	1650.42181529508	838.017797178682	872.240294109306	908.564984593087	918.423191899585	870.153848585137	839.10567792776	776.885548499545	754.975504533731	565.09084762891	531.58360581657	502.906645741973	704.236999507433	1075.22244914363
322.542	0	0	0	0	0	0	0	0	0	0	0	0	0	0	0	0	0	0	0	0	0	0	0	0	0	0	0	0	0	0	0	0	0	0	0	0	0	0	0	0	0	0	0	0	0	0	0	0	0	0	0	0	0	0	0	0	0	0	3039.33957778232	1044.79806194411	1207.47368186773	1314.83457533337	1267.74955106721	1268.6967097139	1231.6091557356	1066.08251810128	987.881246214372	879.212945570306	777.442090699863	665.842134620811	661.900343127207	875.185040133135	1292.45268450277
325.79	0	0	0	0	0	0	0	0	0	0	0	0	0	0	0	0	0	0	0	0	0	0	0	0	0	0	0	0	0	0	0	0	0	0	0	0	0	0	0	0	0	0	0	0	0	0	0	0	0	0	0	0	0	0	0	0	0	5039.56454280776	917.447685405087	1133.5704065569	1351.04747822922	1492.87056494675	1423.1476266149	1388.73944426854	1308.45827034645	1190.30172591911	1078.17280725227	962.728140222461	852.150676538899	731.705603306321	716.166808641083	1016.55814990543	1257.98833550065
329.039	0	0	0	0	0	0	0	0	0	0	0	0	0	0	0	0	0	0	0	0	0	0	0	0	0	0	0	0	0	0	0	0	0	0	0	0	0	0	0	0	0	0	0	0	0	0	0	0	0	0	0	0	0	0	0	0	0	949.180097698021	881.650536802214	1156.29561954358	1429.31129969528	1575.96456813347	1553.61281793571	1539.39524990837	1387.20871069926	1243.71608505936	1115.70582763707	948.354433703049	878.022650959983	728.281186418028	945.475246599372	1190.45213976816	1493.69274797122
332.291	0	0	0	0	0	0	0	0	0	0	0	0	0	0	0	0	0	0	0	0	0	0	0	0	0	0	0	0	0	0	0	0	0	0	0	0	0	0	0	0	0	0	0	0	0	0	0	0	0	0	0	0	0	0	0	0	2111.69123337655	491.517412114655	973.726071344859	1294.87030296715	1616.42396704416	1793.01504895133	1725.48846307849	1691.68955589366	1508.64796871425	1333.36515840637	1202.96524310668	975.684827614368	858.677347015255	859.78685189815	869.265829212039	1280.15254270394	1361.01950844531
335.544	0	0	0	0	0	0	0	0	0	0	0	0	0	0	0	0	0	0	0	0	0	0	0	0	0	0	0	0	0	0	0	0	0	0	0	0	0	0	0	0	0	0	0	0	0	0	0	0	0	0	0	0	0	0	0	4014.85715756089	255.753250113144	566.910829200321	1140.35462243338	1484.25573295191	1839.3172176106	2035.96807375196	1935.79668808048	1908.54912495707	1627.73683082257	1439.72056356237	1228.21119076677	1128.76718849341	999.031823098451	933.258528080956	845.564489234337	1375.9995975507	1851.24810940798
338.799	0	0	0	0	0	0	0	0	0	0	0	0	0	0	0	0	0	0	0	0	0	0	0	0	0	0	0	0	0	0	0	0	0	0	0	0	0	0	0	0	0	0	0	0	0	0	0	0	0	0	0	0	0	0	0	574.099618741385	179.626531841215	590.651717089579	1261.14226826107	1607.69181420873	2050.37081212933	2221.81554018083	2168.0616632745	2021.52961205035	1772.0344822715	1538.94352957872	1302.69412539055	1211.97060483046	1084.65231659219	961.591160403253	1062.72382158387	1623.07960769654	1884.42557996588
342.056	0	0	0	0	0	0	0	0	0	0	0	0	0	0	0	0	0	0	0	0	0	0	0	0	0	0	0	0	0	0	0	0	0	0	0	0	0	0	0	0	0	0	0	0	0	0	0	0	0	0	0	0	0	0	1708.83405522344	86.2484455040457	180.545230668694	594.890923988054	1225.89294288882	1584.71156591437	1964.54799031229	2191.28026403633	2079.22790834165	1989.45372341109	1744.16424913026	1471.10323974188	1306.11860852787	1238.49192027907	1031.81177806847	1044.94726324715	999.750816974989	1520.88536524072	1889.4850145896
345.315	0	0	0	0	0	0	0	0	0	0	0	0	0	0	0	0	0	0	0	0	0	0	0	0	0	0	0	0	0	0	0	0	0	0	0	0	0	0	0	0	0	0	0	0	0	0	0	0	0	0	0	0	0	3640.9985516379	132.205606944854	81.3868328092817	181.133639931553	588.755996156407	1138.48009587465	1474.43677098437	1859.85922212691	2060.88933903091	2036.28646365608	1866.22861871453	1617.82866353285	1410.93272317925	1239.02446860095	1040.17989012236	986.612328089375	833.415856500663	976.305718419807	1493.87361791041	1690.59814071802
348.575	0	0	0	0	0	0	0	0	0	0	0	0	0	0	0	0	0	0	0	0	0	0	0	0	0	0	0	0	0	0	0	0	0	0	0	0	0	0	0	0	0	0	0	0	0	0	0	0	0	0	0	0	0	571.622752217846	80.5798655134114	113.549647885537	177.590802229615	592.11651294247	1135.02950103343	1451.17944514998	1839.28112545408	2040.00881456012	1968.63312718753	1804.41481426619	1619.80222753952	1389.76709952407	1209.73143867952	1104.1660383418	906.71192238494	913.322598269703	1070.98634029554	1418.03159493343	1853.73362735324
351.838	0	0	0	0	0	0	0	0	0	0	0	0	0	0	0	0	0	0	0	0	0	0	0	0	0	0	0	0	0	0	0	0	0	0	0	0	0	0	0	0	0	0	0	0	0	0	0	0	0	0	0	0	1541.52800172078	90.6357827768412	71.9416051466574	91.4031954544151	223.286771090623	614.961331028151	1136.51625887214	1462.58637770829	1819.35132959853	1972.84750459621	1878.53092323983	1840.21742014866	1539.8887702411	1323.75939956343	1173.46084458672	1105.57421226555	1065.10489404543	935.230324856865	992.425361261437	1472.46960868258	1932.43269768576
355.101	0	0	0	0	0	0	0	0	0	0	0	0	0	0	0	0	0	0	0	0	0	0	0	0	0	0	0	0	0	0	0	0	0	0	0	0	0	0	0	0	0	0	0	0	0	0	0	0	0	0	0	2936.43659986071	157.055069807246	72.0173338544045	116.824466910003	138.657953459539	219.874193269139	608.587563934614	1135.15933231771	1412.64295270526	1816.6775747621	1960.56445559461	1885.15832240061	1733.20829689498	1561.37386114154	1319.39376460318	1210.01431406764	1022.53636271927	984.806398449776	909.391774394697	878.855128834049	1210.29622144244	1785.1993800244
358.367	0	0	0	0	0	0	0	0	0	0	0	0	0	0	0	0	0	0	0	0	0	0	0	0	0	0	0	0	0	0	0	0	0	0	0	0	0	0	0	0	0	0	0	0	0	0	0	0	0	0	0	517.730609956311	42.1026489683693	81.029005172621	80.9092146666988	126.961493271433	227.649019856986	610.852065306119	1044.26424897198	1339.96625740507	1656.26315261504	1765.52269374691	1724.69365720517	1596.34519168758	1426.53545634165	1204.04905671938	1076.47821078597	980.953436230936	882.979019273765	857.713106019752	886.493967228228	1321.58770850903	1489.54431877929
361.634	0	0	0	0	0	0	0	0	0	0	0	0	0	0	0	0	0	0	0	0	0	0	0	0	0	0	0	0	0	0	0	0	0	0	0	0	0	0	0	0	0	0	0	0	0	0	0	0	0	0	1413.65193051706	58.4593657085674	63.5736881241999	88.0816888024495	122.478960614639	167.826589251635	268.5682273309	578.467797983217	1026.19263863215	1243.9373857219	1570.6505656236	1661.76479114612	1631.58670507427	1480.58180127477	1309.36921144849	1125.14474851116	1056.94982694883	914.289375543406	884.545293735842	793.470016656297	884.914905157326	1207.51421849854	1439.30051278529
364.903	0	0	0	0	0	0	0	0	0	0	0	0	0	0	0	0	0	0	0	0	0	0	0	0	0	0	0	0	0	0	0	0	0	0	0	0	0	0	0	0	0	0	0	0	0	0	0	0	0	0	153.905627908018	64.5787048859445	83.8013773486548	109.001894010962	132.574425035204	184.395467001973	271.835283242892	569.603315961962	935.022540982858	1185.04766654612	1432.93093586434	1549.14481082652	1476.60788409823	1373.83659528366	1194.95922729837	1027.74103409686	936.855727935071	909.388105409411	814.091137125777	771.410277989393	764.929914828743	1133.27452769781	1553.60132949311
368.174	0	0	0	0	0	0	0	0	0	0	0	0	0	0	0	0	0	0	0	0	0	0	0	0	0	0	0	0	0	0	0	0	0	0	0	0	0	0	0	0	0	0	0	0	0	0	0	0	0	590.931935126341	63.1759927783	81.6707346255569	99.0354299884921	151.680702669816	177.19012598834	208.417519173891	302.611084410152	544.66928376725	927.848465505597	1102.18484074464	1336.92047177092	1443.75795124852	1389.2012486625	1300.65550799364	1101.43016709143	1017.15119094267	912.052451799249	861.597274538291	902.792397932127	830.173514885902	898.711892834334	1131.77386501277	1438.35201784714
371.446	0	0	0	0	0	0	0	0	0	0	0	0	0	0	0	0	0	0	0	0	0	0	0	0	0	0	0	0	0	0	0	0	0	0	0	0	0	0	0	0	0	0	0	0	0	0	0	0	1573.85094022806	77.1594614911592	54.5425016868969	75.0877565608862	120.257262121528	149.831722815531	204.03190958194	252.011998218327	323.766881678555	580.208743886652	883.183440794735	1097.13967683369	1268.44823553519	1382.17366618705	1351.48985222555	1209.95321414547	1093.05063673609	996.355664077418	947.937117649784	849.87539203389	813.511038420763	903.536369676697	945.342416473686	1270.19460851649	1305.58124138782
374.719	0	0	0	0	0	0	0	0	0	0	0	0	0	0	0	0	0	0	0	0	0	0	0	0	0	0	0	0	0	0	0	0	0	0	0	0	0	0	0	0	0	0	0	0	0	0	0	0	171.719576416414	44.31794405577	76.3677277767482	102.514700154725	135.161121515904	173.680321589448	203.529254353038	254.940571135506	358.381059285932	562.301819097516	867.544810423356	1010.74016624234	1201.07852217503	1269.71421025195	1252.02083462914	1160.07954966631	1024.75202834112	902.749982771148	824.870122412779	823.418297985207	769.441999853368	797.749814859027	876.889520118944	1125.32146409384	1373.81340070412
377.995	0	0	0	0	0	0	0	0	0	0	0	0	0	0	0	0	0	0	0	0	0	0	0	0	0	0	0	0	0	0	0	0	0	0	0	0	0	0	0	0	0	0	0	0	0	0	0	627.255256170742	44.1812470069839	91.2393085674088	95.1508021874822	118.726758200467	150.493548228843	209.436847593236	248.751118253299	290.242735885074	367.390456370978	586.178693762469	851.245764266235	1027.56414886445	1185.92733738108	1233.93623283736	1201.57943371636	1150.7118427003	1022.1243855387	923.353151814733	904.515558493357	805.116412676692	760.900425318892	861.649266752664	873.81220675269	1269.29707369081	1478.76740325122
381.272	0	0	0	0	0	0	0	0	0	0	0	0	0	0	0	0	0	0	0	0	0	0	0	0	0	0	0	0	0	0	0	0	0	0	0	0	0	0	0	0	0	0	0	0	0	0	1451.2503562588	37.6800777900231	55.2722752108271	76.2745400831756	109.682934570414	151.446251300609	180.875405470072	216.171291885338	259.941375463673	312.155348631446	387.27239601182	588.417139728832	803.467459593492	969.377221948026	1056.92966363953	1187.76295810019	1066.01974184278	1057.4790028301	891.072769675307	816.272054800756	817.012619808741	831.619464218993	779.391497990944	793.356240466014	874.766597409534	926.677197235242	1472.89739280227
384.55	0	0	0	0	0	0	0	0	0	0	0	0	0	0	0	0	0	0	0	0	0	0	0	0	0	0	0	0	0	0	0	0	0	0	0	0	0	0	0	0	0	0	0	0	0	0	195.378515760975	34.0802347975172	71.6606252563894	93.6258645189658	129.249368231104	171.137708624931	209.131211765884	252.046907050762	303.346046633782	354.756841309277	426.157480908006	576.255493237865	777.369356619979	919.798246558812	1068.40597839927	1095.93465967972	1053.31351908625	974.740660794599	901.389659806127	851.110856052561	801.21463214589	805.034465222045	820.766954536773	803.943863811203	970.510256128582	1114.11053229082	1131.91013649204
387.83	0	0	0	0	0	0	0	0	0	0	0	0	0	0	0	0	0	0	0	0	0	0	0	0	0	0	0	0	0	0	0	0	0	0	0	0	0	0	0	0	0	0	0	0	0	658.773571094897	21.4163997751502	55.3314587301887	73.595327469884	107.647145457434	139.955683706569	186.069932104839	237.408763133116	260.383653630805	323.66590619755	376.306402873835	418.530045984193	578.793989065089	772.400468358195	874.702415677541	950.938994081843	1022.32127808538	982.847166679502	927.492081125746	894.480782691116	781.059765083882	766.498702296528	729.864913217231	728.440842881325	908.803771279029	936.12128243982	1185.1256065704	1184.01123511361
391.112	0	0	0	0	0	0	0	0	0	0	0	0	0	0	0	0	0	0	0	0	0	0	0	0	0	0	0	0	0	0	0	0	0	0	0	0	0	0	0	0	0	0	0	0	1620.86669427909	42.1960649323932	62.0506614936271	51.4412441603783	82.1486070199601	113.206890151388	154.649264667425	200.472194565021	245.640395331578	306.424304259592	332.666769844573	390.905864352939	452.406105038865	575.558159126975	756.446361870156	823.237874545193	919.352996721172	960.715191241889	940.929346483212	891.68514756806	812.507226128727	766.216168190605	745.173060631152	781.355331820047	741.352711321258	809.439108053838	888.775797229864	1096.83579232637	1273.39578285426
394.395	0	0	0	0	0	0	0	0	0	0	0	0	0	0	0	0	0	0	0	0	0	0	0	0	0	0	0	0	0	0	0	0	0	0	0	0	0	0	0	0	0	0	0	0	226.858654755516	37.4653863487556	45.9233056483058	76.9122069214991	114.645144642848	143.876987843103	196.980342309499	220.661152941496	273.178154822644	319.532514760424	369.251539697081	422.963736033957	456.988464642878	580.725524486804	727.919522154344	831.402463994856	882.086380771184	925.838068550619	911.928549795675	862.302604690383	804.134540673428	766.759967846053	765.400871568107	760.881314791125	739.401508263887	880.343120840988	993.048590829058	1132.47575384518	1320.38663364938
397.679	0	0	0	0	0	0	0	0	0	0	0	0	0	0	0	0	0	0	0	0	0	0	0	0	0	0	0	0	0	0	0	0	0	0	0	0	0	0	0	0	0	0	0	785.034947845944	36.7407739547686	53.4496309840681	69.4570670964092	88.9326301281408	127.672982550248	162.93900940876	187.451731954267	264.117152059288	271.181794674468	357.845434895663	386.774166075866	401.227252384129	475.530848749955	582.337868055537	680.444348178587	762.61495875628	837.203090410524	889.175407226648	823.867762332399	814.218993838215	767.160693962805	740.016047214792	707.054879214083	759.007395013585	800.185765404143	832.938741467171	1011.34194250388	1072.12894441931	1259.33881217346
400.965	0	0	0	0	0	0	0	0	0	0	0	0	0	0	0	0	0	0	0	0	0	0	0	0	0	0	0	0	0	0	0	0	0	0	0	0	0	0	0	0	0	0	1772.43187898311	95.9246303404167	63.7079348338611	85.6242563829936	87.1819179411008	115.369200612943	146.829644895318	207.410676991377	242.92276451737	295.758128984411	320.32379939913	356.979574658906	431.544901022139	466.361881167792	514.391207192468	604.418952792218	718.510045340742	787.82459662385	831.62085330468	858.597517274287	858.471296189865	846.477737506163	788.000201386741	740.949747770619	779.615702575128	832.750051725378	904.835595565903	960.680134651705	1009.6113899245	1180.26835986128	1454.77927996164
404.253	0	0	0	0	0	0	0	0	0	0	0	0	0	0	0	0	0	0	0	0	0	0	0	0	0	0	0	0	0	0	0	0	0	0	0	0	0	0	0	0	0	0	218.334583365585	32.5132565162739	50.4625822400014	53.7665189035928	73.5391485208609	101.727452760297	159.697787674314	181.471259322323	221.750836049048	262.659575598069	324.216884129433	346.920210365917	395.935912921019	450.082699967261	486.929741482348	571.673380377841	650.128644569949	719.28366141629	773.740414192814	771.840741604269	765.452838446939	746.846617220197	738.255996122005	692.061033752343	675.576938706126	705.370707586078	780.184578310868	850.609946702785	932.889335885939	1145.96585956985	1153.95473604149
407.542	0	0	0	0	0	0	0	0	0	0	0	0	0	0	0	0	0	0	0	0	0	0	0	0	0	0	0	0	0	0	0	0	0	0	0	0	0	0	0	0	0	842.462202827424	33.1879742569667	28.8878922391481	44.4211293856552	63.4943427556294	96.8745864001585	123.627669437516	164.371681181782	216.06218753593	251.74054824374	293.424349221058	332.601993888668	384.539894124229	397.264828556165	454.624931376382	509.367713067977	566.11918670808	674.382935673285	690.323954789175	775.035696587239	764.942665051419	748.731008898788	742.205364542369	693.608394375325	657.357170055817	726.069904997742	717.788873878384	794.489800414	878.721216664149	890.296439906579	1149.81090490076	1168.54649290564
410.832	0	0	0	0	0	0	0	0	0	0	0	0	0	0	0	0	0	0	0	0	0	0	0	0	0	0	0	0	0	0	0	0	0	0	0	0	0	0	0	0	1826.35400067315	82.1871581059311	36.1387715555684	74.7005922775513	75.1217324900899	93.4557490435138	127.145045979014	151.30378566441	199.927236018869	268.227239090721	259.614903836979	322.977141935723	375.432894698643	385.002876278801	430.475588663282	465.67000016232	500.647004431933	577.777526589703	685.115079043778	691.50525722939	733.592530445508	763.045877212459	768.855915678852	703.440749059096	691.640764517745	677.827289759814	706.135217985985	772.816472988542	818.887106688757	958.038602596049	1028.18486199837	1115.18602115678	1372.79777791703
414.124	0	0	0	0	0	0	0	0	0	0	0	0	0	0	0	0	0	0	0	0	0	0	0	0	0	0	0	0	0	0	0	0	0	0	0	0	0	0	0	0	277.785103520203	1.70087165733847	9.50918277411762	36.0524153949072	42.9339082459356	84.0556355943254	116.794665931233	135.152294235504	188.831488645265	241.180036982643	275.71354837046	309.548581079321	345.256159083495	401.783930865612	427.913711966728	453.364658285645	505.89909035854	544.85571472184	626.814814818226	648.789659594431	685.772499957511	688.96027915535	680.614723507598	642.876702380549	631.399205779598	661.657971364382	653.109595344639	696.13967890927	822.440708628247	869.977718471035	979.639975539271	999.137703031657	1191.54334506277
417.417	0	0	0	0	0	0	0	0	0	0	0	0	0	0	0	0	0	0	0	0	0	0	0	0	0	0	0	0	0	0	0	0	0	0	0	0	0	0	0	941.648380447781	31.9930653523938	69.9992622972224	67.6608628106321	81.8685087828017	95.687203603315	132.373659414224	145.240899971154	191.034813370453	224.144190346352	289.981465010503	319.146585400104	355.561663897845	377.235010723383	422.553183959242	473.882101347435	485.338918464009	522.826441559867	578.086884410051	643.326657980269	690.286272027792	673.137349209275	678.87600219765	704.345839318989	698.961663356655	671.224410734153	674.562489338092	719.369988474148	778.501802070397	904.517747883808	1065.27388005624	1055.53396749299	1300.23109252522	1240.22182898455
420.711	0	0	0	0	0	0	0	0	0	0	0	0	0	0	0	0	0	0	0	0	0	0	0	0	0	0	0	0	0	0	0	0	0	0	0	0	0	0	2403.61457421649	53.5578220002732	17.5970529940768	14.3321343018974	28.6608892711498	37.7941201130029	80.4053886719029	74.7091190457045	130.46664364274	160.980536689602	204.226679674763	245.691138604457	281.485325776369	328.253092105686	378.619872841043	397.530661437523	425.943047939856	446.398488907588	483.737618802067	536.730114239081	575.196662000778	580.065092545147	638.440833538623	613.37045200608	620.259888746319	626.520941912836	626.723762159693	594.840412034718	632.315713107977	725.060283042039	762.854335336812	846.538825397142	858.844954130147	1034.70780282354	1106.24540537918
424.007	0	0	0	0	0	0	0	0	0	0	0	0	0	0	0	0	0	0	0	0	0	0	0	0	0	0	0	0	0	0	0	0	0	0	0	0	0	0	362.813899092546	15.5228012420873	37.6938287302989	46.9466988263659	48.7416718153218	71.0169688239166	91.8377057400681	127.830404091907	147.493137264582	197.137813613352	235.007260843457	289.091225004349	320.021657686527	345.887933413229	389.97591517962	421.430226491827	444.288466121212	481.617292891389	498.205908572328	529.900253860674	572.819912248685	596.503639781608	658.535817692735	620.689483683899	641.042396471393	635.963498778275	618.323777678762	655.784035281867	699.441096234396	682.1188114533	824.925834531242	891.262678644709	930.559542040521	1008.64676309388	1034.36752961751
427.304	0	0	0	0	0	0	0	0	0	0	0	0	0	0	0	0	0	0	0	0	0	0	0	0	0	0	0	0	0	0	0	0	0	0	0	0	0	1192.87934280242	34.1167620855558	22.334183432622	46.8629461977166	54.9267441270675	55.3548518031774	93.127110260226	116.428657426259	125.746272938711	149.209386243402	212.163101218505	234.68865872551	282.7956257333	314.501143545968	344.215086613634	374.259312025583	415.796200471706	446.117195406435	458.385457886194	474.244267494603	529.890824331008	588.083377958352	591.001444271959	598.820613944038	609.282272560502	582.780853839414	593.018300421953	585.316293479917	631.641527727273	636.896409375503	793.067435650022	823.319106783686	871.855694951783	985.083284821956	1017.54862840914	1219.73909698105
430.602	0	0	0	0	0	0	0	0	0	0	0	0	0	0	0	0	0	0	0	0	0	0	0	0	0	0	0	0	0	0	0	0	0	0	0	0	1337.7196803721	85.4286244639134	41.6286090265857	42.9461321095942	42.2388797067443	73.8639966191131	92.4085427339464	103.789810508931	120.76367708033	157.084032482992	189.875496714292	219.881801489544	273.084697660528	297.802369664466	341.181665087387	368.070504851447	381.395040185657	435.076365058037	468.47910033383	472.87573489129	506.627888493082	548.687727288396	565.841630350799	575.845637373733	617.715511316553	605.67750890893	589.039387570322	602.546545272747	589.452461778537	638.324944722449	734.30225406445	808.943694632035	851.65815332016	966.180822810862	1041.16427226983	1186.8779864848	1276.8798913503
433.902	0	0	0	0	0	0	0	0	0	0	0	0	0	0	0	0	0	0	0	0	0	0	0	0	0	0	0	0	0	0	0	0	0	0	0	0	251.540130762828	29.3623228003116	27.6835305294751	29.5671857200082	40.3414216452822	69.0548802406414	85.9343098509516	110.18574355139	133.184381402445	151.058113527176	180.362001856315	233.688544926263	255.339349035009	302.276944472907	334.183604073217	345.75453674428	398.825753897125	418.277015402285	432.380168137062	473.697832207925	484.449040066775	514.789027434276	536.999420949418	580.423888518469	583.018344390171	585.937230478493	574.84648027362	597.239608176474	599.870157410836	644.064091250206	673.531789254387	734.28641788918	853.336111484429	1016.52012749023	1042.04208177473	1064.29092321781	1092.72234749254
437.202	0	0	0	0	0	0	0	0	0	0	0	0	0	0	0	0	0	0	0	0	0	0	0	0	0	0	0	0	0	0	0	0	0	0	0	629.306704787327	39.1905653484218	34.1431312139238	42.9912231466117	35.984152045016	64.4932032304821	75.8266928178739	95.0930173302877	99.529509674484	131.363868400264	140.874792653947	198.236742609644	223.873589552642	276.874700669419	298.458852193702	346.760961816008	363.363803699169	398.389578014642	422.837739692267	440.423444942723	471.177118560237	487.562527575191	498.66097266803	545.781317470251	533.471266537657	565.400638601085	574.437580663486	545.743138923222	592.703434518376	587.580708458108	628.780594821353	687.390871510502	756.515438408747	840.261047659539	888.2127298074	958.211293763015	1224.52412365363	1028.28604231375
440.505	0	0	0	0	0	0	0	0	0	0	0	0	0	0	0	0	0	0	0	0	0	0	0	0	0	0	0	0	0	0	0	0	0	0	1290.80878060732	48.290568237132	17.8416292643297	24.2906063067205	24.9868384335894	47.6586684184126	42.0311737610242	78.640222725035	92.2081946230317	116.140063180162	144.67101271559	171.885840007786	195.319015987943	250.367413618742	258.519874282213	331.843688743292	342.675791856289	369.345209665816	382.442667618171	410.226910765126	430.485557633829	460.085876218201	456.117431376255	492.160742353904	519.71363906374	541.837269763641	554.185551476759	555.177780888504	531.866773137093	539.723915032917	584.660688143109	596.444953169905	657.100294597162	686.117769720693	824.176522335492	878.410296154779	886.70005111551	904.652257742726	978.893381728084
443.808	0	0	0	0	0	0	0	0	0	0	0	0	0	0	0	0	0	0	0	0	0	0	0	0	0	0	0	0	0	0	0	0	0	0	221.645341850591	25.7841908867129	27.6134855641662	21.7743637633058	51.1635761535289	45.6143082974808	78.4096463082959	81.1870260713965	95.7890962482893	125.693711036196	155.704304083623	173.157512703922	202.046156792253	234.617571738923	289.737396420896	316.081741497241	336.695916381639	365.452942007895	384.774612402376	406.750051371785	427.40156130653	431.866784750833	458.582821508128	468.191854154653	529.234494806728	495.049911925302	537.860377339682	516.506126146601	510.230251572459	549.79362623684	546.979537191346	584.649199371452	654.0612924874	730.190351803045	818.628027063365	857.540952925108	959.873658622425	1069.27392094904	1162.19596930313
447.112	0	0	0	0	0	0	0	0	0	0	0	0	0	0	0	0	0	0	0	0	0	0	0	0	0	0	0	0	0	0	0	0	0	580.329041412041	31.2785943884274	36.2598086956654	22.081884285734	42.8216050447446	50.6784776031328	66.0933127893322	66.7931244615615	97.1053482463373	108.348209174994	152.952384670473	155.884638997689	191.586933537698	215.682969158819	245.496207590187	288.545521436267	312.180863666854	349.819303988151	362.287232129401	391.500706565416	399.433230900392	435.570687414966	434.642213772532	457.869426837787	477.491938335313	491.577105689804	507.559409427114	529.334590510131	532.321713178632	515.980907293163	512.031176387287	538.851203287695	586.255706480319	647.019929245339	732.704986013168	855.939599159287	920.39734906816	930.683326572638	1002.37629164687	980.873258147354
450.418	0	0	0	0	0	0	0	0	0	0	0	0	0	0	0	0	0	0	0	0	0	0	0	0	0	0	0	0	0	0	0	0	1187.25092993854	37.0547087200747	12.9727966091081	19.0006953866378	33.2048453306846	42.9300276221897	41.4376172928168	49.4277024851293	67.5202852454251	91.0643295682892	113.349824697853	121.334485304253	181.864051256802	163.380487900084	204.637045448629	235.900157713482	287.786451919422	323.463690852268	332.993888286311	360.199823055811	378.233617642619	384.870124594949	396.760011537336	415.816388122436	423.119896780012	450.343671585415	477.915191310608	482.60652416344	490.032828802663	489.383891655033	513.674420587363	500.392472580391	549.873334891906	575.638721266793	630.577738243429	704.196473721746	765.229183785033	910.852575546787	979.021558536491	1062.38081136312	848.366638360771
453.725	0	0	0	0	0	0	0	0	0	0	0	0	0	0	0	0	0	0	0	0	0	0	0	0	0	0	0	0	0	0	0	0	199.813649055827	7.18561777575701	16.8854697519323	24.4525338699746	30.7377013486947	42.6607651851871	49.0709594614608	61.2183014803242	63.664564117108	91.6211358021479	103.994145516225	125.013306321985	154.403255470621	185.655966548896	213.825456881561	245.789691926082	280.549516473801	302.277331521956	335.856524847244	343.695903156831	364.007550352937	384.731154880443	401.291715437384	414.133297904093	425.624119691618	441.472152972045	448.787627665133	467.012376546174	480.199202520293	474.771003711298	466.603282650137	503.160678372379	509.832219423787	565.732966857748	616.35791872305	667.918672043596	764.121923700695	817.243677971967	830.774184124548	994.633981224876	995.603691899987
457.033	0	0	0	0	0	0	0	0	0	0	0	0	0	0	0	0	0	0	0	0	0	0	0	0	0	0	0	0	0	0	0	511.212763403787	27.7010266481858	22.0985775849603	19.6025088807783	34.5848822215405	30.665331733219	50.634768000312	58.8783546834203	79.7218355101093	94.319637341813	98.845464005132	119.725192678085	156.254656485714	185.844067569166	189.496221657696	206.154400921491	256.239621902806	288.912627779108	321.558858569407	329.823427423348	346.564925878967	363.965381860772	384.091964304071	403.534074248793	395.400518193406	393.714600056486	432.66904120746	450.490694675549	473.05347743085	464.425236744306	484.754306548052	482.381837120958	503.422868054851	505.136048603523	532.23891930657	594.410919069143	676.535160574499	816.208600052188	836.445698406483	921.334465449013	949.741749689503	1004.13521182364
460.342	0	0	0	0	0	0	0	0	0	0	0	0	0	0	0	0	0	0	0	0	0	0	0	0	0	0	0	0	0	0	1126.26202486706	39.794281099623	-0.920806960687638	3.71701253247726	19.7891618634821	41.1331313630586	36.5721675898185	44.4676710054611	60.2215601855379	74.5246672083422	93.7591150710035	119.681045956653	120.031832516677	134.371501415501	156.368071682493	188.069725534494	218.579278965536	241.078063151781	278.208534454648	294.716309512178	303.043318666821	326.135412642885	359.838109652588	365.175416375712	371.841396127274	368.434093133718	409.935097291341	400.979667186509	420.863870671533	415.717926857589	417.325980169631	442.73342016647	434.275794105489	455.071971083818	492.345085230097	531.164692790342	593.435804767938	710.293674210249	760.194010973977	747.285162167567	778.876225107462	883.509170773576	0
463.652	0	0	0	0	0	0	0	0	0	0	0	0	0	0	0	0	0	0	0	0	0	0	0	0	0	0	0	0	0	0	168.287200057986	20.6314415976802	13.1858384756633	37.0898069055829	37.4295121430171	32.8557656448378	34.977276101952	62.1268226822182	57.6724412977048	86.1146550530697	70.4354648930175	112.047596568415	130.2084664992	152.217008295356	178.306457435154	186.698287945409	219.855809954913	242.448497063014	269.501517171445	311.793861474072	319.214541874171	323.222832288556	341.635392206615	358.279974666934	369.380638950298	385.017422973018	410.08307958294	403.69384234361	413.337589966062	412.700864514317	444.253428205514	416.459347179089	454.271852440855	449.073288977965	481.672612634717	510.591826397587	569.649353854979	647.358601692653	741.329581406683	847.844633743944	899.929578078625	870.331080294181	0
466.964	0	0	0	0	0	0	0	0	0	0	0	0	0	0	0	0	0	0	0	0	0	0	0	0	0	0	0	0	0	530.180406815575	23.8658993841591	11.3803921560378	17.2266440772174	9.41648109054877	18.8175301675783	34.3289624484592	46.8970246146463	57.5598285580749	65.4266363609214	59.903292520217	105.697629834419	122.502659247557	121.418094888313	148.020555005523	173.343433125405	181.217145774519	205.987902344168	226.610913855627	268.527983764766	292.040736584727	300.414104980748	318.28675172255	338.432394594754	341.097978778209	348.575465805916	353.093264762266	369.850210615771	387.484151951643	405.763006765846	397.678876097536	386.015176825739	409.141028693853	442.076350869153	423.472701869602	485.272393646314	502.018047933638	550.567282741502	618.803007809071	657.333998326106	768.500010916242	735.272853376781	864.161271326168	0
470.276	0	0	0	0	0	0	0	0	0	0	0	0	0	0	0	0	0	0	0	0	0	0	0	0	0	0	0	0	1377.00088177939	49.3280372884757	12.1762847120289	13.3337672402338	15.881340473663	30.0746067546315	35.5256518032231	43.8679161053845	59.570959058212	75.3538077121535	83.028170032864	98.5960677561585	98.1247319560438	129.283675640587	129.361085082149	149.315848996037	172.403238357981	199.679322897159	225.477780610543	245.904989361816	264.944715591806	280.750227105289	319.02209723084	307.999971695977	329.118263724566	342.135596655435	344.297698027595	360.5438797627	361.228921492191	375.206907885563	391.356265730183	398.93921908762	420.937363976164	410.442257455557	417.15904247537	452.374663542432	479.779560096741	532.593186631036	601.661122111181	626.098151588197	721.287532240982	776.172312894974	745.791555899505	0	0
473.59	0	0	0	0	0	0	0	0	0	0	0	0	0	0	0	0	0	0	0	0	0	0	0	0	0	0	0	0	162.395630782148	26.3445094818662	13.0752509549911	22.215530184407	31.1205473391646	33.2806304047477	43.697395300788	51.4786446982268	56.5966521541915	66.4551230957422	85.7565406069053	93.3651369593198	126.062651746908	121.731553337382	136.985805476702	150.510320984255	186.911326261126	191.750296513404	214.474535284578	233.697997072893	261.558751815487	286.271779163433	277.53366352133	301.900831107384	313.503121887536	321.467260696839	342.452894726373	345.943925165254	349.957485180096	355.636739378035	370.798086509743	389.133021339499	379.62782456111	403.880346156687	405.08898837624	400.946450057284	448.806573217492	487.97440658394	564.58076468871	679.645399636145	719.199972873731	724.33552176948	872.667710752365	0	0
476.904	0	0	0	0	0	0	0	0	0	0	0	0	0	0	0	0	0	0	0	0	0	0	0	0	0	0	0	495.761868823204	25.9203581820032	10.6819368569503	13.7044961792116	19.8209502529594	16.9199200533578	31.3229849283876	39.3503189351625	52.0999400111803	51.9777154509416	64.6216104157235	74.1675873102724	85.1447281673475	91.8682831751361	120.023143509998	143.264927823782	148.439530893544	161.371896884235	178.719921996849	198.204306832488	225.051635439973	253.571329835797	252.441860852934	283.061692765507	297.61907047803	287.577679809311	310.826708887073	324.470242375736	320.421817407919	333.039208128391	348.971478703726	353.21988775782	353.120068942407	370.840104308151	367.880130857082	384.307466014157	380.533567478857	420.931781187075	464.699455354804	532.230952167565	587.667421637276	686.117955389592	687.280531389601	717.140469543175	0	0
480.22	0	0	0	0	0	0	0	0	0	0	0	0	0	0	0	0	0	0	0	0	0	0	0	0	0	0	1047.64461159667	41.7186522265781	23.664337303562	22.9738436634871	18.7084177870899	32.5874677111629	28.1499196795627	51.9090605010899	48.185251056346	64.4656715141487	72.6048899056725	83.2107194247683	91.7081373483999	111.865587078315	111.65888877455	128.909992838613	145.766878924162	157.62851365744	189.22700320624	168.993979832086	203.341177488786	236.866255964803	252.721133073945	277.782804730947	279.80812886537	280.497690725466	312.813045824708	297.450215071948	302.341477252137	336.681122840361	323.808551499746	352.437370308042	347.920204060312	363.417676271871	361.963644872307	363.533632988362	392.050322489563	411.133710745931	459.450594516471	480.06292068164	581.26678478136	591.190084154311	664.733633461831	816.052420309129	0	0	0
483.536	0	0	0	0	0	0	0	0	0	0	0	0	0	0	0	0	0	0	0	0	0	0	0	0	0	0	110.793799331635	22.27680267107	18.4157806445576	20.9687177813954	32.9902903996023	25.1515109782452	28.3187510495222	27.1537355592679	37.0056809983757	48.8485748061195	58.7925350653035	71.4774285252176	99.7877152645892	102.004133926861	108.658481013514	132.497428302392	136.628514572606	130.559345724351	161.706199432937	168.770777177502	195.928695974218	216.781701978927	231.929280112628	249.037696441797	263.330185076627	282.386777675104	283.537059428507	284.482485501825	297.095433448468	300.219768945501	317.648552895504	332.560630085904	333.928109884698	317.041824738297	356.141950006668	332.083109542525	358.995588032564	386.218638575814	434.311946553544	464.748724252971	488.126915124663	591.647592458037	629.790145755911	656.930783429658	0	0	0
486.853	0	0	0	0	0	0	0	0	0	0	0	0	0	0	0	0	0	0	0	0	0	0	0	0	0	310.704858336564	21.4056518168666	23.060965481812	24.9196359213905	27.7412598679295	23.9062008685922	29.9735364836584	47.8437928449348	58.122115207974	63.3894733071552	65.0757357295819	82.8532730285936	88.6731604852279	94.7938570693659	117.69741259782	114.029276973681	137.368951129647	143.16764079766	150.275998306704	178.651355125972	187.092822927774	206.62685807775	221.165367689963	239.816579745823	267.700574725722	263.929857217327	261.988138688504	279.50959219555	298.636646059924	302.414801533577	303.181867493639	304.125716139909	320.995368740912	331.974467135399	343.887194159173	364.451778340193	351.593083050275	394.803870322266	411.263412914951	440.052763254604	501.812971991711	525.284272532168	599.954629647562	671.505535719869	689.642780176661	0	0	0
490.172	0	0	0	0	0	0	0	0	0	0	0	0	0	0	0	0	0	0	0	0	0	0	0	0	623.904636028949	12.846282911727	2.23119629895798	11.6606753428571	18.3126585284024	19.0887298753849	18.8761111475863	24.474898626134	28.4088700110074	26.0401430167346	43.9005296080269	61.4765947631849	52.4668760297261	62.4362564221174	76.7328777766845	93.9061644256247	98.3937070701144	117.910197233064	128.723337728073	144.024155096915	159.095191590854	160.488454979913	170.439123001836	201.397113552037	216.729193487135	234.02885546694	224.786575315218	247.455671459113	258.405879855786	260.82027892766	280.626412313671	257.062183110892	270.695821501285	284.097420886081	309.906766233865	305.267303930933	300.662698188148	335.040638153655	325.966404601259	330.333033903809	367.696429047445	393.657418781595	447.832126249885	516.604867739002	553.979170358215	0	0	0	0
493.491	0	0	0	0	0	0	0	0	0	0	0	0	0	0	0	0	0	0	0	0	0	0	0	0	92.2640903994544	7.08611960625189	10.2284107837405	18.9239623180687	19.2616778611193	19.4511812539844	25.8302535992545	34.8542416855884	27.1965318527489	55.5788306459553	52.3703468609282	78.2846876275584	70.0536948159142	97.2443494440299	98.9503751831701	107.470325241887	107.009258249697	135.205407675857	142.177977276494	155.527926320983	164.462028071864	171.420146192011	193.396601056946	216.563748994906	234.330237514548	243.707567106609	255.938507570866	240.522344432738	250.422343903669	266.417839792947	274.579210779663	272.212897949442	288.513903490342	299.777876666245	303.089228858142	308.238413777353	331.520992134471	312.365581461572	342.085403597474	363.280394581763	394.41865833739	445.375041850361	507.767516258776	544.408495888835	622.565004363463	0	0	0	0
496.811	0	0	0	0	0	0	0	0	0	0	0	0	0	0	0	0	0	0	0	0	0	0	0	311.253040315708	4.67204394217904	9.0720420920559	17.3788416657872	7.10205608979591	16.3225631709265	21.1943795567216	28.6188862069299	26.725870157306	33.0369899677295	47.205478035996	50.8899548698194	60.1870404085914	70.3654942878208	87.6869022995338	80.8563966264234	86.3796789393287	113.568071898042	115.575048266381	125.516094096021	135.954138899978	159.770816678153	146.722645952539	159.83721453126	187.028348314111	202.48646430993	224.754006345572	219.392512202226	220.019549061554	254.446581755715	233.146676201835	245.148423776472	258.968411294301	248.008885159569	282.652632037643	273.344671512934	280.314301734179	281.446031138857	298.205729656991	315.010588391774	349.099296265533	360.426942140174	390.321141297604	427.429111043872	549.245205632526	557.763898730703	0	0	0	0
500.132	0	0	0	0	0	0	0	0	0	0	0	0	0	0	0	0	0	0	0	0	0	0	882.497377589992	21.063914326473	5.16514605328506	1.76070632678714	14.3128816997877	14.0657899595366	19.7573545566013	23.1446105960706	31.6472129022284	22.9192349995572	36.8437051381478	36.1690224114895	40.5895424620203	59.3041518517318	75.6524439157317	77.5593420150162	87.7686392413238	109.927009372915	113.951570924676	121.304611393812	115.894725701651	127.840169053018	140.466387041744	144.985894975667	176.484637673563	186.486911030072	206.278053549035	214.175207106612	212.739826004173	234.252443149217	234.462996157282	245.718740222545	237.616646607003	234.645796777145	265.6576456498	270.099030375283	268.047341226029	269.688858714498	291.212035730256	290.241626764853	305.930966168734	335.491304909437	344.336484874802	415.20302006	429.139537738343	463.634972525103	0	0	0	0	616.087187420023
503.454	0	0	0	0	0	0	0	0	0	0	0	0	0	0	0	0	0	0	0	0	0	0	113.735181206428	24.7704713262099	26.4964539923521	13.1214197324136	16.3620860593008	25.7162029061974	28.5394915163111	30.3494110646838	33.3250075615155	44.9983438979683	59.8025739462035	69.9452507953138	79.0394314723856	85.2267066675283	81.7511360801214	101.357174341795	107.783437889092	125.922071486674	117.236765698945	138.830324268445	135.494999995859	157.156488794319	171.360742168182	169.316269276075	171.491220166754	202.584195528395	199.15776435167	225.136168143725	225.254902684145	230.553063599784	236.904549783751	240.545517344673	243.256559590583	253.488943535233	254.152437693385	262.289278463925	283.540151640026	280.623620277361	297.580949765194	319.828936289939	311.151017899998	350.902027200312	356.595743467052	394.185202693126	492.628136957947	522.146365606562	0	0	0	0	718.711041785976
506.777	0	0	0	0	0	0	0	0	0	0	0	0	0	0	0	0	0	0	0	0	0	576.760108747607	8.48603524829191	1.58766353180837	-0.00335423492203858	6.89708634307246	5.1662328860792	13.8603409684438	16.7042339498124	23.4945963239987	22.8953470211501	31.7300885568182	35.6102502034106	35.2302897548239	51.0026146108685	50.2574282011918	54.9655077770895	71.4893845853973	79.7336622020745	85.8669740149201	100.33140279264	94.5316661112843	118.072478094101	130.556077912052	135.02785007394	144.103926161275	159.648073634838	169.664501176854	180.369627313867	178.475401445746	186.59752870087	193.354130501299	210.46568559744	214.422506903371	215.913892940685	205.979586486573	225.99425395749	218.115348668929	238.681483549349	241.240349796886	248.617322143875	272.308380428227	266.373162008116	279.539278619095	303.467600196983	345.007091547594	402.896710454534	432.495679437045	0	0	0	0	539.231662554578
510.101	0	0	0	0	0	0	0	0	0	0	0	0	0	0	0	0	0	0	0	0	3249.36651095355	34.4300754773691	11.8273603217445	11.693949470788	9.72140637800215	15.1553784095682	15.5640878187638	21.9652241020073	28.7828502175556	23.238309884167	27.1303007879763	35.8068460399536	30.7013493377842	64.5009331837098	60.9290400681867	72.8560996502342	79.4409096328753	83.3578364106894	83.6149176342652	102.875436996205	97.4800584514754	112.061932770957	126.08804558821	133.208199633773	128.44895873963	148.767726773302	143.823218382921	173.06356492347	171.166041001775	186.478465658798	190.201076425149	187.302440387392	203.726935811093	203.687293952898	207.075279826626	222.964519527883	218.469102555929	240.298486023586	238.653002403022	244.5727940366	264.293645662067	249.475927165946	278.301090827465	296.923538052512	330.190015704433	366.454416370098	450.600906118867	0	0	0	0	621.159243536054	385.69492823948
513.425	0	0	0	0	0	0	0	0	0	0	0	0	0	0	0	0	0	0	0	0	275.657118263962	0.32967148828192	5.21585499247225	11.1718532947253	9.24949459841219	10.8867498362067	20.3013831942315	14.964801888534	17.1525644832581	23.0543556121798	28.4828168857962	34.0882433593574	35.7941406134063	46.3826537559336	49.8724178435138	51.1541247215456	63.0235680879643	78.2031182062268	81.4151218248023	94.78223062821	107.711296470685	96.2752092242145	111.671751915942	114.0800176912	129.387816991862	126.155935845666	138.056628757832	155.431603349856	158.371438984093	176.297974987241	162.033355734595	193.923054243369	197.511648363547	191.131861873711	182.288264295085	190.190403592684	201.846984646969	206.126061262696	218.441067212337	216.753267690471	225.148986616408	240.695935511834	264.725586272019	279.282677883988	311.505827166512	347.147272034743	322.807598532479	0	0	0	0	466.475255352963	429.450292025723
516.751	0	0	0	0	0	0	0	0	0	0	0	0	0	0	0	0	0	0	0	1338.3674659066	31.219398860323	11.0746334095285	12.2966829803745	15.8034516348138	22.3460190543425	12.7605968151616	25.5609843215167	22.8960561245408	31.5583880557224	36.0780110841536	35.4459884068445	50.4405268873339	43.3916355336746	65.0852875145024	73.5198668971038	81.0723176415669	95.6199990145104	101.366511195733	111.046883992225	114.540386145367	111.621086374559	127.838307876413	130.055606373088	124.81624865232	127.123090103368	155.633321161213	152.185917350132	162.788256069788	163.555377565515	183.374998237606	195.188762967581	194.335147027953	191.114433479988	200.023374548408	205.736900532774	202.145142466496	226.519651395644	235.947594091102	221.95946013382	232.037373061657	266.418900871942	262.120369227176	282.006691979142	272.365452694533	298.743247766101	360.215924049346	408.629797585695	0	0	0	0	505.012202169798	441.831360113255
520.077	0	0	0	0	0	0	0	0	0	0	0	0	0	0	0	0	0	0	1333.25093748616	40.4634794361131	24.0697327277362	6.48035143518245	1.20339146348412	13.1207489890963	10.2535696992686	7.01560132736903	20.083351378013	20.6926142919602	22.3547448338243	27.7851491681868	24.4685665367864	33.8377357121091	55.3955207361629	46.867886743455	63.9096737102963	65.3098729088332	69.4883402275566	67.1808222822861	82.175574829019	89.8899468045933	88.045684852925	101.582367838859	103.395312923637	126.800557381013	141.836861906821	127.822757368842	125.061580878291	156.874319353699	148.672411510101	171.237182891758	171.219338993462	167.658046524974	178.607414779746	188.10225500893	180.970799581657	194.612983211676	194.28969905789	188.477239367987	205.3192244709	209.798653155399	211.765561139145	233.369132496083	238.235810265869	256.165404001687	278.708991422782	282.810103845444	0	0	0	0	577.62669860507	510.541511075889	504.259665258241
523.403	0	0	0	0	0	0	0	0	0	0	0	0	0	0	0	0	0	0	134.827871529879	2.72910763749005	3.31792254704676	4.80019142548499	-2.39405725771204	-1.88145564242928	-8.61308921899612	6.41875518096782	2.03275332483004	15.0257538630184	18.1096042552225	27.2076142741246	32.5551367532418	35.8564893301018	38.2287457074855	47.5020713150775	58.7941239538996	53.6334291918527	58.2239942015043	68.2651432826504	67.9943932983591	74.0464583761254	73.7220771354532	93.0428840829116	97.4938387606047	102.644403446036	103.020894043067	116.73482430997	118.522520809045	135.685176186592	141.367445216328	137.520050490211	146.83188412808	157.963441661801	157.463124725265	157.067123739179	172.482541273859	163.454769219	179.036064330691	177.88140041789	195.135316131943	194.795563438228	205.390642921879	200.343523051007	220.838561693235	240.13458493988	265.158792987351	294.922099784657	0	0	0	0	264.42831842999	333.551322549365	302.584866502426
526.731	0	0	0	0	0	0	0	0	0	0	0	0	0	0	0	0	0	464.188539109131	-2.80481312394083	6.52727243525104	8.34657311891686	9.1705118550766	15.6792473918768	10.9274718051907	13.8603328434883	13.3457513920117	27.6874042040085	19.9644186970701	31.1311055407565	17.4894872721318	34.9484326951124	46.0297057550316	51.3944474792829	57.5847576104539	57.5527654313347	63.5798333458778	65.8356689764731	81.9414358298844	71.1319958030055	100.988204814067	89.8560481091482	99.7589386890081	103.961453773921	101.482545062141	115.724044364705	116.886087073739	124.83708364088	132.741401489435	145.786969776763	168.280127739283	153.716127786377	158.616095841249	158.617748194343	161.22554556961	173.028112503208	186.560385737355	179.464439251584	185.774423659502	192.612698731863	200.428573305416	207.709682856317	203.381605673693	225.343853606376	247.212460955534	272.634121167451	284.979326498184	0	0	0	0	442.711163298696	553.677538703381	347.364833131336
530.059	0	0	0	0	0	0	0	0	0	0	0	0	0	0	0	0	613.698806934526	18.5610779477339	-10.2576486988367	7.92811984884397	-7.83342903298427	-8.33293303331036	-9.29238264906648	3.9379414543066	1.66634550099906	6.66080900058366	13.9020515635201	12.0936182313007	19.5229037504875	28.5429110741277	30.7557889208412	22.5564977733308	31.7714769999561	16.8695232582142	39.1651694011284	45.8241023781554	52.7186544981878	55.0871390172395	54.6376052189947	63.1425769933973	72.7661206918668	80.7958419804813	83.1840346108276	88.4352545124045	89.5950003115231	92.6917366484811	104.691844681703	110.247403266588	131.034266921609	132.64133048042	127.639184894387	138.779363252458	138.667684683186	141.112049536955	139.174681606462	147.284052849434	157.314871594084	152.625321333036	155.399211489165	165.371173497339	164.427009343303	187.444796190376	181.643984602461	218.90337427162	216.246889565994	0	0	0	0	391.233737260156	325.194881178436	331.841761873255	382.220548482934
533.388	0	0	0	0	0	0	0	0	0	0	0	0	0	0	0	0	130.577561091559	13.0888449230784	26.9957024749823	34.7841426336014	35.7181335895314	29.4407292816451	19.8964027232579	30.9132298223162	26.081549724174	27.5339619256023	26.996204944467	29.7624251686412	35.695535302086	36.7156283739224	37.6584359067993	57.6440955599212	64.2275372907778	61.3119402854979	74.8302277873467	77.7008096505738	85.9734535785568	97.7076090546844	94.0347950341501	101.169005005186	89.3651996513495	106.531879461376	102.322560795183	112.130197228698	104.721386729644	120.47507238794	129.178966971702	134.671816169746	145.467372279093	143.076901461162	162.749957537588	148.593785294967	153.854350760587	159.558748599545	160.85838256753	172.828387799786	176.766242939295	176.739548423685	180.717933301117	200.375510806154	211.872034222638	212.238106392739	214.87093185226	240.114071226353	259.382241884446	0	0	0	0	439.28386969189	464.435071598449	485.883479513721	519.853171220513
536.717	0	0	0	0	0	0	0	0	0	0	0	0	0	0	0	255.171031701318	-18.0264523574223	-18.4452918857076	-14.5200323737037	-24.3701160124356	13.1096333524399	-9.62538851525418	4.62640817412981	2.08654047189987	0.949831037695009	5.34117145590257	10.0654838415141	16.079397505286	17.3405436709059	25.72657426478	23.5865980710908	31.7337601581265	25.6763300152963	34.04656518859	51.9878431068044	46.3843025596628	41.2955038528653	41.1887046455415	49.5127145096242	62.3956663818477	70.5278017293722	69.922955059542	65.2609287160908	93.8142077202056	100.757670902798	81.3245748584872	90.7345085746631	107.594658640436	103.077359474346	112.398653094453	102.302925599087	113.35222558806	125.210304436946	123.09932416135	129.592185322899	132.135764967262	124.070032855942	126.344690083769	161.151214836522	139.66598107281	152.923257647869	165.921415470478	167.972037458781	160.142355372084	199.802868423822	0	0	0	0	291.703615895196	295.714568644913	260.743277200233	245.375939394649
540.048	0	0	0	0	0	0	0	0	0	0	0	0	0	0	534.683932930376	6.41668080170106	-5.19529562766091	-9.57581865267583	-4.37385339985752	6.10100918100582	-11.8794655864295	11.1095443439599	3.52014638412761	-2.36786652049881	0.720476009883097	5.86297778148104	10.6186843290663	15.0581500302982	15.3743397401838	20.791134653674	21.8947263152152	35.703589390992	20.3397601184832	32.5272798060177	33.7456853810018	35.7603024116337	52.8741684521472	64.0550435708587	47.3762423006779	60.2517253461769	51.9217976057959	69.6119412333741	91.4150709799049	68.742208483551	72.9770493785355	80.8557158642428	87.9195410864315	100.266179454348	117.716263804223	104.852925105763	115.637397209594	117.246726268242	112.564385098167	114.04578678466	113.193693909432	127.552409360134	125.383062013324	147.611207058403	152.842339420002	140.833155793351	150.702360095045	146.785155038442	161.593621584987	199.578248178125	0	0	0	0	369.249078950177	230.7651378882	209.427128618503	249.823213925412	122.767749135981
543.378	0	0	0	0	0	0	0	0	0	0	0	0	0	0	90.8044217512403	-15.8098058008931	-15.9816025851719	28.01480231503	3.64866707166998	8.52844415298825	6.23041838213368	-3.77646544366123	5.39618179575695	12.1182839093149	12.5456758040829	12.8425528924419	21.8714706491802	19.5550669506606	28.3932813991601	24.6940435368728	38.1382030910087	35.1128984553868	29.5238878131155	45.6965752306803	43.2284538840893	53.9431755900121	63.8075880828444	73.9456844709521	51.9125686659897	69.5112367320118	94.1825758082285	64.8975088221345	80.8646367661607	79.8436451315091	95.8944358172672	94.7761754921906	98.2221279517586	110.80208663052	103.807835899525	118.92845771169	110.352104720562	103.966462807771	132.576363890794	126.066649468312	119.306694288443	146.448777599077	127.200736977878	139.162493937461	150.802436951774	145.258621410253	151.466641995577	166.021658066632	186.349281516318	194.97166434586	0	0	0	0	332.888271048714	367.248280182183	273.99510622358	379.311060582648	285.378955576329
546.71	0	0	0	0	0	0	0	0	0	0	0	0	0	295.091495752267	-3.91706768899222	-9.41160876679398	7.21261640287801	9.89076657157125	18.5212370804278	24.3787025265488	14.8809685319655	3.82832857448205	11.8391587227801	12.8408128046708	13.4548761331391	13.6812630665386	24.0268605533705	24.0723752827046	28.9393053693631	33.6919475908276	34.8707019575081	35.5742739911805	44.7226242066547	32.3892528983283	43.7944854593432	54.6539907603964	57.1206547977157	60.4203490550928	86.2084575117856	60.0997334041439	85.0680048835398	81.2868033386386	87.0007651784106	71.0022857971269	81.6838419518485	90.6606324707018	99.8094571812816	102.110758888957	104.587370278208	110.331780946809	115.762515385264	119.99224128238	114.876845495645	135.178733552618	125.419022753902	123.713759960979	143.90225950856	148.866366563308	137.580443165223	150.675809165913	152.007255667208	186.001856145316	171.126855230054	184.663014642279	0	0	0	0	301.529967337499	298.616211064142	271.836093834647	363.849588649094	430.118071676566
550.042	0	0	0	0	0	0	0	0	0	0	0	0	678.156507930649	35.2926208803154	38.1412444861016	18.8815113078333	32.0053903301496	12.067157442162	25.5677340408445	31.1443580162701	33.9310224161273	30.3350603137422	23.7091889497068	25.1882856309239	28.2416520434466	16.8644973541875	26.5860927156106	29.2314949632663	34.3303964979134	39.7068060902098	39.932634414051	51.4299573365006	56.1388091095557	63.7138324872014	72.9050419509084	68.9580851789466	77.0964675690986	71.7943134766057	90.4454233322963	80.956470586201	71.9495475068386	91.6480728686086	87.5610101203169	77.4809728109663	94.5755654343974	99.2713724374799	107.362836986341	109.378002664038	124.846833113515	127.530336143658	125.130258083456	116.437375472639	121.227036436008	132.234009152585	139.118249296884	141.632195041316	133.317285287111	134.168887156224	162.7047524458	167.852574145002	157.542078762603	159.371631438596	172.401825743421	0	0	0	0	400.80445855652	310.720301833481	378.951280382808	380.132879100689	465.578393901809	502.063373054539
553.374	0	0	0	0	0	0	0	0	0	0	0	0	50.2807697194128	-34.6094392647254	-32.5503086812502	-7.54094117500144	-23.7951415351549	-12.8620273932644	-22.5817800590338	-24.3279435107807	-4.48313843097348	0.332277786790743	-1.51369147243889	-7.89776036755509	-8.95771888587068	7.16254006385287	3.29221978129819	15.1897381083862	10.4179490687605	21.4319209944708	7.9917349259822	23.1394721636137	25.1231585165638	16.6104534543489	27.650048973018	29.6660723963381	20.9861903251878	40.0950238192151	35.5436627710919	28.0370587866215	58.6838040102612	36.7722605886142	50.1343744840773	56.0165081004054	69.2438856612735	54.8733576738123	59.9283344814459	64.8430842133101	82.1487981012165	74.7515204456353	70.7242922297837	98.2170934702584	86.46280655235	94.422830216335	95.4220190920755	97.0335559596036	96.1419650517081	94.3533154993949	104.908089312214	92.9348382900118	108.761776792594	126.187186695927	130.392780067808	0	0	0	0	237.743926410067	180.773900074464	176.151212479934	135.620825215104	247.140855499085	-10.5590656672341
556.707	0	0	0	0	0	0	0	0	0	0	0	266.728201763972	-0.533621665887373	-10.7669773134934	7.81116533300015	16.7784256163145	16.4805690285115	26.8418046100309	31.7862188836636	21.4191262295545	12.5168848972429	24.4528933753051	20.4352672323393	12.1618160114828	20.99296513266	24.4597774046276	24.4249935413201	26.9201372554245	30.1560371343101	28.4919452227882	41.0945641482972	49.2625579585441	40.2130712647548	62.9583338187935	45.7628331984746	50.8792427075723	82.0828772055784	74.8315259857425	54.4162379317748	79.6511237574444	59.3669952262829	78.3849642216549	76.1664958892325	82.1045954810101	82.2061772843676	81.8966652014631	89.1255929595025	88.2408984817876	95.7866116787277	95.8008987255437	112.449519316587	101.902561189079	107.280828734459	115.352800408986	111.321923478901	112.547399004216	118.714902336685	127.036871505032	127.943394735298	136.143402895581	145.193924889168	128.3534037271	158.649027337636	0	0	0	0	236.096504578047	292.850876920409	338.000155267776	299.719667210442	327.056928739665	181.645829188037
560.041	0	0	0	0	0	0	0	0	0	0	712.112255383644	21.352325586329	-20.9313955964283	4.60815232121473	7.83436304643253	-22.8123040129425	-12.4544726507608	6.80144123551901	0.819338126411521	12.4485112712551	5.89503051557933	-0.681544897335992	4.81089622027406	12.4331882308561	4.43523126379213	11.3126997874165	20.8849221149903	22.3350321645716	18.6696309957845	26.8935464255586	24.246119536721	24.2345310713216	29.5908482062756	27.8477141892931	38.320744499116	42.4885856115726	49.3730921537804	54.4013946499887	45.7809065529476	52.7810923954372	68.0656124200578	42.9016613113167	51.3830853297731	67.9569597341492	71.1569355212325	61.4568710122597	68.3149568251949	71.4657409159216	83.7734331567784	87.9108017812928	90.233544008505	89.17938197207	93.042057336891	88.7057738491369	79.4647302701868	106.513473839913	92.5396061669427	111.666894537725	96.9939200123408	121.121538717283	112.887033976031	130.093620399808	0	0	0	0	259.269314159666	229.822228081286	188.674136613878	158.740099786005	181.836654622627	308.803692233414	205.824770714505
563.375	0	0	0	0	0	0	0	0	0	0	174.436330927612	1.1252994270393	36.6085938177355	23.6355566837672	2.9339584241724	39.2731456587787	23.6661908788226	16.2212167148054	28.5919804362318	33.1787457049666	17.7247467054187	27.2832485436296	25.8884177158588	23.5899628897113	30.19463100301	23.1634194080655	29.8022126844966	24.5351808098271	25.4508964528343	35.9762172534864	37.6715931459166	45.2774394520861	39.4169562332725	46.2718882939893	50.292891027621	53.0738652181937	68.8582814155765	64.7905126522397	62.1287206446067	67.1030968436203	79.6905976752907	73.1721595966656	74.9815761080264	69.1802555740094	59.5031328819033	82.3610094988809	78.933618728791	91.3130274619662	93.9468122529465	88.7973521954951	107.643657886432	99.0978160562272	102.338047157846	104.36425727596	116.059110227217	101.56721121468	121.143104104634	125.354178345861	117.809625410279	130.198769028706	129.575222397902	148.96461459581	0	0	0	0	228.920229381478	243.529018793984	301.752978159267	315.397686742742	285.149105047627	274.135108737388	462.088532843787
566.709	0	0	0	0	0	0	0	0	0	445.917925063696	19.6979473028382	17.7453129288677	19.698629280912	15.1360360539782	42.8307413518157	-1.44764276074167	5.89311635089537	18.64726914157	19.4995364875359	24.9878124089664	14.2510995293507	21.7421243601128	17.1338281471145	17.6349615417202	22.6306592442256	17.6357960902963	18.3582641002485	21.1233272561866	23.516640291607	22.6481595457458	26.1478123910599	40.0293206420267	40.0379409849918	37.5433847601429	67.0334055587363	53.9211768912309	41.1549489986742	45.7107178954261	49.3577730264784	64.2269167149699	56.7093668259168	55.7595806467641	54.0776068473337	70.6099652832625	82.420050368906	70.1692067288825	67.0284025271253	85.7458731114129	78.9049222310173	87.5807760319803	74.0475921298466	82.5508370942029	87.9295089115428	94.6200822096851	87.5840669603511	102.589303805702	89.9347222411379	99.3363125917936	117.302659834169	101.318617496484	123.920666586488	117.80139388549	0	0	0	0	212.508742032744	242.402179726018	254.871128903555	241.803906194949	280.052993884168	322.584433494078	302.358472254316
570.044	0	0	0	0	0	0	0	0	718.518637425747	5.6880667413167	-17.5773237080496	0.588652484153126	-23.3346079009554	-0.534010764185025	-20.7454388023737	-7.71186877894703	9.68114670031627	-3.96094300929217	1.26801826067196	14.1043389726777	4.95448938345466	10.3349278324324	2.80253142497499	2.52884752527473	-2.30518764166483	15.6149716982065	13.3295973012452	13.9128248899672	14.0606509947236	18.7680971324671	21.9698839991498	25.608980708144	19.1128189579315	24.1884753019965	23.8105646174401	37.2293000044227	36.979969547175	27.8566958267358	41.6077427112574	34.2517524473846	35.9996749250149	44.4165265750943	45.9439638686503	52.7842240350176	42.3317688108037	44.4622880668802	57.9624124694176	57.9575391484881	60.6384966364581	53.5430960210303	65.3850816149415	78.1830229760011	70.7962539164857	72.9229915190739	75.2983288358422	80.1349963472566	76.9211353368176	90.8332212290824	91.0905463682106	76.4889776477769	91.8766744054507	0	0	0	0	235.232161290325	138.504229134524	124.615886084972	146.534264568507	164.327775259253	129.435699188853	156.039702583564	93.9038118378236
573.38	0	0	0	0	0	0	0	0	111.377928824318	8.89249521815755	-24.4103747719835	14.636615661004	5.02539033632511	9.6080225242042	0.521494608337355	-18.9092725640118	19.940093071707	19.0530605811963	6.7879786768969	14.1911928145653	7.69013008697138	24.0240233344059	17.2024437380094	14.0715933393311	10.7872578558302	13.8526307004028	17.4786957190142	17.7152976686489	28.1194860879495	19.495440239738	34.0122878677182	22.5907158344191	31.4456878448561	48.3585251605303	35.3209970831887	35.6015161549224	56.9423011461522	64.4697098166245	28.4907027516433	50.2331347323512	53.3827457918235	52.8927045873277	59.7985042320615	45.6190525291585	57.8759345012151	59.1372472344203	61.0165283962566	60.111035102383	70.3771861881202	64.3565704192425	81.2099833909706	63.8479810615726	70.3851173501803	74.2265417311454	74.8893888587689	90.7482806563719	91.9101387086542	94.428400774635	93.3950237145304	104.623302973122	111.236480928538	0	0	0	0	180.667536735618	182.971596968526	170.604747024244	168.327802479295	212.309538712067	213.162193874955	226.022963403022	28.9549070787019
576.716	0	0	0	0	0	0	0	196.810891746096	-19.0636539977138	1.27923551897762	-10.9684148358805	-18.1092229641254	6.13240441048981	1.06940896972824	-26.4028431705397	0.0323632813034569	1.86951372022361	9.28778622859849	-4.22140095142535	13.3586606696651	5.38407666492895	1.43634473380129	-3.39496610597476	12.655227187379	16.6630751168649	12.8987180204414	15.7526934754249	19.0433931565458	15.829774312497	23.9207016193484	15.7623176731841	11.4271879391802	24.0663894934943	9.66944886470639	28.514081677563	24.1077043011806	38.1191739536315	32.9578424326516	35.6365126655148	25.253886189561	58.2415329239513	27.5222675637301	36.7974045145938	41.1423091433515	48.3665871403936	54.4518214480259	60.9124473784757	53.4388112395371	58.8039289093894	68.43170824229	61.6106001868736	75.4089619609073	66.3126553342658	61.3251141286367	64.2599739019406	74.9916115531132	76.94324117841	77.8090228125469	77.2361262336405	88.6723602774875	72.0300222059639	0	0	0	0	151.7063477213	98.9914350188994	157.983232089728	128.79824458326	143.943831437763	214.772274045101	177.953701051894	199.488472953734
580.052	0	0	0	0	0	0	400.132481447837	37.8883255028927	40.5145553196731	47.2060860231094	23.0068539619552	27.8685720354597	24.9529586620456	3.70095531968466	19.6706837246143	22.621277841481	21.1394079344496	7.03441997026715	25.6592836618465	10.8503422958397	33.4636870064615	21.6949634335747	29.758494874781	20.6617749845999	22.4239785786929	22.6971008146857	19.0563711278942	23.6203433275476	25.5242918218164	20.9454005342652	31.3315590533098	33.2009847295457	37.5704894031709	44.5596948038041	39.9205903497572	41.7669650926029	50.7052168471071	51.9044577997512	40.8466099722667	62.5698968525279	52.1995142685938	60.5864817917112	56.5478153510144	52.3442435030088	50.322939844584	51.6837902416928	61.4278876053874	76.5518695172453	70.1047113262618	73.6470165711203	73.6296783197003	68.4224378439825	72.8862442903836	76.1769522416254	71.9564361772381	77.5455838874327	91.8240153535843	88.3151933303595	98.8724909036958	97.0166340794993	0	0	0	0	193.562560787471	158.385062508169	182.365660674624	183.550172972733	270.58195645336	239.121019183912	187.977043540091	145.097663517697	313.731096485445
583.389	0	0	0	0	0	0	32.63996866041	0.66978850540936	-1.29744566382795	6.86064785671945	4.80229809900663	-10.9454935696265	-20.3344895875005	-4.19909503714619	13.514149421939	-3.34395227799636	0.902645332706097	-8.27938592896971	-4.17794811512468	9.96299469181381	21.8572799239576	12.3332526938523	3.0817383462117	3.90145763490618	8.83710520584399	19.5492068355369	4.19511828439026	14.9453890820744	10.0614396667345	7.79046838997513	9.55597180529554	22.7250141737889	26.1311268362104	16.5658615919955	30.51309054846	25.2720400616195	17.8207595425788	30.3249566909894	16.8814276350988	28.8466462008316	35.2507232169776	49.0831365000882	33.5064863037471	43.5191270780695	46.3737624857411	43.1132730016342	37.6544519088313	35.8803724450731	55.8439732491592	60.0592359880796	40.0831058657735	53.8220611499379	61.9845005873843	66.854239288751	58.6951764441792	60.0031656195443	49.7950676082446	57.0585546768055	81.9187857523191	74.2609750969872	0	0	0	0	138.79450254476	94.3544497217553	94.1809251812644	158.704347240104	182.471013664967	131.245131179809	198.024400581034	125.589249916468	175.23733936496
586.726	0	0	0	0	0	173.383392648188	2.07274607193476	-22.6482017961196	23.8052881890217	3.71875235373492	-23.2354777236091	17.725012053003	-8.73375288856932	-5.20996332865761	4.96767718203231	-0.00137650895625749	26.2646110447477	6.06717204304814	30.6551044559216	18.2133749428416	4.86286766406966	17.1581482760002	11.2996946519599	12.6652884287973	8.52471502948056	10.8405006684634	16.4732136202727	18.1408298445856	23.6294869326642	16.259674490867	18.5076022870958	17.1242505817016	10.1284632167513	32.9051164335827	22.495945904247	34.7710547290253	30.0190454404312	40.1513294922911	33.5077047329994	30.0818154177875	36.4948065465529	49.462348732285	54.9885827278764	44.8817953883661	42.5575578337512	35.9070966003918	41.4835288205416	53.4571042934596	54.2699218249018	44.4335162989037	68.2271846165193	56.7879417948663	54.3874833854295	61.1117071061074	60.849045051934	74.5451654818973	65.5136923899563	79.3568821592778	68.7514539726993	82.8711455343511	0	0	0	0	90.7504787759265	120.370729032822	141.124757616353	109.384816352553	130.798698322732	155.49831424001	36.5937943646894	171.465467253699	56.794688145218
590.063	0	0	0	0	384.783513062313	20.0658075248231	-11.0964537895552	18.7269575275746	18.7386813015251	26.7632424283796	-1.80217795887734	26.3983603273132	19.180115738143	16.7484956716157	18.480306214341	-6.15518994120737	-0.446663770692613	19.9868054226001	5.41327050789894	10.3384313942175	19.5655806598839	13.3672678760297	3.4001185320369	13.2875093940484	17.1260158254253	9.74599724896442	19.2628027785438	15.0558853164236	24.3995051159753	16.7245306162134	23.1060283689255	27.6182239164859	26.0468008852672	33.9574790283436	25.6003528539873	33.3919838130936	50.7554385833715	43.3653092816244	23.2225842036158	39.1913364761089	47.8572087490147	30.6887530897909	32.7325279187432	38.7218858883564	44.3198213470184	37.860176716439	56.021927684579	35.7708095307058	59.8256327063539	61.9324266252193	62.2206241244323	55.0601648990883	51.5477026967611	60.7916941057285	59.375742929588	82.0627914898662	63.8753739780303	66.4686710334116	73.8105666215681	0	0	0	0	147.117606986382	113.895215157545	115.357098323534	140.848680235297	117.888451054351	146.982973004929	166.570177432375	201.276030896412	182.56452222321	171.048168382267
593.4	0	0	0	0	32.9084608837066	-7.24282259674439	11.2148754643508	-14.2002899822243	22.8594964015446	-15.0897053598585	-12.0984114602705	-11.0178811887792	18.8413567902581	-6.8780980932463	-14.6074730612004	-3.86397332385334	7.81513594341956	-4.83404839400678	-2.09763669901949	23.3093612070833	15.2184881831319	-1.05707317220513	1.58934688011742	14.8158185248418	9.67474891107855	5.26556936227824	11.638293928809	8.53619399913761	9.29627100094187	23.1475088582071	10.8379337080835	19.2327375746486	17.5520886913151	10.5241668399983	5.47157081873376	11.0478613975237	30.7954895673795	18.833972879974	24.4961577485753	19.6258565382984	41.2047710296285	32.4968148562556	29.9793196652025	27.6851229745989	34.4865933186775	40.4225529488133	38.8516462055909	37.0620687832629	38.9282815899819	47.1819042777535	48.4827008747769	49.1696591708206	40.9249832254937	44.8312125196688	42.6415243783647	51.371294957098	61.0680290864162	66.2162817534551	51.4771968011289	0	0	0	0	85.3473053700285	77.7162244112494	109.692656473982	88.9988007624272	146.715618597382	114.504096721609	57.2038744845446	95.8921733453821	102.884516276607	237.779052909469
596.738	0	0	0	196.962299016417	28.1898797268247	33.1626658413651	-10.6907260396468	32.3475660287725	27.9199064318003	41.6149883776945	28.3242298902442	37.2018474316674	29.9024277184105	8.61320556611852	31.3351995920074	26.4358702998161	13.1003230093105	31.3126328412469	20.9630563282718	4.09173597927694	11.9962579733122	16.6536978072383	23.6736537982826	17.9109941754038	20.487119395148	22.645983522969	21.9893837973099	16.702538558587	20.805250834971	17.0032459264513	23.2908620739883	37.2481297378349	24.3521779289154	33.6779375073331	37.5112172079576	41.2397237818359	41.7868207238078	38.3436626992958	46.7398354839733	57.7294297059093	42.3279938769713	48.1023537186136	48.3972694737441	43.2734148616057	50.8757731360644	48.2641695275704	47.7012171409062	54.9341351352314	50.5928867120174	64.0456675544729	64.9081899176386	52.634998028465	52.4652251248172	77.4992355435376	55.4908781525652	64.6551082545622	76.8154329279234	69.0551820119064	92.4928378973175	0	0	0	0	95.3106964021168	109.613658365779	129.319221101212	176.035270496896	141.062614151457	198.382378721238	160.594266566898	245.003859012684	118.044525920004	256.832525549783
600.076	0	0	357.024331807761	-17.7911163003726	-34.0141041211534	-36.6509933127866	-36.1820206178104	-23.7497461072927	-39.8010395311254	-19.4954347811407	-14.3578026132501	-36.5520994673654	-42.9255709191833	-19.1256239752347	4.71525567991783	-13.4343432387427	-15.2107790964308	-28.1451190269964	-2.17669023323005	1.24107681312657	-11.388420065151	-10.6337605976842	-7.33164441277699	-2.2941078830129	-16.5827973463118	0.943553498166102	3.49207589834025	4.1459046683581	-1.3888030572689	7.07025583934905	10.2008734703256	1.36423028228957	2.1767526343276	2.56157952072506	2.82811171412473	6.97431345551363	5.30797175020952	8.29153227940628	-2.4566858727741	13.1346092784075	16.0087982177374	13.3486481368868	12.8151594211468	22.3144298809948	21.6463902271895	21.6385782309299	14.3938194195551	28.1739562714525	30.0010819446095	19.6148924416783	16.9990156941972	30.3573278510021	27.5094647192469	27.3729292143003	40.4464981775631	42.0657365575816	37.979898683817	30.7502637529177	0	0	0	0	138.876196426045	72.0401944948462	74.9386827407565	47.3314623941095	46.4001147724227	82.0848788129962	51.5894299876368	66.7891566028778	48.5101022415277	35.3961306883957	-52.1243978962598
603.415	0	0	91.7384220739156	0.827402845430623	-27.2825611976244	29.4053169184017	-4.38014048628661	9.15392040624097	33.3183727534976	29.4756783108045	-13.2203714134982	10.2769501591512	-4.62153124709347	-2.20566800882052	4.19353623696685	1.49255854844776	33.0239590584149	18.3056643044647	24.5224436251878	3.78173064914276	-0.76845833451863	14.0850876782717	18.4204341999978	-4.63777949427705	6.36819808912816	14.091348632419	17.1964161350727	18.8278304420154	21.6369519613759	13.2051883371679	20.3178838780093	27.1459071775782	14.1858168165587	27.0544649255243	18.0794005687963	36.4383003899924	34.0685106064138	51.4486722947212	24.0897335781891	43.9186103372308	33.0696835911619	39.6069894160639	47.375087088974	33.0306431307038	40.2942796092843	20.2345291242273	43.5457223414421	41.0685364916809	37.4218703644553	37.3917742016793	48.9838736431666	32.6659662597109	39.3947402091424	42.5756599635246	46.5085308290044	56.6480551024239	59.6042391680898	64.7518912075952	0	0	0	0	102.722528319426	85.831115438704	88.7433978015448	96.1567878637265	121.822385031934	108.239430326713	98.9449344683365	114.257627763341	79.4642077109368	79.6678305320897	75.0386817508433
606.753	0	170.776703079551	34.7196377518875	56.2734348407403	38.2870121028454	33.2642625456123	21.2152537962004	7.76621407057725	11.5909896493111	22.332719297301	10.734679485873	16.3555977186397	16.7772708223961	2.21045506788616	11.0664373064881	-21.0858378791811	-0.973464589412636	29.3563843410059	1.32087997294566	2.09920745484383	15.8922838857268	7.43609969158218	-4.1807742298506	19.8118200649552	11.6995354334566	7.17662378502224	16.7994165607118	12.7545151146965	22.5717867188932	21.2217718288737	13.8308012234948	15.3984211436507	17.0603549188208	23.8933309648176	32.7472958740077	25.9558035661619	37.5027006556093	25.4664552163254	36.222549132463	25.4282916838958	48.9394607230358	25.0657797652065	25.5447451013082	30.6480804521934	39.7231207478576	33.0032452538237	41.4890894189976	28.4772563925785	40.9517855871674	45.2371092588455	38.5625733315276	39.5331045977633	43.2827373843067	35.0252648995385	38.1498274890258	71.7076442581938	52.0744750200475	42.6050141263339	0	0	0	0	86.3362745365066	100.813961914888	103.400122054947	94.9498163241436	99.1054541672636	130.847359181724	111.912692830261	106.732131627957	153.246436687784	195.386297516588	71.4524712492106
610.092	419.943117232862	-6.54969994480978	-21.7618821263634	-14.7098758181146	-36.0478265659394	-5.30770413577945	0.730772427934294	-26.9025145668493	10.2591776497123	-26.3458639845336	18.3788599241725	-6.07664394517068	4.64004160485404	1.10628986111963	-11.6012474292115	2.00666643395361	1.9341434054303	5.0672848089625	3.52601840434605	5.05453868760033	18.3326070526645	-3.70047742325729	-2.5882092880524	4.39020794276329	6.39933199753638	-2.16553816224082	7.75444303535862	4.02793365054606	8.31501011153284	15.8049745068468	7.81739339030649	12.6865575616626	1.58678653172234	-2.25897874841887	11.7937122634735	23.4588077599027	16.4571445449247	16.8103384810269	26.3560829469815	27.4027309320494	41.9547511219499	27.0589151166559	26.6991445633311	21.5645701230482	25.3106555769399	20.9967226211077	29.8083446352201	41.9147646850174	24.1391936599593	28.5831234844139	23.267250175231	39.6449598877969	45.1877137760493	45.7620802929048	26.1166595628917	30.2352963670077	43.8498930491931	0	0	0	0	153.131297688626	37.9179518984483	51.0615066040458	60.2785115178057	79.9562397341647	42.5881408905222	91.7508674644286	63.7684217792697	81.8430149859613	14.3368678355283	52.5385940599212	139.555169594127
613.431	103.384400328518	16.688731109251	6.07714970505517	25.2986419513465	22.6922464676127	-2.26286770332468	-35.175176778105	12.7265200903462	2.74212781896478	5.91586431504976	5.04360555057477	-13.9483992572696	-15.6479539345313	1.66105536256799	14.806642061247	3.54507194446372	1.44631527591158	3.20736860479528	3.513516210351	9.25561229942843	11.9558771388514	7.07953406436392	10.7004144534557	9.64179270104217	5.59181287945982	12.9392666761004	-0.89971825005673	8.21937089988991	11.3113970981177	1.68711869745881	6.29410900489917	19.8241930757122	18.0368253031105	16.8205688851499	31.2081741258129	17.650506738015	21.134451941166	29.0566431542677	21.6998219754019	37.6276898277935	15.4143094535418	30.8918345730892	24.1471656632983	26.4677122547517	33.0332735786025	35.2532981960435	29.4555990870204	40.6132412652021	35.0642249888929	38.1678500328527	44.6580048789066	28.3663185888067	28.7238186619675	35.3810241893949	43.3635392907782	43.5435258358245	51.8210292089573	0	0	0	0	82.2532919799189	51.3443912054354	77.00224575624	67.4373654093473	53.7187896838462	88.6256173894775	89.4941003904248	140.107635745501	131.978423602724	106.377991886953	30.372928281716	101.732320905635
616.77	-48.4856011121062	-25.409543264127	-56.4714013834704	-68.8325617019434	-50.8108210747498	-53.7729283137004	-14.8644588861635	-45.9117553175666	-29.8047608166215	-58.0612272158594	-19.8783198811426	-46.1625738925968	-34.6729759364831	-32.5492790295242	-27.3242775269427	-34.2094191722456	-0.494143639966785	-31.6914339753893	-16.9483984106284	-7.6698280221344	-8.45574861595951	-6.41690883090777	-11.174511154988	-10.948317286353	-13.5164698740754	3.16084802860403	-7.41300124831923	0.708211064686946	-3.76109008462538	11.3137126605191	-5.87799824988786	-0.280296257953736	-0.642226231621691	-1.64177687027325	1.61363459235512	2.27858724424334	-4.0817708973664	-0.983318998546224	-9.01962195372819	3.85453761290147	12.0315462113168	3.52237930200824	2.92603463134354	-5.71919244875791	9.23485895906423	3.21678645640851	16.9871359960281	21.388740776879	5.40505453883373	11.3318732008284	4.29184578736874	15.889985434916	24.3897621514861	15.2515969473467	28.9201612746006	27.3997674759888	22.384861388228	0	0	0	0	41.095425331139	31.0682696192019	31.5599896286304	26.8666704393132	47.136125564572	18.8780464444715	27.0205715866511	-34.8913381531506	9.56478593778264	-99.6802048003049	-53.1482441758034	-152.923134582924
620.109	55.9909463924986	28.9453782887177	18.4405737492056	22.4687362082861	6.83797659248106	39.685638505756	7.32436768783928	30.0024632237893	32.3805332170774	14.7723293185323	23.6834365120321	37.1016150274962	9.40841438227229	26.9266162934555	15.8070536376	21.9794601502767	27.5778914633839	22.9334897664887	37.8637276476057	19.4133061276675	10.4374155887592	33.8577010845265	18.5900472504695	17.8410376817042	33.2523813352421	10.1801141850282	15.4778977579398	15.7282711225615	23.5853643316874	8.93089277195656	28.2935784181051	18.8999558320723	13.4456606269475	51.2513897023219	18.2864097712812	29.2420916596757	48.9641463418666	50.3713591448987	39.0679474754121	47.4575733671566	29.6033503215201	44.8200495405402	40.925016599218	32.1454051745927	28.6219940180803	39.2728883082897	30.1855852396464	42.5717664356499	48.4485232130658	36.4113977954771	63.6400959223613	37.6167031538904	40.5790164662014	55.5713821249499	48.8099122496022	42.4438057360548	0	0	0	0	224.152706302971	55.7107052839786	70.8283075741125	87.8347046681713	81.1684691760722	81.5455407703922	159.319031811166	117.076789202183	166.924249362908	105.90792664557	191.562408398399	168.53675326643	282.286868360412
