Sample - Blank	600	595	590	585	580	575	570	565	560	555	550	545	540	535	530	525	520	515	510	505	500	495	490	485	480	475	470	465	460	455	450	445	440	435	430	425	420	415	410	405	400	395	390	385	380	375	370	365	360	355	350	345	340	335	330	325	320	315	310	305	300	295	290	285	280	275	270	265	260	255	250	245	240
nm																																																																									
213.328	0	0	0	0	0	0	0	0	0	0	0	0	0	0	0	0	0	0	0	0	0	0	0	0	0	0	0	0	0	0	0	0	0	0	0	0	0	0	0	0	0	0	0	0	0	0	0	0	0	0	0	0	0	0	0	0	0	0	0	0	0	0	0	0	0	0	0	0	0	0	0	0	0
216.504	0	0	0	0	0	0	0	0	0	0	0	0	0	0	0	0	0	0	0	0	0	0	0	0	0	0	0	0	0	0	0	0	0	0	0	0	0	0	0	0	0	0	0	0	0	0	0	0	0	0	0	0	0	0	0	0	0	0	0	0	0	0	0	0	0	0	0	0	0	0	0	0	0
219.682	0	0	0	0	0	0	0	0	0	0	0	0	0	0	0	0	0	0	0	0	0	0	0	0	0	0	0	0	0	0	0	0	0	0	0	0	0	0	0	0	0	0	0	0	0	0	0	0	0	0	0	0	0	0	0	0	0	0	0	0	0	0	0	0	0	0	0	0	0	0	0	0	0
222.862	0	0	0	0	0	0	0	0	0	0	0	0	0	0	0	0	0	0	0	0	0	0	0	0	0	0	0	0	0	0	0	0	0	0	0	0	0	0	0	0	0	0	0	0	0	0	0	0	0	0	0	0	0	0	0	0	0	0	0	0	0	0	0	0	0	0	0	0	0	0	0	0	0
226.045	0	0	0	0	0	0	0	0	0	0	0	0	0	0	0	0	0	0	0	0	0	0	0	0	0	0	0	0	0	0	0	0	0	0	0	0	0	0	0	0	0	0	0	0	0	0	0	0	0	0	0	0	0	0	0	0	0	0	0	0	0	0	0	0	0	0	0	0	0	0	0	0	0
229.23	0	0	0	0	0	0	0	0	0	0	0	0	0	0	0	0	0	0	0	0	0	0	0	0	0	0	0	0	0	0	0	0	0	0	0	0	0	0	0	0	0	0	0	0	0	0	0	0	0	0	0	0	0	0	0	0	0	0	0	0	0	0	0	0	0	0	0	0	0	0	0	0	0
232.417	0	0	0	0	0	0	0	0	0	0	0	0	0	0	0	0	0	0	0	0	0	0	0	0	0	0	0	0	0	0	0	0	0	0	0	0	0	0	0	0	0	0	0	0	0	0	0	0	0	0	0	0	0	0	0	0	0	0	0	0	0	0	0	0	0	0	0	0	0	0	0	0	0
235.607	0	0	0	0	0	0	0	0	0	0	0	0	0	0	0	0	0	0	0	0	0	0	0	0	0	0	0	0	0	0	0	0	0	0	0	0	0	0	0	0	0	0	0	0	0	0	0	0	0	0	0	0	0	0	0	0	0	0	0	0	0	0	0	0	0	0	0	0	0	0	0	0	0
238.799	0	0	0	0	0	0	0	0	0	0	0	0	0	0	0	0	0	0	0	0	0	0	0	0	0	0	0	0	0	0	0	0	0	0	0	0	0	0	0	0	0	0	0	0	0	0	0	0	0	0	0	0	0	0	0	0	0	0	0	0	0	0	0	0	0	0	0	0	0	0	0	0	0
241.993	0	0	0	0	0	0	0	0	0	0	0	0	0	0	0	0	0	0	0	0	0	0	0	0	0	0	0	0	0	0	0	0	0	0	0	0	0	0	0	0	0	0	0	0	0	0	0	0	0	0	0	0	0	0	0	0	0	0	0	0	0	0	0	0	0	0	0	0	0	0	0	0	0
245.19	0	0	0	0	0	0	0	0	0	0	0	0	0	0	0	0	0	0	0	0	0	0	0	0	0	0	0	0	0	0	0	0	0	0	0	0	0	0	0	0	0	0	0	0	0	0	0	0	0	0	0	0	0	0	0	0	0	0	0	0	0	0	0	0	0	0	0	0	0	0	0	0	0
248.388	0	0	0	0	0	0	0	0	0	0	0	0	0	0	0	0	0	0	0	0	0	0	0	0	0	0	0	0	0	0	0	0	0	0	0	0	0	0	0	0	0	0	0	0	0	0	0	0	0	0	0	0	0	0	0	0	0	0	0	0	0	0	0	0	0	0	0	0	0	0	0	0	0
251.589	0	0	0	0	0	0	0	0	0	0	0	0	0	0	0	0	0	0	0	0	0	0	0	0	0	0	0	0	0	0	0	0	0	0	0	0	0	0	0	0	0	0	0	0	0	0	0	0	0	0	0	0	0	0	0	0	0	0	0	0	0	0	0	0	0	0	0	0	0	0	0	0	809.657527500317
254.793	0	0	0	0	0	0	0	0	0	0	0	0	0	0	0	0	0	0	0	0	0	0	0	0	0	0	0	0	0	0	0	0	0	0	0	0	0	0	0	0	0	0	0	0	0	0	0	0	0	0	0	0	0	0	0	0	0	0	0	0	0	0	0	0	0	0	0	0	0	0	0	0	69.4225229863583
257.998	0	0	0	0	0	0	0	0	0	0	0	0	0	0	0	0	0	0	0	0	0	0	0	0	0	0	0	0	0	0	0	0	0	0	0	0	0	0	0	0	0	0	0	0	0	0	0	0	0	0	0	0	0	0	0	0	0	0	0	0	0	0	0	0	0	0	0	0	0	0	0	579.918877280425	114.016895062143
261.205	0	0	0	0	0	0	0	0	0	0	0	0	0	0	0	0	0	0	0	0	0	0	0	0	0	0	0	0	0	0	0	0	0	0	0	0	0	0	0	0	0	0	0	0	0	0	0	0	0	0	0	0	0	0	0	0	0	0	0	0	0	0	0	0	0	0	0	0	0	0	11094.2676746763	94.4255686456727	-87.7593561616557
264.415	0	0	0	0	0	0	0	0	0	0	0	0	0	0	0	0	0	0	0	0	0	0	0	0	0	0	0	0	0	0	0	0	0	0	0	0	0	0	0	0	0	0	0	0	0	0	0	0	0	0	0	0	0	0	0	0	0	0	0	0	0	0	0	0	0	0	0	0	0	0	525.064673416623	-64.6543903824775	-592.085232055899
267.627	0	0	0	0	0	0	0	0	0	0	0	0	0	0	0	0	0	0	0	0	0	0	0	0	0	0	0	0	0	0	0	0	0	0	0	0	0	0	0	0	0	0	0	0	0	0	0	0	0	0	0	0	0	0	0	0	0	0	0	0	0	0	0	0	0	0	0	0	0	11334.2041414646	65.6013496770833	-118.544801106393	-651.465486448177
270.841	0	0	0	0	0	0	0	0	0	0	0	0	0	0	0	0	0	0	0	0	0	0	0	0	0	0	0	0	0	0	0	0	0	0	0	0	0	0	0	0	0	0	0	0	0	0	0	0	0	0	0	0	0	0	0	0	0	0	0	0	0	0	0	0	0	0	0	0	20810.2785633462	477.172693880154	120.557766215413	-177.858581132371	-189.218482333216
274.057	0	0	0	0	0	0	0	0	0	0	0	0	0	0	0	0	0	0	0	0	0	0	0	0	0	0	0	0	0	0	0	0	0	0	0	0	0	0	0	0	0	0	0	0	0	0	0	0	0	0	0	0	0	0	0	0	0	0	0	0	0	0	0	0	0	0	0	0	1128.1443920742	191.733466786457	-191.713462914167	-462.890392908359	-80.7926016439876
277.275	0	0	0	0	0	0	0	0	0	0	0	0	0	0	0	0	0	0	0	0	0	0	0	0	0	0	0	0	0	0	0	0	0	0	0	0	0	0	0	0	0	0	0	0	0	0	0	0	0	0	0	0	0	0	0	0	0	0	0	0	0	0	0	0	0	0	0	3567.43916881694	338.135359891311	268.76396431573	-36.3703249746967	-210.295814648963	19.1403255309589
280.496	0	0	0	0	0	0	0	0	0	0	0	0	0	0	0	0	0	0	0	0	0	0	0	0	0	0	0	0	0	0	0	0	0	0	0	0	0	0	0	0	0	0	0	0	0	0	0	0	0	0	0	0	0	0	0	0	0	0	0	0	0	0	0	0	0	0	10913.7489307777	217.654047229789	236.27512749668	-114.282841929528	-210.743948122625	-16.7979602054254	72.2970789839894
283.718	0	0	0	0	0	0	0	0	0	0	0	0	0	0	0	0	0	0	0	0	0	0	0	0	0	0	0	0	0	0	0	0	0	0	0	0	0	0	0	0	0	0	0	0	0	0	0	0	0	0	0	0	0	0	0	0	0	0	0	0	0	0	0	0	0	0	1003.44894527015	221.317881279564	221.462831312562	141.403211858884	40.3223186088848	146.093046654976	114.64769152145
286.942	0	0	0	0	0	0	0	0	0	0	0	0	0	0	0	0	0	0	0	0	0	0	0	0	0	0	0	0	0	0	0	0	0	0	0	0	0	0	0	0	0	0	0	0	0	0	0	0	0	0	0	0	0	0	0	0	0	0	0	0	0	0	0	0	0	4123.77104343689	206.382962871063	158.245605748487	47.5535033336262	-113.740846256119	150.282718487179	78.8384842443317	173.966159449566
290.169	0	0	0	0	0	0	0	0	0	0	0	0	0	0	0	0	0	0	0	0	0	0	0	0	0	0	0	0	0	0	0	0	0	0	0	0	0	0	0	0	0	0	0	0	0	0	0	0	0	0	0	0	0	0	0	0	0	0	0	0	0	0	0	0	8720.01166159488	278.874624214598	163.039752124348	177.793074494172	80.5575422342983	53.0287017315175	-7.31281735946112	50.2157054314173	-68.9983329651666
293.397	0	0	0	0	0	0	0	0	0	0	0	0	0	0	0	0	0	0	0	0	0	0	0	0	0	0	0	0	0	0	0	0	0	0	0	0	0	0	0	0	0	0	0	0	0	0	0	0	0	0	0	0	0	0	0	0	0	0	0	0	0	0	0	0	1347.36496466211	250.989653451042	279.634242365788	177.59763033517	-41.8987313807875	121.738277796187	228.803029073192	98.7281964452641	-17.9768054437318
296.628	0	0	0	0	0	0	0	0	0	0	0	0	0	0	0	0	0	0	0	0	0	0	0	0	0	0	0	0	0	0	0	0	0	0	0	0	0	0	0	0	0	0	0	0	0	0	0	0	0	0	0	0	0	0	0	0	0	0	0	0	0	0	0	4016.74747017734	250.816873137868	293.34320798514	347.309570022826	129.843051480245	134.355123985873	174.936484983419	110.493516090889	116.595378101882	146.518887851926
299.86	0	0	0	0	0	0	0	0	0	0	0	0	0	0	0	0	0	0	0	0	0	0	0	0	0	0	0	0	0	0	0	0	0	0	0	0	0	0	0	0	0	0	0	0	0	0	0	0	0	0	0	0	0	0	0	0	0	0	0	0	0	0	0	449.563778047158	342.254369433875	393.373527797968	298.30379930277	248.343536103319	232.985320118536	386.505010519989	281.902321831632	286.587899165469	384.55449497581
303.095	0	0	0	0	0	0	0	0	0	0	0	0	0	0	0	0	0	0	0	0	0	0	0	0	0	0	0	0	0	0	0	0	0	0	0	0	0	0	0	0	0	0	0	0	0	0	0	0	0	0	0	0	0	0	0	0	0	0	0	0	0	0	1409.9291092817	250.818534666775	336.724338007227	349.631797157353	274.548029658943	220.636759332366	255.687251344321	162.565436373852	109.599516258377	131.706872666024	321.485002281841
306.331	0	0	0	0	0	0	0	0	0	0	0	0	0	0	0	0	0	0	0	0	0	0	0	0	0	0	0	0	0	0	0	0	0	0	0	0	0	0	0	0	0	0	0	0	0	0	0	0	0	0	0	0	0	0	0	0	0	0	0	0	0	2652.38327252255	145.592032175526	252.241523486072	329.354637810587	353.862691235738	276.865189324825	327.623775367585	284.027152101967	246.722443903433	200.316949535396	302.226795810966	-39.6320811875919
309.569	0	0	0	0	0	0	0	0	0	0	0	0	0	0	0	0	0	0	0	0	0	0	0	0	0	0	0	0	0	0	0	0	0	0	0	0	0	0	0	0	0	0	0	0	0	0	0	0	0	0	0	0	0	0	0	0	0	0	0	0	0	358.429815281246	177.501079104155	291.742484960941	383.869356864495	383.56865814124	369.71526139001	363.663442183178	276.123326587552	207.230773288456	294.080144993542	174.289028611939	296.36954167556
312.81	0	0	0	0	0	0	0	0	0	0	0	0	0	0	0	0	0	0	0	0	0	0	0	0	0	0	0	0	0	0	0	0	0	0	0	0	0	0	0	0	0	0	0	0	0	0	0	0	0	0	0	0	0	0	0	0	0	0	0	0	3177.27664286915	102.799978506163	196.755182284326	324.026065071359	387.724400073261	417.295364238242	479.705550963003	392.322251729969	374.792129102112	320.319706512985	268.101125944166	384.311656079816	428.856049718027
316.052	0	0	0	0	0	0	0	0	0	0	0	0	0	0	0	0	0	0	0	0	0	0	0	0	0	0	0	0	0	0	0	0	0	0	0	0	0	0	0	0	0	0	0	0	0	0	0	0	0	0	0	0	0	0	0	0	0	0	0	13723.4829455279	189.997079613758	126.504229025041	228.295322209254	366.354239950268	427.03025614558	486.792233606883	458.493309589097	412.982806984303	336.38720776461	321.916847475871	392.872567843929	342.297872526909	447.047736361861
319.296	0	0	0	0	0	0	0	0	0	0	0	0	0	0	0	0	0	0	0	0	0	0	0	0	0	0	0	0	0	0	0	0	0	0	0	0	0	0	0	0	0	0	0	0	0	0	0	0	0	0	0	0	0	0	0	0	0	0	0	1231.04032090299	122.865188395489	164.343684117024	243.56513745008	345.69560650252	409.639422207237	457.905511256534	459.70130617993	423.05423125007	372.609119193395	284.165272120333	227.345752946087	326.57388723699	356.39382526152
322.542	0	0	0	0	0	0	0	0	0	0	0	0	0	0	0	0	0	0	0	0	0	0	0	0	0	0	0	0	0	0	0	0	0	0	0	0	0	0	0	0	0	0	0	0	0	0	0	0	0	0	0	0	0	0	0	0	0	0	4644.08153061044	185.667498638184	162.771151970701	179.440867690304	280.179192343014	400.07076483593	501.005227442777	573.670058281828	488.566765342516	460.682154214063	413.607424698473	341.184168319454	344.43185715197	193.379989128085	302.287214216642
325.79	0	0	0	0	0	0	0	0	0	0	0	0	0	0	0	0	0	0	0	0	0	0	0	0	0	0	0	0	0	0	0	0	0	0	0	0	0	0	0	0	0	0	0	0	0	0	0	0	0	0	0	0	0	0	0	0	0	7573.70263274058	370.757347367718	193.383341008646	176.639796588765	259.201927806108	347.706138046462	423.83237750613	496.544494652727	510.951340031899	525.384181892202	460.369727425993	377.653221033425	348.896779604118	365.554485818217	331.168112161653	453.948686334318
329.039	0	0	0	0	0	0	0	0	0	0	0	0	0	0	0	0	0	0	0	0	0	0	0	0	0	0	0	0	0	0	0	0	0	0	0	0	0	0	0	0	0	0	0	0	0	0	0	0	0	0	0	0	0	0	0	0	0	993.402860545883	188.05780006779	203.255106615589	238.345440236662	279.499352014179	359.072251570169	485.749880489657	541.543681058982	606.891930966525	579.173014699201	537.011757417873	485.679440854886	545.99232512493	462.590363557203	434.612371720008	601.008262064556
332.291	0	0	0	0	0	0	0	0	0	0	0	0	0	0	0	0	0	0	0	0	0	0	0	0	0	0	0	0	0	0	0	0	0	0	0	0	0	0	0	0	0	0	0	0	0	0	0	0	0	0	0	0	0	0	0	0	1920.38886053889	169.730436951855	174.222692368006	222.788862612841	248.541772019805	310.48102663909	397.095667873136	538.663647490888	564.702924136241	590.932466571915	558.528874177745	489.210472115833	404.735247552488	375.437197394934	437.205845837522	427.391024770952	649.088622327951
335.544	0	0	0	0	0	0	0	0	0	0	0	0	0	0	0	0	0	0	0	0	0	0	0	0	0	0	0	0	0	0	0	0	0	0	0	0	0	0	0	0	0	0	0	0	0	0	0	0	0	0	0	0	0	0	0	3953.68871356865	143.928171685737	119.639907628192	157.607550938604	226.935620602895	246.991243822249	315.824535070825	354.298895161887	478.278724059707	527.763081445065	554.340057977678	444.613560795701	444.235459879177	429.926643691162	339.218917360311	202.876740331079	344.695368612129	336.045337064898
338.799	0	0	0	0	0	0	0	0	0	0	0	0	0	0	0	0	0	0	0	0	0	0	0	0	0	0	0	0	0	0	0	0	0	0	0	0	0	0	0	0	0	0	0	0	0	0	0	0	0	0	0	0	0	0	0	545.64723523948	92.982581242393	138.752086478828	223.899581910987	257.583416842651	327.213304556334	383.752910066826	448.406078206118	540.913971955598	592.377384898698	627.275315804698	556.086455792004	551.998166514829	450.493189056168	487.596598185885	461.813587984029	473.404979058047	424.734400950404
342.056	0	0	0	0	0	0	0	0	0	0	0	0	0	0	0	0	0	0	0	0	0	0	0	0	0	0	0	0	0	0	0	0	0	0	0	0	0	0	0	0	0	0	0	0	0	0	0	0	0	0	0	0	0	0	1297.84912609692	119.188399305589	106.124501457323	138.636302256014	216.52894517725	307.691362431455	349.130409701589	381.03018945206	513.228586051939	555.372838532043	544.14232799875	563.399662530557	548.301995984817	530.042080008459	487.703505093087	460.363180393122	375.596322639528	545.783440597616	626.300938085326
345.315	0	0	0	0	0	0	0	0	0	0	0	0	0	0	0	0	0	0	0	0	0	0	0	0	0	0	0	0	0	0	0	0	0	0	0	0	0	0	0	0	0	0	0	0	0	0	0	0	0	0	0	0	0	1992.72620218984	150.484314385949	95.1272752556682	115.825090509052	181.01756074134	242.544621015074	290.672429740824	320.736941548463	410.178143381919	501.459859466831	558.432336491098	554.944560085365	576.846987159361	550.175782751088	503.920666488269	483.802141388216	513.945467634767	404.334194935062	616.981120622857	580.668505548122
348.575	0	0	0	0	0	0	0	0	0	0	0	0	0	0	0	0	0	0	0	0	0	0	0	0	0	0	0	0	0	0	0	0	0	0	0	0	0	0	0	0	0	0	0	0	0	0	0	0	0	0	0	0	0	383.229658430928	83.4811085135849	122.083494137193	130.388434726763	213.377206329961	271.014884832626	319.55485230212	380.690129524905	461.056229401764	528.074005263192	578.423887473321	617.591115035183	499.993743902187	599.695363764054	490.325363479344	417.714528219606	433.39554745831	618.957396626238	472.051437292259	632.372471422384
351.838	0	0	0	0	0	0	0	0	0	0	0	0	0	0	0	0	0	0	0	0	0	0	0	0	0	0	0	0	0	0	0	0	0	0	0	0	0	0	0	0	0	0	0	0	0	0	0	0	0	0	0	0	973.186518134737	70.4678082043558	98.1892626826717	115.604295121315	148.013279448885	229.069617695071	295.580034819187	325.518647162522	400.999600302724	459.728656069324	495.338390159948	595.212382582952	551.828069196152	569.898475438741	539.021585195088	500.822838972303	504.174503478333	528.541545066628	517.765904904941	591.74414291453	751.11250306894
355.101	0	0	0	0	0	0	0	0	0	0	0	0	0	0	0	0	0	0	0	0	0	0	0	0	0	0	0	0	0	0	0	0	0	0	0	0	0	0	0	0	0	0	0	0	0	0	0	0	0	0	0	1914.94826115384	129.630127923875	85.6446833766608	123.075925929667	156.401739555796	194.492944069729	248.113439610737	330.484660319382	391.190995923317	452.257945163742	505.12165700529	579.773093355265	602.867667717914	601.842250182374	576.222794908504	592.430770112765	524.410691386098	526.085044092173	582.017342001266	593.543922764165	547.436716924285	648.617213912403
358.367	0	0	0	0	0	0	0	0	0	0	0	0	0	0	0	0	0	0	0	0	0	0	0	0	0	0	0	0	0	0	0	0	0	0	0	0	0	0	0	0	0	0	0	0	0	0	0	0	0	0	0	374.610680550939	51.267107777172	102.772698322923	122.120217750462	173.282264925628	217.081501198229	313.8877133928	338.220265754277	432.895015773201	481.003106548564	489.34211431966	582.987500186851	554.804959366613	562.922332284008	564.487225915896	547.047430489198	549.1921612908	504.69311972027	548.647795696645	498.380016006678	664.829315760036	633.579785292648
361.634	0	0	0	0	0	0	0	0	0	0	0	0	0	0	0	0	0	0	0	0	0	0	0	0	0	0	0	0	0	0	0	0	0	0	0	0	0	0	0	0	0	0	0	0	0	0	0	0	0	0	1627.35735165694	75.0023654899372	100.00934556891	108.808315195993	171.089779713059	217.604720262496	272.819480892772	349.309539143372	414.872427676163	461.661852575789	521.983312504608	561.469213687363	603.440906768859	637.130715327587	610.054536446553	629.284375667765	642.116630092542	589.776151729657	654.869022696156	686.166515619461	667.791579113879	696.304220737752	903.170542056508
364.903	0	0	0	0	0	0	0	0	0	0	0	0	0	0	0	0	0	0	0	0	0	0	0	0	0	0	0	0	0	0	0	0	0	0	0	0	0	0	0	0	0	0	0	0	0	0	0	0	0	0	187.885093896682	62.5633448562721	85.4725349369094	122.206332539345	166.137212555484	222.790244007655	287.933422899256	303.25897745912	410.015272673397	458.97476897876	498.538882534056	557.704347327393	582.592128301543	559.751511146373	603.028575317536	483.198114163926	505.348530634722	500.312410814098	524.68841850792	509.446309104171	491.930332336452	667.497762197461	758.269240152802
368.174	0	0	0	0	0	0	0	0	0	0	0	0	0	0	0	0	0	0	0	0	0	0	0	0	0	0	0	0	0	0	0	0	0	0	0	0	0	0	0	0	0	0	0	0	0	0	0	0	0	1234.46549479568	53.2591845132451	82.4978110269145	123.172427270327	155.197196657146	216.472282987869	255.006283780764	306.865831488127	375.423887279538	470.589087683858	518.697029468238	557.206478736126	561.443991295848	597.884996299404	620.865742165695	576.381662044678	592.405320377362	594.221348038953	502.489284129694	600.92324959049	636.426629175939	697.817239550577	683.198954776732	541.404560764757
371.446	0	0	0	0	0	0	0	0	0	0	0	0	0	0	0	0	0	0	0	0	0	0	0	0	0	0	0	0	0	0	0	0	0	0	0	0	0	0	0	0	0	0	0	0	0	0	0	0	5132.5942859252	79.2315012975419	82.825403014317	102.015187035966	149.424839061037	201.50514745027	249.704879468036	305.783124009762	352.52498516915	451.208406214027	502.295551277795	554.686349373724	599.548648945668	620.112752079951	626.890732487868	649.948253674664	615.077074018735	595.241039251694	627.563139770695	599.130168655726	576.008340771642	642.819067778212	779.768802586001	901.082942347174	1049.60055998191
374.719	0	0	0	0	0	0	0	0	0	0	0	0	0	0	0	0	0	0	0	0	0	0	0	0	0	0	0	0	0	0	0	0	0	0	0	0	0	0	0	0	0	0	0	0	0	0	0	0	381.344816093125	55.2671708591726	92.3658182088214	128.27034421459	187.111631488607	220.232811053149	281.931053372243	344.744605031376	426.25864800195	492.653894463264	554.616237132118	606.117517631189	613.55307055136	651.333638374225	650.375830761376	661.15431140575	628.131560050046	628.597098217982	628.317452730698	656.53275329631	644.437786275232	742.369120500078	738.75262341683	954.826397843988	916.256605091427
377.995	0	0	0	0	0	0	0	0	0	0	0	0	0	0	0	0	0	0	0	0	0	0	0	0	0	0	0	0	0	0	0	0	0	0	0	0	0	0	0	0	0	0	0	0	0	0	0	4527.68876654083	72.8355524079545	92.8451810799109	123.230613286385	156.103250331603	220.023087900544	259.395322482075	350.164888320442	395.85335998962	453.806517738865	536.679865765825	600.611379646573	630.416695458031	674.760657159634	684.873706224281	677.427657461011	707.691540547768	682.464488023115	659.118754872947	671.114616599891	666.064690173722	597.912748650222	793.022479527182	864.750451405412	915.406402666541	1128.83214393673
381.272	0	0	0	0	0	0	0	0	0	0	0	0	0	0	0	0	0	0	0	0	0	0	0	0	0	0	0	0	0	0	0	0	0	0	0	0	0	0	0	0	0	0	0	0	0	0	16259.6147087976	136.331346627314	89.9745377398452	104.621754334065	144.37159736464	168.088742155013	214.727474732278	278.533952851613	350.894879500946	406.766602914027	480.147031192891	546.618228951991	633.762797570188	652.687538129386	677.891956372883	705.016856932171	671.075538233516	684.767428706449	645.414703079726	629.636608283118	570.098750669227	650.367213356966	756.141435877374	744.307248050454	879.343116077627	1023.23006942016	935.204937216794
384.55	0	0	0	0	0	0	0	0	0	0	0	0	0	0	0	0	0	0	0	0	0	0	0	0	0	0	0	0	0	0	0	0	0	0	0	0	0	0	0	0	0	0	0	0	0	0	811.53379747239	100.377792546061	107.579164758334	112.611942095113	151.209869731975	213.485627008049	277.125983485657	313.220334470871	383.37361889176	470.107010810058	533.82253539372	615.911025988094	666.948835113096	691.191402570042	742.754386662701	728.069195636364	704.63832857355	698.360027970761	698.252861659272	722.524652548672	720.979844139168	716.49474262285	803.061269003276	812.531403056536	951.905388568743	1014.68033768531	924.339026983292
387.83	0	0	0	0	0	0	0	0	0	0	0	0	0	0	0	0	0	0	0	0	0	0	0	0	0	0	0	0	0	0	0	0	0	0	0	0	0	0	0	0	0	0	0	0	0	1147.50286791214	147.860455556903	114.27438798691	111.263582318152	150.474770887048	213.491555882848	252.589708029539	307.255782189929	389.966818749082	438.956029376753	514.946183260646	593.926098260133	666.603134286665	717.549332734595	771.873376332434	786.134184366209	798.550086921902	760.230339667675	762.324616410632	748.639202087615	738.609318986494	735.576139768089	783.570969494941	805.53031233427	973.062178808898	1090.83023107883	1262.09326859587	1482.35650107028
391.112	0	0	0	0	0	0	0	0	0	0	0	0	0	0	0	0	0	0	0	0	0	0	0	0	0	0	0	0	0	0	0	0	0	0	0	0	0	0	0	0	0	0	0	0	2119.70249681957	92.3072629688474	125.73500442915	93.9032911871043	120.22837257597	158.184463546321	215.358729436246	263.623159912132	344.6186750551	408.427695581833	482.745960611553	534.08164678052	593.755253296737	668.485977548488	720.885210662808	761.168208570765	773.177325257767	755.564462642471	759.485409370574	739.43409653745	704.683350959614	744.529969331143	698.920920365518	795.857859148111	836.524313419634	923.584703468255	1033.95551327731	1090.10577517788	1128.16451126889
394.395	0	0	0	0	0	0	0	0	0	0	0	0	0	0	0	0	0	0	0	0	0	0	0	0	0	0	0	0	0	0	0	0	0	0	0	0	0	0	0	0	0	0	0	0	235.321487199061	91.1209926536596	119.249404793931	123.701951251137	137.883254244607	197.596126871975	236.54938868145	291.211280116405	366.31176651493	418.730779587349	503.177252632558	584.287087462127	630.511135659443	690.159538787801	745.113903416932	787.696209145526	804.063902169805	787.179597299288	761.089457200489	761.237318214685	726.803173888787	696.335203097929	769.007696453941	789.347359400654	805.709463501321	934.403947690069	1042.88242567672	1096.13465877242	1255.60420912802
397.679	0	0	0	0	0	0	0	0	0	0	0	0	0	0	0	0	0	0	0	0	0	0	0	0	0	0	0	0	0	0	0	0	0	0	0	0	0	0	0	0	0	0	0	755.23678520076	37.601654625885	65.5649753938515	100.439871092401	135.71496980464	163.138625253972	215.798040268622	239.272422966079	327.270810556765	368.722562542598	444.279529725506	516.085783057856	569.794605186607	621.326873472238	704.136117943465	761.223738555207	790.729261468532	792.278569517988	765.430943244373	763.004382039059	735.881940663122	726.041132860764	738.740124711672	671.587315902737	769.311433843139	832.298394141387	962.695455687862	1099.41039231757	1184.11683160068	1086.91178061195
400.965	0	0	0	0	0	0	0	0	0	0	0	0	0	0	0	0	0	0	0	0	0	0	0	0	0	0	0	0	0	0	0	0	0	0	0	0	0	0	0	0	0	0	1605.54150382437	79.1354849317811	79.5031391095445	116.458268080301	154.225142603824	176.980364180668	210.892188299746	264.828719877581	313.963554984702	379.616302127006	449.798993315359	518.838427267038	581.860763068878	623.04378837051	723.676328052571	787.151166211682	806.10055049705	871.680036860733	914.906632521611	843.070727960927	839.176979554326	845.726393149659	812.311430062127	824.437270706493	897.062263757338	917.728120625659	1024.51525592189	1173.29737617924	1362.4620682583	1384.88179712711	1460.01826006137
404.253	0	0	0	0	0	0	0	0	0	0	0	0	0	0	0	0	0	0	0	0	0	0	0	0	0	0	0	0	0	0	0	0	0	0	0	0	0	0	0	0	0	0	210.472388791401	48.4156050956322	87.015005486018	121.155641213563	140.432679559746	176.117861709599	236.955641584843	276.702628069676	328.68431414495	385.205215191508	459.747014465544	513.789983532513	588.640907238031	680.925159191878	706.937494216874	773.313111522288	832.708905335099	835.012293106145	874.240815269205	860.322740503667	826.759416100644	822.97203688902	781.600734667321	817.881941518462	808.71773348455	915.58259853196	1018.55778448532	1138.24144206534	1212.24347826947	1504.29756899193	1773.93284373751
407.542	0	0	0	0	0	0	0	0	0	0	0	0	0	0	0	0	0	0	0	0	0	0	0	0	0	0	0	0	0	0	0	0	0	0	0	0	0	0	0	0	0	775.574249976196	18.3395608966428	62.6509396493465	81.2664744318249	103.286279898793	138.22122611762	168.856460343524	230.980211777101	302.946380203855	343.185798533604	406.931209145602	467.330925330633	523.773925165229	606.38156572087	668.669280200628	723.107646085503	787.71489800937	829.086562681084	830.317274841586	849.803132666402	833.863744271903	802.004934810565	808.012369751419	760.286523681385	815.273810126217	823.230331532857	879.157453693124	954.32309374334	1130.40168696224	1098.2657695033	1241.98474036597	1335.64963703792
410.832	0	0	0	0	0	0	0	0	0	0	0	0	0	0	0	0	0	0	0	0	0	0	0	0	0	0	0	0	0	0	0	0	0	0	0	0	0	0	0	0	2294.27283626	75.1565421799066	48.0430821058638	81.0449936492884	92.8490032340641	138.848356923169	174.962382553283	219.504323362581	265.193167200264	334.031528319429	378.511856542847	430.312120202138	497.755141046072	549.171480490639	595.322005876863	678.417954124758	718.462158698153	767.404984073212	833.207537360847	838.76660223247	847.279733645905	832.465191207532	821.128931459345	766.764363562298	790.615342698974	734.763399614444	840.940048292121	864.553448177249	948.649639976148	1110.21533470952	1214.30459144362	1384.62875188836	1525.8527462087
414.124	0	0	0	0	0	0	0	0	0	0	0	0	0	0	0	0	0	0	0	0	0	0	0	0	0	0	0	0	0	0	0	0	0	0	0	0	0	0	0	0	305.03809651894	19.4690080244622	36.2847518518334	50.06212408886	94.8427315491246	120.074711612562	172.432803674436	226.899147554739	279.228082418632	337.374554619484	374.327315217305	449.396657994522	492.197211850806	551.601427375537	631.7100504676	677.009109262859	715.43243253532	781.660615599778	818.77633188249	818.864628952331	858.606022037398	795.453182539826	818.708811039643	771.385379124308	783.159484105989	827.045569493638	814.154754758359	894.251398755	975.577249651687	1118.41562358536	1343.47600400527	1486.43631725255	1240.68072436115
417.417	0	0	0	0	0	0	0	0	0	0	0	0	0	0	0	0	0	0	0	0	0	0	0	0	0	0	0	0	0	0	0	0	0	0	0	0	0	0	0	1371.66158791033	37.951465756341	61.9923750572191	88.8158153437235	114.686654494203	123.421361355738	190.749703979235	226.388628674396	263.507002002443	316.944629095142	389.159848069626	436.528558813228	491.696177076214	533.333973257043	579.688545401649	659.767579941564	704.80192922498	800.044573803374	841.381323631122	839.798723675571	873.555665034041	853.474689993982	840.723220595133	818.160686730695	820.913377532979	810.013438312022	822.961995798778	880.592785541712	979.062939591653	1097.85680096576	1294.62532958616	1400.1657739699	1541.37439711696	1699.53425899447
420.711	0	0	0	0	0	0	0	0	0	0	0	0	0	0	0	0	0	0	0	0	0	0	0	0	0	0	0	0	0	0	0	0	0	0	0	0	0	0	1173.01988463644	80.1956292504166	36.4358828430641	33.9072085976753	59.7771556771104	80.5135192890124	141.956006284012	148.562680898407	198.014348471126	260.81188987902	307.96847056026	372.363529779036	407.953968825393	479.477323342348	520.726678770796	569.023171260488	612.960631524241	684.142122736842	731.047081440468	762.249391323196	830.172086773702	822.387707597884	800.58383756425	792.811740895672	762.011731850549	787.30883084627	796.185341887824	798.239640020505	845.1025779322	898.179563683272	1063.39224551839	1194.90288495086	1109.45518479201	1355.45065057104	1463.62918264456
424.007	0	0	0	0	0	0	0	0	0	0	0	0	0	0	0	0	0	0	0	0	0	0	0	0	0	0	0	0	0	0	0	0	0	0	0	0	0	0	209.417913565143	15.9362111299534	19.0444974454588	52.5015430152808	47.0275836532675	93.2780194510196	117.006328328528	186.512744577171	216.236544643866	267.606820574438	309.022090561188	385.667469488994	431.72371470269	466.872442126483	530.125191798692	579.844443205752	627.239523522015	675.634668783146	718.465961791655	744.366432869468	780.850925911826	812.18847333653	808.18884746123	758.122751282826	767.931192690098	768.66294235702	755.466470613807	782.246940233378	799.146787114241	848.697580190144	980.332431567554	1062.26546486256	1195.86233640253	1194.88534781442	1335.3493915838
427.304	0	0	0	0	0	0	0	0	0	0	0	0	0	0	0	0	0	0	0	0	0	0	0	0	0	0	0	0	0	0	0	0	0	0	0	0	0	1140.84767024283	23.8284101864904	43.8895453623169	59.8681310321836	84.6346366180498	90.3664390768175	143.772493578931	157.864975915269	200.183007271702	240.235236546317	309.916031405588	350.39618141403	417.112699284574	458.890102138621	503.723196563436	535.079918716157	591.390071341245	631.718642286419	676.777783748353	720.932618141437	753.853549421074	802.82323157297	821.251555473156	796.23215942294	786.294037713792	748.446347728559	738.242397999664	781.713253305661	805.450553774937	823.651557218079	964.778784563085	1097.22985089012	1191.1572067575	1375.4092343703	1472.30347378975	1505.48512106587
430.602	0	0	0	0	0	0	0	0	0	0	0	0	0	0	0	0	0	0	0	0	0	0	0	0	0	0	0	0	0	0	0	0	0	0	0	0	877.760710602346	181.997315487147	36.5290899075435	46.8075812602403	44.22552747564	89.4393763630221	118.475458965168	139.783887266147	168.545591089996	204.724045909791	253.901522272942	322.017788386932	364.359908480736	409.24364262342	460.072915623797	511.399642924995	547.320156406334	591.02170165622	652.652705454985	677.155447568357	703.491907647513	758.059370202334	780.755597759163	787.202204217536	793.577103178446	783.805004211996	742.502392372144	745.932598917574	734.867361031344	806.230074934259	894.409419409069	954.605546470133	1064.98956907171	1252.76659544819	1274.14157480358	1442.09252600959	1416.61579828958
433.902	0	0	0	0	0	0	0	0	0	0	0	0	0	0	0	0	0	0	0	0	0	0	0	0	0	0	0	0	0	0	0	0	0	0	0	0	156.884755128397	42.0057634198767	42.026667089726	49.9332779671103	71.0549372997194	108.658326367924	135.769843064422	170.545981913818	194.612395013442	237.267084803959	264.325435458439	321.585024014639	370.928828453214	457.709666520369	501.586759180608	514.627285959824	553.493433292787	598.454502193371	628.089502798099	680.373394146346	726.937108454826	760.093619873872	780.678570692841	795.913473939806	793.049333125598	761.495773010985	775.053669506743	774.680170540749	801.557404881381	783.604901898371	867.407882681001	1010.32908114959	1156.69840190613	1296.42075331894	1348.16709536895	1440.35654420634	1721.62018118726
437.202	0	0	0	0	0	0	0	0	0	0	0	0	0	0	0	0	0	0	0	0	0	0	0	0	0	0	0	0	0	0	0	0	0	0	0	359.303355959199	34.7758889610172	41.8684399706071	45.1030315393431	54.7458994232157	104.642439276968	112.96152572703	123.740852590741	150.462432999789	214.025557349822	223.332851763772	264.071530159498	329.894076309286	392.387170034515	429.347603655111	480.510755976739	511.755211427788	562.006012186027	597.389665730765	635.51223410758	668.214899404698	698.230850394388	740.001953377859	777.033266510982	765.143854500567	773.556547100809	733.980817113785	729.815593462985	761.859984504322	761.877152461689	789.081118891004	873.511685072867	955.417150765763	1096.3690088128	1209.80545472054	1163.71703642302	1569.53168637663	1405.84525426996
440.505	0	0	0	0	0	0	0	0	0	0	0	0	0	0	0	0	0	0	0	0	0	0	0	0	0	0	0	0	0	0	0	0	0	0	694.840169906206	41.8036274626469	17.4972546138015	27.1443960313627	60.2713032296916	61.3982284890795	82.8339123648827	111.352742626371	127.91744680653	177.53186045693	198.316131256655	265.515357588937	305.987186780598	355.6793521755	393.374754046667	462.522652344045	481.068467023225	515.991914403084	547.503260231812	585.299188819219	624.835770298859	660.525303450377	695.536530085591	733.27983409403	750.779885123817	760.672367403071	758.806607763679	735.284810089937	726.550921066764	701.524352214728	758.918410834077	752.472541463856	843.402621083151	923.80791184339	1065.23673025778	1179.80225414212	1348.97081258133	1235.62439575581	1461.42467344843
443.808	0	0	0	0	0	0	0	0	0	0	0	0	0	0	0	0	0	0	0	0	0	0	0	0	0	0	0	0	0	0	0	0	0	0	114.864642521284	28.3002768090786	22.9419594567088	40.2671686497259	44.4257915989091	71.637435115132	105.016392351263	110.864759423951	162.13313680684	165.762645478981	212.810591575573	247.408885763574	296.980156569597	337.195065485695	405.050695262561	445.607885763835	478.318336700391	525.686649519324	565.416790530264	573.992210212551	614.441618103172	639.177037784513	657.068506230402	696.537054713453	721.828113744407	717.304612389205	721.965744062888	699.442552680474	679.430049602256	678.385777247133	729.993488738894	774.244034714751	777.509537692089	914.470460168601	1051.91395030063	1108.60589464941	1241.8885234975	1501.97214868092	1388.22854893046
447.112	0	0	0	0	0	0	0	0	0	0	0	0	0	0	0	0	0	0	0	0	0	0	0	0	0	0	0	0	0	0	0	0	0	433.715755094843	25.0594583643316	38.4247353514496	30.3021182678954	54.1429368841696	73.3395458613596	91.5006063259594	97.8123315597798	145.414798475967	163.760503541325	196.846952840885	231.344398609577	267.586874287728	316.11441351756	358.689579115582	409.821580840478	459.669873665371	488.608167667447	511.41989086023	556.898546017249	578.41780092929	624.123940842831	648.428847569963	665.330655523112	706.085924084894	701.132006130689	716.736667657114	728.167759534951	694.430327905941	692.892609648349	687.518208016429	689.30194061994	794.037111816301	888.769173714711	983.395260312833	1073.2989690571	1237.38158011148	1240.28744527441	1239.9626432903	1330.31958505418
450.418	0	0	0	0	0	0	0	0	0	0	0	0	0	0	0	0	0	0	0	0	0	0	0	0	0	0	0	0	0	0	0	0	808.273415496128	33.9078941038925	26.3100866086138	24.2686569888652	46.1950568054193	56.9243920219964	66.9346743668038	70.4687785024681	112.347265824149	141.402966436565	165.935924215167	193.166501023846	254.71470738844	254.475322965216	302.648433700527	344.111681078099	400.602767017409	441.15730496192	493.806607293702	506.655082459474	531.656831569771	558.225172949058	591.829715706827	627.602199654749	645.560338471097	655.100404027725	673.665139945144	687.412642384415	692.067449236671	678.380056225312	664.347140273407	665.800596646317	710.80182382437	737.872514618976	825.435230722114	945.581038990671	938.909184891606	1161.27722372927	1217.19344718928	1388.90675566973	1480.27409574784
453.725	0	0	0	0	0	0	0	0	0	0	0	0	0	0	0	0	0	0	0	0	0	0	0	0	0	0	0	0	0	0	0	0	150.500639554501	3.44903136550454	24.2967555806584	36.7917255424343	45.9129430490056	63.7118913485614	69.6011755550102	91.2901236810534	119.262439058102	147.570367623023	166.218834673254	192.668441103574	235.543958325079	269.7419474714	307.330492755681	334.167814712944	400.500164609783	436.884444413229	470.345268744682	487.80608781142	524.65891387238	545.042312927216	581.37590312409	589.596095491016	604.32974908401	632.446192128811	643.60804674474	661.517783864274	659.114691115627	633.386583069262	651.065410427437	660.632371798174	663.287086535937	732.550365801005	814.259974599929	925.225720259781	1017.94376981157	1096.25978965141	1158.09929958351	1297.39320705029	1228.942608231
457.033	0	0	0	0	0	0	0	0	0	0	0	0	0	0	0	0	0	0	0	0	0	0	0	0	0	0	0	0	0	0	0	346.651539876165	17.9686876167289	24.5767373348184	28.2236117527777	44.4144244673786	50.9636134234442	64.7951163416266	92.3449874378944	111.915215911207	138.357832661492	148.684082691586	166.46280050772	221.330346198899	243.402326936591	277.039868637588	322.105573377007	360.210635499746	396.518304389678	446.268678829613	466.01088745893	480.650146344086	513.49833553611	532.351979667028	566.818258498466	575.302687559599	591.579831519056	626.532863226417	648.310017219288	664.571427039287	633.856572577201	627.840981999521	632.984086565534	640.353499556536	684.890163271089	686.71490857546	805.447689445945	856.22118505198	1013.0107574487	1099.65010160946	1147.26784976856	1280.80379848258	1313.72979178283
460.342	0	0	0	0	0	0	0	0	0	0	0	0	0	0	0	0	0	0	0	0	0	0	0	0	0	0	0	0	0	0	915.392365417056	47.0747363857587	10.2914982530532	24.1220543780086	31.4115685813652	44.7632494949952	63.1522287068208	73.9707127194299	90.765077360584	116.336573761652	140.554728776702	163.644767168802	190.23012115701	199.340244729801	263.5632689158	283.898418822664	317.510063892964	357.170004658228	396.842207059303	420.177221729976	468.997664539673	476.930615292107	508.747042555093	524.088987870469	542.533411801547	554.528901800175	588.992268898518	609.735765000013	617.790089550309	603.184970665766	615.888962146739	610.607228944201	630.494331237607	639.947150634554	630.03108393719	721.551448505934	796.39361024501	898.110863107152	1003.29733140235	1035.80318133783	1097.15889862904	1294.49988246691	0
463.652	0	0	0	0	0	0	0	0	0	0	0	0	0	0	0	0	0	0	0	0	0	0	0	0	0	0	0	0	0	0	152.034128958912	21.892914787411	27.3034916364724	37.6747093119669	53.1647116268315	68.671279746918	62.2755143737473	89.8023760960851	98.7268396277735	139.436375396009	132.184193851575	172.758718326368	197.757754376864	218.927288045446	245.859493830204	290.100642219402	315.850600829575	347.807237373661	391.224049589227	426.417551178728	458.232043056659	468.470418668633	487.267702209893	512.969651428562	542.861318288963	543.52632546879	578.952635939842	578.099407462931	602.665285644087	595.669843899449	619.629328784051	578.863622672714	615.409224916672	621.643213537692	644.984924170494	709.585143118152	809.47209014435	907.254215322421	970.14006256146	1102.671191455	1093.18229783564	1206.58870076503	0
466.964	0	0	0	0	0	0	0	0	0	0	0	0	0	0	0	0	0	0	0	0	0	0	0	0	0	0	0	0	0	277.13170889375	19.1083538435881	12.1284958221078	27.9230443257854	23.9753950990132	42.1783999550987	50.5306037892523	77.0559778842326	99.1777393731758	105.392863883499	103.077497440689	159.390784439853	181.142094474178	196.817087002549	222.995642725434	255.400478348325	276.428770842182	305.674076485945	344.003857112647	381.695226408333	416.582105467618	427.29070645241	448.491459244515	491.120465743119	505.015899901066	496.095056536335	535.059192545772	543.229535313534	557.502136684193	587.748382053975	573.553910491212	563.205722140333	585.066902705374	578.72316977393	589.485833872529	636.769765924179	701.068322741956	726.32969470819	844.016188698504	920.831955555503	996.930497697052	1088.05453058774	1072.18594738608	0
470.276	0	0	0	0	0	0	0	0	0	0	0	0	0	0	0	0	0	0	0	0	0	0	0	0	0	0	0	0	396.607952124032	28.7706858685601	19.1717140890729	15.3463558825057	31.2017544419138	46.5893521987422	58.0972052968647	71.2417062676953	87.5806953762008	109.972137012464	126.589632663877	146.688282488454	164.205395517525	187.411132755866	200.409659741084	230.855972716598	248.718611056943	288.432520065557	312.447869670435	358.505809625197	381.468423274411	424.0849298171	439.43072098596	456.005675045579	462.189566281048	473.853128204182	501.508621603859	513.382103483358	533.682119850324	539.488082473169	555.216979323319	544.821289689849	558.874039047943	554.761347049319	555.919173571535	622.656074934135	626.567208261406	704.896113523084	791.625618669784	871.165292346853	963.586095776536	973.299240920945	1104.97412627647	0	0
473.59	0	0	0	0	0	0	0	0	0	0	0	0	0	0	0	0	0	0	0	0	0	0	0	0	0	0	0	0	72.2890628710726	16.3840677185557	20.2838364890621	24.7271683445152	39.3394400608067	59.635264212099	70.031739437489	76.6892553254122	78.6262086417602	108.171048415437	142.711054351008	136.053649467982	172.165734546309	182.605999174946	207.198495318431	232.799541609093	256.770582656766	284.379603815872	313.002362052567	347.134447372175	362.121786934419	399.317185547381	417.216928874863	435.534515939236	432.628890322369	467.032203310956	484.040972044156	497.764225937448	511.340332031814	514.287006305742	549.28182118503	564.7155604191	553.671171732331	552.404553162536	551.412165914672	541.8113844696	618.081489206032	656.438770083859	716.949646675212	850.921499055978	954.933219318962	985.105453937431	1099.81555853157	0	0
476.904	0	0	0	0	0	0	0	0	0	0	0	0	0	0	0	0	0	0	0	0	0	0	0	0	0	0	0	157.290286537807	12.0402687306968	9.51731895318981	14.3797400465594	23.5887078536409	24.5283384423124	47.7072186154259	53.815899232934	70.9708858564211	85.9589395901127	96.3038264550962	116.412886317933	136.410982463307	143.220660277948	186.654874623512	204.13862496942	225.433410740042	258.255405083273	271.181049093737	290.503442000612	321.895674395172	352.186864204304	367.509480240625	388.646974674508	417.494814365276	425.560543034601	427.059506602743	470.927572890854	457.94068373484	479.339696759017	488.099997558951	497.392695585237	487.859564104734	512.667546351512	506.787061121158	519.033565344598	536.669924970987	558.150718107492	645.028154025342	703.441636121238	758.925413030582	872.338916539494	921.928183482392	931.222287567649	0	0
480.22	0	0	0	0	0	0	0	0	0	0	0	0	0	0	0	0	0	0	0	0	0	0	0	0	0	0	503.146936981493	20.2330070340323	22.8097318177461	27.7901355695448	20.755530461241	44.8894120767804	54.0117058368124	62.2588807879482	67.5399068231696	86.745766249716	89.1640176471386	116.754713160218	132.072363255944	161.792193621216	161.619767628876	186.664016996177	212.211897137647	239.363435308625	261.439447443093	278.699148655539	301.106611008463	333.45442388449	350.490577438524	390.191504712972	406.098544954192	398.886395450142	418.298003337523	430.341472322273	436.81730935514	459.721559886003	473.253987910397	494.961741911992	486.623764592428	499.812880766348	498.325304409276	489.486701642239	530.169990239203	545.358919360334	587.647631569674	627.414053361052	676.679305870562	798.688318024847	856.897906246307	952.875391495704	0	0	0
483.536	0	0	0	0	0	0	0	0	0	0	0	0	0	0	0	0	0	0	0	0	0	0	0	0	0	0	68.6460767471253	17.9272188515611	26.0309895813139	28.529566982634	29.2333465454782	36.2703933447414	44.978910032552	62.0341863837513	72.9336860710361	77.4848753052171	101.1240791058	119.196329256385	139.724978034785	155.00933155074	181.140904896918	192.012644005124	192.896220080361	208.214466800461	252.369565185627	253.030200580663	281.092146236175	309.053567525831	352.801116283888	356.113971610263	376.172042412303	388.380062999954	401.522479480851	417.839429093674	411.346783752417	451.228979704981	445.069652442883	447.502949516361	476.080203539614	476.210189095598	471.319465180383	480.092532159316	512.839430006029	530.12720758194	567.114843475309	606.922293415583	656.018057730249	766.875041066065	827.70369887044	878.447691618699	0	0	0
486.853	0	0	0	0	0	0	0	0	0	0	0	0	0	0	0	0	0	0	0	0	0	0	0	0	0	224.468543772448	19.5957273979668	23.5594834450077	16.2565561190651	28.3125439312208	29.6648838724653	27.1248382938039	69.1622345314621	78.0529639561095	81.0879857320448	97.2164839877132	112.774508892285	125.318723288218	147.806776430213	168.537051566659	156.949615318729	195.39518879471	189.727499066869	224.93325987409	251.84029648528	270.690085119757	299.148836000265	303.638555310136	336.932967441783	375.528388908133	383.344779118474	384.502644883644	392.258922160373	391.07864835342	413.488561797963	432.359726851843	432.935997198118	436.801065412378	457.652899784859	475.101463438335	465.152426788955	483.857449821846	496.592764071498	505.658528023942	552.716993750428	603.046591315426	675.905413838297	755.377766891681	884.614369840971	864.54676686437	0	0	0
490.172	0	0	0	0	0	0	0	0	0	0	0	0	0	0	0	0	0	0	0	0	0	0	0	0	407.595412106236	11.5485926674701	-3.27723658372038	14.2571888283255	24.318122736779	21.8080246021931	30.2518580672524	30.2816644246158	43.3624421390825	64.9179181604314	59.5899446180249	80.6960564544719	72.6038141054992	104.91791499673	121.746603148149	142.124399862766	158.310390131688	183.696176644482	207.795271199571	207.539121210702	230.686431580086	245.297150366406	266.467293518265	297.68113999051	317.737959981739	328.826756176342	341.348542148985	360.891975287878	365.903363907585	383.63379958109	388.473852445141	385.816812977913	396.82517307499	419.130122393889	426.668298811107	448.017818387092	440.653350983653	436.739716545638	451.419924241635	463.259236937592	503.020769245411	522.790172520686	615.356133785619	713.9787729756	762.975344323202	0	0	0	0
493.491	0	0	0	0	0	0	0	0	0	0	0	0	0	0	0	0	0	0	0	0	0	0	0	0	70.9358367998976	17.0675646293276	21.8924828282827	29.924819070285	32.5892055906729	31.1098584619886	46.4745470855009	61.7265809397116	70.7911961556491	77.9464468414121	96.5921587495667	105.448993955032	114.302532294541	122.631424150513	150.766920682647	166.482679790454	172.294787697926	190.530279597917	209.787905695287	219.574465802114	257.433124886307	260.480860994575	271.199533825999	311.529781757394	322.432444017825	343.777203736114	355.007804913897	360.314431211987	368.562760049742	380.016399806581	413.075916434431	397.522086266451	404.54542970815	437.507720634287	448.058169109292	431.451361830046	438.867287711992	438.316336661972	466.510841914855	492.715353396549	532.312127647396	591.776066137316	701.322770299545	743.444608053836	813.637351954303	0	0	0	0
496.811	0	0	0	0	0	0	0	0	0	0	0	0	0	0	0	0	0	0	0	0	0	0	0	201.780404441335	7.38954344656231	4.87730162277975	16.7751622585343	13.5855218856918	23.7868782538517	37.1220813080113	39.2655822203206	46.7399855176786	55.8631001178159	81.5184765471748	83.9216379872402	89.7351284781553	96.3415077323859	124.100925942508	123.154494262526	146.091031760468	178.109109472993	182.307804517087	190.834971697915	212.058769188051	223.740004767379	233.713979678396	247.66120980345	273.951816772753	295.809763780919	326.825288506929	333.509013737861	329.425203926582	357.13196814695	343.146381847761	340.705103539349	380.712367592677	372.285595776971	383.183746616373	397.17600445266	399.347496135802	389.410020833373	408.413368442761	429.363874104894	460.090019687765	517.18959007263	523.240595848764	583.122385964543	679.246244781899	726.281601118985	0	0	0	0
500.132	0	0	0	0	0	0	0	0	0	0	0	0	0	0	0	0	0	0	0	0	0	0	448.181950971885	21.8234778672469	17.7322485846333	13.9670595868858	20.6659188092417	25.0729484636029	29.33264890204	39.8541616183874	45.5428426308899	45.4810927270818	62.3087129041202	55.272341798942	78.6599992118379	86.4886312233536	112.164512624855	131.874871481809	131.383732351318	153.49276804782	171.57012207701	179.489357023121	181.885727988271	200.388662815595	220.044943203726	236.692602499199	254.584663664365	272.853011384689	299.040191507418	296.507672849315	305.426591708994	331.395083633571	337.709277123795	354.388993057838	353.096188206903	352.273863888511	362.438306739147	379.374758903138	394.572472757657	381.845421649032	403.182175805605	400.844087950671	419.881939256289	464.891801748082	472.135779206073	542.122827833098	602.09266445699	637.915615173337	0	0	0	0	695.94121171995
503.454	0	0	0	0	0	0	0	0	0	0	0	0	0	0	0	0	0	0	0	0	0	0	74.510572492178	22.0716886996952	17.2630811946463	17.5154174134662	31.1222069572926	31.1551099306213	35.4082896162258	35.9048346473064	53.0135551578099	46.6731746404775	73.1034158405935	92.9140059732463	101.226319923394	105.905124649394	111.994067584134	136.46490383376	152.144411298649	146.051733918907	167.655527743758	189.24486045228	191.80476983434	218.48555086158	216.408486722312	226.828427047969	253.712293227277	269.488198299466	292.504306021229	308.714083165526	313.217765817338	321.10778165791	324.972897719539	337.620708766795	337.93126709188	350.813240601031	355.212775752186	362.569564221541	387.730168879632	391.430128011467	387.529988569174	387.159572645452	420.827749734071	425.133306523153	472.374504639219	533.467052846427	582.52575070511	673.928497127618	0	0	0	0	978.752132928481
506.777	0	0	0	0	0	0	0	0	0	0	0	0	0	0	0	0	0	0	0	0	0	207.590801311757	-3.48564735591001	11.8115981237862	4.5620745935627	9.28690725788912	11.9607879268445	26.0014535336362	30.7985012040949	36.3653114195206	44.1416190220471	52.9608773261406	62.6959125223014	77.4070775126068	88.3958131768447	80.7890712061739	91.4483348732647	127.924273291665	137.908452896036	131.395660240973	147.225894739631	161.674411337665	180.445918260175	186.279173435113	212.234691111819	208.269570587494	225.386959603127	243.194280805356	266.549860080529	276.854764822767	261.434630137835	289.595097160197	297.329795055234	314.673486932514	320.482214457038	313.101334177953	325.611782855422	327.084686682985	338.453472999953	358.892205114125	352.722579817598	368.836817469447	382.610732311529	406.913440752762	414.330108800041	473.220541227098	538.599812657572	559.030537366193	0	0	0	0	712.092365712694
510.101	0	0	0	0	0	0	0	0	0	0	0	0	0	0	0	0	0	0	0	0	544.649713393089	13.2052558770739	23.9210136309812	9.85886006176226	7.35570468587611	11.5329927914143	18.5331624562004	23.5363424992611	32.1877979380908	30.724106694366	37.6161541769963	50.4301284685265	60.8829940721015	68.7884580110397	93.4068949968724	102.462032547393	94.6169475393643	121.656573798757	120.582792944208	137.071843604082	143.161539847873	156.142143562975	170.168646069422	185.172241954492	186.201106792207	205.159265894844	206.361273854988	239.438960330174	232.748766230219	273.845395216545	262.075454548888	256.724892478919	279.207230777445	284.434154140483	301.041602145898	295.509583365464	308.042807610529	334.094158584726	320.915988206508	337.382375632444	347.143643827167	341.593412681214	347.906871964662	387.923881761133	422.171458710462	475.846752452562	529.575572878367	0	0	0	0	706.409353684759	575.734514036278
513.425	0	0	0	0	0	0	0	0	0	0	0	0	0	0	0	0	0	0	0	0	122.092542925897	6.93538591511093	8.37351236380777	18.685402607219	21.8348503624189	19.2284566299484	24.6520820026778	32.5863508427426	37.8536280009493	38.7864611492918	44.3476558998339	54.113377189925	64.0056651040854	85.2377192876521	79.5517966323924	89.9314489225261	117.619633676554	119.116894051726	127.897598777749	139.481053315552	172.0554720921	145.544177854802	164.786197539615	176.446362715659	189.858601755957	189.36189302197	202.277580796905	217.136777343326	231.701103130303	245.207683182802	259.737600025664	265.742098901749	273.023457887572	283.993531088559	268.975846046149	291.068051074782	291.713900927198	297.762885057991	319.721439249339	318.217943859974	301.715308158187	358.287081379116	347.60337214232	379.851818921803	436.801139934944	442.36154729969	445.136251748842	0	0	0	0	669.316435541028	677.475391335455
516.751	0	0	0	0	0	0	0	0	0	0	0	0	0	0	0	0	0	0	0	790.955457526791	1.43029047700099	-5.01959483773249	3.80201861529761	16.3040457098559	14.4278331894215	17.7493092075015	33.9674258754738	33.6464977396684	40.7360800671411	45.3673868252901	45.3850037874592	55.8174571259877	56.2739708934945	71.780369243144	97.2525679737015	103.845075111548	113.714457995623	119.228232104258	121.879539642534	140.628740076937	148.294037289171	156.852100587254	147.809533920029	166.990088263562	178.964480827975	198.168736402831	210.532404885747	225.305297499159	236.721044578315	240.322867956545	255.525175165845	261.504630798301	258.627421538032	252.026928665172	279.616448515945	279.957317934753	273.154150418105	301.669352906264	313.474186482892	298.505310011598	303.210701308886	341.677468774763	331.396599416331	351.201136068953	369.060087344912	432.44380115034	502.250419057304	0	0	0	0	595.663693546254	398.152453436066
520.077	0	0	0	0	0	0	0	0	0	0	0	0	0	0	0	0	0	0	801.19415487518	62.4104168542152	5.08514931289285	8.15804160302267	6.83647918581142	11.7595442648363	13.1928186536167	16.4980281038637	34.106146946861	34.1857391480569	41.3913746909944	40.1226863072972	46.5658126547765	58.9849686190642	68.7839608771285	79.7627796042787	94.4070177883483	104.627964040453	90.9626975976933	115.514185677663	133.284439796612	130.337867912997	141.253811429009	157.592444805703	164.020664512249	181.279027485924	175.027826114321	185.018622591276	210.494680647182	221.521458010725	220.161745055276	243.601977977319	236.126834745779	241.049119907253	245.583336188348	264.450214844032	247.939831895109	276.575509084264	274.776424065281	282.152792969704	272.713328564366	300.556925860532	305.926171510667	311.079178645927	331.760985202629	348.405145766839	408.155632388191	392.077460926238	0	0	0	0	902.963665041231	605.133508089817	596.226609170805
523.403	0	0	0	0	0	0	0	0	0	0	0	0	0	0	0	0	0	0	153.370991166209	-5.02466320766727	9.14670842494693	16.4378606800981	7.17784920480578	11.3079909911513	14.527630281999	21.9320856243804	21.2687080129726	30.0708190969719	39.5762992557562	46.6296952037922	52.4868940552608	65.7609916039447	60.7995299667873	68.3972133124732	96.2629960472856	77.8588768351179	100.913789329846	107.431288960218	111.940692477233	128.83478341673	138.639212726074	149.497859226018	156.592338056642	155.242090174681	167.588544889815	174.929525537842	177.366038959584	194.499036744421	220.04011140633	211.016841602829	214.182047790931	238.175294719728	238.735472954372	238.857254061874	265.44582370232	253.327213922166	253.562408726199	273.225739109029	280.057303850393	285.532047320104	295.550405852	296.147769390588	325.02484120108	331.137345045625	344.850080031821	412.414129947143	0	0	0	0	518.509767197255	601.987431328202	453.166656855845
526.731	0	0	0	0	0	0	0	0	0	0	0	0	0	0	0	0	0	173.491935464175	4.81860781230579	-5.74927108927112	7.23687763348393	-12.1904924583233	22.7577559492383	11.709337997849	16.7890459234641	20.8109636598973	37.0033295198791	30.852949176754	38.1659044495536	41.3111853374999	53.0473707879236	65.0310608525198	77.4679426836784	74.6918986873556	82.9581500000782	93.6741892756137	95.8014588284047	106.528363111368	98.6815059213933	137.455522808541	133.478369645409	128.46064608591	141.392964207952	155.095128131157	179.876163077283	179.940226270419	172.544503619295	187.225629023431	192.734959502022	231.032129511857	225.270544826258	220.939968398828	221.318361136003	229.707643075212	236.684636751618	251.634463941341	256.845894635573	264.414386530668	256.100854208177	267.005568212772	290.097184937969	276.955056199757	275.232273554508	323.230211883539	339.330459111469	383.915277880166	0	0	0	0	557.535279787743	612.673228330194	715.489668235397
530.059	0	0	0	0	0	0	0	0	0	0	0	0	0	0	0	0	364.880262043622	17.316741777596	-9.46152990587207	9.05935675093943	7.47179214181088	12.6547785498378	6.41678479608703	21.4706989885575	15.330041032438	22.843799933993	21.8807580049724	27.3618886195029	38.496057134645	50.4600602370744	52.6256964447743	50.1561096784818	59.1351614692887	47.6602182565233	71.3096503234187	76.0188906648286	92.7433796880636	97.2499501009088	102.501853154458	109.606785644699	127.752518099122	133.633048846989	127.772073842564	131.676061051822	144.83114427161	153.581647898831	160.813798505689	179.994527201548	184.816214340937	191.605149287961	208.873647093909	196.375458681156	215.347540376395	212.443159150094	211.586253795229	215.544433459004	219.838182209617	230.274409190235	234.697470367296	248.250879257453	242.601987959781	275.050284230156	263.883416643925	292.728932840644	302.916882434661	0	0	0	0	1202.47864289476	463.628813157374	485.87255321179	495.491098871418
533.388	0	0	0	0	0	0	0	0	0	0	0	0	0	0	0	0	85.888476302924	15.9418898847689	35.9685985745951	34.0206001858604	19.7571978859356	18.8177709924349	29.3872369229446	28.7933991539797	33.2054955731222	33.3126790475485	37.2574289654314	45.1959963594246	45.2142121236834	51.872443996879	51.9365600242513	62.4287015572804	78.0694400358121	84.8814745475934	93.0480072164546	102.456384934406	106.217377501736	115.054786101604	128.151229644622	131.298570697823	130.480654650079	144.800986207554	125.368873313231	151.193873940639	160.949867036118	166.09320074124	177.876773756943	186.10446209876	199.865248043421	210.056296573967	207.794411325865	197.245811309993	211.057208487994	222.880277007427	232.892850278278	238.508347644299	222.928140674882	236.594331052214	248.705440686073	251.668665206788	269.960775661018	281.378989665049	279.952012336355	286.011935242738	319.535919377176	0	0	0	0	641.244173597444	612.995673302283	560.38003228332	582.311210918276
536.717	0	0	0	0	0	0	0	0	0	0	0	0	0	0	0	147.054140483976	-0.858522670676595	-4.09836475952431	-1.96320546022275	-8.61483088171133	21.5683995969329	16.2131980825097	13.5770964627582	17.9460895757382	17.3583063099289	18.8374414690671	22.5251674299671	29.8354645245474	37.9239602027565	42.8032008764408	51.3729001574778	50.3076402689499	44.9110786660968	68.0664876402022	69.3853510951091	81.5232771073711	76.8657601776692	85.9726216163885	96.1054054785126	99.3798822677656	115.975277681857	114.867775637437	115.725314766859	135.472685703437	137.240759006317	138.952674469343	150.605770539942	159.969445437915	158.755546187671	171.250774634534	167.118839488362	175.29853623456	185.411289683907	195.473304386567	190.662622284836	188.833367057472	197.437070997097	202.524954162673	218.602969858527	220.638265951129	215.564675635429	236.225990960997	233.516734086647	244.293209758381	278.829148319885	0	0	0	0	436.043481659089	387.049398435564	408.323590954943	417.418679519327
540.048	0	0	0	0	0	0	0	0	0	0	0	0	0	0	355.792277052286	15.4795527693011	-11.7303929663942	3.32484821950048	0.00741045050093681	-2.27134490142353	1.07592374118609	21.5045391942624	19.6542568757258	6.34488956516812	16.6654334110985	21.519620979549	21.6709257385482	27.2842989383951	34.9985252886825	38.3313682676244	36.438508173803	58.5553123318451	56.5091288793214	57.7084371452272	73.0790919532198	72.6178600526256	88.689498941521	86.7228556766874	92.4408386491292	100.234100102281	107.392968679848	99.53168568069	126.300869686328	117.766412865484	129.594932626426	127.860710264068	131.014326709971	157.678318149684	165.46726535744	160.131856226231	157.137402315945	176.946374968138	168.656364021535	180.054490276561	185.100250030398	186.564227935618	190.17159064286	210.097000667478	217.731875636403	195.680906795014	227.747704316294	214.765479495507	250.632208474922	253.173730235971	0	0	0	0	789.853041990528	394.330983423544	288.847952736919	419.746711408992	241.354874274057
543.378	0	0	0	0	0	0	0	0	0	0	0	0	0	0	90.4413199894595	4.17817543934034	11.5300448176583	16.9731219532805	25.5590720140955	25.9843219851768	29.2814662991858	17.4682639707518	27.8188403920273	30.9532563505391	33.2279827781856	31.686442375225	38.249865476814	37.0312628883311	50.3370112425651	58.8996700672694	65.2617833121031	68.5755496035574	64.6299048543416	70.761052449474	79.1934330019102	92.6865058918663	92.5720175286394	109.259671215029	103.761014891594	125.000171816866	137.576491536435	131.727105311321	128.101755225588	138.623869900263	135.531748556261	151.785928940212	150.750934916035	158.730718306213	155.104111590529	177.567598630351	178.290832694445	163.188952223157	183.533442064991	198.539310173465	185.885022477024	209.269541708768	197.57342494108	212.877571007455	217.611879941339	222.205943414603	222.433964354285	244.912293574811	250.068364278986	275.066388703334	0	0	0	0	488.048559843402	433.870268606692	495.618818873677	566.002532466004	716.631191186422
546.71	0	0	0	0	0	0	0	0	0	0	0	0	0	187.377617283971	-8.87331019500956	5.17448342290615	2.25049325668172	27.5006146602711	6.58203864798725	24.7626063276288	20.0256456962179	23.5983935107392	17.881344224443	25.0956122009187	26.9384660277207	33.2281876183391	35.0241880039879	36.0455730565503	46.5468032262994	50.2377030623702	49.1756190104137	43.4905766060875	56.8907005183793	57.7968377628633	66.2285033626369	74.1062076104527	84.3871079016322	98.6274972430386	97.8016332363699	88.9419463319558	121.275535856837	122.286373072349	104.898106509826	111.725820505734	108.28369969585	131.771727841295	139.96432993589	134.991250813953	164.174089117915	145.084638597276	158.62877318569	172.530398089641	174.729674493811	176.016428270491	179.243939464984	177.209417746869	193.270254747889	195.402789971907	192.375445082735	198.964675401458	204.551839344691	239.224058493315	228.476302822082	242.84815198402	0	0	0	0	415.662227443902	357.074580119551	319.48009779537	420.629310802327	448.485710791769
550.042	0	0	0	0	0	0	0	0	0	0	0	0	374.072666499722	31.1246914932589	33.5979415520069	10.8367717604532	30.1658710918789	7.32274679427392	35.854204462411	27.5809730613936	18.9667110923098	22.9687570920686	30.0649537425066	34.7286784690609	28.7533843085056	21.6124763874637	39.690683145758	44.5218515194215	46.5093795211619	46.2239264724095	51.2078649097838	46.9598903338297	70.4168768983518	74.6026425562802	86.1227302959586	93.2627578344472	80.201633199991	96.4812255832957	117.076306874985	92.7488382265697	97.1349060691434	121.536013890993	134.872089373661	114.332231287075	127.564870570061	133.328692800187	144.417334901423	148.739129828328	163.444302471254	169.349584245056	170.086588796055	153.309828969662	157.585270787739	175.100683139127	181.412941464813	186.029372231402	184.669378061727	179.843280095178	191.194920421223	202.994752085102	207.301437277277	197.115311205388	212.535160697151	0	0	0	0	526.699394642368	407.191642610104	464.360458583086	511.187368017293	481.33985306096	453.197442548967
553.374	0	0	0	0	0	0	0	0	0	0	0	0	47.0019766620077	2.5822370666954	-1.4763999784591	25.330674009274	4.93287250218706	13.295396479338	2.46363037676014	-0.775524712246251	29.60643641578	23.8972630917722	20.8664300222524	11.1651997347351	13.1969954417465	21.0596053125296	21.3023744714192	31.0644595324481	35.7478383355821	44.0328298720161	34.9856619875137	50.8382943883158	54.7006769075502	60.3788585935973	60.4276643612172	56.8836731727155	69.4997124968025	74.6447890304519	80.0075644818613	88.3979895511071	92.2401589522946	94.669681228644	103.341804158456	95.6405540434542	116.558028094039	112.495574130457	116.778380025759	122.537540990576	138.128744337473	128.853354122173	125.344529055645	145.121964818064	134.681158825614	154.967990858275	145.131407391863	163.151171568606	151.544140142758	159.387417915044	172.027199833929	175.556481339493	173.866993386999	198.105095984256	193.441300284718	0	0	0	0	317.899103980834	312.274759515379	335.693798531786	286.162813297046	417.000144919651	277.069609955539
556.707	0	0	0	0	0	0	0	0	0	0	0	126.98036461778	-8.58303910423887	-10.2474833242554	6.83772667315523	6.04867411576353	10.2306069280702	24.6989267525801	36.2435478482505	22.1860853930279	15.434026846518	24.0726956524662	25.2141324311817	29.4505942262668	24.2098885523651	33.809535647295	34.7023170596426	34.0912655598966	42.8512581956401	45.85195939599	46.6438386137167	62.7097995345741	61.6554559569008	57.5373427256643	78.8999508341814	79.967597767637	83.9072817717454	97.7363822716995	78.7779461103249	98.6972571453273	93.7849870687977	98.6512640103679	107.947220739344	102.458918032665	115.728164916407	115.540110472977	117.960574203733	120.803647922514	124.681853321917	145.197478939365	151.009046459273	132.590329551387	138.85721479171	146.467100803063	159.569591294704	157.566402700616	155.740251916733	179.967572301944	168.123081581465	176.727073089853	188.193558936706	192.471952162588	212.097767838438	0	0	0	0	303.805560739692	396.437724933144	412.068195750971	257.32304115524	460.110120159599	296.247163780297
560.041	0	0	0	0	0	0	0	0	0	0	271.255393900203	17.3946425945783	-13.9526621211522	14.8460855851645	19.4995164933636	-10.2257370771948	-8.8848534704865	3.82364116115537	-0.809246127961553	24.1165276794424	18.7133098868703	13.0477305926164	12.5979768770018	19.9724415881444	14.3172125173227	22.6607345285612	28.3002751026026	35.5044128828318	40.0188946631042	45.0105633783845	39.8168796652552	42.0154339117607	48.3743951072459	58.0743932132228	63.464420212799	61.15555529974	69.218890632853	74.3153562319916	77.6873382729302	68.6448347818826	92.5610490254226	80.3041496045342	75.848491339792	99.7406792328954	89.6491278847336	105.363731571357	100.280690634893	106.859488337283	116.406763733256	132.36681566494	132.941212591645	115.178758357898	125.118475625036	130.153099082014	120.599712660146	151.175708286789	144.37136181839	157.065680806242	149.131266879602	176.145424137164	146.74326366143	177.641457540097	0	0	0	0	394.617983297905	311.278993082392	268.288872982978	227.900968555191	346.549436323543	433.927242233876	422.632982297121
563.375	0	0	0	0	0	0	0	0	0	0	55.1778263864248	-0.562784571184128	22.6031196085223	12.8315561927969	2.44744449333249	27.064580149552	8.022718378382	25.5985372638119	20.813446305029	30.4303852683946	15.8341008268736	22.05378114884	32.7809834427941	30.0583872473272	32.6777333240003	34.9982104230321	36.6291967363662	40.9959549224285	39.3339363569742	44.1757915028559	43.7038915269131	55.6907348990402	57.3729664138491	55.8689160075572	55.6748490783366	71.199424900401	84.0867574219578	79.3680689582006	80.5915793032306	90.0753467727121	99.8570710440205	87.0385910783485	104.178600683796	81.7136845662685	91.8410581487523	107.217718755756	100.625224409197	117.882333611867	122.328673130648	124.184860304016	127.509157863991	130.672848281034	131.255498812485	137.999744366128	140.154120036398	128.331341544421	148.588016934327	151.097815730568	152.336173375113	154.919450442189	162.115960087362	182.461564584042	0	0	0	0	288.736332714898	302.46769364815	294.105028031895	329.517389759269	366.757864945713	260.375097699736	265.024929273893
566.709	0	0	0	0	0	0	0	0	0	126.457406309136	-11.3235794396161	9.15421247872569	30.0683408828677	21.388795544904	25.8515391475204	1.41924907545488	11.7783930494064	0.868845523606336	16.9964028800572	11.0953961899523	16.8349061165679	28.3582404542638	19.252219042677	13.4809473930562	25.6531088358171	14.7235968377759	32.824038414974	30.2455727654127	34.9646302822508	35.7528371937378	40.3606831722722	44.3830975599702	48.4222929857943	57.3640035474062	68.2767583758574	61.4401752433181	57.9079634729319	63.8932651596058	84.2307987468493	70.3379805598005	75.7139944804811	82.9631584196282	74.6235486937684	98.0025291127956	99.033771700159	87.9183779208235	104.278150350115	117.712938699349	103.616918009096	121.777873369401	114.455769198876	112.396642263573	116.745748657539	134.067277520749	114.042345929438	125.874136947951	131.028882235858	136.027705210644	149.981431576857	146.827551240428	154.383485584976	165.440271210392	0	0	0	0	250.594343561649	253.909025734816	274.696045430324	309.489348400778	360.922336707141	392.530577472707	341.029316833506
570.044	0	0	0	0	0	0	0	0	248.287921274192	-12.6022986305245	-1.81837502307361	11.6201930239021	-12.2210407742332	22.792316469076	-9.59462117795172	5.78334181621431	15.6483267357007	23.3339351465145	12.2195707389347	15.7132657678236	35.3368729387202	23.4687684089471	23.9115407801192	22.9236854225334	21.9859751241556	26.9174933140201	22.5118862383988	29.0428255048143	35.0074286711039	40.9588615977198	35.9278588462216	47.4554705697885	49.1817086017575	55.8009278194027	65.1041267012322	50.1082839435717	70.7146205451326	60.8716520105008	69.1952701673847	73.6339425342634	74.25379461456	83.9023875272658	87.857156789567	78.5755965115449	94.1279751378517	83.5075067425803	91.3445270551563	94.5894468122964	109.44680067178	97.2169160003252	102.675132175383	123.23107478912	116.646399533832	114.669158019016	131.847844455597	130.302791278267	124.738910360896	138.164120521364	144.015140062091	130.191645879239	145.589932288168	0	0	0	0	366.229633801037	212.826896643272	238.427119178373	268.018486064278	279.750118961624	222.872948790901	239.506745230277	248.022907393919
573.38	0	0	0	0	0	0	0	0	28.3512885767835	1.89634971280748	-16.4736883778004	4.6771709479174	8.37261716274603	-8.53218663895375	14.2214818092606	-10.170262189241	19.4478753834582	0.441657890486602	12.7171609306433	20.6753064898066	4.58637747472201	7.51452501386507	30.9274810553475	21.9305041640245	21.6031636906705	24.3092372836278	27.7791305458297	29.0545139114392	37.6061318756468	26.3982541506223	38.5841388685044	40.0624195800379	50.4045682162814	48.3466195324044	47.3650589841684	52.8937792815408	64.6809454055569	77.4397447333327	56.9446136415418	69.3230377184429	79.6711294870021	77.3525018360083	66.8933985602682	75.6512586557936	70.3033022539275	72.679119975099	88.3187563203409	94.5783576716352	94.4383153106336	107.402019364903	108.253085399424	88.9427125456874	99.8368112739665	102.278145034583	118.907681028565	111.769535142702	124.86627207864	138.347199636437	133.73801726165	144.30664981259	142.727890664185	0	0	0	0	230.499726006885	226.998746300483	261.530696137947	238.902726151669	211.457239941719	251.927377393639	339.768918381427	121.231397942642
576.716	0	0	0	0	0	0	0	88.8951493051296	-26.2888596612636	-23.4147197645366	-11.570802771523	-24.5163868067396	-5.579400463945	-4.78644272285596	-30.4346689944713	-3.38182895054856	-19.8752972713629	6.18912015735566	-19.8778521069467	4.85687066503123	4.1966167441034	18.9311004633737	0.337603856352927	16.8465242995826	9.25360886485734	18.9556924542675	24.3195127425273	23.9471679561987	28.2025647662195	29.1875067218164	27.6098387479421	25.9654486542523	27.4445909181327	25.2466850010926	37.7742914753093	52.1892680457534	53.6040284794751	45.9377545610116	34.9332769424018	55.6604295899843	75.7336906044977	60.5151424896915	58.8191646770983	48.6913253809064	65.9627845570032	75.926907506628	69.9417832460396	68.4316421602823	83.4383987627345	80.0412343639048	87.7421078034095	97.6146561874843	103.616319432111	91.5889347307553	95.6240608105741	105.150706181505	98.1860107802275	97.7112935750927	107.023805394114	118.205950185222	104.523761274274	0	0	0	0	161.559344033183	143.673974211099	191.176169776099	184.419533322721	121.678087177992	160.441438172022	253.889621640689	205.251581571534
580.052	0	0	0	0	0	0	218.199585839325	21.6323341803313	31.3494224036073	27.0365415638616	24.2019614147114	13.3395080220716	7.21150191131483	15.3379227343174	20.6644410530296	9.60830565628669	12.851519412485	14.0611039801477	34.4691297151366	20.8956942804618	23.5159008268368	19.8758517117065	30.6578508453063	23.1465558767606	24.4900297030975	27.7844900994173	26.2813464631864	33.3439523014828	29.1995034211189	30.604842351546	37.0729713636312	38.9425415245613	46.9716459982979	47.3244996035894	53.6784285792489	53.3889558336571	65.7571874119029	69.7191022442475	62.5966971019725	77.857667869693	66.5497803730045	63.0873948633231	72.9048502666298	72.3333751664987	66.828195383708	71.1843764105005	83.4448826790514	96.7701750447135	85.2939187780531	97.9375504348013	84.8637234635949	111.96636000273	96.4816049413823	89.5760574906331	103.98503729942	101.109185066554	109.72538922807	115.805696330842	114.645013658288	120.298643654009	0	0	0	0	290.431798795661	201.576568652209	209.870366989927	239.021128869212	267.493532907041	238.310828976058	261.646560664643	177.820757686154	221.983102825479
583.389	0	0	0	0	0	0	37.4328856263899	43.522030625195	20.086032111001	12.4680461120215	7.79689315126958	16.1013573792517	34.6000067488833	13.1174161266789	17.9877036061548	2.86063073827514	14.5719614272212	10.4567727126908	19.5891770163638	25.5077385423918	39.8611410595945	31.320399729662	25.2002667500516	20.2030686209209	25.2978438309771	25.9545317189672	27.5294435535273	31.3996142060676	28.6199353023807	32.1501323395937	31.7373274040976	45.3955641436605	50.4767780023769	55.2097887702997	50.5087978534945	52.0226079277854	47.7149987826225	48.9371114669508	61.4008507426987	51.9469948846385	63.3606271754578	73.1559785340732	64.4346332714795	80.4151143544358	76.184487388927	76.9175144723136	82.1505791266773	74.1830664430507	83.6805118101409	89.4503413125675	80.1423755136936	84.665086734214	97.8963844447581	104.787483855011	84.4002200127074	99.6567407929677	97.9927103008758	99.5659847641096	120.540062754954	109.366921049437	0	0	0	0	228.998067110812	171.579878403693	184.501491772444	191.401203359784	241.007330601036	221.41256745368	314.031382865369	263.250315101574	422.210126494934
586.726	0	0	0	0	0	89.874109822259	5.51869955169431	-12.643527954816	1.27645288814892	-22.2785431636118	-17.8651687560585	0.570904669839845	-15.2730069419804	-3.64341522590859	-0.990888420769988	5.2067453740124	8.58802599626918	22.0691912304138	5.79251621793922	8.70590682473792	19.7905781510857	13.6286909406284	12.5063238428949	13.4636281093528	18.8427375677281	20.3454870290563	16.6939113038077	22.9313342488452	31.5739190057406	27.1603896467641	30.5727432846355	27.9811146910341	33.113807197451	35.3305593795906	43.558247282984	43.1998594990778	46.7473420329172	58.9223938464292	61.2919342331625	54.8070437704942	53.6101849261329	57.7574268333944	66.0334230390628	51.5750575891739	56.5796399556924	55.1060273976912	54.3834278505535	68.0993119942763	92.5234861913142	65.7365360082992	73.3239958483559	81.8477675727877	75.6844306498032	80.4032754060307	98.6704981780715	103.440540529061	86.8781129644447	114.669979148154	89.689458266387	101.571826079192	0	0	0	0	133.595472927455	172.449495899404	179.864482014426	158.864850016389	194.829014254099	191.627569388018	79.53759903116	190.826299886663	114.691117479209
590.063	0	0	0	0	224.460562454433	-20.0346083884215	-13.860525191684	4.00486974530469	6.46036887751397	-1.24441497903808	-14.9475620448693	-1.71881436106617	30.1167205618913	-4.17822702296118	29.8831057965378	-6.17081250032709	10.9006078144028	5.64509415636255	-1.24179927079195	13.5160742972927	8.99625252541957	7.71697087323303	14.413175901344	11.0438339866113	19.92204585927	18.6102141985031	30.1662195826957	19.2116211785513	25.5260673091134	27.070730019662	27.3573474558068	31.7337351804391	44.0281343749848	33.9450745442334	36.1833695138768	47.917345540065	44.3844991303594	49.089655473992	48.0928975097261	53.9417868354066	60.5467244438616	46.2993784550827	44.16957392028	56.127047998695	52.3334315551526	63.1411852060623	68.6844354010626	55.4665411458349	59.7550477326455	82.7173807025668	81.3136718061783	61.7695230760736	69.5920027548667	72.3458379048042	78.9631437649363	84.5852242126801	91.661026269347	98.2574885324585	92.4353578279152	0	0	0	0	237.762227697235	135.827811213234	133.266333588876	180.566297480381	181.697289351862	188.350057889007	116.384454754098	198.374531182455	181.042219935585	320.245226726213
593.4	0	0	0	0	50.0098786155241	-8.68726960877333	9.10842636598291	-11.4778475433476	8.48193328281629	-28.2767513813917	6.64015511084527	-12.1732071680706	8.31088182359467	-5.81797311195034	-16.1205062317629	15.8553330804886	2.75325208443725	8.78176246819762	-4.61800103824451	13.2530254902762	3.79008627693882	13.8321261582177	9.0064776033412	25.379051915452	15.5553844170909	13.7700679096027	20.1236719709061	22.7751093863181	23.6187293574253	26.3611164543966	23.8141291209962	22.0939346080239	21.8040501696245	23.8227846964364	20.1443785296005	25.1437102970387	38.7982737630893	35.7496376931413	39.7836554151298	38.1812421658974	55.1752832281185	41.6609588077548	39.5271412560396	43.6008721230702	43.2392996739123	62.0275876737906	59.3586367615498	50.1448674092443	64.010583898957	51.0085634426562	65.7779441055836	76.3021669380185	65.6204108862258	70.0440289154027	60.6948867767949	68.4976208732616	73.1183948260085	83.3031484041004	60.5822388696721	0	0	0	0	151.480348243008	107.339169875756	113.214834230966	123.136142299509	166.377533207684	166.03927282032	84.5621795279037	153.363984882008	79.6678310381087	105.541576873532
596.738	0	0	0	151.666825405766	31.2106366005275	25.7799260131172	7.1308241828681	29.5654929349302	28.5760630041619	43.4923172913055	28.3087700171583	42.481670358293	34.3938738781989	15.6066727364867	35.3740963713943	19.5553488750955	14.9520404393796	27.7216755928863	46.186093260271	15.9551598126476	15.0473682139199	17.3299420626627	31.5243793918441	21.8542639122388	33.9835963859588	31.764578670928	36.0069720282254	24.8874006863113	31.766297986398	29.4941509551306	33.0596946591271	47.911204864986	45.6271819246955	54.7496547228336	49.3311977857433	52.4428993812919	52.8643006751327	54.9228493732366	71.6352573383721	63.2914851179378	65.7798191511864	66.4322119620679	70.6792538682399	74.2446918848796	69.6254130157659	76.4480279937969	74.316320860479	86.6724805584935	71.8540359545204	81.8243850432588	83.0973136578818	79.390659846434	74.1785572149251	89.9696832174832	78.0123597192974	78.6956062818023	109.011411712522	104.179091086835	101.831510527189	0	0	0	0	130.302217719203	150.368753148241	162.63021003355	190.167382026818	177.686313288983	270.882209991235	256.215567277911	248.148362685776	248.358007764863	333.197900948943
600.076	0	0	204.29417592796	16.9004846978799	25.4552237761802	-2.237694085663	-0.00328398676343535	21.60630629789	-22.2449812416193	-3.24727020969529	1.2544887257531	-16.7678448609408	9.71395313724482	3.28344578450923	16.1245121721014	-5.95536715742062	6.16334047480779	4.07641394797732	21.2676605453153	9.95719949150508	31.3232291586447	18.6849894753687	16.6626399221021	10.9516222070639	10.2791430482174	15.1723804808304	24.071121129573	19.2025941671677	20.0437145728342	27.236564462866	28.5791124352786	32.3332949816225	23.7738071581085	29.0773412520177	37.1737855710381	35.7960291513913	22.5331257855137	32.1528437428651	42.5063214734073	43.5752055011823	50.7516960886531	47.2292137896419	54.6727403402964	51.6523841408472	47.9983054858233	43.0212875323938	59.4825558039634	51.4981242868432	68.2874112819198	56.0635124985336	48.8849769670195	64.2254518996696	69.8128270867057	68.5711584879932	73.7884430354025	79.2344741285524	78.1852681845885	70.850384927074	0	0	0	0	210.958901587753	130.225309288028	126.380723236171	113.370930725616	114.045101083066	148.674244201656	118.554570755973	174.489587929856	158.469468067851	200.051072278531	221.767972001149
603.415	0	0	42.4107374694156	30.1012708327741	-14.0363351253024	38.4408248365789	16.751083818793	23.9012405494134	39.4284409915396	31.4110919243524	19.5093274887346	7.24358913185357	-6.92577566019817	4.9541815873887	14.162503108642	20.0150368628081	21.98613516168	16.4685686901955	23.6299786224948	-0.396355897395573	11.050535261922	18.0991621249133	27.1018582197945	17.720369669845	23.6246856941576	22.7026276309081	19.1925999364403	25.2891043573458	34.7854441836484	21.1673942413064	25.3080393445476	36.6988747660337	36.9028163339859	35.4195550586826	44.7650580511802	45.990943865754	46.4101693343403	65.1904791215102	42.4929048243343	57.9403291729727	56.6758133322534	41.8541297394647	53.3277593705895	50.9956615034383	54.4367554424948	41.4732245027303	48.219530908037	60.5639018996686	61.6808018974338	59.6122791233321	60.6914131274194	55.9246440702158	71.2445754562456	62.6523221428938	79.2203361592796	75.1199628560514	78.8140276852024	90.2274727148212	0	0	0	0	177.106798652978	132.299255518609	116.59278556765	138.899814652922	171.576870064489	165.849396940475	213.597310597597	207.259314505214	141.347932118495	193.476885186173	136.415140766914
606.753	0	203.944744585651	32.9854790509248	17.1376537897855	49.9529221868948	6.04298944643462	23.3879327821225	1.40590846721343	4.08612033490979	15.087788742376	15.1459514487126	12.1044912690412	34.6879772799105	3.8675796085222	28.3948226032834	-7.51788097734673	26.3616023506009	12.83982381881	0.880709956742554	15.1085150700568	18.9955157796983	17.7754597673985	-0.628516338957755	24.1556994422051	13.3092482387964	17.9707924299412	22.7803173578582	22.7309482062549	30.2939933032949	32.7735923442314	29.389717061144	24.7140084415932	27.1931309701704	27.4379885168339	33.1032744900899	41.9455096280066	42.8446389818575	45.0644310073296	58.2180007161763	37.9667986966745	48.5343139878892	35.7955982427546	38.0373581880256	59.9447131622839	43.795065710723	58.0983449408114	57.9494795288777	47.7111681711362	56.8405805290292	67.5128938546894	69.280270680036	47.5080277798148	58.5277816660925	45.1248729806647	66.9957928009294	68.640583922409	79.355057819284	62.8814917755173	0	0	0	0	99.5853204103294	118.354577549034	127.132346395991	132.719306633877	104.62971974838	160.940499556137	119.81725200476	105.498981081208	252.468271899335	202.080557047068	262.139958972597
610.092	334.204503388954	25.8744268365541	-20.0224998932067	-18.7995409477027	-28.9786225909972	3.79000435966643	23.4364562847048	2.1007386044991	23.9374601989062	-8.55546044564304	32.2902976339582	11.5318634902456	1.73912122663652	14.3967387851798	-12.6604146687296	25.1557980098845	-6.72790476213976	31.7345093366789	13.6440918952248	13.052732974925	30.9565263583258	12.9965379403241	4.87140536436639	15.7676908602177	13.3475956514592	15.6201081867502	18.4103637303817	18.9385860990753	20.4915401464787	20.2278897915141	25.1901093549107	18.7273330890034	21.5649634919352	19.4409455481978	24.5896907378478	36.2858987136189	34.5831292658474	33.8928307073548	35.2461660229867	44.9301317030979	56.9843974204542	39.7682085539401	45.7053885647203	35.0423311716097	42.5730149168505	51.2564000089932	50.0363012991178	54.3646968309006	51.9929575481415	42.545239657586	51.3585732189863	65.3972896389777	49.9154838462079	67.7191386303575	52.9053209458605	55.4687735601744	56.7553222991284	0	0	0	0	143.621114623757	69.191630365873	90.5604029981429	90.6418424041917	106.913580032038	110.266655939906	106.892407513753	180.245842948248	153.15731628071	84.4480548175588	47.3758441816866	41.934242212429
613.431	75.1410094571386	27.784487286108	-11.3055783998716	37.5509442929397	7.82112660259002	-25.7296701999878	-20.5198464416655	35.9988001348668	-12.2812122927255	25.6253066508465	-17.0751157194172	-7.27513483764356	4.04376922703404	5.53388549803827	11.5845607648698	-4.01717131314251	17.286836153044	-1.84321459651003	29.8803313179806	15.5647410279911	18.6278783187487	2.59433150535513	27.2078563641281	12.5406222406632	11.9978214844632	11.7602272237972	13.0712085774388	13.4852335238838	14.2913995494321	20.2118246075531	17.6054726222589	33.2777124900659	22.4859462110917	27.1680596221084	32.5137704719285	21.8066599701856	29.1781120887786	23.5310835964703	55.1176004950045	41.8306585457542	43.4740912673924	45.8810596511806	45.6392721558272	49.4591553879708	44.542473024066	32.7455556430535	48.7319503168149	61.4395415754437	52.5515272219991	50.5584793745196	57.021904766938	41.3776952409032	43.4053357253861	58.4795041620281	54.6529250937466	60.1720207339461	65.7309188061511	0	0	0	0	97.0046738411463	80.7947958296808	83.8025282061594	122.507332997308	107.507548840242	117.229833915881	135.573615718362	183.839816312527	197.025082708855	148.135437573733	130.485110631727	224.480049390699
616.77	18.810120030695	36.5518416199486	9.68997326976011	-9.17653474259164	-2.40131409769343	16.9049755272233	25.2348080886838	17.8901882069415	19.4009143485876	-14.6727239814119	24.3672942423138	-1.23193617015594	9.98651412649703	-5.04167079045325	6.40998327689924	13.2635435080491	19.4841380974622	32.1513699073144	10.706374846785	14.9357936485993	33.7802827832645	31.9914682649548	13.8123506827239	6.51498962745672	13.5314899179223	20.2093911064381	18.4305247010921	18.1241780922299	18.6170414540039	28.39286310741	21.6928961316521	28.1849177904439	30.5271564008969	34.1188455075087	26.5322615692133	20.823370987774	36.0655307945296	30.4126847678491	33.5570205137016	41.6694241235557	52.9300052448016	51.2496170569913	47.4011318270853	31.2068840569232	43.8221430734646	40.6432738036891	43.7741947689921	48.4836399230402	49.5116931795112	44.3699017672801	41.6374686576345	41.6841195209703	46.7208525207409	55.4446497899765	60.0721790508022	74.9206983788218	52.403743141946	0	0	0	0	91.6801861115975	86.0920477239969	105.242639629739	88.1739233713866	108.338474716158	135.158935932509	136.466707775314	142.496876501246	134.393075583531	46.0457644079998	270.259882984797	142.862329627279
620.109	38.9341094720858	34.7101065377549	-14.1087787972052	25.5229169470754	12.6853888627558	36.8405463733192	5.50137029279475	22.0577414126463	37.4877303794418	26.2465415784217	39.4494586620825	9.08093997022935	18.077041864886	14.4938849253652	29.5832458382019	27.5923015053844	47.9331642513831	6.30485817726395	19.7401507261868	32.5304775197384	26.2213205575182	25.0055761119313	32.3255874103479	22.9200632912436	25.6071812060947	20.0677333774003	21.2902503175694	20.329690015188	22.2380586449131	18.3874079095204	29.8407659170759	20.9385496175502	40.7220343102422	38.7228825665369	43.3705956851712	57.6437711882969	61.0831318216993	50.7090381878678	39.0540233970401	65.0253613292939	61.6634022207023	52.4569702338855	61.9129725552843	50.6890825022179	55.5935244513818	57.5527157326672	45.3294672999343	57.7017837061793	60.5171034002074	78.2112585804953	68.9056252674552	42.7915943086381	60.3667322084535	64.5085449947172	80.3224007353196	60.0002016982233	0	0	0	0	176.906588421888	75.0149130602261	82.8149097002323	107.781831575961	99.4287347936177	126.9441383552	180.685513404973	165.267419957572	180.053313270074	175.126291786099	230.930021008089	138.357878122562	341.796795740525
