Sample - Blank	600	595	590	585	580	575	570	565	560	555	550	545	540	535	530	525	520	515	510	505	500	495	490	485	480	475	470	465	460	455	450	445	440	435	430	425	420	415	410	405	400	395	390	385	380	375	370	365	360	355	350	345	340	335	330	325	320	315	310	305	300	295	290	285	280	275	270	265	260	255	250	245	240
nm																																																																									
213.328	0	0	0	0	0	0	0	0	0	0	0	0	0	0	0	0	0	0	0	0	0	0	0	0	0	0	0	0	0	0	0	0	0	0	0	0	0	0	0	0	0	0	0	0	0	0	0	0	0	0	0	0	0	0	0	0	0	0	0	0	0	0	0	0	0	0	0	0	0	0	0	0	0
216.504	0	0	0	0	0	0	0	0	0	0	0	0	0	0	0	0	0	0	0	0	0	0	0	0	0	0	0	0	0	0	0	0	0	0	0	0	0	0	0	0	0	0	0	0	0	0	0	0	0	0	0	0	0	0	0	0	0	0	0	0	0	0	0	0	0	0	0	0	0	0	0	0	0
219.682	0	0	0	0	0	0	0	0	0	0	0	0	0	0	0	0	0	0	0	0	0	0	0	0	0	0	0	0	0	0	0	0	0	0	0	0	0	0	0	0	0	0	0	0	0	0	0	0	0	0	0	0	0	0	0	0	0	0	0	0	0	0	0	0	0	0	0	0	0	0	0	0	0
222.862	0	0	0	0	0	0	0	0	0	0	0	0	0	0	0	0	0	0	0	0	0	0	0	0	0	0	0	0	0	0	0	0	0	0	0	0	0	0	0	0	0	0	0	0	0	0	0	0	0	0	0	0	0	0	0	0	0	0	0	0	0	0	0	0	0	0	0	0	0	0	0	0	0
226.045	0	0	0	0	0	0	0	0	0	0	0	0	0	0	0	0	0	0	0	0	0	0	0	0	0	0	0	0	0	0	0	0	0	0	0	0	0	0	0	0	0	0	0	0	0	0	0	0	0	0	0	0	0	0	0	0	0	0	0	0	0	0	0	0	0	0	0	0	0	0	0	0	0
229.23	0	0	0	0	0	0	0	0	0	0	0	0	0	0	0	0	0	0	0	0	0	0	0	0	0	0	0	0	0	0	0	0	0	0	0	0	0	0	0	0	0	0	0	0	0	0	0	0	0	0	0	0	0	0	0	0	0	0	0	0	0	0	0	0	0	0	0	0	0	0	0	0	0
232.417	0	0	0	0	0	0	0	0	0	0	0	0	0	0	0	0	0	0	0	0	0	0	0	0	0	0	0	0	0	0	0	0	0	0	0	0	0	0	0	0	0	0	0	0	0	0	0	0	0	0	0	0	0	0	0	0	0	0	0	0	0	0	0	0	0	0	0	0	0	0	0	0	0
235.607	0	0	0	0	0	0	0	0	0	0	0	0	0	0	0	0	0	0	0	0	0	0	0	0	0	0	0	0	0	0	0	0	0	0	0	0	0	0	0	0	0	0	0	0	0	0	0	0	0	0	0	0	0	0	0	0	0	0	0	0	0	0	0	0	0	0	0	0	0	0	0	0	0
238.799	0	0	0	0	0	0	0	0	0	0	0	0	0	0	0	0	0	0	0	0	0	0	0	0	0	0	0	0	0	0	0	0	0	0	0	0	0	0	0	0	0	0	0	0	0	0	0	0	0	0	0	0	0	0	0	0	0	0	0	0	0	0	0	0	0	0	0	0	0	0	0	0	0
241.993	0	0	0	0	0	0	0	0	0	0	0	0	0	0	0	0	0	0	0	0	0	0	0	0	0	0	0	0	0	0	0	0	0	0	0	0	0	0	0	0	0	0	0	0	0	0	0	0	0	0	0	0	0	0	0	0	0	0	0	0	0	0	0	0	0	0	0	0	0	0	0	0	0
245.19	0	0	0	0	0	0	0	0	0	0	0	0	0	0	0	0	0	0	0	0	0	0	0	0	0	0	0	0	0	0	0	0	0	0	0	0	0	0	0	0	0	0	0	0	0	0	0	0	0	0	0	0	0	0	0	0	0	0	0	0	0	0	0	0	0	0	0	0	0	0	0	0	0
248.388	0	0	0	0	0	0	0	0	0	0	0	0	0	0	0	0	0	0	0	0	0	0	0	0	0	0	0	0	0	0	0	0	0	0	0	0	0	0	0	0	0	0	0	0	0	0	0	0	0	0	0	0	0	0	0	0	0	0	0	0	0	0	0	0	0	0	0	0	0	0	0	0	0
251.589	0	0	0	0	0	0	0	0	0	0	0	0	0	0	0	0	0	0	0	0	0	0	0	0	0	0	0	0	0	0	0	0	0	0	0	0	0	0	0	0	0	0	0	0	0	0	0	0	0	0	0	0	0	0	0	0	0	0	0	0	0	0	0	0	0	0	0	0	0	0	0	0	1024.25549284576
254.793	0	0	0	0	0	0	0	0	0	0	0	0	0	0	0	0	0	0	0	0	0	0	0	0	0	0	0	0	0	0	0	0	0	0	0	0	0	0	0	0	0	0	0	0	0	0	0	0	0	0	0	0	0	0	0	0	0	0	0	0	0	0	0	0	0	0	0	0	0	0	0	0	46.2791404277056
257.998	0	0	0	0	0	0	0	0	0	0	0	0	0	0	0	0	0	0	0	0	0	0	0	0	0	0	0	0	0	0	0	0	0	0	0	0	0	0	0	0	0	0	0	0	0	0	0	0	0	0	0	0	0	0	0	0	0	0	0	0	0	0	0	0	0	0	0	0	0	0	0	334.855448924565	-109.571997222547
261.205	0	0	0	0	0	0	0	0	0	0	0	0	0	0	0	0	0	0	0	0	0	0	0	0	0	0	0	0	0	0	0	0	0	0	0	0	0	0	0	0	0	0	0	0	0	0	0	0	0	0	0	0	0	0	0	0	0	0	0	0	0	0	0	0	0	0	0	0	0	0	3002.94511492682	102.766005139607	-62.3351379327384
264.415	0	0	0	0	0	0	0	0	0	0	0	0	0	0	0	0	0	0	0	0	0	0	0	0	0	0	0	0	0	0	0	0	0	0	0	0	0	0	0	0	0	0	0	0	0	0	0	0	0	0	0	0	0	0	0	0	0	0	0	0	0	0	0	0	0	0	0	0	0	0	165.899232753163	-108.009011294086	-497.501155379067
267.627	0	0	0	0	0	0	0	0	0	0	0	0	0	0	0	0	0	0	0	0	0	0	0	0	0	0	0	0	0	0	0	0	0	0	0	0	0	0	0	0	0	0	0	0	0	0	0	0	0	0	0	0	0	0	0	0	0	0	0	0	0	0	0	0	0	0	0	0	0	1125.80083571429	43.4644453253239	-102.202391014874	-294.986727789334
270.841	0	0	0	0	0	0	0	0	0	0	0	0	0	0	0	0	0	0	0	0	0	0	0	0	0	0	0	0	0	0	0	0	0	0	0	0	0	0	0	0	0	0	0	0	0	0	0	0	0	0	0	0	0	0	0	0	0	0	0	0	0	0	0	0	0	0	0	0	4575.70527060539	107.72034346204	112.572490170242	-167.896674550163	-173.088077846103
274.057	0	0	0	0	0	0	0	0	0	0	0	0	0	0	0	0	0	0	0	0	0	0	0	0	0	0	0	0	0	0	0	0	0	0	0	0	0	0	0	0	0	0	0	0	0	0	0	0	0	0	0	0	0	0	0	0	0	0	0	0	0	0	0	0	0	0	0	0	355.217669598053	43.5278326085328	-164.21235513088	-479.738828461853	-109.055758692371
277.275	0	0	0	0	0	0	0	0	0	0	0	0	0	0	0	0	0	0	0	0	0	0	0	0	0	0	0	0	0	0	0	0	0	0	0	0	0	0	0	0	0	0	0	0	0	0	0	0	0	0	0	0	0	0	0	0	0	0	0	0	0	0	0	0	0	0	0	1991.65232728609	116.082191736649	109.428096831217	-113.598823852097	-140.387617208819	166.670336078392
280.496	0	0	0	0	0	0	0	0	0	0	0	0	0	0	0	0	0	0	0	0	0	0	0	0	0	0	0	0	0	0	0	0	0	0	0	0	0	0	0	0	0	0	0	0	0	0	0	0	0	0	0	0	0	0	0	0	0	0	0	0	0	0	0	0	0	0	4833.91316630276	121.613842954074	79.4166599253692	-93.0244623973917	-173.944141584113	-58.9480928325854	62.272983982823
283.718	0	0	0	0	0	0	0	0	0	0	0	0	0	0	0	0	0	0	0	0	0	0	0	0	0	0	0	0	0	0	0	0	0	0	0	0	0	0	0	0	0	0	0	0	0	0	0	0	0	0	0	0	0	0	0	0	0	0	0	0	0	0	0	0	0	0	587.724314864219	178.449620507708	163.857839720774	42.93307849183	44.0103472635295	156.169969360282	299.068733086255
286.942	0	0	0	0	0	0	0	0	0	0	0	0	0	0	0	0	0	0	0	0	0	0	0	0	0	0	0	0	0	0	0	0	0	0	0	0	0	0	0	0	0	0	0	0	0	0	0	0	0	0	0	0	0	0	0	0	0	0	0	0	0	0	0	0	0	7393.15461665057	101.099541486229	64.5688036479374	-35.8495664166929	-117.169279010875	111.639776454303	41.0029406385324	98.0694801657082
290.169	0	0	0	0	0	0	0	0	0	0	0	0	0	0	0	0	0	0	0	0	0	0	0	0	0	0	0	0	0	0	0	0	0	0	0	0	0	0	0	0	0	0	0	0	0	0	0	0	0	0	0	0	0	0	0	0	0	0	0	0	0	0	0	0	17186.4567707877	481.361402285399	200.780186600757	217.818031361113	56.391323940746	132.106005491419	138.805901251671	96.8620008312565	155.116427144104
293.397	0	0	0	0	0	0	0	0	0	0	0	0	0	0	0	0	0	0	0	0	0	0	0	0	0	0	0	0	0	0	0	0	0	0	0	0	0	0	0	0	0	0	0	0	0	0	0	0	0	0	0	0	0	0	0	0	0	0	0	0	0	0	0	0	1634.55688688531	267.711046085298	223.083586749552	135.839589024696	105.277391761777	147.529732947853	206.459718544886	85.3158710963344	174.029075186505
296.628	0	0	0	0	0	0	0	0	0	0	0	0	0	0	0	0	0	0	0	0	0	0	0	0	0	0	0	0	0	0	0	0	0	0	0	0	0	0	0	0	0	0	0	0	0	0	0	0	0	0	0	0	0	0	0	0	0	0	0	0	0	0	0	2356.2966300527	336.767575654276	324.334839067363	337.268543046099	127.208996147948	115.330441454806	196.811831209968	136.545862088029	93.6540739689297	259.983025827758
299.86	0	0	0	0	0	0	0	0	0	0	0	0	0	0	0	0	0	0	0	0	0	0	0	0	0	0	0	0	0	0	0	0	0	0	0	0	0	0	0	0	0	0	0	0	0	0	0	0	0	0	0	0	0	0	0	0	0	0	0	0	0	0	0	340.991580812032	386.534182825024	410.010156212275	300.649621837017	188.680109965337	225.778948426806	258.068149318169	269.463860257548	327.629401885596	280.985249198555
303.095	0	0	0	0	0	0	0	0	0	0	0	0	0	0	0	0	0	0	0	0	0	0	0	0	0	0	0	0	0	0	0	0	0	0	0	0	0	0	0	0	0	0	0	0	0	0	0	0	0	0	0	0	0	0	0	0	0	0	0	0	0	0	767.621045854326	254.276740824032	377.279485710798	401.494112257954	299.467004339605	237.912351943443	232.212905170641	251.71362393474	218.534880141122	237.005509263565	231.521760604486
306.331	0	0	0	0	0	0	0	0	0	0	0	0	0	0	0	0	0	0	0	0	0	0	0	0	0	0	0	0	0	0	0	0	0	0	0	0	0	0	0	0	0	0	0	0	0	0	0	0	0	0	0	0	0	0	0	0	0	0	0	0	0	2078.25603879075	143.142250348532	293.065831990555	419.591578162292	393.977731443867	331.672780802638	358.627042488163	301.974351979972	255.573916359106	194.96901725313	253.259805670342	214.023843117707
309.569	0	0	0	0	0	0	0	0	0	0	0	0	0	0	0	0	0	0	0	0	0	0	0	0	0	0	0	0	0	0	0	0	0	0	0	0	0	0	0	0	0	0	0	0	0	0	0	0	0	0	0	0	0	0	0	0	0	0	0	0	0	260.634002437725	167.204405572898	301.22402040731	437.147887318578	395.963671201985	404.156812761337	396.055382764176	316.408903029786	258.300632037744	372.197944240261	225.24212945432	201.909580567631
312.81	0	0	0	0	0	0	0	0	0	0	0	0	0	0	0	0	0	0	0	0	0	0	0	0	0	0	0	0	0	0	0	0	0	0	0	0	0	0	0	0	0	0	0	0	0	0	0	0	0	0	0	0	0	0	0	0	0	0	0	0	1024.27224856117	100.893323424469	207.108783811867	352.352941634021	424.216149383602	443.592190720149	531.392175572823	412.571048256563	361.59047877765	353.371565732989	207.251780124199	302.051481421018	359.000898387995
316.052	0	0	0	0	0	0	0	0	0	0	0	0	0	0	0	0	0	0	0	0	0	0	0	0	0	0	0	0	0	0	0	0	0	0	0	0	0	0	0	0	0	0	0	0	0	0	0	0	0	0	0	0	0	0	0	0	0	0	0	2277.66341012369	134.080173468	123.645715331674	230.270018821659	363.589706444341	395.656863762106	494.577419505977	479.159173795353	371.42633888926	307.917419809162	288.050613913599	355.679553871633	394.017047868029	250.825398328669
319.296	0	0	0	0	0	0	0	0	0	0	0	0	0	0	0	0	0	0	0	0	0	0	0	0	0	0	0	0	0	0	0	0	0	0	0	0	0	0	0	0	0	0	0	0	0	0	0	0	0	0	0	0	0	0	0	0	0	0	0	350.966538297932	142.296258204095	218.354839880585	289.102871736303	395.99157245325	502.876775922465	538.411505824259	529.889110999553	460.684042815508	356.222458466719	357.876068012251	325.52822917798	402.316810321638	335.581199271812
322.542	0	0	0	0	0	0	0	0	0	0	0	0	0	0	0	0	0	0	0	0	0	0	0	0	0	0	0	0	0	0	0	0	0	0	0	0	0	0	0	0	0	0	0	0	0	0	0	0	0	0	0	0	0	0	0	0	0	0	1153.03377851384	160.831326823015	233.331876045144	318.709080899071	367.555983818385	504.160273245712	640.125609019919	644.374828198642	607.994797368751	598.398545558811	517.369222870342	466.446232006845	419.275057403249	534.861659107965	632.500279730947
325.79	0	0	0	0	0	0	0	0	0	0	0	0	0	0	0	0	0	0	0	0	0	0	0	0	0	0	0	0	0	0	0	0	0	0	0	0	0	0	0	0	0	0	0	0	0	0	0	0	0	0	0	0	0	0	0	0	0	2926.91869880722	202.312646805665	201.146359375759	238.689267196451	335.405311860456	384.395218513658	513.15592099173	578.899355228562	614.400288255944	609.314208213479	524.706154199172	411.627975658483	429.21182736916	464.581539832144	371.79748334045	567.859534885233
329.039	0	0	0	0	0	0	0	0	0	0	0	0	0	0	0	0	0	0	0	0	0	0	0	0	0	0	0	0	0	0	0	0	0	0	0	0	0	0	0	0	0	0	0	0	0	0	0	0	0	0	0	0	0	0	0	0	0	499.720667555377	173.681607806273	227.702911680214	306.516211221482	365.878629259833	456.991967905469	564.927031221835	676.614197523476	681.940832385529	644.381531871907	579.577930799341	552.69240195592	458.335034094708	436.099196196138	524.798032868311	697.039263910285
332.291	0	0	0	0	0	0	0	0	0	0	0	0	0	0	0	0	0	0	0	0	0	0	0	0	0	0	0	0	0	0	0	0	0	0	0	0	0	0	0	0	0	0	0	0	0	0	0	0	0	0	0	0	0	0	0	0	3007.48980534481	114.489315819817	169.870895552121	258.398356775218	334.15355020635	424.877389831601	472.792487084548	574.785434627981	632.339226655294	652.593632371097	609.453019866866	521.134029826422	410.289983635494	417.5872797726	358.235091698414	525.288914707018	389.384486108621
335.544	0	0	0	0	0	0	0	0	0	0	0	0	0	0	0	0	0	0	0	0	0	0	0	0	0	0	0	0	0	0	0	0	0	0	0	0	0	0	0	0	0	0	0	0	0	0	0	0	0	0	0	0	0	0	0	9917.65150814645	228.028849412746	110.657627909598	206.137065508037	297.217141708945	386.144332035474	435.016378488071	516.09254238891	637.775053318912	700.96285654157	691.788730907734	570.806361373844	602.212950972979	478.108624898567	458.350569468773	410.284390305636	418.488496198778	735.20473803947
338.799	0	0	0	0	0	0	0	0	0	0	0	0	0	0	0	0	0	0	0	0	0	0	0	0	0	0	0	0	0	0	0	0	0	0	0	0	0	0	0	0	0	0	0	0	0	0	0	0	0	0	0	0	0	0	0	1293.89256023518	110.170274147797	148.740547425245	291.725434710916	337.649524378966	416.531071416885	537.477656711573	617.72410484993	631.202873951066	707.091068989755	675.480089535203	669.048952293364	602.083571137882	548.018053844532	499.7535278961	540.270956812867	707.025180402795	741.290205652683
342.056	0	0	0	0	0	0	0	0	0	0	0	0	0	0	0	0	0	0	0	0	0	0	0	0	0	0	0	0	0	0	0	0	0	0	0	0	0	0	0	0	0	0	0	0	0	0	0	0	0	0	0	0	0	0	3421.39134784477	138.817119663651	126.438333279923	185.67162945999	286.366878063094	365.397364132869	449.210576059213	546.477699601801	620.248838233695	701.921060694894	691.697345698046	697.71339417268	706.142164008844	661.327143637246	601.939195481967	626.701098823548	546.854144626021	655.174010881232	903.718902948529
345.315	0	0	0	0	0	0	0	0	0	0	0	0	0	0	0	0	0	0	0	0	0	0	0	0	0	0	0	0	0	0	0	0	0	0	0	0	0	0	0	0	0	0	0	0	0	0	0	0	0	0	0	0	0	3969.23496013212	202.921553577024	117.271151795381	128.423173457873	183.944765677363	271.971230227221	344.216397200275	452.699149944413	539.614030238217	623.64472958866	673.29326140818	676.734665458554	645.985662408964	616.800017939525	572.275513233218	486.202825657538	438.459574955744	403.759723596386	640.86324515568	693.422809550771
348.575	0	0	0	0	0	0	0	0	0	0	0	0	0	0	0	0	0	0	0	0	0	0	0	0	0	0	0	0	0	0	0	0	0	0	0	0	0	0	0	0	0	0	0	0	0	0	0	0	0	0	0	0	0	544.583849621615	81.3286204958361	123.242458929827	125.507753526714	227.904740342277	311.186397149228	387.881104774214	506.678754606167	582.825641407203	649.904255629418	677.176880513923	674.402102412014	663.062114329879	597.261559639808	560.80218190991	486.943097514714	528.221098551087	685.297982368981	597.881402595313	582.954073741876
351.838	0	0	0	0	0	0	0	0	0	0	0	0	0	0	0	0	0	0	0	0	0	0	0	0	0	0	0	0	0	0	0	0	0	0	0	0	0	0	0	0	0	0	0	0	0	0	0	0	0	0	0	0	1195.26575548146	94.9704336615808	113.394300491015	131.551392463421	177.79420417124	263.813307234099	346.734717728274	428.397521561607	526.543824210013	598.381854812436	607.781418920452	721.639605228299	697.289914331485	651.174574777205	629.519404236895	614.636077061539	594.625582079544	603.699542257112	593.220183218178	803.287180437691	835.989034748036
355.101	0	0	0	0	0	0	0	0	0	0	0	0	0	0	0	0	0	0	0	0	0	0	0	0	0	0	0	0	0	0	0	0	0	0	0	0	0	0	0	0	0	0	0	0	0	0	0	0	0	0	0	2223.79037253277	122.197899971137	98.566674576384	138.941463948419	169.214281771632	195.800646019622	290.512517349265	395.89290893315	453.402372580489	560.560881479777	632.747083470262	652.484296097669	668.994386493407	700.520497262093	662.396104908189	630.387524807277	563.6327621731	549.055013280857	547.987062845946	435.443346371129	553.631600172462	785.20285463493
358.367	0	0	0	0	0	0	0	0	0	0	0	0	0	0	0	0	0	0	0	0	0	0	0	0	0	0	0	0	0	0	0	0	0	0	0	0	0	0	0	0	0	0	0	0	0	0	0	0	0	0	0	445.759762259446	62.0142672497607	105.821154638923	125.326866304689	176.291236252416	207.885726560788	308.981782949593	369.389289008472	493.690146274536	581.237667209469	590.453535668067	648.317299641873	661.550624737205	661.509344066472	641.471692319372	658.66168781991	617.665861586116	552.014730463121	646.592327519852	592.039788046376	644.546845709589	761.34940622376
361.634	0	0	0	0	0	0	0	0	0	0	0	0	0	0	0	0	0	0	0	0	0	0	0	0	0	0	0	0	0	0	0	0	0	0	0	0	0	0	0	0	0	0	0	0	0	0	0	0	0	0	1109.7948145349	58.474097649962	83.2937021128787	115.515830453377	161.980251413407	217.680602347503	275.701276644788	325.358952529009	429.143720397312	507.643106650876	593.6693722619	637.937453235658	677.89363153646	704.293565109314	659.164760853876	643.388290589796	601.80042239339	518.835844866015	641.643697284844	571.917387934363	546.141516158744	717.314774077473	762.014027675224
364.903	0	0	0	0	0	0	0	0	0	0	0	0	0	0	0	0	0	0	0	0	0	0	0	0	0	0	0	0	0	0	0	0	0	0	0	0	0	0	0	0	0	0	0	0	0	0	0	0	0	0	161.404689396886	82.4962295855635	98.8475386258473	147.703782491975	174.083595240616	239.513180742588	296.439754492456	361.347466817145	454.284661920505	545.82274977837	585.186235226994	643.820371242428	643.840148231229	689.840136417763	678.986949895455	589.110449736626	569.609550250974	543.264937247607	579.70948599622	589.269194419934	691.287785931708	677.245176072915	809.253881304038
368.174	0	0	0	0	0	0	0	0	0	0	0	0	0	0	0	0	0	0	0	0	0	0	0	0	0	0	0	0	0	0	0	0	0	0	0	0	0	0	0	0	0	0	0	0	0	0	0	0	0	453.930054195228	70.6539151707147	100.761549871615	134.948519973552	181.479388136867	256.182015787348	293.550110460936	343.72997857812	421.807481766975	516.763124394754	561.810644962566	622.724248971996	675.032782838135	673.151170710178	700.087938836897	671.031683784752	679.160025245839	653.4883493989	666.617692610297	723.981811387868	737.523669740025	879.227429498344	939.112292541869	1177.53040223015
371.446	0	0	0	0	0	0	0	0	0	0	0	0	0	0	0	0	0	0	0	0	0	0	0	0	0	0	0	0	0	0	0	0	0	0	0	0	0	0	0	0	0	0	0	0	0	0	0	0	1058.26249482441	63.3349053702185	61.9629744053356	102.081061310436	152.780031635633	190.307474100499	245.389441475286	299.497934188691	366.582468912	436.900710070425	533.932686964898	578.807301621189	648.245971476093	677.208012700175	659.337416896193	664.02050176795	632.81890564523	601.339082843556	624.873296239715	637.390139889563	576.678879306771	760.375738291896	722.601118195273	816.206405987045	954.049965549992
374.719	0	0	0	0	0	0	0	0	0	0	0	0	0	0	0	0	0	0	0	0	0	0	0	0	0	0	0	0	0	0	0	0	0	0	0	0	0	0	0	0	0	0	0	0	0	0	0	0	156.011727606232	52.8336746834637	101.079950000918	138.440979771889	184.927131011221	231.636656828986	307.93651662616	348.974901243328	433.873553041233	544.833559391523	585.897525706502	625.797942042685	673.531695818999	696.709009778494	697.707773371209	710.150792684328	705.11485418562	691.249199040621	721.264624109653	683.305268861336	697.392102320308	731.348850475956	793.350968569256	888.634285794154	1155.5555316516
377.995	0	0	0	0	0	0	0	0	0	0	0	0	0	0	0	0	0	0	0	0	0	0	0	0	0	0	0	0	0	0	0	0	0	0	0	0	0	0	0	0	0	0	0	0	0	0	0	446.963756281233	22.4971274381328	81.0478391637177	108.094343912908	131.038288516195	202.710900521898	270.649186917401	317.871489282467	375.131581487543	448.887274815181	507.132076956005	597.543477502396	639.804494614049	695.065444952138	711.670022358888	717.802743032385	719.662711820464	700.787734956194	654.653781292735	613.01467321442	624.04841081833	583.382876381366	669.021393544386	666.552878765005	939.128858731652	1039.58434191542
381.272	0	0	0	0	0	0	0	0	0	0	0	0	0	0	0	0	0	0	0	0	0	0	0	0	0	0	0	0	0	0	0	0	0	0	0	0	0	0	0	0	0	0	0	0	0	0	1159.23764062667	50.3338362419774	75.3823363109778	108.502119879608	147.294027159161	201.470157793861	241.440453539431	296.583102641744	360.977095593747	415.694330891324	490.252249167061	562.636820756026	638.397748362063	690.789935687727	721.901624757616	740.618095445078	719.050022385379	754.796774896955	691.793435197678	648.0641557154	707.0854699469	726.437655891057	718.677709735827	824.430721824977	971.801255469632	937.65009426908	1115.33132525826
384.55	0	0	0	0	0	0	0	0	0	0	0	0	0	0	0	0	0	0	0	0	0	0	0	0	0	0	0	0	0	0	0	0	0	0	0	0	0	0	0	0	0	0	0	0	0	0	147.7157583781	49.627575454889	94.1465194613896	119.203900878674	155.609907389748	212.899970175701	265.758597956574	327.139465086369	397.629732962384	470.057122472145	547.596243166727	610.271447277334	691.456674143683	711.317043920895	734.411316804274	782.553581999491	752.206148965147	713.84748490804	713.563067632889	682.119764087866	692.559742042329	711.708849956281	810.608360564736	771.915876928609	971.274943046454	1047.75068601642	1080.67451116862
387.83	0	0	0	0	0	0	0	0	0	0	0	0	0	0	0	0	0	0	0	0	0	0	0	0	0	0	0	0	0	0	0	0	0	0	0	0	0	0	0	0	0	0	0	0	0	638.976264398192	41.8836118298298	85.4956383937593	108.314051663808	151.18777111485	201.204503608704	260.25088558696	318.151663263959	354.741701394989	432.889900617449	516.659006794131	572.079404159106	656.416869447526	725.355509545186	781.500402052679	795.744695466587	783.407518268076	755.992380357905	764.880056084536	739.493807104436	698.970905198248	749.071761368114	731.970105151371	788.903142295672	1016.39619154462	985.845163372013	1342.83397892378	1404.67521200792
391.112	0	0	0	0	0	0	0	0	0	0	0	0	0	0	0	0	0	0	0	0	0	0	0	0	0	0	0	0	0	0	0	0	0	0	0	0	0	0	0	0	0	0	0	0	1702.74509367785	61.0547903943635	62.2942430190534	66.3164886980534	120.440266552481	163.070127604408	226.645457667307	272.799320416275	336.138604482348	403.965257764875	467.359982714818	530.767562068834	601.214790043942	674.090554704171	718.756269002766	763.229020643342	802.077436335207	774.234020367235	759.271979247006	776.91284134687	721.561788333157	781.595642666007	760.834142962812	812.289994921686	818.89288152147	909.818271165589	1042.23468220511	1151.85056085845	1224.99183649218
394.395	0	0	0	0	0	0	0	0	0	0	0	0	0	0	0	0	0	0	0	0	0	0	0	0	0	0	0	0	0	0	0	0	0	0	0	0	0	0	0	0	0	0	0	0	251.547070017294	58.3455581585635	62.9895218386962	109.216097395708	146.414121384777	194.250724250312	262.602558797397	286.933256692742	370.290481616314	428.616765827345	502.680131783801	573.029398201331	624.836090373852	698.25538541927	749.961401167347	821.653763263851	833.039404308427	812.579561871139	784.782278943847	769.852988851637	777.597447755479	719.617586559026	745.538277414691	800.329987063173	863.649843441297	975.765803307045	1137.4184806227	1303.58296677445	1213.50129773798
397.679	0	0	0	0	0	0	0	0	0	0	0	0	0	0	0	0	0	0	0	0	0	0	0	0	0	0	0	0	0	0	0	0	0	0	0	0	0	0	0	0	0	0	0	892.133612842774	40.1267354854772	64.2236059223658	90.7659767773226	124.057727556056	173.806516756907	227.275530666114	262.692399124403	345.050499021383	381.074620465784	462.858984777585	546.658361865637	561.693198370982	645.547198628952	715.065144607882	781.028060750165	804.637837211862	806.384637593479	812.991513748318	783.090567346949	785.579452939314	749.514005175008	754.819023584764	801.182279603354	810.473506867998	915.058937218727	958.458884104784	1177.76737716177	1253.44205851894	1359.81352730866
400.965	0	0	0	0	0	0	0	0	0	0	0	0	0	0	0	0	0	0	0	0	0	0	0	0	0	0	0	0	0	0	0	0	0	0	0	0	0	0	0	0	0	0	1717.3378698363	99.2116931179591	63.1499935984806	95.5568930182195	123.0596473386	176.417256987213	192.222686677616	278.757775966765	321.858082670916	381.306788183106	435.845150396769	507.252525334805	586.190400404861	647.953858680637	704.108420719946	756.787192753618	828.589186561914	838.40282592266	873.768874051103	866.727165657713	849.037824150175	842.279248662739	829.158121338729	780.981939018103	862.028457905401	924.6815602905	1074.78958111592	1165.43492808924	1355.28670715742	1433.19795221583	1576.18038810609
404.253	0	0	0	0	0	0	0	0	0	0	0	0	0	0	0	0	0	0	0	0	0	0	0	0	0	0	0	0	0	0	0	0	0	0	0	0	0	0	0	0	0	0	252.379935031849	46.3118165741333	71.6719561285344	88.7941540525208	113.939641243859	155.147168973173	226.13927869665	276.836528341219	327.99653523169	374.668201458191	454.445269059869	523.103060250427	582.386064042928	642.423080519661	711.472982747832	761.470721655973	810.222690883992	847.210641084324	843.872291742047	828.199629013389	833.292732679132	812.412963079059	789.774267270738	825.198969640806	828.220991455888	841.201545667713	953.364682657248	1124.86467159376	1193.39815827911	1328.4734297147	1590.27609279228
407.542	0	0	0	0	0	0	0	0	0	0	0	0	0	0	0	0	0	0	0	0	0	0	0	0	0	0	0	0	0	0	0	0	0	0	0	0	0	0	0	0	0	685.4684990459	44.2321449143792	52.5004330980983	71.8823020334326	102.810874923874	145.659627406241	176.712679235284	229.880830327711	289.324657074378	345.92813568617	391.614528330653	461.080797776097	512.122376555709	587.451583645934	640.061190645081	711.915028613125	753.748298630156	815.505351196655	847.836490645787	853.085857723558	843.116093062364	808.9053983064	812.675970411808	771.024638179056	773.702236382983	801.054389557738	860.305453391414	889.92202830071	1084.88997867283	1151.91394533071	1320.51566747937	1367.22482234891
410.832	0	0	0	0	0	0	0	0	0	0	0	0	0	0	0	0	0	0	0	0	0	0	0	0	0	0	0	0	0	0	0	0	0	0	0	0	0	0	0	0	1424.44113038077	65.8019026713124	40.9728793561439	75.8874579111224	71.9917031841269	117.871999439803	150.454806986552	213.426392801038	274.279248171806	322.441759747167	368.897030815606	449.318231292587	494.954674943489	540.774760977561	599.118580554755	679.182059015939	712.680930410879	773.13939308675	833.621515750865	848.048363676412	851.796021805831	843.848142178813	797.203511710606	795.214650780355	811.942637981954	767.624653559208	792.46366465591	838.904093217034	977.995128558791	1141.07144872609	1234.75332868763	1288.5543695471	1521.87220480109
414.124	0	0	0	0	0	0	0	0	0	0	0	0	0	0	0	0	0	0	0	0	0	0	0	0	0	0	0	0	0	0	0	0	0	0	0	0	0	0	0	0	236.936242372315	68.254943247846	66.1065587628692	82.900946644629	104.012863878068	149.743209008559	180.389334048663	231.458809389455	309.822476282105	352.903277925294	407.030496376687	453.849372789017	524.195183237876	571.277580753672	644.891631011401	680.553504725409	761.254424160955	801.607849406845	840.23216205044	828.784448889973	851.463354294053	834.837862161805	812.97895851059	823.60040898004	818.069833322798	842.796911658837	912.764643049438	974.507971747982	1122.33773810276	1166.05847141718	1415.15075226861	1567.60066702599	1669.456385988
417.417	0	0	0	0	0	0	0	0	0	0	0	0	0	0	0	0	0	0	0	0	0	0	0	0	0	0	0	0	0	0	0	0	0	0	0	0	0	0	0	754.250622255647	36.7409097193327	52.9269749561218	77.4189464569566	93.6788825336536	112.058895239491	165.388707207577	206.471542552958	267.634154825009	299.698488616006	386.426697484517	418.261315180017	474.72522547997	538.534428155504	571.283621263747	637.639912811493	686.302464193152	740.861046138894	816.455100321732	828.423251976419	858.755981162004	855.276168833311	833.336750462163	794.455856176205	812.628006063285	798.697440380326	781.885150563202	842.275354169032	973.8095194067	1062.88983899455	1252.89082073287	1328.63716281763	1492.47809672221	1477.87640414783
420.711	0	0	0	0	0	0	0	0	0	0	0	0	0	0	0	0	0	0	0	0	0	0	0	0	0	0	0	0	0	0	0	0	0	0	0	0	0	0	1212.2422227548	65.9702763784585	41.9571294987359	54.0019996914801	71.821567452971	106.554354766909	143.391465925989	141.46532628421	199.501470813023	248.319296194253	313.912118480147	363.072629574678	431.557535657314	468.074944942011	533.250919178349	571.40266207506	625.942550627599	683.834559084606	724.006856893116	757.659495161253	783.242416583196	820.029881446669	824.21483787947	808.7740707791	795.632765084902	789.9607610716	802.93577642744	824.918499075876	853.571594372173	941.602311234178	992.469818448312	1183.84002847309	1198.29993540222	1386.90644498287	1427.16191046635
424.007	0	0	0	0	0	0	0	0	0	0	0	0	0	0	0	0	0	0	0	0	0	0	0	0	0	0	0	0	0	0	0	0	0	0	0	0	0	0	195.140766134652	1.22640306758918	35.671269467647	39.6301854881113	76.6633234177379	97.9492438872875	135.035566349999	177.251543222926	208.646066156352	264.31846312945	331.687084629259	387.60809077596	446.570230072157	472.948884041958	535.163198673271	576.671692224274	624.210401990332	694.743068335479	718.207443795915	735.061597826441	792.52991521326	813.417489704071	817.684004223183	764.791433236673	775.652939181513	747.699161246556	781.748874198383	798.737229861273	771.190345937142	825.621382180751	993.187337612025	1101.00459251014	1150.23693975575	1258.27853864592	1252.56828782814
427.304	0	0	0	0	0	0	0	0	0	0	0	0	0	0	0	0	0	0	0	0	0	0	0	0	0	0	0	0	0	0	0	0	0	0	0	0	0	494.148594158664	29.7300447769054	41.2883390732966	40.8040065091997	72.8294363147958	88.4275739592798	124.736006092021	155.830884290425	202.603999071594	233.499933016694	308.98551809203	355.366452694251	406.287110582751	440.233111271026	519.509213763314	548.21723049556	586.184707303846	628.147703473266	657.466701222941	711.004071694943	754.14486996821	792.703096883444	794.780715248836	794.701246279139	797.181114077254	729.948306607374	753.993984205984	781.488154557468	773.746996434665	853.917820166821	967.478669066396	1109.96814776805	1198.33005392681	1349.32261858719	1394.21121586603	1512.8305799809
430.602	0	0	0	0	0	0	0	0	0	0	0	0	0	0	0	0	0	0	0	0	0	0	0	0	0	0	0	0	0	0	0	0	0	0	0	0	858.269486591214	67.2841133673189	46.0049494540173	56.6520872680559	80.1582952797558	118.260182549208	128.377892632957	134.978971182462	170.35639791504	220.420452729959	262.181344695257	318.638067344097	382.689563246397	432.995562313144	475.128391394292	504.133411825897	545.070687698022	608.473941597137	659.712508147888	697.697846775706	729.88066985716	778.702721782972	803.551176845093	793.710289142795	806.385298359817	795.394922304484	800.572511100342	782.332768344421	786.202943919551	827.489684211898	927.084987678099	994.202681530267	1117.82527601341	1226.17629988842	1319.50092173829	1587.40301493031	1654.37900449394
433.902	0	0	0	0	0	0	0	0	0	0	0	0	0	0	0	0	0	0	0	0	0	0	0	0	0	0	0	0	0	0	0	0	0	0	0	0	166.430433433011	46.9448254149606	43.5245168347973	47.4190205325105	83.1864484817066	111.946178040732	132.922520745223	163.955048413276	197.850541942119	223.003626287856	267.244218249306	341.475994373064	361.604238374281	447.48977252228	471.137611803057	520.531165147413	548.300730697904	602.049092523518	631.669985553499	686.929896428805	727.721272193048	738.101274669642	772.200897214712	785.413245655112	793.926156477026	769.211907434309	760.62567735712	751.416716627253	782.42942970589	820.853181296959	872.883850659265	1037.80662102167	1100.8353987611	1263.60148276463	1308.0253676206	1483.97259318476	1730.33698760123
437.202	0	0	0	0	0	0	0	0	0	0	0	0	0	0	0	0	0	0	0	0	0	0	0	0	0	0	0	0	0	0	0	0	0	0	0	420.907977767101	33.4458692615322	36.7175140038901	60.5849122959959	56.0824825757648	88.093961191681	124.794660856525	141.192966293489	164.464868249665	198.916925790681	222.881716963332	273.215034998183	331.298024014613	383.438297376782	431.60550103675	482.64674419459	503.03570252009	569.23366113382	591.12306478076	638.162933105742	679.203561243386	717.210840676824	748.739458555624	761.991028865875	762.893509524985	755.889892269686	742.042456409945	752.66575445142	769.04043643616	762.214127620786	804.220842479399	905.804350519604	924.682632282141	1120.36797463558	1184.9658456596	1227.27192070042	1576.40483461335	1443.17627272626
440.505	0	0	0	0	0	0	0	0	0	0	0	0	0	0	0	0	0	0	0	0	0	0	0	0	0	0	0	0	0	0	0	0	0	0	1076.52546167104	32.7795870178166	25.9117194688913	28.7860378365333	42.4968793683383	68.1158041114913	71.8649781832287	91.3707511357846	112.431015401415	163.102544473249	197.14686605366	228.082031380009	264.930254497868	335.606782364807	387.264109502442	436.462361309818	480.744144587794	514.101730292405	541.996052089687	586.13170733688	589.283486144118	654.4745684783	668.983757888304	708.881687973729	725.56966430107	749.409204759759	734.497389082423	722.072966565691	712.562684539628	669.52896349759	740.445474902416	752.147693533906	845.187492550094	895.270640217059	1031.43446294215	1096.56840895445	1228.62607662837	1232.14162891534	1384.56751117007
443.808	0	0	0	0	0	0	0	0	0	0	0	0	0	0	0	0	0	0	0	0	0	0	0	0	0	0	0	0	0	0	0	0	0	0	179.179487467099	41.3603546176371	29.6098717961899	45.4260089627432	68.4924036551568	82.4668368267952	98.5303518493206	142.031042352278	168.355392761697	186.772989324317	222.103283412482	255.530984174426	291.215451387716	351.81383491332	417.044016135868	447.844808638755	483.082835851393	507.105860743541	567.26597851115	590.3461980555	629.054540051263	654.024193832355	670.060111882591	698.056065253617	727.771558114602	713.149604497577	716.876316173131	700.325675540973	689.731626907486	726.395898726988	732.050475070918	776.836290905357	860.291704300855	955.071282462302	1039.99239317517	1162.24959107845	1245.21959640244	1390.76750568024	1638.44095631686
447.112	0	0	0	0	0	0	0	0	0	0	0	0	0	0	0	0	0	0	0	0	0	0	0	0	0	0	0	0	0	0	0	0	0	409.716597972991	28.488003841945	24.5746318092252	35.5916627108727	59.9072771762508	72.7402895891469	75.696015179222	110.430091706013	150.935644035623	152.243802672882	207.515479383655	215.355717124766	264.723105386678	306.788170381231	352.756237125603	393.102817989439	457.039856103435	472.289547802304	508.422063159361	535.394445685024	582.730266508734	609.951565811171	633.731504355717	667.365292213014	689.720711219913	726.939606376695	704.20726308824	710.103730649919	692.470752259588	696.919705719075	687.844092559866	728.096004469372	788.081237246801	866.130447959288	967.01838592179	1112.96291515343	1152.75138035321	1215.31768908197	1304.40621148206	1370.79937725956
450.418	0	0	0	0	0	0	0	0	0	0	0	0	0	0	0	0	0	0	0	0	0	0	0	0	0	0	0	0	0	0	0	0	731.835405797778	41.9770710248433	20.4091195634735	44.1989048072702	45.5786729090242	59.1787417405929	77.0446463391048	95.5162512447264	109.478447901322	155.844263421523	167.185241627668	208.053685716152	253.409036103454	258.12291815024	297.048032394844	337.938064810796	403.239063465453	465.677760600459	481.22040269166	511.442506934427	534.041232927092	569.938759690323	603.474254685124	625.760700569365	652.446728213652	666.749442967689	687.911717012094	691.339313524733	685.584278111196	666.795969069169	683.226680873867	690.955226995703	716.371672491543	736.174441969776	863.415143481805	940.815055644233	1079.69289859676	1192.35713274377	1182.68679141914	1315.27448995594	1383.59307098188
453.725	0	0	0	0	0	0	0	0	0	0	0	0	0	0	0	0	0	0	0	0	0	0	0	0	0	0	0	0	0	0	0	0	133.581017602195	15.5543084964733	23.0478551608306	33.3953706539168	43.3515485435009	60.3571005519088	73.1278430834767	97.1172831251366	113.751831191343	148.148271361695	182.454495577412	212.514709851969	237.455873153645	265.720229650436	305.977097016271	349.587327439119	395.267768000269	427.694464168935	471.790884234912	479.997425634859	513.998655857878	548.097226530962	562.710289349345	600.916838394681	631.852097283034	626.727142361874	639.222270560233	667.550735067847	647.36029674779	642.226819566886	644.968767099964	666.862894302681	684.493201076231	756.807863497776	799.702820208276	865.904600710167	1003.92383860927	1043.61534414156	1193.06956350297	1355.13632554028	1221.91365274713
457.033	0	0	0	0	0	0	0	0	0	0	0	0	0	0	0	0	0	0	0	0	0	0	0	0	0	0	0	0	0	0	0	299.265224304519	7.31727878295329	13.6643777040768	13.4879252564988	43.1984898646677	40.6653526147016	63.0020403017523	80.1432356940396	89.1791287926033	118.429053375451	137.741972335485	166.746863373337	205.592257845056	230.032976034267	266.921097968263	297.456436852697	345.166980847866	405.461274632347	429.959610398855	455.555182322251	470.598734090895	505.982524778792	539.090432626908	547.302809439231	575.538552771504	573.894304131792	589.449277115867	614.338016344444	637.565475424488	637.530170252891	627.102894704747	626.023815361311	633.744750425713	684.012148103664	623.399376217311	759.297970736593	875.091330592737	985.522754603525	994.118026218535	1130.97061260951	1234.70045591204	1070.3594629844
460.342	0	0	0	0	0	0	0	0	0	0	0	0	0	0	0	0	0	0	0	0	0	0	0	0	0	0	0	0	0	0	560.953600855333	43.9315979171012	18.4930483640184	44.4706661710919	39.6183167939821	54.9105420222031	70.9014911303243	85.1646769652446	107.239763210698	117.826510715718	156.716040139143	189.710894835155	198.853246762784	225.315515374939	248.396416482828	275.695930757748	326.027722873276	365.084118819323	393.17639293329	428.592746803003	451.409873262606	487.319486310389	506.345183154236	514.952939927067	556.855203879071	551.086716286821	579.488221513393	622.82107902984	623.511338065803	598.792279251738	606.84327913044	601.958910612408	620.142544565392	642.703046048413	697.845680797575	733.815659565004	821.941455321019	938.374267347855	994.321240247693	1056.00992576979	1294.95934949897	1214.24934183404	0
463.652	0	0	0	0	0	0	0	0	0	0	0	0	0	0	0	0	0	0	0	0	0	0	0	0	0	0	0	0	0	0	86.4905183648638	18.2501563775785	9.01088979811623	45.9292620240648	48.9361781701977	55.3297353236812	59.776142668978	93.8818135357597	94.816617371114	127.607256620778	138.057061867216	163.100838924271	189.229386512028	218.979643711428	243.607954913014	274.142156920875	312.801458696037	348.289098310513	373.03863541694	425.359671916216	436.509114753768	461.391650168334	486.536523146401	519.047668700842	515.549763378746	551.292402882035	582.903615895637	572.051693263939	584.643643321443	566.196345583345	602.90949874789	591.490462789375	597.861548595654	605.435850240592	637.272712791701	689.336845467912	789.329896556015	871.272262708228	972.127938923777	1019.66796446124	1125.88587672617	1229.53450569136	0
466.964	0	0	0	0	0	0	0	0	0	0	0	0	0	0	0	0	0	0	0	0	0	0	0	0	0	0	0	0	0	227.882276711944	22.8937716388152	22.1943485177937	37.7808809025365	26.3479573444741	40.6622063812055	62.283145826456	67.9843372397245	95.0549562771095	108.549964124988	125.998244738008	155.600081821218	179.566398673974	201.530220889139	223.721442900825	251.294190643475	267.480148798135	297.968305389813	337.485267695803	386.310377395594	425.720292584506	420.761564614467	459.777681605187	492.892353762127	486.87310595659	499.214720300984	514.609488194435	550.584504032128	563.651361482273	568.536177882166	573.080951741257	559.049308540745	579.284801411592	578.685863914576	588.274177958746	633.096253434183	716.498777522269	778.01239963898	858.447140621826	937.150396564357	997.563559728549	1018.26982806206	1058.8740371746	0
470.276	0	0	0	0	0	0	0	0	0	0	0	0	0	0	0	0	0	0	0	0	0	0	0	0	0	0	0	0	494.899375295869	25.2826668173644	17.5423743553059	16.6218199951777	30.9511017147635	42.3410191433528	48.0015240418167	60.8320609217382	83.5915370357217	95.696889550928	111.543766391654	121.66906517989	152.72589974564	189.097611268351	193.688353173348	223.671595808236	244.004920505583	262.410480569169	307.424400083699	337.339139642147	377.883446732138	399.65051096424	430.459401439696	421.00830601175	457.366619198809	492.66960851253	486.791543763777	490.106363551529	511.970965310936	532.486975564927	559.043167079793	536.333322818807	562.7399255824	547.460791613358	582.73214283897	588.669102460245	634.695821159597	666.087923036958	744.566300892041	812.001947358712	944.134778673053	998.824787732399	1041.52634744287	0	0
473.59	0	0	0	0	0	0	0	0	0	0	0	0	0	0	0	0	0	0	0	0	0	0	0	0	0	0	0	0	76.5155270946152	28.1259696434579	15.3929069094231	29.0741742238149	44.6851838259646	50.6120540206894	56.7310546367434	76.4273378871647	90.8130535164085	115.765168527109	129.70236474853	148.217458522684	175.76966444537	177.483325767718	212.514169138387	242.326898858232	249.564774387121	273.761612567339	302.496750949772	343.270394270621	371.567224677978	395.91079352735	410.461382364764	443.644827567431	443.806455301579	459.971174092607	478.887187320067	481.588744327312	497.754242607401	512.080628228963	537.951292220227	535.123833291984	549.519114554958	559.700461144648	537.051331543436	568.951701331421	629.500180521576	625.717362956732	716.864562628607	807.705492397777	925.983004519125	1022.18647071901	1146.90941760003	0	0
476.904	0	0	0	0	0	0	0	0	0	0	0	0	0	0	0	0	0	0	0	0	0	0	0	0	0	0	0	203.686941489706	16.3295533253842	13.6092589012778	24.3639569204387	30.9519116036631	40.3513416247361	55.1091993114236	68.1886814658605	66.8489000529433	94.984309425248	105.025392723267	123.126428119527	134.49224500865	160.986984288292	209.336931419651	205.428792873674	222.520972565283	244.849905702215	266.460072457947	291.181744504426	327.746335009389	359.533435563056	382.09599389681	396.365141676077	414.352723647354	419.331543129324	442.041451333971	471.368243636874	465.57687138505	482.19016371573	491.970925449103	511.440212831961	497.922045133302	524.690843840236	525.077841341975	534.276228533917	544.285246918408	581.691049795317	648.637080725066	689.382230802477	832.056863696175	915.317962817717	916.680258246498	1035.02684234729	0	0
480.22	0	0	0	0	0	0	0	0	0	0	0	0	0	0	0	0	0	0	0	0	0	0	0	0	0	0	395.259769408425	16.3946897663539	8.6051037649287	20.8688419481073	13.1439111972665	34.310211084065	32.8549457069412	53.6172951930064	48.2233118238842	82.0747345486997	87.0638936154732	107.104275714659	120.477947995879	140.71102860244	145.559347138198	177.000750717169	200.630813024513	224.831795124934	239.42791837214	259.409896146693	282.123388353681	314.224748073725	334.814884040088	361.439366061599	397.446762146909	394.928438912177	406.730907245516	415.123899422274	424.067008430605	456.204974569337	461.335387325278	480.483146607041	484.303409739346	467.029157101463	498.432965486637	493.96708235347	505.551980238598	514.919992517703	546.883160984945	613.627925783249	705.047492693343	742.160053004681	809.423903179121	931.717651359017	0	0	0
483.536	0	0	0	0	0	0	0	0	0	0	0	0	0	0	0	0	0	0	0	0	0	0	0	0	0	0	61.8602263778831	15.8453592821527	30.5132290688335	22.5408298424453	41.0869398285235	48.7170392362586	53.5179331394561	44.9767997015739	74.0733630185246	75.4312362072178	94.9916624949004	102.637859970106	149.083262698905	160.138738806042	155.526011068204	196.542407198408	211.76146206252	217.32239211134	249.542728815522	253.257288193783	282.890614947245	314.316957474552	344.835603066229	364.946601890485	382.750746083384	379.210774747371	410.428507606387	404.959949121729	409.961679117743	438.838746176719	451.922237945012	469.044234538877	463.037680510208	457.323070860458	470.309242357993	472.342254121274	500.966870266914	527.321230822093	556.692002876275	609.113742562198	674.678399623997	742.494998048046	804.664631593719	857.20628493559	0	0	0
486.853	0	0	0	0	0	0	0	0	0	0	0	0	0	0	0	0	0	0	0	0	0	0	0	0	0	164.04345034028	12.4434455256784	14.3771425742539	16.4734818043891	23.6879911958805	22.4831015303347	30.6712790505589	47.3372733745736	66.0880140128476	70.487932125233	92.8133628218646	103.566360762345	123.939854956016	123.700179276237	149.065530797053	159.405458306152	179.291384216171	199.284943753153	221.048212270583	232.812491549405	253.341051341467	274.327600934335	294.31261766108	325.489257277513	340.598782181995	364.910545722783	369.08059645859	383.044565664536	395.070242922807	409.873547457037	405.54989358166	425.288391417315	414.348897051612	454.967250941214	453.488780633947	459.82548213436	452.053954674633	480.13550927119	474.046802079724	536.765777899232	585.800670714922	617.583672152325	695.600190450956	834.551730607649	799.82827990201	0	0	0
490.172	0	0	0	0	0	0	0	0	0	0	0	0	0	0	0	0	0	0	0	0	0	0	0	0	436.814685126245	12.2257540067835	9.82097125558986	27.7374470690857	25.8666335775442	38.9919794404653	41.2081523878451	43.0157080739131	51.0481204618568	75.0086579925669	81.9770039696818	93.1898152356512	100.881923745357	114.250025232688	151.207056640891	163.773588291645	153.823872743706	196.092101816403	197.760977934527	218.023041971335	233.126292998251	248.170079412319	269.10763795366	302.967821446372	330.863185890735	346.856210366266	353.809440323896	372.760667448663	376.996163734894	385.171294154992	405.629372383196	401.304076701872	419.870439193715	434.513426987789	450.773147198615	444.959051622783	441.798266370594	457.348018185874	458.683160240188	491.606223591533	508.1872172146	541.041983643391	661.200040027664	712.255281494659	798.939435704813	0	0	0	0
493.491	0	0	0	0	0	0	0	0	0	0	0	0	0	0	0	0	0	0	0	0	0	0	0	0	57.1341737924736	7.76725188228572	10.8496906779513	21.703179634003	24.3512982202495	21.4176067603671	39.7620301540797	49.0525336745337	51.8482919927704	65.0553366291881	85.092191350336	90.3796284106518	97.6269094207764	126.912801872584	132.218284919809	134.246157860959	164.922704128033	201.502634532149	193.459337900534	219.32937003579	228.388458656115	239.553893809169	264.944602776653	289.892503519869	315.889796576323	323.08486299049	335.711344693632	342.157342481033	346.059243484267	379.379770770101	378.846290581621	376.796979127982	390.751868772423	419.223549252658	421.2984050012	423.574787608132	423.43000111973	430.191246046153	451.262081052628	468.595975010297	525.838737385585	574.513570467497	603.519617485548	740.787897615053	828.364188350109	0	0	0	0
496.811	0	0	0	0	0	0	0	0	0	0	0	0	0	0	0	0	0	0	0	0	0	0	0	293.766059705703	8.125774853178	9.32004601422783	14.7331407710756	12.7904788079967	22.8803771985703	33.8641127939683	39.2925768538509	41.4192743632982	37.489220694678	65.9430227198106	78.0154325878028	92.725930283775	85.5312603415234	128.387044073801	121.677451986713	132.134452696763	165.26946677584	173.656215631683	181.450489726726	194.205809715749	217.114839691386	212.74213964125	253.149833025425	267.77543636854	288.950631151047	306.692409468564	311.128671957174	332.276294401476	352.792655265139	330.966781885068	338.366074592972	370.867330505661	366.85556543595	384.546799806152	387.789391792791	392.832053030865	381.509429828813	416.747379248576	433.699977270995	450.118242252288	478.930864813047	526.051799953331	575.53754395462	666.722395784916	761.04199761123	0	0	0	0
500.132	0	0	0	0	0	0	0	0	0	0	0	0	0	0	0	0	0	0	0	0	0	0	595.208859372149	31.5661421269548	5.91061117367314	10.6538015186203	21.4885385170673	22.027363002994	33.0267976923449	34.068932436247	50.4528422672494	52.8636561346175	61.5188809124565	62.6507861516296	75.9632209102427	87.9718963816567	109.415236353337	115.907569975663	132.554072058226	142.727553596783	168.2283218084	171.190646598206	189.140691340566	211.827891043573	218.734028042905	222.203136559938	237.390524537058	281.021516602052	279.752659944963	290.383658759237	314.810400203519	322.511095408054	335.522147796287	337.318740058965	356.695612990759	347.677746207343	367.85960352125	370.043503438927	386.192290686517	380.492880573536	380.504053101912	390.78911815088	413.359102384804	439.331907536404	488.486516037558	549.67922183816	568.262373913939	599.730502205735	0	0	0	0	874.375345506173
503.454	0	0	0	0	0	0	0	0	0	0	0	0	0	0	0	0	0	0	0	0	0	0	85.1640562826905	12.779655129852	17.2738385090006	10.5219249296294	19.6096814333218	20.1570472784662	25.5074924872487	36.915061772045	33.9814849136646	40.6663755681752	56.1359062006501	73.9903835263517	87.2485097599167	110.019540047994	102.24846454395	131.315289880676	142.935806962352	138.516240755414	156.401147123427	168.737745436583	170.698900560588	199.584690128619	194.113236834999	218.889434661996	231.897473485977	267.933408873134	271.44865273501	284.268996718605	304.883259414801	303.44919131322	313.175740518283	324.514296922276	318.413526329556	325.907550545773	334.588460678141	348.824834043591	390.363811196881	376.819912373505	392.572494448865	386.311722068492	392.531440303158	409.611974620542	453.847788156962	485.163282267716	570.174102769921	608.9450298843	0	0	0	0	602.622582324255
506.777	0	0	0	0	0	0	0	0	0	0	0	0	0	0	0	0	0	0	0	0	0	281.205799926373	14.876527822524	8.93907018211402	10.7968434520682	19.2429381458199	19.3290559605678	33.9239176985208	36.4779509483837	40.9664011858601	50.0582519574254	57.1973553870899	58.2191722116303	78.1914025820175	98.383070395684	93.4665765699673	106.588570460626	130.679887093465	142.587593616096	151.072098484648	146.782912589315	191.444513276521	181.018225664053	193.355022858092	212.467236311952	227.075738307325	237.693896251922	246.665257181288	271.684412008249	273.386205699986	277.615187508731	309.136503525919	302.831472583153	310.765447040124	325.851360779114	316.885371330838	339.064335302486	336.818796386488	341.99091701168	344.118814439017	360.127590110899	370.229256724932	401.435936222639	407.261422753919	439.482548467922	487.695538251635	554.387399261235	601.565008894536	0	0	0	0	964.179512490389
510.101	0	0	0	0	0	0	0	0	0	0	0	0	0	0	0	0	0	0	0	0	759.511016130308	11.5631868027999	3.74789138281214	9.61388115304368	11.1557056568862	18.3923415976376	19.5237555615539	21.3820614699198	31.9709222709443	32.2685476433149	41.6750652113844	45.5547795227583	40.9293911864992	72.7496973262979	79.1548895775326	91.9094387881835	95.8762263305342	113.756544692133	119.17425031623	124.285763161747	159.996210342076	160.506346834322	166.223784916094	191.271740705726	179.157583470381	192.857267069023	208.262974593671	232.670880873356	226.362404493689	254.671193546973	259.033239620155	261.568611174151	276.567334489106	284.484231502144	286.021319631685	294.702832029809	298.389455416845	318.464460949583	321.519163691373	317.788830256618	348.926765920696	331.156490660448	362.483974847334	376.404095917332	403.037065456023	439.048279147483	536.516105085704	0	0	0	0	729.105025973176	483.402362832868
513.425	0	0	0	0	0	0	0	0	0	0	0	0	0	0	0	0	0	0	0	0	130.161362215264	23.4710272682137	16.7398194432047	24.954097852727	21.3691340160856	23.3190638547004	27.0298578753105	35.2862730469419	35.4595773949401	48.2260727046918	50.6568456861092	68.6021211324987	66.6442751143842	64.4116748995067	74.9155855221344	106.806625150557	105.168651053597	135.355978014241	133.479445371347	148.771539187611	159.343385705069	161.584500106369	169.168585004527	177.814132563784	194.571361998007	191.49641971202	216.920257534191	222.514456848088	238.43363572723	250.881204202266	267.177403353867	266.140524393987	283.188037787677	276.935974848041	276.914243175042	292.531328781274	289.528795633224	307.970726016291	313.235622027493	316.229947745565	329.548625867257	342.704703775873	342.47569326985	403.426686569356	451.55129017119	481.298395276671	492.3636616955	0	0	0	0	662.614733563469	752.437175491221
516.751	0	0	0	0	0	0	0	0	0	0	0	0	0	0	0	0	0	0	0	557.088647349669	3.58303340248828	6.36017618191556	-2.63016821752306	12.9051954710979	3.84872748425919	17.1232010147907	25.9877419777168	27.0498701392885	39.1073068929052	41.632533927495	52.005854368973	61.5609598153296	59.2202872123246	72.5391516787534	84.8227511370628	88.5616671335813	116.843417688877	113.554410344044	109.857716322811	128.363761243807	142.866680774744	160.236891703739	154.477722292602	164.550383555497	163.263715797622	189.998017532259	191.69798424517	200.520051914886	221.227951513504	232.051246427456	250.821676801505	237.635270924191	257.003204152128	262.958965882837	261.601810551754	272.779961192452	271.876965943329	283.527662703293	289.902061702072	290.405206772043	310.617569214999	309.790289993157	337.18389850336	339.459917966856	370.336772109166	433.151313613845	480.392755169798	0	0	0	0	616.535577030617	455.879133308827
520.077	0	0	0	0	0	0	0	0	0	0	0	0	0	0	0	0	0	0	1074.92498026926	46.6532277174406	7.64595733561847	13.267908776471	9.21090706224305	12.3133380176014	31.5290568614292	14.7559510315136	30.2586696519944	36.4824979906146	35.5303393319123	50.0326573463975	38.5169853752109	54.9788421203502	73.2476412349707	72.2043861840069	90.8618717325738	96.4518460838924	97.186890308274	118.018217954302	139.359338329639	141.277656112073	125.195321850452	141.555933949928	156.293660993449	178.522478921142	170.21545278916	187.193486770751	195.628273033855	209.99301233393	234.81758962069	229.212600549274	240.161905360946	240.086354273615	250.634167889201	274.49151086741	247.956307350847	259.322180177233	261.469135113997	267.520564630228	290.894446455382	287.184676392066	298.037722358148	310.197501906116	319.40215927897	342.560570989289	395.094341212327	370.712321380408	0	0	0	0	669.618855376236	618.738103100401	608.672002990802
523.403	0	0	0	0	0	0	0	0	0	0	0	0	0	0	0	0	0	0	173.49474749135	1.56305329227389	14.6711989067304	20.9131179654468	17.65478710088	21.570993728974	17.4786816140759	29.0611782859661	29.2448740643885	36.9125990053172	40.1991060303865	45.1431031573923	58.3377477921438	68.849602244627	60.3050157931051	90.6412858526105	103.011871511337	84.110385152555	102.548501037892	115.607697076816	116.385142212556	132.457693296556	145.124574332243	168.990675269108	161.103373754613	161.25322215281	177.717946979942	185.042198944874	182.706609903749	204.942603142311	218.616074521936	205.929030431727	227.432524454506	243.762136243314	235.144081896527	237.714719365647	253.145988720113	256.811696805873	268.040825631916	279.507328764693	289.016499183035	289.640115794466	290.485604695137	311.718449115088	320.083925729968	340.812101096955	374.017147089745	420.487294789804	0	0	0	0	566.547563037071	554.40507311715	633.745155921128
526.731	0	0	0	0	0	0	0	0	0	0	0	0	0	0	0	0	0	621.563091526206	-10.4424422303897	-7.6773030477594	24.6582057708386	-7.46013058968987	8.57759251513949	3.99712985476778	15.0941043257989	20.8388893678713	31.9663789831479	29.2938633307832	36.6740992134968	33.6759656727625	50.3306571918499	59.2822050191321	69.1885374790463	64.5779884174462	75.0832015614599	84.3530562792827	89.1451023515204	113.142777620075	97.5282887395953	119.447841189299	139.161086604587	135.007902726484	136.918013426323	149.146101169871	161.511021513924	162.900717013131	169.577554857069	172.598141456283	182.99337566344	216.12153792744	206.978668440463	212.957424474157	214.554244813386	221.810310289539	232.240227722651	243.436488892475	241.46821196779	239.220657880575	253.69352975086	256.389732957771	285.091469734454	273.776766893906	284.718672066251	284.176788240163	331.258575395067	367.282039354936	0	0	0	0	532.070219069639	565.618227984826	509.623072359215
530.059	0	0	0	0	0	0	0	0	0	0	0	0	0	0	0	0	1714.97042965659	49.5744231038039	-0.390283057845108	22.2866133362732	7.49377298172285	6.99263891076359	9.02726764860515	20.9796252330678	16.0415410859849	18.7725759031317	22.6748416525203	30.0743448548059	41.0143328931831	44.0983599426251	50.6193092748254	56.3281725894686	60.3595694677049	38.2534789586059	73.2795370084907	80.6561677987073	81.9626285745727	89.8249571678211	105.847167518377	113.758783443629	114.128784153667	122.045989702883	130.465006567166	137.815826520184	138.835248703932	136.477225785276	155.913678994882	170.330504212141	188.438492439672	197.784339109817	188.39708472878	196.721135903617	217.108323361081	199.052235413275	213.164569991389	210.833888231122	231.189620812399	241.953767527026	235.222911790477	247.167610240404	239.359557954518	241.37031959765	269.133080804029	304.368861996965	323.091808914798	0	0	0	0	503.852105129954	466.254964535663	511.888671246424	433.305612586576
533.388	0	0	0	0	0	0	0	0	0	0	0	0	0	0	0	0	252.689591138555	18.4276366109922	30.1498524285633	17.5863650144767	29.6903302980601	29.7449557830214	28.2623498886605	34.5545600813466	32.0411404616703	36.3521216023933	43.587488127566	42.9187491670196	41.1021763947614	52.8865276368594	58.9147733914787	67.5835677884239	74.7990488094234	79.9409273457664	87.9568387881345	97.1006335023563	109.002856596072	120.942446039344	118.203805673431	126.96405196482	122.625319508854	138.843177005285	130.26685094192	141.632585312366	146.615081493664	172.988576731598	163.362071397674	174.905509314451	186.485936745894	189.956737568397	216.299433777635	200.508921405968	204.195978864673	229.925278118985	214.744183574111	220.274316106805	232.136769502039	237.239884351857	249.902464883983	241.966897339805	264.708328986827	265.377946485968	269.896717772765	292.514039421438	335.297345925504	0	0	0	0	527.199320745916	582.608960614957	632.761601326719	470.265820042866
536.717	0	0	0	0	0	0	0	0	0	0	0	0	0	0	0	289.615313416016	22.745279456863	20.1059460775566	24.3336735091236	12.3849878108546	27.6331855067091	23.5156351030105	25.7274034453001	21.8794608616325	29.0185016288306	27.8615628013068	29.8393830143166	40.3528397118196	38.9938543730189	53.7652651463449	53.4104146611826	57.1795506801745	55.4412799438551	75.2134971045088	78.1971663289928	93.8721579993265	92.4856315346004	98.4451010597523	109.579564688571	112.638656998594	108.418753912245	125.71600996996	128.950866506074	144.780255694487	148.749095965359	135.563389310258	152.915879535118	176.948700887247	169.014124709643	180.120818329424	165.859899938951	182.216566325128	200.993595724101	199.556441046815	189.459206627933	197.461941633559	196.743853683907	219.039108927542	229.773292211955	224.519372031933	219.276531932015	254.898319813622	258.832358681071	277.203557512476	289.168259429466	0	0	0	0	453.936261909788	499.71862194268	454.089978675906	484.588970260391
540.048	0	0	0	0	0	0	0	0	0	0	0	0	0	0	422.158522094905	14.1626532132078	-1.28441037521195	21.2479566834079	0.80110344126289	11.0541374163297	7.19653686750821	22.1957789480681	20.2521497444647	21.1636541816912	22.7013652995999	23.2846380613877	27.6868881615561	33.667685474482	40.4063028358854	39.9046459146277	46.6897045434063	59.5574514233937	50.5493684063008	66.7053495632276	79.6836679767602	61.5857915217265	84.4869311065053	92.0684275141353	99.6538502565543	88.8230832641259	116.89862404843	130.436821230601	122.768955414113	121.748481038975	125.62272732007	128.702400378512	130.755933855156	147.610454096798	165.659023955315	167.681983450457	166.228171368135	175.113219300916	168.748493873756	179.311077626682	182.456699816357	186.04821749161	193.08973149553	202.381178973753	217.882545776431	207.003287612784	228.668135144293	226.907588375561	255.036239709092	252.718259376345	0	0	0	0	513.829066708843	405.310616340821	338.281242340181	426.044462796969	413.095486012952
543.378	0	0	0	0	0	0	0	0	0	0	0	0	0	0	55.0111086244934	1.40332541376111	8.89080338120447	15.2988377385502	12.5908320750395	21.7372329517992	30.4353315586192	2.39896384290279	16.1577561926495	19.9397047275077	19.9418294361564	28.8367667915178	28.6401648604993	28.653566339701	37.4177538327812	54.297938704959	58.0700727619357	49.0264624195274	56.8042580033492	60.2516156071625	69.4571430906759	93.9052676610535	82.4034349151672	97.4497041148557	86.7901981866114	96.1371398517908	120.624113115573	99.0991287986639	118.157833483404	114.991906501217	127.725285939431	134.437613526131	143.045499048571	139.577756545588	141.104225542876	168.644782262069	161.368063873267	158.848571005525	177.960513373368	174.57928867934	171.65480147232	195.814193139054	188.785413584583	193.332270267651	203.033347918317	212.729466777744	216.133404133447	221.693742096859	226.994706929001	251.920896308033	0	0	0	0	385.711523874698	388.347969005904	377.018297108077	449.410587884976	393.782879629547
546.71	0	0	0	0	0	0	0	0	0	0	0	0	0	208.61251131677	15.2858999371374	18.3943033301648	22.0646300569974	37.0115326828054	12.7621283147315	35.4055987161568	34.1820317403123	34.3794364256829	32.13468269581	45.0665645974395	31.4283651554187	35.5107325290235	42.699132542487	45.1063883281516	54.4765879049785	47.3366995374313	60.4806551982248	62.0288233547024	77.1345151106924	63.1448296862682	83.7895983908335	72.0206239651294	88.1996876994904	101.738897974657	113.244983474787	105.64955143887	121.104407919667	128.94535694805	138.598556899107	119.799611138927	126.262135503736	137.995320167627	142.023501889054	144.903132009831	163.47843802328	157.784016303522	173.946079004163	168.141017314152	175.101187068867	184.635540906662	190.140654307216	188.570404810555	192.230171927202	191.960880557834	201.981439297284	211.695948982384	205.093009880847	242.076730025487	241.004727075245	272.494468673594	0	0	0	0	436.221099626791	474.580560911799	472.228651597004	489.24878119419	536.471526759805
550.042	0	0	0	0	0	0	0	0	0	0	0	0	376.519759148571	25.9604050088088	27.708574399656	14.162401857427	25.7047577197598	18.1234056831583	40.443325571648	34.3156018248506	36.8816889771718	32.394743661789	36.4738205719152	30.1183693615035	30.5170308849275	30.6509489487319	38.0388195023528	42.9291473660787	40.860118621918	52.8019197316373	58.075851039195	53.9425077002744	60.9889783845512	77.2936441845799	80.1416429129603	84.5798509154926	92.534704770546	112.321241838015	106.208055089911	100.555319043619	108.81285662983	119.892593431262	119.036321671888	120.799565440069	123.743645132277	130.611923724626	138.032266776232	143.857073622552	151.300252457859	159.408454422963	168.212690983549	161.96175219292	165.122870576529	175.150302449807	172.09097338149	173.517313201767	171.380638952691	173.723067003523	208.326715659972	198.968412526893	204.928841124746	209.686019565195	224.669114026594	0	0	0	0	432.697358755613	409.830357834854	429.982106106937	433.094079288981	492.947871522333	453.249058170203
553.374	0	0	0	0	0	0	0	0	0	0	0	0	42.7064898637561	22.732322507337	18.7058026584321	27.7469956505829	15.2768721540885	35.2188802965458	21.3613160025611	18.4589962178832	35.2220594918476	37.0914426305203	35.6989356920685	28.3528431062515	24.8909956335745	31.1764278737677	25.0150800749625	47.7950387112401	38.7004271144183	51.9548619883502	40.6315634733241	60.1070835574946	64.2459940265356	63.631382968583	72.0138862190145	68.5755135549263	75.8031800570823	85.5665678724316	99.388388905796	93.3116964727276	100.159329332214	106.331330361675	109.374732447712	115.609472011613	120.313822271041	122.245475355206	127.505925563747	136.204018405174	142.09238366477	139.193782919825	131.592982277294	169.466538744586	156.669038255952	156.910534379885	169.297717876448	164.354173385948	168.038529227341	195.167709836462	185.67521183812	191.04299325702	190.443569569722	204.809849306241	212.245231929906	0	0	0	0	371.833608777367	357.79267759027	357.410884224135	350.574579015025	415.801073746776	450.75249869135
556.707	0	0	0	0	0	0	0	0	0	0	0	128.47014138484	-10.7375155641145	-32.8338511428205	-5.86087999294085	2.77940349832191	1.32623754299086	9.81368163631137	13.4525809554968	10.12558568045	15.8283304973212	8.61482831381078	0.898817042323973	22.7230963656758	21.504800389137	24.7186284936263	32.2497398869882	27.9515250075582	32.6690040721194	33.9924724799516	39.4390121103696	47.1867416799909	41.1584448467113	52.7153036620397	60.5752047299243	58.5898517704821	83.6612662826174	80.7905778396715	66.3371663559304	71.7551859579473	95.4123203761443	91.2731629013511	86.5466841158351	98.7795883722338	105.652878384224	107.505404990448	105.248446686736	106.467202121678	117.281155700804	130.153888674897	134.601162668052	125.236051455364	126.720272586625	144.272149874261	139.879526712957	146.333840116676	143.87395928018	152.779875174689	167.906334060912	156.456019242472	170.983492082977	181.441406299165	190.156199521793	0	0	0	0	338.547937099757	339.819724067037	309.510803739292	271.990685773454	325.460250281891	188.86902666248
560.041	0	0	0	0	0	0	0	0	0	0	312.990719568149	6.75181781424847	-27.3830037471977	22.541113377869	20.5006018753093	2.8260857771127	16.0432892353939	2.12718873815327	8.96284553914595	24.9131134835006	22.4270326024953	14.4282535424621	33.5976667912924	24.8630015054457	16.5357533522119	27.3544160180878	27.2647973188126	34.8892561920167	36.4019918934141	43.5034992184683	33.7689587574951	41.5115849781191	53.7185035531075	55.018571319359	59.0105631051179	63.250182016119	69.8806768824967	81.8555980749173	76.1343354423718	83.6987087589535	79.1550036261281	70.3962285505689	90.0933794487167	95.6885371884193	101.131965530719	98.498403152668	101.375262981408	102.001874762083	118.275504288518	137.159547903346	126.854673932162	129.158954230412	140.672320358982	130.657072156146	126.478164335315	149.681828910027	147.995148484015	165.251573748642	152.243145558391	173.522856796614	163.144628209733	169.67914042541	0	0	0	0	329.146303816141	275.779078088643	303.931101782838	259.664088118731	307.71260635801	427.550862279203	356.255574248923
563.375	0	0	0	0	0	0	0	0	0	0	73.5319455815086	7.33374342913946	31.782697656687	27.7669097521411	6.86042308839426	32.2666315513677	28.149034988155	25.6417699187486	25.3384909788517	31.2446491694678	24.7184726846057	25.5218692109778	39.4306920714572	36.0665041109228	33.936831611931	28.5669737601575	35.3908018330178	42.0187604683576	42.2604862742865	46.191424521065	55.6565671289913	59.8115953474309	64.8153783112835	61.8197355720666	71.3637086041293	76.2981444568262	84.4657427031397	77.3558530289671	84.6699726082673	86.4490994463278	109.593892839673	100.074755459221	109.172604320801	97.6653579919522	94.5799483330127	110.992306304217	95.9475919051301	118.238882947238	122.19375322647	119.184087801614	138.813504489698	135.397132101424	129.720725818367	133.590125870598	150.349315017011	133.912889834695	150.107381822425	153.108147884253	164.568573793456	158.182085837736	180.428704656269	178.737299871492	0	0	0	0	298.934305683673	288.693623112528	321.583711763249	368.758398775251	398.386449941471	375.275030297593	347.084454874041
566.709	0	0	0	0	0	0	0	0	0	171.483932938777	1.79406249487734	8.58370145144595	31.7474046228961	8.88527901202764	25.8925816749615	20.9134633686703	24.0635136172534	10.4217024958793	29.480941722138	21.4303190686115	22.864814043669	34.3457641306965	24.4664710690493	26.1765042269724	34.479739651492	26.531044566839	28.0011224132032	34.0854337493838	35.4117606460462	38.5857080319972	34.2079977646813	50.12024430285	46.3954186695289	51.534510096737	73.1139061657097	68.4434361630208	68.4017223615604	81.3245425712845	82.3316120988682	84.2332206969988	72.4882046319706	84.9043839276377	83.0182389134222	85.9167039578642	90.9767614817281	88.4085366535722	109.517536332066	114.857311140822	107.000344754376	119.046342951227	110.545943149211	122.775591309702	123.767399282087	130.143149420873	124.919648319665	127.931614710347	120.542061076795	128.448389642807	156.605480856916	146.617135369944	158.236436265939	154.602704790946	0	0	0	0	253.379361926711	318.526959275291	332.758850320464	312.221062284607	360.216733880735	388.86044169563	342.071585957262
570.044	0	0	0	0	0	0	0	0	347.145793270603	11.9945868083434	7.28509208656596	15.7376318671415	3.3165086659407	39.2648542397988	18.1963617378311	11.121104652494	27.6770900129607	24.6990055866934	22.7808574964951	18.5483369557405	17.8963320171391	23.846605491328	18.9523113056423	19.0392860155442	16.6136657807475	26.7194507146548	20.7862303768956	32.6079075761046	38.8539522808041	38.995273002691	39.0827904358776	53.2848728094345	47.1243379623792	53.8826108829194	67.2306088557764	61.2020428512059	55.9711660599181	59.6997683881877	71.0011576791668	76.4440497791127	83.1205242053065	100.31624930903	89.1673083519139	78.1292326863385	94.0461379310161	83.997328632244	84.4133469466253	98.8029091409198	104.482596310938	99.1577198410127	94.9107164649757	120.462493977034	103.791246472807	117.44922917379	122.809535984601	112.832035683441	120.186615172785	149.635625999049	144.138078835331	141.056720641143	134.87820508807	0	0	0	0	395.393278695795	238.629878365905	251.84823146402	244.95747054901	246.240481566811	247.886027628602	209.652899426955	383.323506799117
573.38	0	0	0	0	0	0	0	0	31.0446740442206	-36.1901244036853	-36.0417783395925	-22.2688245373834	-20.1286374563854	-26.6929297532965	-19.8407913298746	-20.8719915474691	-7.89676575210217	-0.444724282114008	2.97128762867166	-6.08580830202189	3.83313870204134	-4.65172315597847	3.43733245280492	10.6955484682099	18.0030891155527	24.7984146267125	17.5030676399672	17.7561896641843	27.8179967520283	20.7403988515985	30.8393851108424	33.7044399396508	38.5432182776405	28.977162078665	37.8184526894343	35.8884510718366	65.3767309227762	65.0770452589567	40.8748477868343	47.0983665229771	74.0849412847863	51.388926201839	56.676442905779	68.0614626039669	58.7339040896544	72.8341601440859	68.1231569058577	66.1737183045286	73.1025260931271	94.0857257606773	91.4289979448452	85.535655144517	91.9763505227994	97.3340959155352	89.5216316858066	108.295476490739	104.112963481851	112.65697940622	125.101617259811	128.233051009417	134.576883881768	0	0	0	0	208.386668724667	178.356273429451	214.250695864881	215.661727593948	189.9730664699	156.367395449432	285.45261082155	-156.839669868288
576.716	0	0	0	0	0	0	0	238.172483358143	-11.1707618592134	-6.96859694089415	14.6341688729912	0.0134181482609573	1.66777379778793	2.66146184866091	-10.1674899746136	14.0901305536711	13.449232678927	15.5032273913539	2.54881105370645	29.161797321826	10.3295339721187	27.5242659415734	11.5539729334978	31.4909032998654	11.0380991399738	23.1380947768288	23.6670225943985	33.4313343129422	30.8535252661917	35.7192326545624	30.7673553676691	24.9014362583381	43.3614357667559	27.6622095949191	53.4085067511161	55.2958542970956	53.9595265369554	52.5082326512498	64.1213934314592	68.7073434904971	59.854594987442	65.4284265821293	65.6067403690264	62.1557274563216	71.0136872724719	79.7696432381936	74.6042191956923	70.2420115175927	90.4721512715096	80.1623414226971	86.6183069644679	98.2129288801516	113.010028656855	95.7486228645816	102.861101231073	106.889237521728	104.251521080328	122.301618555355	117.563970402153	128.739873545854	115.90811280999	0	0	0	0	173.004851054904	154.947024892912	175.819729978312	179.637783577466	218.565250485929	207.488107953431	231.845925804141	116.018467576047
580.052	0	0	0	0	0	0	491.180054358973	22.341927230332	22.2300914393206	20.1505042332586	8.48576775581442	-1.17241569724188	25.5214676584578	0.00398406666204992	34.3213666869571	12.0289203878275	30.3653672247259	15.4064519852165	23.9931622600892	14.4802254046702	28.4991283591342	9.95044713290617	22.9388615138803	34.3545562016644	22.9609520907881	25.7478826824365	33.0678844229365	32.7167012544245	35.7174753657917	30.4450528763972	42.6422534485129	40.2818940808346	44.0040466950265	49.7762692925084	51.5486797607075	46.6634774151802	64.8509319543356	66.7132965076017	62.6851624839144	71.5219525981939	71.5957570527736	68.7259226212378	82.4403131127194	55.7003747043813	60.5224826061653	70.1184260004925	80.9628350969639	97.4391797989549	87.2042438622727	92.1552503654392	84.9178569806105	103.545913989038	97.405445462926	105.042915709769	106.836345127353	97.650404407804	110.030844480046	106.042043223776	118.555845135555	109.694768351604	0	0	0	0	339.046055916904	199.096898635609	213.497670361625	202.344967499318	299.456390605348	259.242682198267	278.802148638233	309.693024455379	263.724787267869
583.389	0	0	0	0	0	0	75.7040641621021	18.7850729139384	-12.9832394515085	20.6051803107524	-13.2155662171523	9.78946195771437	0.548341081749432	2.62514764399574	10.509579726059	-3.344494667809	20.990427369776	22.6934685359634	9.59779620399476	16.353509296218	35.0373132831886	30.9982732004485	19.3684036112565	12.4760351761294	24.7868453347592	18.4617991635813	13.6579310445882	27.1127273779577	20.6552128210315	29.7915690280108	24.8251186972443	40.4591190637561	35.5018916397423	37.70011545557	39.6143271464689	41.6947601147331	39.7873057618243	52.0507644602295	43.9136287136977	45.9662518969331	46.5699706505057	60.805571190342	56.4255370897782	69.6224318948727	51.9827933185569	85.8416614827135	71.1275894839239	72.1429684739112	79.3251274501738	77.8006096317978	65.5685330639959	86.666146224592	86.554449145345	101.336434253067	75.6311888467644	91.3753291260216	83.3103383369659	96.8329547144559	107.23160033759	105.921241525946	0	0	0	0	192.411156509481	134.561967386396	168.661254001872	202.612875176347	203.588199835607	177.854524044689	227.746001470662	162.756852263926	272.253359243581
586.726	0	0	0	0	0	171.485647511234	4.14638828665472	-16.6582781699999	44.456638509745	10.5415499709788	-17.300768091627	5.72474169558941	6.54724062772412	5.73291328758995	13.9116895935115	9.96729628219537	21.7463602545139	24.7055725099494	17.8216551822393	6.7332052810323	14.2167583473969	12.9424747270532	18.6205281675204	24.2093795118773	20.5948149447459	22.6323855691231	25.046284123182	25.106923708724	39.1620425458166	28.9821692361877	31.0657414332048	32.1400538567399	25.6888573266257	32.870171884303	39.6349437048524	43.2150956100149	38.2449497610891	53.8187389384389	56.6807918560428	48.5112270994154	67.8754203852601	76.7569162380186	67.9216514596727	68.1352419590129	74.8800610566315	57.9232539003121	62.7161130430676	81.0097531910434	77.8892093379896	68.1752328923799	82.7489387542009	71.8524200625389	70.201391281739	85.853947815152	94.5826638212389	101.540017459615	84.3123230523172	106.36575905664	89.4125153454359	112.568534051589	0	0	0	0	134.771558346184	176.809928798221	190.930639413313	173.001890476045	208.195691625195	179.574380301501	168.184936352894	192.883685031888	337.596786974773
590.063	0	0	0	0	266.918227750898	-21.4973090889597	-24.2755944771214	-2.00500180815979	-12.2935540564246	-18.6761402436796	-13.177410464394	-0.0107822791602956	15.8994954740923	-16.2285268266469	4.98975229559895	-9.9843497538551	-2.26967572624471	0.434494735857428	-17.4756138887357	2.38758784748774	7.51302240828536	-4.91753868429098	9.50580177200581	4.70967317730012	8.82486747221882	20.2234078037831	21.1670680858773	11.6063287894001	19.0778487045298	25.3138320884384	20.4681192335393	25.5014285057617	32.6932440035557	25.0518177598968	28.3387702927734	42.4759301914656	48.5516175144685	51.8937920661558	34.0142467644482	41.8462364448494	49.0503111957422	37.5948210773436	43.9778426651071	56.0576128082678	52.1463502524777	46.4045725953431	60.3167836719917	39.6277321323296	53.0176888491961	69.337520192162	62.8088217435997	54.7902812788527	64.9285343787271	65.4896718895305	65.9009993402878	85.662012457135	70.0600162536994	81.9332546548098	88.0570504799808	0	0	0	0	146.256423096092	114.18821820016	119.022452760085	151.335745718459	133.297566378059	123.25075733629	110.292925211392	118.383614403809	149.142117957846	60.6257397245489
593.4	0	0	0	0	29.2443379114336	15.2270377003808	-2.78734351237686	13.5145011447004	22.2315717772028	-8.17880741357385	16.9544915092585	-14.5105238356588	25.5001799494737	13.7593939435576	-4.04304711587448	12.5231438776453	23.4634119347365	11.4365361816867	11.7837509879885	27.7463286687492	11.0146256442111	22.3585674119742	14.2617095090993	34.6285745910653	15.0422474743734	17.2312583255074	19.0653884178596	24.1440418030123	25.3880439801594	27.2018450645301	26.4730608406865	26.0467590160524	33.6602524186685	32.7310073663184	23.1600104823455	31.5809314352944	42.9939988476717	37.6335913668789	44.2626131832053	50.7161531243784	49.2149093268303	48.3630917199596	65.1531903871152	44.8611130897497	58.5518665632969	59.719599776521	58.6037120816837	59.6651373754581	57.1991372726326	59.6979537028462	67.8316416437542	77.7401320287783	79.6809842551441	72.1566991034476	72.7534375638683	76.8633840923881	83.9815975563333	88.8928652651205	71.7046709706234	0	0	0	0	123.386806634591	137.369876294446	163.464352063111	127.510512097784	135.803792769128	117.297792511163	110.035717016344	190.333326253791	164.090130589727	173.052917922703
596.738	0	0	0	130.322896176818	39.6633277486946	28.7685251140219	-19.9549106717044	24.7928850821213	3.97748831018653	32.6700024887815	1.85148644801446	11.2119230623826	31.0490982553386	1.0800512136897	26.1846624210212	24.00083146224	3.7407490627689	29.1091615902963	22.6919774039931	4.91240872928364	17.0087266413769	8.66862725031855	24.9165137441815	21.5992818748972	21.2832131479428	24.0849115675524	33.4363471983117	22.8696908392756	28.9259408828413	27.2750987417954	26.7095456382552	34.2829099268795	38.2786275870798	37.117526126466	41.5777106195555	47.1655208978835	36.2491013994694	55.9237243707776	53.3640167222707	56.0463435337841	57.0299274395963	58.2587734951515	66.3183893188841	53.9244969070235	59.5804934997811	60.7872892631671	56.6155532736978	67.0850839303039	58.8310820140235	64.114157766493	71.4064995777597	69.9288837492745	72.5245040474899	84.3821498981073	75.2148123663582	66.4272148535509	76.041866803168	89.4082291352406	102.616399196578	0	0	0	0	123.559968505278	141.626694558617	129.579930128004	176.506151420906	166.310638369845	271.027150495244	219.21630531718	173.751026483907	293.429523027426	238.988278507582
600.076	0	0	131.121574489432	3.18664177293407	5.42331736294096	-24.707674455909	23.8757475828009	0.696708551630045	-29.0289296999786	16.9063315070155	12.5106493933356	-10.7735435965612	-12.6046756170906	10.3836464479939	1.03849206556702	2.99030964244805	19.0060468415398	7.26518543828181	21.7284683297834	25.7532172882953	18.0471118616606	20.8897973763475	13.4506114155654	19.0411391002797	15.5366100985227	13.7640462478243	11.5933637415764	21.993892872353	13.8221907133396	26.2279843471046	22.1284944200093	25.5452883350158	17.5376965401576	23.283136763514	34.316365961162	28.5107919011058	20.8796000016946	34.4085116664503	48.1832291011691	38.0754595295496	34.8019500311876	40.8075780462848	43.4402649687971	47.7398701026474	56.1292148681803	50.0318112294351	54.7011772878162	54.2668031998113	69.9109565481398	57.6738524679055	43.815212383963	68.0370503343667	61.1489087251057	61.089681808236	74.5393796963652	81.9013191389983	68.8657204846698	81.4275417489182	0	0	0	0	135.761129489307	117.81583874756	124.021295347975	121.427248700984	141.366742475509	126.561455262666	131.249838702757	158.734854092806	119.583410833966	218.593078357732	152.712450941621
603.415	0	0	7.75229010345835	0.82763466674326	-19.5042991255433	20.3735118680244	-29.186413920009	-18.2951957065801	27.8956397144618	3.92877305079192	-21.43879376003	-27.8265967979333	-25.3991536556851	2.20573579053466	3.6787985443739	-6.02828447335326	12.9182360680798	3.66756581134277	7.44645114447766	-14.2282589190904	-2.37005065607115	-4.44441791983193	8.06841404446154	-2.8993060578164	17.5243522125737	11.0041920624207	14.7847917163447	19.3803878545212	25.538155993642	16.3654260958349	26.325411152284	27.1255876495234	12.315781668791	25.0937869664337	40.3119696263146	30.9954309139725	32.0731342340461	42.7633915382593	31.5528966161115	27.7135915384376	53.2191140714583	44.9813807922083	38.7667487058386	53.7572479966112	44.454120173778	23.1548439513729	49.2528814317342	44.8236732035584	45.8390282001002	45.1547064914285	62.8209658902091	38.5497231466122	47.9100920213097	56.278281585525	61.5023708676802	65.7288652393409	67.0997377296657	69.4862663889801	0	0	0	0	124.202819162905	103.975206706678	102.189784661668	112.278992891153	145.167799139735	123.35308697832	128.474402154801	138.027703874746	100.122341065198	77.1832050325903	52.5689337256268
606.753	0	90.4988782467715	-11.281751634028	12.2581513386075	18.7718367113747	12.1054039960245	-0.716982741482007	15.5222420469775	6.82173675941304	-1.97223802175467	5.05774641557869	-4.8590356217951	10.4204470809142	2.76137496702937	14.2157018564438	-7.01552488850723	19.684224585631	4.13391306564367	-3.51215092799564	16.7946261739991	19.0318434656812	12.2219486913586	5.82813868890561	15.7313891597347	7.18633656310984	20.6256224502579	20.794136360034	12.6017208429093	26.8352988142019	27.5510164959112	26.1359812226646	28.2901241954314	15.8271808336217	18.0629944933608	29.2753740162694	37.4738959492606	43.5412300332777	36.0832609112498	50.4671992827259	35.4128052032572	56.5138959305855	22.7277644491449	43.5425809216537	43.6781756859331	46.5914196268077	44.2131378207941	52.4816260332036	39.3530616496443	37.8281442876724	63.2637010355652	53.3367927089998	47.211530303231	67.9392686444319	44.6062581533704	53.761186216527	77.6762446845985	67.9307341282361	54.987106513997	0	0	0	0	93.3767162331157	110.883099214541	101.247111540174	93.6721772900108	95.8385058098275	115.12985896013	122.420710350409	136.826370709486	167.956352611805	182.152397381847	48.8898771431499
610.092	324.489826232511	-6.54894568598082	13.0562852522473	14.736286789948	-19.6082249005347	1.51827073926262	-5.87301922689454	-5.67521923188324	13.6961824072806	19.7710902554747	22.8246049037152	-1.21645375730631	4.64083436043359	13.2974529314472	-13.2049673377998	19.6657545243079	-2.88463959511677	22.1087780295336	3.52538466285686	16.0025403909619	13.5199003990762	1.84463646946415	6.81437074635665	19.5853573175618	14.1467875622926	7.93716156324742	13.5278896976466	15.4454884460757	24.8015886162676	23.4136444685109	24.1896492879953	20.3821399128885	26.985435190971	18.0957168574571	24.56872037415	35.3284572098294	21.4966572558523	27.1347682523954	44.5526835720069	40.4803081595149	47.5584534413063	45.6135395544807	44.0270974363729	26.1260795579558	38.9436151960248	46.8854770964528	35.8133952339368	51.5938808082234	49.535006554053	45.3962871737951	51.3659535361095	53.8639241722879	50.5179812461205	55.0952351632108	62.1425167728763	52.3671645605611	52.0072531227306	0	0	0	0	120.418165355775	62.4741518034249	94.8082007310583	111.791171714316	97.5746512926413	85.4310032806123	109.042888350077	118.932297057095	154.553901129024	158.173799978333	33.3592270537495	109.430613287021
613.431	44.8999533532596	5.58417221304439	2.59722396527711	-13.9063332723475	-0.785567471359237	-22.7268840400437	-21.2767566582909	31.1033060320774	-13.6603662072162	11.1854745868938	-27.2246156797063	-12.1337858711586	-4.06850641019729	-9.40671644833093	-4.21997639186506	-7.54630728348605	-6.25113506623125	-9.2026573258643	15.8338982833037	6.31360930409212	15.4886670422843	4.0731298133448	5.18301856963123	5.84070771555746	11.4621806909261	11.7695770803114	3.75379947733276	11.2172263094532	12.5667363124593	15.3852555616579	11.3124828514434	22.8322063200901	12.3635371049811	17.4345113589824	27.7270847345957	22.1224439096021	28.1770881988221	40.9675634298274	42.715053820852	38.523279882843	29.2877760105546	28.1724224741246	32.0736858220559	38.798441075481	36.8610934742051	34.3975419970446	40.1234330614782	40.9649711255558	49.1573931548047	44.4098654516359	41.0423540049008	43.7351881696418	41.6528960894684	57.3900088361284	49.5821513873195	45.6006819246116	52.6175290421925	0	0	0	0	94.9587778368565	79.0662924160015	74.7239404815608	96.5710367963695	88.7222388970112	88.8720116537249	131.311223731487	172.403736488999	151.151797813186	49.2401315675122	88.5736146656111	105.622195942298
616.77	10.8926941481166	-6.62840654641423	-15.9184366743848	-9.18971038723179	7.16098259108754	-23.0612621249026	12.6282387599675	27.2394356920179	31.9145466579665	16.0284266947439	23.1230188734672	-3.05747528186197	6.46605087259678	19.0805441160317	5.88078158887675	3.60351660574691	5.36410096992898	20.5302876754918	15.6227545107726	15.7888700999166	19.3389712544569	29.74814197846	9.20578222552488	11.5565201129718	4.86599816570974	12.6714633893194	15.5017479953255	16.8941749349251	18.1350161992428	31.8403069878602	17.6082060961336	29.3022254917323	29.9138752254031	32.1120242165669	34.2689852768414	23.0952869797619	23.4818839982293	21.2655549400352	38.643380342891	27.4765046158834	41.3591583839397	47.388384593904	46.434434350371	35.4166863767958	51.118145176939	44.9156100622061	38.1818845635092	49.7464184913562	35.5726650017326	50.0915266089956	36.1168525095369	44.9634039451133	39.8794581901746	48.6233710339738	59.2536429382601	64.6892547356502	62.2153059706658	0	0	0	0	74.8788774733747	86.1718237598267	89.8259871932347	88.1568876258128	125.426675046516	94.6721966285145	121.304105417592	97.2018886676163	186.95266990652	77.0219101530353	143.117482634259	202.69989365228
620.109	4.86444031025136	-21.914333296386	-62.9423741380857	-22.3927787364909	-44.0115016652772	1.87213194589374	-30.1409494229714	-21.1406743465796	-12.8421838308587	-22.1793119863995	-19.7513663413113	-25.0376994118994	-25.2909857085686	-27.618450009245	-11.8400302695683	-11.9651054618203	0.576151641816653	-23.5337065096578	-7.69025388156343	-11.0189306114527	3.96600712024245	-9.25306815132364	5.65495257980029	3.26939675074295	10.3173953185437	15.8873294567613	17.1468364545438	3.93817443152732	18.3071206960359	6.57155968559279	28.2862788335736	13.3905204406924	21.7676402628258	31.8675829896122	21.4801762846078	23.2262960771134	50.6547625844073	15.3119162682351	16.8792668496662	30.9005882656219	42.9763320877363	23.6021759237574	28.3386424239906	30.8234366505835	30.3790818648233	23.0632652484361	16.3045487077674	33.7067299099493	37.9100090192104	31.0184021176649	59.5233164701868	36.516551860332	36.6006772828894	52.4248255246719	58.4445734943822	38.9995087363259	0	0	0	0	113.124996792516	52.2642517666176	54.1278462559201	51.0846982069045	63.2868506334334	70.8023965887785	106.479864550783	161.271124939642	93.9979481673603	64.838745439504	25.5907652090675	68.8927085911792	108.706781129183
